gen,best,worst,mean,rep,sdev
1,11.533333,6.833333,8.737067,0.000000,0.867577
2,11.700000,6.566667,8.723867,0.000000,0.870493
3,11.766667,6.500000,8.738867,0.000000,0.877012
4,11.933333,6.500000,8.727067,0.033333,0.875760
5,12.000000,6.633333,8.738400,0.000000,0.879925
6,12.033333,6.600000,8.740067,0.000000,0.865490
7,12.033333,6.733333,8.734933,0.033333,0.870529
8,12.033333,6.533333,8.730133,0.000000,0.865516
9,12.033333,6.433333,8.727733,0.000000,0.867703
10,12.100000,6.600000,8.736133,0.000000,0.871031
11,12.100000,6.700000,8.722400,0.000000,0.868381
12,12.133333,6.700000,8.747800,0.000000,0.874909
13,12.133333,6.500000,8.752200,0.000000,0.875743
14,12.166667,6.566667,8.730800,0.000000,0.877648
15,12.200000,6.600000,8.736133,0.000000,0.876793
16,12.233333,6.533333,8.729667,0.000000,0.870138
17,12.233333,6.633333,8.735800,0.000000,0.872904
18,12.233333,6.500000,8.733867,0.000000,0.871198
19,12.266667,6.600000,8.736667,0.000000,0.868703
20,12.266667,6.600000,8.725200,0.000000,0.869249
21,12.300000,6.666667,8.728467,0.000000,0.878092
22,12.300000,6.733333,8.735267,0.000000,0.864821
23,12.333333,6.533333,8.745867,0.000000,0.874450
24,12.333333,6.500000,8.742533,0.000000,0.878448
25,12.333333,6.600000,8.735933,0.000000,0.869057
26,12.333333,6.700000,8.733067,0.000000,0.871661
27,12.366667,6.533333,8.741800,0.000000,0.863384
28,12.400000,6.533333,8.737667,0.000000,0.867504
29,12.400000,6.700000,8.733267,0.000000,0.866693
30,12.400000,6.700000,8.735000,0.033333,0.864538
31,12.400000,6.533333,8.723133,0.000000,0.863787
32,12.400000,6.666667,8.734200,0.000000,0.878532
33,12.400000,6.533333,8.743267,0.000000,0.877196
34,12.400000,6.600000,8.735133,0.000000,0.874577
35,12.400000,6.566667,8.729733,0.033333,0.879825
36,12.400000,6.500000,8.714667,0.000000,0.863850
37,12.400000,6.500000,8.724400,0.000000,0.866246
38,12.400000,6.700000,8.721867,0.000000,0.860422
39,12.400000,6.500000,8.730867,0.033333,0.866302
40,12.400000,6.433333,8.737933,0.000000,0.876953
41,12.400000,6.500000,8.729200,0.000000,0.869558
42,12.433333,6.500000,8.718533,0.000000,0.873647
43,12.466667,6.533333,8.722000,0.000000,0.876848
44,12.466667,6.666667,8.742733,0.000000,0.865470
45,12.466667,6.566667,8.737600,0.000000,0.875466
46,12.466667,6.500000,8.731067,0.000000,0.873565
47,12.466667,6.566667,8.729800,0.000000,0.867779
48,12.466667,6.600000,8.739467,0.000000,0.859846
49,12.466667,6.500000,8.739933,0.000000,0.868251
50,12.500000,6.466667,8.727667,0.000000,0.873799
51,12.500000,6.500000,8.732867,0.000000,0.872242
52,12.500000,6.666667,8.731133,0.000000,0.866604
53,12.500000,6.533333,8.737333,0.000000,0.871946
54,12.500000,6.533333,8.736133,0.000000,0.862668
55,12.533333,6.633333,8.731667,0.000000,0.865334
56,12.533333,6.533333,8.732333,0.000000,0.876504
57,12.533333,6.633333,8.736933,0.000000,0.873565
58,12.533333,6.600000,8.729067,0.000000,0.872894
59,12.533333,6.766667,8.747200,0.000000,0.879177
60,12.533333,6.500000,8.740000,0.000000,0.879257
61,12.533333,6.533333,8.732800,0.000000,0.868768
62,12.533333,6.600000,8.729533,0.000000,0.862091
63,12.533333,6.600000,8.736400,0.000000,0.872987
64,12.533333,6.533333,8.741000,0.000000,0.872644
65,12.533333,6.533333,8.729467,0.033333,0.872382
66,12.533333,6.500000,8.738667,0.000000,0.876391
67,12.533333,6.533333,8.748933,0.000000,0.876010
68,12.533333,6.533333,8.727400,0.000000,0.875887
69,12.533333,6.600000,8.732867,0.000000,0.877429
70,12.533333,6.700000,8.732200,0.000000,0.865161
71,12.533333,6.700000,8.741933,0.000000,0.867699
72,12.533333,6.466667,8.733067,0.000000,0.860554
73,12.533333,6.433333,8.741867,0.000000,0.872234
74,12.566667,6.600000,8.731467,0.000000,0.878157
75,12.566667,6.600000,8.735867,0.000000,0.865471
76,12.566667,6.633333,8.730200,0.000000,0.873554
77,12.566667,6.633333,8.748133,0.000000,0.873700
78,12.566667,6.566667,8.734667,0.000000,0.873556
79,12.566667,6.600000,8.726200,0.000000,0.876427
80,12.566667,6.433333,8.731800,0.000000,0.876993
81,12.566667,6.500000,8.718933,0.000000,0.871803
82,12.566667,6.633333,8.737200,0.000000,0.869723
83,12.566667,6.433333,8.725600,0.000000,0.876643
84,12.566667,6.633333,8.740267,0.000000,0.872015
85,12.566667,6.700000,8.718533,0.033333,0.862750
86,12.566667,6.600000,8.747867,0.000000,0.869596
87,12.566667,6.533333,8.741533,0.033333,0.880762
88,12.566667,6.600000,8.723200,0.000000,0.873145
89,12.566667,6.666667,8.735600,0.000000,0.864513
90,12.566667,6.433333,8.739733,0.000000,0.875422
91,12.566667,6.633333,8.749933,0.033333,0.867496
92,12.566667,6.466667,8.736667,0.000000,0.865694
93,12.566667,6.700000,8.728200,0.000000,0.867240
94,12.566667,6.400000,8.731000,0.000000,0.874220
95,12.566667,6.600000,8.726133,0.000000,0.864223
96,12.566667,6.600000,8.733133,0.000000,0.870173
97,12.566667,6.666667,8.747667,0.000000,0.879171
98,12.566667,6.633333,8.734533,0.000000,0.873111
99,12.566667,6.600000,8.724133,0.000000,0.869851
100,12.566667,6.566667,8.741733,0.000000,0.877246
101,12.566667,6.600000,8.736267,0.033333,0.873796
102,12.566667,6.600000,8.733667,0.000000,0.867285
103,12.566667,6.500000,8.741800,0.033333,0.867642
104,12.566667,6.533333,8.742267,0.000000,0.866066
105,12.566667,6.500000,8.732200,0.000000,0.882572
106,12.566667,6.766667,8.736067,0.000000,0.873235
107,12.566667,6.533333,8.730600,0.000000,0.867686
108,12.566667,6.566667,8.739133,0.000000,0.873617
109,12.566667,6.600000,8.726200,0.000000,0.869021
110,12.600000,6.466667,8.734267,0.000000,0.876264
111,12.600000,6.566667,8.741733,0.000000,0.867934
112,12.600000,6.700000,8.727000,0.000000,0.865943
113,12.600000,6.600000,8.728933,0.000000,0.867774
114,12.600000,6.566667,8.737133,0.000000,0.878588
115,12.600000,6.500000,8.731800,0.033333,0.878157
116,12.600000,6.600000,8.743000,0.000000,0.873618
117,12.600000,6.700000,8.734000,0.000000,0.868094
118,12.666667,6.600000,8.729933,0.000000,0.866889
119,12.666667,6.766667,8.732600,0.000000,0.871726
120,12.666667,6.500000,8.734600,0.000000,0.868424
121,12.666667,6.666667,8.724600,0.000000,0.867315
122,12.666667,6.633333,8.734400,0.033333,0.861600
123,12.700000,6.733333,8.734600,0.000000,0.866405
124,12.700000,6.566667,8.737667,0.033333,0.870899
125,12.700000,6.700000,8.736467,0.000000,0.869457
126,12.700000,6.733333,8.745467,0.000000,0.864728
127,12.700000,6.466667,8.730600,0.000000,0.876039
128,12.700000,6.666667,8.734533,0.000000,0.869037
129,12.700000,6.700000,8.738400,0.000000,0.869587
130,12.733333,6.633333,8.747067,0.000000,0.874512
131,12.733333,6.500000,8.732000,0.033333,0.869787
132,12.733333,6.800000,8.731133,0.000000,0.863397
133,12.733333,6.700000,8.734000,0.000000,0.875777
134,12.733333,6.800000,8.741600,0.000000,0.874590
135,12.733333,6.800000,8.729933,0.033333,0.867862
136,12.733333,6.533333,8.722667,0.000000,0.865208
137,12.733333,6.633333,8.737200,0.033333,0.873665
138,12.733333,6.533333,8.737400,0.000000,0.873948
139,12.733333,6.500000,8.721933,0.000000,0.869855
140,12.733333,6.533333,8.731733,0.000000,0.870604
141,12.733333,6.500000,8.728867,0.000000,0.874532
142,12.733333,6.500000,8.732333,0.000000,0.879720
143,12.733333,6.666667,8.731733,0.000000,0.867523
144,12.733333,6.633333,8.741733,0.000000,0.870006
145,12.733333,6.433333,8.729467,0.000000,0.870824
146,12.733333,6.633333,8.751400,0.000000,0.877517
147,12.733333,6.500000,8.730867,0.000000,0.876257
148,12.733333,6.500000,8.728133,0.000000,0.864790
149,12.733333,6.300000,8.740400,0.000000,0.868467
150,12.733333,6.566667,8.741933,0.000000,0.869390
151,12.766667,6.633333,8.724600,0.000000,0.871262
152,12.766667,6.566667,8.738400,0.000000,0.868277
153,12.766667,6.766667,8.743867,0.000000,0.870086
154,12.766667,6.533333,8.731333,0.000000,0.873414
155,12.766667,6.533333,8.733800,0.000000,0.878153
156,12.766667,6.533333,8.742600,0.000000,0.870291
157,12.766667,6.600000,8.733200,0.033333,0.868288
158,12.766667,6.700000,8.724333,0.000000,0.867440
159,12.766667,6.633333,8.730067,0.000000,0.875006
160,12.766667,6.666667,8.741000,0.000000,0.870781
161,12.766667,6.500000,8.735067,0.000000,0.867573
162,12.766667,6.466667,8.724267,0.000000,0.875118
163,12.766667,6.600000,8.740133,0.000000,0.874592
164,12.766667,6.700000,8.732000,0.000000,0.870156
165,12.766667,6.666667,8.737133,0.000000,0.868833
166,12.766667,6.633333,8.730600,0.000000,0.871963
167,12.766667,6.733333,8.752733,0.000000,0.868293
168,12.766667,6.533333,8.737800,0.000000,0.870088
169,12.766667,6.700000,8.741800,0.000000,0.876758
170,12.766667,6.666667,8.730267,0.000000,0.870400
171,12.800000,6.500000,8.719867,0.033333,0.867389
172,12.800000,6.433333,8.739533,0.000000,0.874038
173,12.800000,6.566667,8.724933,0.000000,0.873433
174,12.800000,6.466667,8.723867,0.000000,0.874836
175,12.800000,6.533333,8.726067,0.000000,0.870973
176,12.800000,6.566667,8.730933,0.000000,0.874967
177,12.800000,6.533333,8.739467,0.000000,0.866787
178,12.800000,6.400000,8.721533,0.000000,0.878876
179,12.800000,6.500000,8.723733,0.000000,0.863573
180,12.800000,6.566667,8.738600,0.000000,0.867067
181,12.800000,6.633333,8.727133,0.000000,0.873924
182,12.800000,6.533333,8.726000,0.000000,0.876584
183,12.800000,6.566667,8.743867,0.000000,0.875298
184,12.800000,6.466667,8.741267,0.000000,0.872289
185,12.800000,6.433333,8.735067,0.000000,0.878090
186,12.800000,6.700000,8.742200,0.000000,0.870022
187,12.800000,6.700000,8.727533,0.000000,0.867881
188,12.800000,6.466667,8.739400,0.000000,0.883276
189,12.800000,6.600000,8.733467,0.000000,0.870972
190,12.800000,6.633333,8.733333,0.000000,0.876691
191,12.800000,6.533333,8.732800,0.000000,0.881775
192,12.800000,6.533333,8.734800,0.000000,0.869176
193,12.800000,6.566667,8.737200,0.000000,0.873962
194,12.800000,6.500000,8.737600,0.000000,0.877042
195,12.800000,6.533333,8.740600,0.000000,0.874759
196,12.800000,6.633333,8.735333,0.000000,0.862087
197,12.833333,6.600000,8.733533,0.000000,0.877668
198,12.833333,6.566667,8.721133,0.000000,0.866363
199,12.833333,6.466667,8.735200,0.000000,0.874275
200,12.833333,6.500000,8.731333,0.000000,0.872692
201,12.833333,6.466667,8.727400,0.000000,0.874328
202,12.833333,6.666667,8.739733,0.000000,0.868556
203,12.866667,6.700000,8.734933,0.000000,0.864486
204,12.866667,6.500000,8.722333,0.000000,0.867888
205,12.866667,6.466667,8.727533,0.033333,0.871151
206,12.933333,6.533333,8.740733,0.000000,0.878242
207,12.933333,6.566667,8.722867,0.000000,0.873690
208,12.933333,6.466667,8.730733,0.000000,0.873176
209,12.933333,6.466667,8.733867,0.000000,0.874788
210,12.933333,6.500000,8.734867,0.033333,0.877757
211,12.933333,6.633333,8.732133,0.000000,0.866081
212,12.933333,6.433333,8.725667,0.000000,0.875331
213,12.933333,6.533333,8.721133,0.000000,0.874146
214,12.933333,6.566667,8.744133,0.000000,0.874375
215,12.933333,6.600000,8.740333,0.000000,0.872323
216,12.933333,6.600000,8.746333,0.000000,0.868491
217,12.933333,6.700000,8.736000,0.000000,0.867383
218,12.933333,6.633333,8.727733,0.000000,0.871381
219,12.966667,6.500000,8.730667,0.000000,0.871534
220,12.966667,6.733333,8.737800,0.000000,0.874811
221,12.966667,6.700000,8.738333,0.000000,0.869911
222,12.966667,6.533333,8.738267,0.000000,0.877780
223,12.966667,6.500000,8.729333,0.000000,0.875090
224,12.966667,6.700000,8.738667,0.000000,0.869216
225,12.966667,6.666667,8.729133,0.000000,0.875884
226,12.966667,6.633333,8.736067,0.000000,0.864204
227,12.966667,6.433333,8.736800,0.000000,0.863130
228,12.966667,6.466667,8.720733,0.000000,0.865054
229,12.966667,6.666667,8.735467,0.000000,0.875950
230,12.966667,6.500000,8.734733,0.000000,0.871775
231,12.966667,6.500000,8.731267,0.000000,0.876001
232,12.966667,6.500000,8.738000,0.000000,0.868409
233,12.966667,6.700000,8.739267,0.033333,0.864003
234,12.966667,6.566667,8.733933,0.000000,0.873802
235,12.966667,6.666667,8.716867,0.000000,0.873058
236,12.966667,6.533333,8.729067,0.033333,0.875856
237,12.966667,6.533333,8.732733,0.000000,0.873997
238,12.966667,6.666667,8.733000,0.000000,0.870998
239,12.966667,6.666667,8.748600,0.000000,0.876270
240,12.966667,6.566667,8.733200,0.000000,0.868915
241,12.966667,6.366667,8.737667,0.000000,0.878432
242,12.966667,6.600000,8.730200,0.000000,0.866952
243,12.966667,6.600000,8.743933,0.000000,0.867527
244,12.966667,6.466667,8.732267,0.000000,0.873474
245,12.966667,6.533333,8.737600,0.000000,0.866896
246,12.966667,6.600000,8.729000,0.000000,0.873994
247,12.966667,6.500000,8.741533,0.000000,0.870470
248,12.966667,6.666667,8.727867,0.000000,0.877469
249,12.966667,6.533333,8.736800,0.000000,0.869792
250,12.966667,6.400000,8.734067,0.000000,0.870429
251,12.966667,6.666667,8.734400,0.000000,0.865787
252,12.966667,6.600000,8.729200,0.000000,0.882541
253,12.966667,6.600000,8.730467,0.000000,0.874717
254,12.966667,6.566667,8.732400,0.000000,0.856765
255,12.966667,6.600000,8.743667,0.000000,0.873940
256,12.966667,6.466667,8.730600,0.000000,0.878814
257,12.966667,6.566667,8.729400,0.000000,0.878292
258,12.966667,6.766667,8.738933,0.000000,0.864675
259,12.966667,6.400000,8.729333,0.000000,0.873407
260,12.966667,6.533333,8.735600,0.000000,0.873535
261,12.966667,6.400000,8.721933,0.000000,0.873084
262,12.966667,6.566667,8.744933,0.000000,0.879020
263,12.966667,6.700000,8.731333,0.000000,0.867296
264,12.966667,6.500000,8.729267,0.000000,0.878745
265,12.966667,6.600000,8.741933,0.000000,0.876913
266,12.966667,6.466667,8.737400,0.000000,0.872880
267,12.966667,6.633333,8.728800,0.000000,0.874672
268,12.966667,6.733333,8.735067,0.000000,0.862807
269,12.966667,6.466667,8.717733,0.000000,0.869041
270,12.966667,6.466667,8.740467,0.000000,0.873098
271,12.966667,6.666667,8.742867,0.033333,0.878128
272,12.966667,6.666667,8.741467,0.000000,0.865187
273,12.966667,6.366667,8.730733,0.000000,0.871272
274,12.966667,6.633333,8.740667,0.000000,0.873255
275,12.966667,6.533333,8.715333,0.000000,0.870482
276,12.966667,6.500000,8.734333,0.000000,0.862185
277,12.966667,6.566667,8.732200,0.000000,0.873922
278,12.966667,6.700000,8.735400,0.000000,0.880447
279,12.966667,6.500000,8.735600,0.000000,0.869561
280,12.966667,6.633333,8.741867,0.000000,0.877043
281,12.966667,6.600000,8.734200,0.033333,0.877457
282,12.966667,6.466667,8.736933,0.000000,0.873465
283,12.966667,6.733333,8.742667,0.000000,0.863251
284,12.966667,6.666667,8.725067,0.000000,0.863925
285,12.966667,6.400000,8.731200,0.000000,0.872270
286,12.966667,6.633333,8.733667,0.033333,0.869821
287,12.966667,6.733333,8.731133,0.033333,0.869567
288,12.966667,6.600000,8.738133,0.000000,0.872111
289,12.966667,6.633333,8.735533,0.000000,0.866466
290,12.966667,6.666667,8.730667,0.000000,0.867605
291,12.966667,6.633333,8.742733,0.000000,0.873963
292,12.966667,6.666667,8.728867,0.000000,0.862235
293,12.966667,6.566667,8.733200,0.000000,0.870362
294,12.966667,6.733333,8.728733,0.000000,0.874353
295,12.966667,6.533333,8.743933,0.000000,0.872544
296,12.966667,6.433333,8.749267,0.000000,0.877928
297,12.966667,6.533333,8.727067,0.000000,0.869454
298,12.966667,6.633333,8.734267,0.000000,0.873103
299,12.966667,6.566667,8.738600,0.000000,0.877772
300,12.966667,6.466667,8.733933,0.000000,0.872529
301,12.966667,6.633333,8.738200,0.000000,0.867281
302,13.000000,6.666667,8.721800,0.000000,0.872428
303,13.000000,6.533333,8.747133,0.000000,0.869374
304,13.000000,6.700000,8.729933,0.000000,0.868395
305,13.000000,6.600000,8.745267,0.000000,0.876510
306,13.000000,6.600000,8.730867,0.033333,0.871978
307,13.000000,6.633333,8.742333,0.000000,0.870249
308,13.000000,6.633333,8.735133,0.000000,0.867063
309,13.000000,6.533333,8.736533,0.000000,0.870625
310,13.000000,6.600000,8.736133,0.000000,0.868463
311,13.000000,6.633333,8.740400,0.000000,0.871055
312,13.000000,6.666667,8.735467,0.000000,0.870114
313,13.000000,6.433333,8.740267,0.000000,0.880784
314,13.000000,6.566667,8.754400,0.000000,0.882902
315,13.000000,6.500000,8.734800,0.000000,0.867785
316,13.000000,6.566667,8.730067,0.000000,0.879300
317,13.000000,6.566667,8.733667,0.000000,0.868207
318,13.000000,6.600000,8.738867,0.000000,0.868411
319,13.000000,6.566667,8.726333,0.000000,0.874763
320,13.000000,6.466667,8.732800,0.000000,0.881594
321,13.000000,6.500000,8.731200,0.033333,0.870161
322,13.000000,6.533333,8.755067,0.000000,0.875486
323,13.000000,6.533333,8.728800,0.000000,0.872849
324,13.000000,6.700000,8.738533,0.000000,0.874324
325,13.000000,6.633333,8.728400,0.033333,0.865656
326,13.000000,6.533333,8.725067,0.000000,0.862461
327,13.000000,6.633333,8.731533,0.000000,0.862955
328,13.000000,6.500000,8.747600,0.000000,0.874427
329,13.000000,6.700000,8.746800,0.000000,0.876704
330,13.000000,6.666667,8.737067,0.000000,0.867454
331,13.000000,6.566667,8.736533,0.000000,0.876539
332,13.000000,6.433333,8.721800,0.033333,0.866900
333,13.000000,6.600000,8.737600,0.000000,0.866256
334,13.000000,6.533333,8.732133,0.000000,0.874156
335,13.000000,6.566667,8.737533,0.000000,0.862765
336,13.000000,6.633333,8.738667,0.000000,0.870478
337,13.000000,6.600000,8.723067,0.000000,0.870433
338,13.000000,6.533333,8.750867,0.000000,0.878245
339,13.000000,6.533333,8.731400,0.000000,0.874395
340,13.000000,6.666667,8.736467,0.000000,0.865207
341,13.000000,6.600000,8.741933,0.000000,0.885361
342,13.000000,6.633333,8.731200,0.000000,0.873174
343,13.000000,6.633333,8.734067,0.000000,0.866789
344,13.000000,6.500000,8.728467,0.000000,0.875619
345,13.000000,6.633333,8.728400,0.000000,0.872917
346,13.000000,6.533333,8.743133,0.000000,0.872180
347,13.000000,6.566667,8.733067,0.000000,0.862854
348,13.000000,6.466667,8.738667,0.000000,0.874622
349,13.000000,6.766667,8.739800,0.000000,0.871347
350,13.000000,6.633333,8.734800,0.033333,0.863714
351,13.000000,6.533333,8.744000,0.000000,0.870862
352,13.000000,6.500000,8.732133,0.000000,0.867344
353,13.000000,6.533333,8.730933,0.000000,0.862877
354,13.000000,6.666667,8.733667,0.000000,0.860388
355,13.000000,6.566667,8.738933,0.000000,0.868139
356,13.000000,6.666667,8.733733,0.000000,0.865395
357,13.000000,6.500000,8.740733,0.000000,0.875865
358,13.000000,6.366667,8.728800,0.000000,0.869567
359,13.000000,6.600000,8.736400,0.000000,0.865519
360,13.000000,6.600000,8.736133,0.000000,0.877225
361,13.000000,6.500000,8.746200,0.000000,0.877272
362,13.000000,6.600000,8.736200,0.000000,0.873924
363,13.000000,6.700000,8.731600,0.000000,0.862631
364,13.000000,6.466667,8.729733,0.000000,0.866977
365,13.000000,6.633333,8.728133,0.000000,0.868396
366,13.000000,6.466667,8.734133,0.000000,0.880364
367,13.000000,6.666667,8.738000,0.000000,0.873774
368,13.000000,6.466667,8.741400,0.033333,0.865365
369,13.000000,6.700000,8.733733,0.000000,0.859816
370,13.000000,6.433333,8.739067,0.000000,0.872346
371,13.000000,6.733333,8.731267,0.000000,0.865362
372,13.000000,6.633333,8.740000,0.000000,0.871009
373,13.000000,6.500000,8.735400,0.000000,0.882151
374,13.000000,6.600000,8.731600,0.000000,0.869194
375,13.000000,6.500000,8.724400,0.000000,0.875854
376,13.000000,6.633333,8.727333,0.000000,0.868386
377,13.000000,6.566667,8.735267,0.000000,0.868262
378,13.000000,6.466667,8.727600,0.000000,0.874024
379,13.000000,6.533333,8.728800,0.000000,0.865939
380,13.000000,6.533333,8.742733,0.000000,0.866298
381,13.000000,6.466667,8.727000,0.000000,0.882006
382,13.000000,6.700000,8.737133,0.000000,0.874075
383,13.000000,6.700000,8.732067,0.000000,0.866889
384,13.000000,6.533333,8.734267,0.000000,0.880574
385,13.000000,6.533333,8.745867,0.000000,0.871001
386,13.000000,6.600000,8.740000,0.000000,0.871000
387,13.000000,6.633333,8.738267,0.000000,0.873155
388,13.000000,6.533333,8.735600,0.000000,0.872467
389,13.000000,6.600000,8.743267,0.000000,0.873947
390,13.000000,6.633333,8.737733,0.000000,0.869399
391,13.000000,6.433333,8.729000,0.000000,0.875684
392,13.000000,6.633333,8.736267,0.000000,0.872692
393,13.000000,6.366667,8.734333,0.000000,0.881459
394,13.000000,6.633333,8.739667,0.000000,0.875405
395,13.000000,6.533333,8.741333,0.000000,0.875723
396,13.000000,6.766667,8.737133,0.033333,0.868669
397,13.000000,6.500000,8.738933,0.000000,0.870312
398,13.000000,6.500000,8.737733,0.000000,0.870625
399,13.000000,6.700000,8.745067,0.000000,0.872136
400,13.000000,6.300000,8.729933,0.000000,0.875589
401,13.000000,6.700000,8.734867,0.000000,0.878241
402,13.000000,6.533333,8.734867,0.000000,0.867649
403,13.000000,6.666667,8.732133,0.000000,0.870649
404,13.000000,6.700000,8.742867,0.000000,0.875265
405,13.000000,6.633333,8.732800,0.000000,0.866872
406,13.000000,6.600000,8.736000,0.000000,0.877049
407,13.000000,6.700000,8.732800,0.000000,0.874341
408,13.000000,6.533333,8.723000,0.000000,0.874999
409,13.000000,6.500000,8.732200,0.000000,0.878422
410,13.000000,6.533333,8.741267,0.000000,0.873157
411,13.000000,6.433333,8.739467,0.000000,0.877007
412,13.000000,6.533333,8.725467,0.000000,0.871165
413,13.000000,6.366667,8.740267,0.000000,0.869277
414,13.000000,6.566667,8.734667,0.000000,0.876506
415,13.000000,6.600000,8.736867,0.000000,0.870113
416,13.000000,6.600000,8.723400,0.000000,0.876898
417,13.000000,6.800000,8.735133,0.000000,0.871952
418,13.000000,6.533333,8.735133,0.000000,0.874628
419,13.000000,6.666667,8.735867,0.033333,0.864693
420,13.000000,6.533333,8.737600,0.000000,0.872126
421,13.000000,6.500000,8.736600,0.000000,0.880983
422,13.000000,6.566667,8.737533,0.000000,0.882259
423,13.000000,6.700000,8.722667,0.000000,0.866642
424,13.000000,6.500000,8.737600,0.000000,0.876561
425,13.000000,6.600000,8.741800,0.000000,0.871419
426,13.000000,6.433333,8.726333,0.000000,0.873285
427,13.000000,6.600000,8.727467,0.000000,0.873458
428,13.000000,6.666667,8.729400,0.000000,0.877287
429,13.000000,6.533333,8.725400,0.000000,0.874042
430,13.000000,6.433333,8.745867,0.033333,0.873921
431,13.000000,6.466667,8.733733,0.033333,0.883168
432,13.000000,6.566667,8.731800,0.000000,0.872471
433,13.000000,6.733333,8.742600,0.033333,0.869253
434,13.000000,6.466667,8.737000,0.000000,0.872000
435,13.000000,6.533333,8.739733,0.000000,0.876703
436,13.000000,6.633333,8.743000,0.000000,0.872968
437,13.000000,6.500000,8.740867,0.000000,0.877886
438,13.000000,6.766667,8.741800,0.000000,0.876269
439,13.000000,6.733333,8.739267,0.000000,0.877129
440,13.000000,6.566667,8.745400,0.000000,0.874435
441,13.000000,6.666667,8.736867,0.000000,0.868413
442,13.000000,6.700000,8.738333,0.000000,0.867960
443,13.000000,6.533333,8.738533,0.000000,0.875421
444,13.000000,6.633333,8.713667,0.033333,0.861470
445,13.000000,6.433333,8.728733,0.033333,0.871803
446,13.000000,6.566667,8.726400,0.033333,0.868897
447,13.000000,6.600000,8.730733,0.000000,0.874722
448,13.000000,6.666667,8.741333,0.000000,0.878419
449,13.000000,6.633333,8.737800,0.000000,0.873839
450,13.000000,6.666667,8.742600,0.000000,0.874692
451,13.000000,6.600000,8.739533,0.000000,0.881153
452,13.000000,6.566667,8.739867,0.000000,0.881476
453,13.000000,6.466667,8.724200,0.000000,0.867233
454,13.000000,6.566667,8.740867,0.000000,0.882295
455,13.000000,6.533333,8.729533,0.000000,0.871157
456,13.000000,6.533333,8.733600,0.000000,0.861727
457,13.000000,6.533333,8.739333,0.000000,0.874252
458,13.000000,6.566667,8.724600,0.000000,0.870552
459,13.000000,6.466667,8.723733,0.000000,0.877676
460,13.000000,6.600000,8.737200,0.000000,0.878254
461,13.000000,6.466667,8.725733,0.000000,0.883117
462,13.000000,6.400000,8.718467,0.000000,0.871912
463,13.000000,6.533333,8.729267,0.000000,0.862297
464,13.000000,6.666667,8.740800,0.000000,0.872930
465,13.000000,6.633333,8.737600,0.000000,0.865407
466,13.000000,6.633333,8.728867,0.033333,0.867640
467,13.000000,6.733333,8.733800,0.000000,0.873663
468,13.000000,6.566667,8.729533,0.000000,0.877600
469,13.000000,6.533333,8.733867,0.000000,0.867290
470,13.000000,6.733333,8.739467,0.000000,0.873471
471,13.000000,6.600000,8.737800,0.000000,0.875448
472,13.000000,6.766667,8.745267,0.000000,0.868389
473,13.000000,6.500000,8.731000,0.000000,0.868980
474,13.000000,6.500000,8.742000,0.000000,0.876886
475,13.000000,6.566667,8.731600,0.000000,0.865037
476,13.000000,6.500000,8.728067,0.000000,0.873175
477,13.000000,6.466667,8.744467,0.000000,0.873403
478,13.000000,6.600000,8.733933,0.000000,0.874895
479,13.000000,6.600000,8.740133,0.000000,0.870338
480,13.000000,6.633333,8.732800,0.033333,0.874647
481,13.000000,6.566667,8.732067,0.000000,0.869305
482,13.000000,6.600000,8.739000,0.000000,0.879844
483,13.000000,6.566667,8.736933,0.000000,0.870212
484,13.000000,6.666667,8.737400,0.000000,0.863737
485,13.000000,6.566667,8.735067,0.000000,0.866018
486,13.000000,6.633333,8.746600,0.000000,0.874439
487,13.000000,6.633333,8.736400,0.000000,0.871931
488,13.000000,6.566667,8.732533,0.000000,0.867628
489,13.000000,6.500000,8.734867,0.000000,0.867787
490,13.000000,6.433333,8.716333,0.000000,0.867273
491,13.000000,6.633333,8.733200,0.000000,0.868166
492,13.000000,6.566667,8.736133,0.000000,0.874142
493,13.000000,6.633333,8.732933,0.000000,0.870727
494,13.000000,6.600000,8.739667,0.000000,0.875053
495,13.000000,6.700000,8.723667,0.000000,0.861054
496,13.000000,6.666667,8.735333,0.000000,0.864828
497,13.000000,6.466667,8.731600,0.000000,0.872235
498,13.000000,6.600000,8.732000,0.066667,0.873156
499,13.000000,6.600000,8.728667,0.000000,0.869595
500,13.000000,6.533333,8.740467,0.000000,0.873613
BestSdev: 0.249788, Time: 1h28m4.952238208s