gen,best,worst,mean,rep,sdev
1,10.600000,7.000000,8.744000,0.000000,0.843010
2,11.000000,6.900000,8.744000,0.000000,0.869318
3,11.066667,7.066667,8.781333,0.000000,0.829739
4,11.100000,7.066667,8.728000,0.000000,0.844889
5,11.266667,6.966667,8.740667,0.000000,0.869658
6,11.300000,7.066667,8.731333,0.000000,0.845518
7,11.300000,7.100000,8.704667,0.000000,0.859237
8,11.300000,6.933333,8.733333,0.000000,0.853711
9,11.333333,7.000000,8.688000,0.000000,0.865643
10,11.400000,6.966667,8.744000,0.000000,0.856777
11,11.466667,6.966667,8.744000,0.000000,0.894445
12,11.566667,7.000000,8.786000,0.000000,0.871460
13,11.600000,6.966667,8.714000,0.000000,0.858764
14,11.633333,6.933333,8.720000,0.000000,0.873386
15,11.700000,7.000000,8.731333,0.000000,0.853859
16,11.700000,7.000000,8.748000,0.000000,0.869449
17,11.700000,6.966667,8.686000,0.000000,0.829586
18,11.700000,6.933333,8.760000,0.000000,0.855089
19,11.700000,7.033333,8.729333,0.000000,0.849366
20,11.733333,6.966667,8.718000,0.000000,0.851896
21,11.733333,7.066667,8.742667,0.000000,0.878355
22,11.766667,7.000000,8.730000,0.000000,0.848303
23,11.766667,7.000000,8.768000,0.000000,0.880358
24,11.766667,7.033333,8.726000,0.000000,0.838685
25,11.766667,7.033333,8.740667,0.000000,0.850173
26,11.766667,7.033333,8.730000,0.000000,0.820275
27,11.766667,7.000000,8.726000,0.000000,0.820177
28,11.833333,6.966667,8.730000,0.000000,0.857725
29,11.866667,6.933333,8.720000,0.000000,0.867294
30,11.866667,7.000000,8.728000,0.000000,0.853392
31,11.866667,7.033333,8.661333,0.000000,0.834317
32,11.933333,7.066667,8.724000,0.000000,0.852501
33,11.933333,7.066667,8.753333,0.000000,0.849628
34,11.933333,7.033333,8.730000,0.000000,0.854431
35,11.933333,6.966667,8.730667,0.000000,0.841838
36,11.933333,7.000000,8.742000,0.000000,0.841988
37,11.933333,7.033333,8.732667,0.000000,0.838921
38,12.000000,6.933333,8.717333,0.000000,0.881887
39,12.000000,7.000000,8.749333,0.000000,0.870946
40,12.000000,7.066667,8.712667,0.000000,0.845582
41,12.000000,7.000000,8.715333,0.000000,0.858138
42,12.000000,7.000000,8.714000,0.000000,0.854813
43,12.000000,6.966667,8.732000,0.000000,0.855660
44,12.000000,7.000000,8.687333,0.000000,0.852136
45,12.000000,6.966667,8.717333,0.000000,0.851231
46,12.000000,6.966667,8.712667,0.000000,0.849529
47,12.000000,7.033333,8.729333,0.000000,0.835410
48,12.000000,6.966667,8.722667,0.000000,0.852243
49,12.000000,6.900000,8.684000,0.000000,0.825570
50,12.000000,7.066667,8.730667,0.000000,0.866393
51,12.000000,6.966667,8.674000,0.000000,0.860843
52,12.000000,6.966667,8.730667,0.000000,0.852525
53,12.000000,6.900000,8.731333,0.000000,0.870389
54,12.000000,7.000000,8.763333,0.000000,0.891698
55,12.000000,7.100000,8.738667,0.000000,0.829499
56,12.000000,7.066667,8.707333,0.000000,0.837399
57,12.000000,6.966667,8.741333,0.000000,0.875044
58,12.000000,7.000000,8.696667,0.000000,0.865091
59,12.000000,7.033333,8.743333,0.000000,0.839739
60,12.000000,7.000000,8.694000,0.000000,0.863913
61,12.033333,6.900000,8.748000,0.000000,0.863937
62,12.033333,7.000000,8.763333,0.000000,0.877835
63,12.033333,7.000000,8.722000,0.000000,0.834581
64,12.033333,6.933333,8.748000,0.000000,0.859618
65,12.033333,7.000000,8.758667,0.000000,0.862051
66,12.033333,6.900000,8.738000,0.000000,0.892987
67,12.033333,6.966667,8.698667,0.000000,0.852133
68,12.033333,6.900000,8.701333,0.000000,0.850374
69,12.033333,7.000000,8.712000,0.000000,0.836166
70,12.033333,7.000000,8.741333,0.000000,0.866917
71,12.033333,6.966667,8.693333,0.000000,0.837431
72,12.033333,7.000000,8.748667,0.000000,0.859854
73,12.033333,6.966667,8.725333,0.000000,0.868669
74,12.033333,7.000000,8.791333,0.000000,0.874431
75,12.033333,6.966667,8.702000,0.000000,0.859077
76,12.033333,7.000000,8.719333,0.000000,0.825429
77,12.033333,6.933333,8.737333,0.000000,0.862830
78,12.033333,7.033333,8.759333,0.000000,0.883516
79,12.033333,7.000000,8.737333,0.000000,0.880320
80,12.033333,7.000000,8.702000,0.000000,0.842702
81,12.033333,6.966667,8.753333,0.000000,0.858621
82,12.066667,7.000000,8.768667,0.000000,0.874665
83,12.066667,7.033333,8.776000,0.000000,0.896093
84,12.066667,6.966667,8.712000,0.000000,0.873405
85,12.066667,6.933333,8.720000,0.000000,0.886559
86,12.066667,7.033333,8.758000,0.000000,0.840747
87,12.066667,7.033333,8.715333,0.000000,0.847572
88,12.066667,6.900000,8.714000,0.000000,0.884211
89,12.066667,7.000000,8.695333,0.000000,0.870359
90,12.066667,6.933333,8.766667,0.000000,0.866116
91,12.066667,7.000000,8.763333,0.000000,0.835599
92,12.066667,6.900000,8.725333,0.000000,0.860501
93,12.066667,6.933333,8.755333,0.000000,0.859521
94,12.066667,7.000000,8.708667,0.000000,0.872519
95,12.066667,6.966667,8.748667,0.000000,0.868337
96,12.066667,6.900000,8.683333,0.000000,0.883151
97,12.066667,6.900000,8.740000,0.000000,0.855594
98,12.066667,7.066667,8.717333,0.000000,0.862304
99,12.066667,7.000000,8.703333,0.000000,0.857515
100,12.066667,7.066667,8.754000,0.000000,0.858659
BestSdev: 0.279141, Time: 1m56.087518468s