gen,best,worst,mean,rep,sdev
1,11.166667,6.766667,8.719833,0.000000,0.864739
2,11.266667,6.766667,8.742333,0.000000,0.852584
3,11.400000,6.733333,8.729500,0.000000,0.879517
4,11.500000,6.833333,8.738500,0.000000,0.881225
5,11.566667,6.833333,8.731667,0.000000,0.861646
6,11.666667,6.933333,8.721667,0.000000,0.873147
7,11.733333,6.666667,8.737333,0.000000,0.874820
8,11.733333,6.733333,8.756167,0.000000,0.889289
9,11.800000,6.733333,8.728667,0.000000,0.875518
10,11.833333,6.766667,8.736000,0.000000,0.858297
11,11.933333,6.866667,8.726000,0.000000,0.873384
12,12.000000,6.766667,8.740500,0.000000,0.873405
13,12.000000,6.866667,8.749333,0.000000,0.878727
14,12.000000,6.800000,8.732167,0.000000,0.877560
15,12.033333,6.833333,8.727333,0.000000,0.862592
16,12.033333,6.766667,8.735333,0.000000,0.866596
17,12.033333,6.800000,8.720000,0.000000,0.860464
18,12.033333,6.733333,8.739833,0.000000,0.876083
19,12.033333,6.933333,8.728667,0.000000,0.873210
20,12.033333,6.833333,8.717333,0.000000,0.864727
21,12.033333,6.966667,8.767333,0.000000,0.874250
22,12.033333,6.700000,8.725500,0.000000,0.863926
23,12.033333,6.833333,8.744333,0.000000,0.871625
24,12.033333,6.866667,8.714833,0.000000,0.875664
25,12.033333,6.933333,8.735833,0.000000,0.869997
26,12.066667,6.766667,8.729333,0.000000,0.877889
27,12.066667,6.733333,8.737833,0.000000,0.869215
28,12.066667,6.833333,8.739167,0.000000,0.875310
29,12.066667,6.966667,8.743000,0.000000,0.867124
30,12.066667,6.833333,8.727500,0.000000,0.864565
31,12.066667,6.733333,8.741833,0.000000,0.865060
32,12.066667,6.866667,8.747333,0.000000,0.866705
33,12.066667,6.833333,8.722833,0.000000,0.866561
34,12.066667,6.833333,8.734833,0.000000,0.866528
35,12.066667,6.733333,8.736833,0.000000,0.872392
36,12.066667,6.766667,8.736833,0.000000,0.869003
37,12.066667,6.733333,8.735833,0.000000,0.864845
38,12.066667,6.866667,8.712667,0.000000,0.860355
39,12.066667,6.800000,8.732500,0.000000,0.862534
40,12.066667,6.833333,8.727500,0.000000,0.872634
41,12.066667,6.633333,8.726500,0.000000,0.864891
42,12.066667,6.766667,8.761167,0.000000,0.882303
43,12.066667,6.800000,8.736000,0.000000,0.873395
44,12.066667,6.866667,8.738500,0.000000,0.872618
45,12.100000,6.766667,8.736833,0.000000,0.877501
46,12.100000,6.800000,8.732167,0.000000,0.864860
47,12.100000,6.833333,8.717667,0.000000,0.868131
48,12.100000,6.733333,8.728500,0.000000,0.862984
49,12.100000,6.700000,8.716833,0.000000,0.847312
50,12.100000,6.733333,8.715833,0.000000,0.864226
51,12.100000,6.766667,8.739667,0.000000,0.867112
52,12.100000,6.766667,8.722333,0.000000,0.870371
53,12.100000,6.733333,8.718333,0.000000,0.871368
54,12.133333,6.900000,8.709333,0.000000,0.853248
55,12.133333,6.800000,8.722333,0.000000,0.855829
56,12.133333,6.566667,8.722500,0.000000,0.870879
57,12.133333,6.833333,8.732833,0.000000,0.867451
58,12.133333,6.766667,8.715333,0.000000,0.876853
59,12.133333,6.866667,8.720833,0.000000,0.865463
60,12.133333,6.733333,8.756833,0.000000,0.879060
61,12.133333,6.900000,8.735333,0.000000,0.869104
62,12.133333,6.733333,8.736500,0.000000,0.875146
63,12.133333,6.800000,8.730000,0.000000,0.868017
64,12.133333,6.766667,8.719500,0.000000,0.877842
65,12.133333,6.800000,8.723500,0.000000,0.867529
66,12.133333,6.800000,8.719500,0.000000,0.865057
67,12.133333,6.866667,8.733167,0.000000,0.863365
68,12.166667,6.866667,8.734833,0.000000,0.862357
69,12.166667,6.866667,8.724333,0.000000,0.879020
70,12.166667,6.833333,8.760500,0.000000,0.867413
71,12.166667,6.833333,8.735833,0.000000,0.863244
72,12.166667,6.866667,8.736667,0.000000,0.868210
73,12.166667,6.766667,8.726333,0.000000,0.865447
74,12.166667,6.766667,8.735167,0.000000,0.875300
75,12.166667,6.866667,8.728500,0.000000,0.855074
76,12.166667,6.733333,8.732167,0.000000,0.857506
77,12.166667,6.733333,8.748667,0.000000,0.873998
78,12.166667,6.866667,8.744667,0.000000,0.851792
79,12.166667,6.733333,8.732167,0.000000,0.873843
80,12.200000,6.833333,8.710500,0.000000,0.874350
81,12.200000,6.966667,8.741000,0.000000,0.869323
82,12.233333,6.833333,8.733833,0.000000,0.884212
83,12.233333,6.766667,8.732167,0.000000,0.873881
84,12.233333,6.833333,8.726833,0.000000,0.859685
85,12.233333,6.700000,8.735333,0.000000,0.867680
86,12.233333,6.866667,8.731000,0.000000,0.881903
87,12.233333,6.766667,8.745833,0.000000,0.875479
88,12.233333,6.733333,8.730000,0.000000,0.879968
89,12.233333,6.666667,8.734500,0.000000,0.872234
90,12.266667,6.833333,8.728000,0.000000,0.867853
91,12.266667,6.800000,8.729500,0.000000,0.866910
92,12.266667,6.866667,8.726667,0.000000,0.867304
93,12.266667,6.800000,8.730500,0.000000,0.871120
94,12.266667,6.766667,8.737500,0.000000,0.878879
95,12.266667,6.833333,8.748333,0.000000,0.875222
96,12.266667,6.833333,8.737000,0.000000,0.875118
97,12.266667,6.800000,8.740833,0.000000,0.864595
98,12.266667,6.866667,8.747500,0.000000,0.868534
99,12.300000,6.766667,8.734833,0.000000,0.878035
100,12.300000,6.700000,8.722833,0.000000,0.870744
101,12.300000,6.833333,8.749667,0.000000,0.862528
102,12.300000,6.766667,8.735667,0.000000,0.867133
103,12.300000,6.833333,8.751167,0.000000,0.869359
104,12.300000,6.700000,8.715500,0.000000,0.873249
105,12.300000,6.800000,8.723833,0.000000,0.870968
106,12.333333,6.766667,8.753000,0.000000,0.869215
107,12.333333,6.833333,8.725833,0.000000,0.874013
108,12.333333,6.666667,8.742167,0.000000,0.873844
109,12.333333,6.866667,8.737167,0.000000,0.865689
110,12.333333,6.833333,8.737333,0.000000,0.864712
111,12.333333,6.800000,8.740500,0.000000,0.872253
112,12.333333,6.766667,8.740167,0.000000,0.877880
113,12.333333,6.866667,8.730833,0.000000,0.866526
114,12.333333,6.700000,8.727167,0.000000,0.870974
115,12.333333,6.800000,8.738000,0.000000,0.858953
116,12.333333,6.900000,8.707833,0.000000,0.867747
117,12.333333,6.800000,8.731500,0.000000,0.870080
118,12.333333,6.800000,8.741167,0.000000,0.871379
119,12.333333,6.866667,8.747833,0.000000,0.869890
120,12.333333,6.800000,8.731000,0.000000,0.864185
121,12.333333,6.733333,8.724000,0.000000,0.867028
122,12.333333,6.633333,8.723000,0.000000,0.872554
123,12.333333,6.866667,8.733500,0.000000,0.878901
124,12.333333,6.733333,8.726000,0.000000,0.883182
125,12.333333,6.866667,8.723333,0.000000,0.872517
126,12.333333,6.700000,8.737500,0.000000,0.867811
127,12.333333,6.833333,8.736500,0.000000,0.876925
128,12.333333,6.800000,8.732000,0.000000,0.859656
129,12.333333,6.700000,8.736333,0.000000,0.878663
130,12.333333,6.866667,8.746333,0.000000,0.876553
131,12.333333,6.833333,8.735333,0.000000,0.862818
132,12.333333,6.866667,8.716667,0.000000,0.867593
133,12.333333,6.800000,8.735667,0.000000,0.869431
134,12.366667,6.600000,8.724167,0.000000,0.862910
135,12.366667,6.900000,8.713167,0.000000,0.867442
136,12.366667,6.800000,8.736000,0.000000,0.873097
137,12.366667,6.833333,8.740833,0.000000,0.871297
138,12.366667,6.866667,8.738833,0.000000,0.872307
139,12.366667,6.933333,8.738833,0.000000,0.865831
140,12.366667,6.833333,8.723500,0.000000,0.859237
141,12.366667,6.900000,8.748667,0.000000,0.851271
142,12.366667,6.833333,8.734833,0.000000,0.871945
143,12.366667,6.766667,8.735167,0.000000,0.876954
144,12.366667,6.900000,8.714000,0.000000,0.863212
145,12.366667,6.800000,8.727500,0.000000,0.862923
146,12.366667,6.733333,8.734833,0.000000,0.862275
147,12.366667,6.666667,8.733167,0.000000,0.878870
148,12.366667,6.833333,8.720833,0.000000,0.875402
149,12.366667,6.733333,8.735500,0.000000,0.868598
150,12.366667,6.900000,8.717667,0.000000,0.860172
151,12.366667,6.866667,8.728333,0.000000,0.871240
152,12.366667,6.900000,8.731167,0.000000,0.861255
153,12.366667,6.766667,8.731333,0.000000,0.884176
154,12.366667,6.866667,8.736833,0.000000,0.872517
155,12.366667,6.766667,8.748500,0.000000,0.882243
156,12.366667,6.766667,8.713833,0.000000,0.871262
157,12.366667,6.666667,8.733000,0.000000,0.870663
158,12.366667,6.800000,8.713000,0.000000,0.863151
159,12.366667,6.833333,8.718833,0.000000,0.882306
160,12.366667,6.800000,8.742333,0.000000,0.864224
161,12.366667,6.800000,8.740500,0.000000,0.869261
162,12.366667,6.866667,8.743000,0.000000,0.866456
163,12.366667,6.866667,8.741667,0.000000,0.862350
164,12.366667,6.833333,8.739000,0.000000,0.872429
165,12.366667,6.800000,8.712167,0.000000,0.868162
166,12.366667,6.833333,8.740167,0.000000,0.857272
167,12.366667,6.733333,8.733500,0.000000,0.879186
168,12.366667,6.800000,8.731167,0.000000,0.876309
169,12.366667,6.800000,8.727167,0.000000,0.876802
170,12.366667,6.800000,8.714667,0.000000,0.862145
171,12.366667,6.866667,8.738333,0.000000,0.875154
172,12.366667,6.866667,8.724833,0.000000,0.864757
173,12.366667,6.866667,8.733667,0.000000,0.876364
174,12.366667,6.833333,8.729167,0.000000,0.875560
175,12.400000,6.766667,8.750167,0.000000,0.895103
176,12.400000,6.800000,8.752500,0.000000,0.865423
177,12.400000,6.766667,8.729833,0.000000,0.863136
178,12.400000,6.900000,8.732333,0.000000,0.853753
179,12.400000,6.833333,8.732833,0.000000,0.888736
180,12.400000,6.733333,8.728333,0.000000,0.874273
181,12.400000,6.800000,8.752333,0.000000,0.860877
182,12.400000,6.766667,8.732000,0.000000,0.879730
183,12.400000,6.800000,8.738000,0.000000,0.869500
184,12.400000,6.833333,8.739667,0.000000,0.875465
185,12.400000,6.766667,8.748500,0.000000,0.879436
186,12.400000,6.866667,8.739500,0.000000,0.860249
187,12.400000,6.933333,8.729833,0.000000,0.866827
188,12.433333,6.900000,8.746167,0.000000,0.862004
189,12.433333,6.733333,8.750667,0.000000,0.879206
190,12.433333,6.700000,8.722333,0.000000,0.875515
191,12.433333,6.766667,8.732333,0.000000,0.864431
192,12.433333,6.833333,8.706500,0.000000,0.859693
193,12.433333,6.666667,8.753667,0.000000,0.858628
194,12.433333,6.800000,8.733000,0.000000,0.876246
195,12.433333,6.700000,8.727500,0.000000,0.887195
196,12.433333,6.833333,8.741500,0.000000,0.861478
197,12.433333,6.766667,8.737500,0.000000,0.868099
198,12.433333,6.633333,8.724333,0.000000,0.859834
199,12.433333,6.700000,8.741333,0.000000,0.865934
200,12.433333,6.866667,8.727167,0.000000,0.864982
201,12.433333,6.833333,8.736667,0.000000,0.857348
202,12.433333,6.933333,8.749667,0.000000,0.883957
203,12.433333,6.600000,8.739500,0.000000,0.864161
204,12.433333,6.833333,8.736833,0.000000,0.867895
205,12.433333,6.900000,8.750833,0.000000,0.856756
206,12.433333,6.766667,8.719833,0.000000,0.871756
207,12.433333,6.866667,8.717000,0.000000,0.863262
208,12.433333,6.900000,8.744833,0.000000,0.882436
209,12.433333,6.900000,8.727333,0.000000,0.868973
210,12.433333,6.700000,8.725333,0.000000,0.867189
211,12.433333,6.900000,8.741333,0.000000,0.862051
212,12.433333,6.766667,8.735833,0.000000,0.885185
213,12.433333,6.833333,8.743833,0.000000,0.864626
214,12.433333,6.933333,8.742167,0.000000,0.865631
215,12.433333,6.733333,8.736333,0.000000,0.863766
216,12.433333,6.900000,8.723000,0.000000,0.866635
217,12.433333,6.866667,8.747667,0.000000,0.872754
218,12.433333,6.800000,8.737167,0.000000,0.866007
219,12.433333,6.700000,8.740333,0.000000,0.867936
220,12.433333,6.833333,8.741167,0.000000,0.878301
221,12.433333,6.766667,8.724333,0.000000,0.870470
222,12.433333,6.766667,8.712667,0.000000,0.864117
223,12.433333,6.866667,8.743333,0.000000,0.876868
224,12.500000,6.866667,8.747500,0.000000,0.880572
225,12.500000,6.666667,8.739333,0.000000,0.869402
226,12.500000,6.733333,8.728667,0.000000,0.881183
227,12.500000,6.800000,8.736500,0.000000,0.879105
228,12.500000,6.766667,8.730000,0.000000,0.882526
229,12.500000,6.833333,8.740500,0.000000,0.867703
230,12.500000,6.800000,8.739000,0.000000,0.862104
231,12.500000,6.933333,8.728333,0.000000,0.860930
232,12.500000,6.733333,8.734167,0.000000,0.867462
233,12.500000,6.866667,8.719500,0.000000,0.878922
234,12.500000,6.866667,8.725500,0.000000,0.862403
235,12.533333,6.833333,8.736667,0.000000,0.865845
236,12.533333,6.833333,8.712167,0.000000,0.862297
237,12.566667,6.833333,8.729667,0.000000,0.876219
238,12.566667,6.733333,8.737500,0.000000,0.878260
239,12.566667,6.833333,8.754500,0.000000,0.876095
240,12.566667,6.866667,8.719667,0.000000,0.873979
241,12.566667,6.800000,8.743500,0.000000,0.852150
242,12.566667,6.766667,8.735167,0.000000,0.887232
243,12.566667,6.733333,8.726167,0.000000,0.883702
244,12.566667,6.733333,8.756500,0.000000,0.875958
245,12.566667,6.800000,8.730833,0.000000,0.868170
246,12.566667,6.700000,8.715167,0.000000,0.867238
247,12.600000,6.666667,8.732333,0.000000,0.873535
248,12.600000,6.866667,8.730833,0.000000,0.861541
249,12.600000,6.700000,8.726000,0.000000,0.873757
250,12.600000,6.900000,8.736333,0.000000,0.880026
251,12.600000,6.833333,8.768333,0.000000,0.875557
252,12.600000,6.800000,8.738667,0.000000,0.869581
253,12.600000,6.833333,8.756667,0.000000,0.863688
254,12.600000,6.766667,8.743333,0.000000,0.878491
255,12.600000,6.833333,8.733667,0.000000,0.881963
256,12.600000,6.800000,8.738667,0.000000,0.864354
257,12.600000,6.800000,8.714167,0.000000,0.855714
258,12.633333,6.900000,8.737167,0.000000,0.863605
259,12.633333,6.933333,8.742667,0.000000,0.880769
260,12.633333,6.766667,8.702833,0.000000,0.855578
261,12.633333,6.766667,8.714333,0.000000,0.858146
262,12.633333,6.800000,8.738833,0.000000,0.879914
263,12.633333,6.900000,8.743167,0.000000,0.867217
264,12.633333,6.800000,8.728667,0.000000,0.880930
265,12.633333,6.733333,8.731667,0.000000,0.867466
266,12.633333,6.700000,8.725500,0.000000,0.877090
267,12.633333,6.866667,8.729167,0.000000,0.856876
268,12.633333,6.766667,8.733500,0.000000,0.870954
269,12.633333,6.766667,8.735000,0.000000,0.859449
270,12.633333,6.833333,8.730833,0.000000,0.868190
271,12.633333,6.766667,8.740500,0.000000,0.877805
272,12.633333,6.766667,8.738833,0.000000,0.872831
273,12.633333,6.800000,8.749167,0.000000,0.877316
274,12.633333,6.966667,8.737667,0.000000,0.859032
275,12.633333,6.766667,8.724500,0.000000,0.852551
276,12.633333,6.900000,8.726500,0.000000,0.861625
277,12.633333,6.733333,8.739333,0.000000,0.876509
278,12.633333,6.966667,8.752500,0.000000,0.858202
279,12.633333,6.800000,8.743500,0.000000,0.876183
280,12.633333,6.700000,8.727333,0.000000,0.872202
281,12.633333,6.833333,8.755500,0.000000,0.869028
282,12.633333,6.866667,8.730333,0.000000,0.868928
283,12.633333,6.766667,8.727333,0.000000,0.869693
284,12.633333,6.833333,8.736667,0.000000,0.867710
285,12.633333,6.733333,8.752333,0.000000,0.858422
286,12.633333,6.833333,8.735167,0.000000,0.867401
287,12.633333,6.800000,8.737500,0.000000,0.875227
288,12.633333,6.733333,8.724167,0.000000,0.871290
289,12.633333,6.833333,8.725667,0.000000,0.861438
290,12.633333,6.833333,8.735833,0.000000,0.868713
291,12.633333,6.900000,8.711667,0.000000,0.861708
292,12.633333,6.833333,8.736500,0.000000,0.863054
293,12.633333,6.733333,8.743833,0.000000,0.865871
294,12.633333,6.800000,8.720833,0.000000,0.873586
295,12.633333,6.866667,8.734000,0.000000,0.861016
296,12.633333,6.700000,8.736333,0.000000,0.887610
297,12.633333,6.800000,8.729500,0.000000,0.860429
298,12.633333,6.833333,8.733167,0.000000,0.888348
299,12.633333,6.833333,8.736333,0.033333,0.873150
300,12.633333,6.800000,8.727167,0.000000,0.879402
301,12.633333,6.800000,8.733000,0.000000,0.850538
302,12.633333,6.866667,8.730333,0.000000,0.872705
303,12.633333,6.700000,8.735333,0.000000,0.878589
304,12.633333,6.800000,8.736667,0.000000,0.870328
305,12.633333,6.833333,8.740833,0.000000,0.872987
306,12.633333,6.766667,8.696000,0.000000,0.872739
307,12.633333,6.766667,8.717000,0.000000,0.863132
308,12.633333,6.833333,8.728667,0.000000,0.881199
309,12.633333,6.833333,8.715833,0.000000,0.868814
310,12.633333,6.733333,8.722833,0.000000,0.867861
311,12.633333,6.766667,8.744000,0.000000,0.865581
312,12.633333,6.833333,8.738667,0.000000,0.864280
313,12.633333,6.733333,8.726667,0.000000,0.871603
314,12.633333,6.800000,8.721833,0.000000,0.858156
315,12.666667,6.833333,8.740167,0.000000,0.864189
316,12.666667,6.800000,8.731500,0.000000,0.878478
317,12.666667,6.833333,8.734000,0.000000,0.868879
318,12.666667,6.766667,8.721333,0.000000,0.866228
319,12.666667,6.733333,8.742833,0.000000,0.883191
320,12.666667,6.800000,8.715000,0.000000,0.853251
321,12.666667,6.766667,8.737333,0.000000,0.866854
322,12.666667,6.833333,8.744000,0.000000,0.856570
323,12.666667,6.600000,8.728000,0.000000,0.871049
324,12.666667,6.866667,8.722333,0.000000,0.865279
325,12.666667,6.800000,8.740667,0.000000,0.882641
326,12.666667,6.833333,8.719667,0.000000,0.857617
327,12.666667,6.733333,8.710500,0.000000,0.864611
328,12.666667,6.766667,8.745667,0.000000,0.888175
329,12.666667,6.833333,8.708167,0.000000,0.863487
330,12.666667,6.900000,8.736333,0.000000,0.869845
331,12.666667,6.566667,8.722167,0.000000,0.875020
332,12.666667,6.833333,8.725000,0.000000,0.849089
333,12.666667,6.866667,8.715167,0.000000,0.870499
334,12.666667,6.800000,8.741500,0.000000,0.874508
335,12.666667,6.866667,8.751833,0.000000,0.882585
336,12.666667,6.833333,8.742667,0.000000,0.863181
337,12.666667,6.700000,8.735833,0.000000,0.871613
338,12.666667,6.833333,8.754667,0.000000,0.870246
339,12.666667,6.700000,8.758333,0.000000,0.891934
340,12.666667,6.833333,8.738000,0.000000,0.879719
341,12.666667,6.900000,8.737667,0.000000,0.859543
342,12.666667,6.900000,8.743667,0.000000,0.874788
343,12.666667,6.900000,8.732500,0.000000,0.868858
344,12.666667,6.700000,8.740667,0.000000,0.876208
345,12.666667,6.800000,8.749833,0.000000,0.882086
346,12.666667,6.833333,8.728500,0.000000,0.870748
347,12.666667,6.666667,8.722000,0.000000,0.878961
348,12.666667,6.800000,8.741333,0.000000,0.879912
349,12.666667,6.833333,8.726000,0.000000,0.868844
350,12.666667,6.733333,8.724833,0.000000,0.875024
351,12.666667,6.933333,8.728333,0.000000,0.873789
352,12.666667,6.833333,8.737333,0.000000,0.864326
353,12.666667,6.700000,8.743667,0.000000,0.870467
354,12.666667,6.900000,8.732500,0.000000,0.858575
355,12.666667,6.833333,8.741000,0.000000,0.876765
356,12.666667,6.766667,8.734667,0.000000,0.853389
357,12.666667,6.700000,8.739333,0.000000,0.876966
358,12.666667,6.900000,8.740833,0.000000,0.863167
359,12.666667,6.833333,8.736000,0.000000,0.874894
360,12.666667,6.933333,8.737333,0.000000,0.862663
361,12.666667,6.833333,8.742500,0.000000,0.860555
362,12.666667,6.766667,8.735500,0.000000,0.858351
363,12.666667,6.766667,8.737500,0.000000,0.875531
364,12.666667,6.833333,8.735333,0.000000,0.853818
365,12.666667,6.800000,8.729167,0.000000,0.861845
366,12.666667,6.666667,8.740667,0.000000,0.874624
367,12.700000,6.766667,8.725833,0.000000,0.867502
368,12.700000,6.733333,8.736000,0.033333,0.877017
369,12.700000,6.800000,8.732500,0.000000,0.873887
370,12.700000,6.800000,8.744667,0.000000,0.871984
371,12.700000,6.733333,8.742167,0.000000,0.886312
372,12.700000,6.900000,8.757500,0.000000,0.872975
373,12.700000,6.833333,8.746000,0.000000,0.879559
374,12.700000,6.800000,8.727000,0.000000,0.869292
375,12.700000,6.866667,8.714333,0.000000,0.878437
376,12.700000,6.633333,8.733167,0.000000,0.862504
377,12.700000,6.866667,8.738000,0.000000,0.875353
378,12.700000,6.866667,8.730500,0.000000,0.874366
379,12.700000,6.833333,8.724500,0.000000,0.863814
380,12.700000,6.833333,8.739500,0.000000,0.872349
381,12.700000,6.933333,8.733333,0.000000,0.867883
382,12.700000,6.966667,8.756667,0.000000,0.881916
383,12.700000,6.866667,8.731833,0.000000,0.859847
384,12.700000,6.833333,8.724833,0.000000,0.870133
385,12.700000,6.666667,8.731500,0.000000,0.883341
386,12.700000,6.800000,8.744167,0.000000,0.865801
387,12.700000,6.666667,8.741833,0.000000,0.867170
388,12.700000,6.900000,8.718833,0.000000,0.855780
389,12.700000,6.933333,8.729833,0.000000,0.871443
390,12.700000,6.800000,8.741833,0.000000,0.882179
391,12.700000,6.833333,8.730500,0.000000,0.877211
392,12.700000,6.766667,8.743667,0.000000,0.869355
393,12.700000,6.766667,8.738500,0.000000,0.850909
394,12.700000,6.766667,8.702667,0.000000,0.879588
395,12.700000,6.700000,8.731833,0.000000,0.873195
396,12.700000,6.866667,8.749333,0.000000,0.880614
397,12.700000,6.766667,8.751000,0.000000,0.877988
398,12.733333,6.733333,8.741667,0.000000,0.880618
399,12.733333,6.900000,8.730000,0.000000,0.872799
400,12.733333,6.800000,8.713833,0.000000,0.881387
401,12.733333,6.766667,8.724833,0.000000,0.868357
402,12.733333,6.866667,8.745333,0.000000,0.882983
403,12.733333,6.866667,8.746500,0.000000,0.868597
404,12.733333,6.766667,8.731167,0.000000,0.874660
405,12.733333,6.766667,8.743500,0.000000,0.861549
406,12.733333,6.933333,8.714333,0.000000,0.861415
407,12.733333,6.833333,8.731333,0.000000,0.863442
408,12.733333,6.766667,8.733167,0.000000,0.862606
409,12.733333,6.933333,8.735500,0.000000,0.871579
410,12.733333,6.733333,8.730667,0.000000,0.872313
411,12.733333,6.900000,8.718500,0.000000,0.874753
412,12.733333,6.700000,8.754667,0.000000,0.864933
413,12.733333,6.866667,8.722667,0.000000,0.869701
414,12.733333,6.800000,8.717833,0.000000,0.870938
415,12.733333,6.866667,8.712833,0.000000,0.871894
416,12.733333,6.733333,8.720833,0.000000,0.882819
417,12.733333,6.666667,8.743333,0.000000,0.860765
418,12.733333,6.900000,8.756333,0.000000,0.863446
419,12.733333,6.700000,8.733667,0.000000,0.858657
420,12.733333,6.833333,8.746333,0.000000,0.875791
421,12.733333,6.966667,8.732167,0.000000,0.865835
422,12.733333,6.933333,8.748167,0.000000,0.881457
423,12.733333,6.833333,8.723333,0.000000,0.867111
424,12.733333,6.866667,8.741167,0.000000,0.877554
425,12.733333,6.766667,8.750000,0.000000,0.861623
426,12.733333,6.866667,8.720500,0.000000,0.868321
427,12.733333,6.733333,8.748667,0.000000,0.874183
428,12.733333,6.900000,8.735333,0.000000,0.858475
429,12.733333,6.766667,8.723500,0.000000,0.870360
430,12.733333,6.833333,8.732000,0.000000,0.868517
431,12.733333,6.900000,8.726667,0.000000,0.874713
432,12.733333,6.800000,8.753333,0.000000,0.869085
433,12.733333,6.900000,8.735667,0.000000,0.866022
434,12.733333,6.733333,8.728333,0.000000,0.874789
435,12.733333,6.866667,8.738333,0.000000,0.862211
436,12.733333,6.600000,8.724333,0.000000,0.869018
437,12.733333,6.666667,8.750833,0.000000,0.869929
438,12.733333,6.700000,8.739667,0.000000,0.861131
439,12.733333,6.766667,8.729333,0.000000,0.875319
440,12.733333,6.866667,8.713667,0.000000,0.875136
441,12.733333,6.800000,8.731667,0.000000,0.872342
442,12.733333,6.733333,8.715000,0.000000,0.877185
443,12.733333,6.766667,8.717000,0.000000,0.862439
444,12.733333,6.700000,8.740833,0.000000,0.880508
445,12.733333,6.833333,8.709333,0.000000,0.868135
446,12.733333,6.933333,8.746833,0.000000,0.850289
447,12.733333,6.766667,8.721500,0.000000,0.873214
448,12.733333,6.900000,8.747333,0.000000,0.873928
449,12.733333,6.900000,8.742500,0.000000,0.874980
450,12.733333,6.866667,8.738000,0.000000,0.853819
451,12.733333,6.833333,8.756000,0.000000,0.868307
452,12.733333,6.833333,8.717833,0.000000,0.865719
453,12.733333,6.833333,8.720500,0.000000,0.870082
454,12.733333,6.833333,8.737000,0.000000,0.859569
455,12.733333,6.733333,8.740167,0.000000,0.868615
456,12.733333,6.666667,8.734167,0.000000,0.880064
457,12.733333,6.766667,8.729833,0.000000,0.857169
458,12.733333,6.900000,8.732333,0.000000,0.873667
459,12.733333,6.733333,8.720500,0.000000,0.875827
460,12.733333,6.833333,8.741167,0.000000,0.873306
461,12.733333,6.933333,8.726833,0.000000,0.866529
462,12.733333,6.666667,8.743667,0.000000,0.870626
463,12.733333,6.800000,8.728333,0.000000,0.869368
464,12.733333,6.900000,8.739333,0.000000,0.874321
465,12.733333,6.800000,8.730333,0.000000,0.849761
466,12.733333,6.866667,8.730167,0.000000,0.875123
467,12.733333,6.866667,8.729333,0.000000,0.860676
468,12.733333,6.766667,8.737667,0.000000,0.860367
469,12.733333,6.833333,8.734500,0.000000,0.867313
470,12.733333,6.766667,8.722167,0.000000,0.861316
471,12.733333,6.733333,8.722167,0.000000,0.861595
472,12.733333,6.766667,8.748667,0.000000,0.873277
473,12.733333,6.766667,8.753333,0.000000,0.872586
474,12.766667,6.866667,8.737667,0.000000,0.860578
475,12.766667,6.800000,8.725667,0.000000,0.858777
476,12.766667,6.866667,8.729667,0.000000,0.848918
477,12.766667,6.766667,8.725333,0.000000,0.877638
478,12.766667,6.866667,8.733500,0.033333,0.863894
479,12.766667,6.800000,8.718333,0.000000,0.868059
480,12.766667,6.900000,8.712333,0.000000,0.867711
481,12.766667,6.900000,8.738500,0.000000,0.881334
482,12.766667,6.766667,8.717500,0.000000,0.862314
483,12.766667,6.833333,8.732833,0.000000,0.867261
484,12.766667,6.800000,8.720667,0.000000,0.869438
485,12.766667,6.866667,8.739000,0.000000,0.855737
486,12.766667,6.866667,8.739667,0.000000,0.875571
487,12.766667,6.833333,8.722167,0.000000,0.862460
488,12.766667,6.866667,8.748833,0.000000,0.868469
489,12.766667,6.766667,8.715000,0.000000,0.877676
490,12.766667,6.833333,8.729167,0.000000,0.863441
491,12.766667,6.833333,8.722500,0.000000,0.874271
492,12.766667,6.866667,8.762833,0.000000,0.875030
493,12.766667,6.733333,8.738833,0.000000,0.865541
494,12.766667,6.766667,8.734167,0.000000,0.854927
495,12.766667,6.833333,8.741333,0.000000,0.863216
496,12.766667,6.833333,8.721667,0.000000,0.880118
497,12.766667,6.866667,8.730000,0.000000,0.877597
498,12.766667,6.833333,8.719167,0.000000,0.867270
499,12.766667,6.833333,8.730500,0.000000,0.873579
500,12.766667,6.733333,8.722333,0.000000,0.873494
BestSdev: 0.260627, Time: 38m38.572714945s