gen,best,worst,mean,rep,sdev
1,11.266667,6.566667,8.715733,0.000000,0.871330
2,11.566667,6.566667,8.734933,0.000000,0.867038
3,11.733333,6.600000,8.729267,0.033333,0.867365
4,11.733333,6.533333,8.735533,0.000000,0.867949
5,11.900000,6.466667,8.732400,0.000000,0.872083
6,11.900000,6.600000,8.734867,0.033333,0.866025
7,11.933333,6.566667,8.734800,0.000000,0.873148
8,11.966667,6.500000,8.721867,0.000000,0.865993
9,12.000000,6.600000,8.742667,0.000000,0.880908
10,12.033333,6.566667,8.736933,0.000000,0.875290
11,12.033333,6.600000,8.731600,0.000000,0.885098
12,12.033333,6.700000,8.727733,0.000000,0.869059
13,12.033333,6.633333,8.746600,0.000000,0.867131
14,12.033333,6.500000,8.734400,0.000000,0.868147
15,12.066667,6.500000,8.733600,0.000000,0.876764
16,12.066667,6.500000,8.722067,0.000000,0.867859
17,12.066667,6.666667,8.739000,0.000000,0.870094
18,12.100000,6.533333,8.741533,0.000000,0.880665
19,12.100000,6.466667,8.731067,0.000000,0.874285
20,12.100000,6.733333,8.740000,0.000000,0.870750
21,12.133333,6.533333,8.743133,0.000000,0.874041
22,12.166667,6.500000,8.729933,0.000000,0.867120
23,12.166667,6.500000,8.740667,0.000000,0.874283
24,12.166667,6.633333,8.728733,0.000000,0.873071
25,12.166667,6.600000,8.744067,0.000000,0.875849
26,12.166667,6.666667,8.724867,0.000000,0.882175
27,12.200000,6.533333,8.735400,0.000000,0.868351
28,12.233333,6.666667,8.748867,0.000000,0.878563
29,12.233333,6.600000,8.733467,0.000000,0.876010
30,12.233333,6.733333,8.738067,0.000000,0.872367
31,12.233333,6.666667,8.740000,0.000000,0.872453
32,12.233333,6.633333,8.740200,0.000000,0.871473
33,12.233333,6.566667,8.734533,0.000000,0.862484
34,12.233333,6.600000,8.740200,0.000000,0.875528
35,12.233333,6.566667,8.730733,0.000000,0.876411
36,12.233333,6.500000,8.729467,0.000000,0.873249
37,12.233333,6.566667,8.732600,0.000000,0.877496
38,12.233333,6.600000,8.711067,0.033333,0.878651
39,12.233333,6.533333,8.733733,0.000000,0.879868
40,12.233333,6.566667,8.741667,0.000000,0.867143
41,12.233333,6.633333,8.739467,0.000000,0.873781
42,12.233333,6.600000,8.742667,0.000000,0.864432
43,12.266667,6.466667,8.729067,0.000000,0.868916
44,12.266667,6.533333,8.730600,0.000000,0.872983
45,12.266667,6.600000,8.733400,0.033333,0.871030
46,12.266667,6.533333,8.732200,0.000000,0.876290
47,12.266667,6.666667,8.737267,0.000000,0.870897
48,12.266667,6.566667,8.728467,0.000000,0.875112
49,12.266667,6.733333,8.736067,0.000000,0.873058
50,12.300000,6.533333,8.740467,0.000000,0.874619
51,12.300000,6.800000,8.747267,0.000000,0.865137
52,12.300000,6.666667,8.738333,0.000000,0.867408
53,12.333333,6.666667,8.728533,0.000000,0.870738
54,12.333333,6.600000,8.727133,0.000000,0.880013
55,12.333333,6.633333,8.729267,0.000000,0.877752
56,12.333333,6.700000,8.749600,0.000000,0.865265
57,12.333333,6.600000,8.725600,0.000000,0.873580
58,12.333333,6.533333,8.729267,0.000000,0.869735
59,12.333333,6.700000,8.730267,0.000000,0.870358
60,12.333333,6.533333,8.734067,0.000000,0.872165
61,12.333333,6.633333,8.732267,0.000000,0.881918
62,12.333333,6.566667,8.738133,0.000000,0.872990
63,12.333333,6.566667,8.738533,0.000000,0.870571
64,12.333333,6.533333,8.744533,0.000000,0.866659
65,12.333333,6.533333,8.733867,0.000000,0.869442
66,12.333333,6.666667,8.741333,0.000000,0.869356
67,12.333333,6.600000,8.735533,0.033333,0.874315
68,12.366667,6.533333,8.721800,0.000000,0.871762
69,12.366667,6.566667,8.740133,0.000000,0.875071
70,12.366667,6.566667,8.749933,0.000000,0.873621
71,12.400000,6.633333,8.739867,0.000000,0.878331
72,12.400000,6.566667,8.738733,0.000000,0.873878
73,12.400000,6.666667,8.728000,0.000000,0.868501
74,12.400000,6.633333,8.748067,0.000000,0.876721
75,12.400000,6.500000,8.723600,0.000000,0.874313
76,12.466667,6.400000,8.733133,0.033333,0.878603
77,12.466667,6.700000,8.742000,0.000000,0.871139
78,12.466667,6.600000,8.729067,0.000000,0.867100
79,12.466667,6.600000,8.732000,0.000000,0.872497
80,12.466667,6.633333,8.745733,0.000000,0.872083
81,12.500000,6.433333,8.746200,0.033333,0.886074
82,12.533333,6.433333,8.725067,0.000000,0.876128
83,12.533333,6.400000,8.727200,0.033333,0.879301
84,12.533333,6.633333,8.726933,0.000000,0.866423
85,12.533333,6.600000,8.739467,0.000000,0.877089
86,12.533333,6.600000,8.734533,0.000000,0.874555
87,12.533333,6.500000,8.735067,0.033333,0.869785
88,12.533333,6.566667,8.736600,0.000000,0.868944
89,12.533333,6.566667,8.739400,0.000000,0.865551
90,12.533333,6.500000,8.737600,0.000000,0.880338
91,12.533333,6.733333,8.742667,0.000000,0.869500
92,12.533333,6.600000,8.731667,0.000000,0.883052
93,12.533333,6.666667,8.723200,0.000000,0.868531
94,12.533333,6.533333,8.738333,0.000000,0.867956
95,12.533333,6.700000,8.734533,0.000000,0.873308
96,12.533333,6.633333,8.732000,0.033333,0.868841
97,12.533333,6.566667,8.734333,0.000000,0.864327
98,12.533333,6.533333,8.737933,0.000000,0.873477
99,12.533333,6.600000,8.723533,0.000000,0.870932
100,12.533333,6.466667,8.724200,0.000000,0.873328
BestSdev: 0.222629, Time: 12m58.045105745s