gen,best,worst,mean,rep,sdev
1,10.500000,7.333333,8.770000,0.000000,0.857202
2,10.700000,7.133333,8.691667,0.000000,0.825251
3,10.800000,7.166667,8.700000,0.000000,0.824935
4,10.933333,7.266667,8.776667,0.000000,0.834597
5,10.966667,7.233333,8.781667,0.000000,0.866025
6,10.966667,7.166667,8.743333,0.000000,0.826496
7,10.966667,7.266667,8.683333,0.000000,0.795042
8,11.066667,7.300000,8.726667,0.000000,0.840163
9,11.100000,7.300000,8.716667,0.000000,0.847731
10,11.100000,7.366667,8.800000,0.000000,0.844905
11,11.100000,7.433333,8.733333,0.000000,0.821315
12,11.100000,7.233333,8.750000,0.000000,0.829499
13,11.100000,7.200000,8.711667,0.000000,0.862929
14,11.100000,7.266667,8.761667,0.000000,0.868359
15,11.100000,7.233333,8.646667,0.000000,0.790575
16,11.100000,7.366667,8.750000,0.000000,0.815953
17,11.100000,7.233333,8.711667,0.000000,0.817038
18,11.100000,7.200000,8.700000,0.000000,0.845761
19,11.133333,7.166667,8.686667,0.000000,0.872864
20,11.133333,7.266667,8.726667,0.000000,0.888255
21,11.133333,7.100000,8.715000,0.000000,0.847370
22,11.133333,7.133333,8.708333,0.000000,0.834187
23,11.166667,7.433333,8.756667,0.000000,0.798210
24,11.166667,7.300000,8.693333,0.000000,0.820213
25,11.166667,7.266667,8.786667,0.000000,0.811641
26,11.166667,7.133333,8.696667,0.000000,0.828161
27,11.200000,7.266667,8.780000,0.000000,0.864931
28,11.233333,7.200000,8.745000,0.000000,0.856982
29,11.300000,7.333333,8.706667,0.000000,0.804517
30,11.300000,7.166667,8.751667,0.000000,0.882464
31,11.300000,7.300000,8.761667,0.000000,0.856228
32,11.300000,7.200000,8.756667,0.000000,0.831545
33,11.300000,7.266667,8.698333,0.000000,0.852500
34,11.300000,7.200000,8.665000,0.000000,0.815717
35,11.300000,7.266667,8.740000,0.000000,0.832026
36,11.300000,7.133333,8.723333,0.000000,0.851457
37,11.333333,7.233333,8.695000,0.000000,0.819224
38,11.366667,7.300000,8.698333,0.000000,0.823096
39,11.366667,7.100000,8.766667,0.000000,0.850803
40,11.366667,7.166667,8.758333,0.000000,0.867004
41,11.366667,7.233333,8.665000,0.000000,0.839673
42,11.400000,7.233333,8.716667,0.000000,0.872300
43,11.400000,7.300000,8.773333,0.000000,0.881736
44,11.433333,7.233333,8.730000,0.000000,0.813277
45,11.466667,7.333333,8.780000,0.000000,0.848236
46,11.466667,7.266667,8.751667,0.000000,0.842567
47,11.466667,7.166667,8.728333,0.000000,0.853430
48,11.466667,7.333333,8.776667,0.000000,0.825829
49,11.466667,7.233333,8.705000,0.000000,0.831253
50,11.466667,7.366667,8.753333,0.000000,0.818661
BestSdev: 0.202211, Time: 27.705270884s