gen,best,worst,mean,rep,sdev
1,11.133333,6.700000,8.722000,0.000000,0.863657
2,11.233333,6.766667,8.730000,0.000000,0.868925
3,11.266667,6.766667,8.728333,0.000000,0.861243
4,11.400000,6.933333,8.751500,0.000000,0.867353
5,11.500000,6.866667,8.742167,0.000000,0.859245
6,11.633333,6.866667,8.759333,0.000000,0.884276
7,11.666667,6.800000,8.718500,0.000000,0.874430
8,11.700000,6.833333,8.722333,0.000000,0.866664
9,11.766667,6.800000,8.714333,0.000000,0.878144
10,11.800000,6.833333,8.732667,0.000000,0.879591
11,11.800000,6.733333,8.718333,0.000000,0.871420
12,11.866667,6.800000,8.742000,0.000000,0.870909
13,11.866667,6.633333,8.731000,0.000000,0.879738
14,11.866667,6.700000,8.719667,0.000000,0.870233
15,11.900000,6.833333,8.737500,0.000000,0.864122
16,11.933333,6.766667,8.746000,0.000000,0.864511
17,11.966667,6.833333,8.753167,0.000000,0.868529
18,12.000000,6.733333,8.739167,0.000000,0.874254
19,12.000000,6.766667,8.732000,0.000000,0.876958
20,12.066667,6.800000,8.736667,0.000000,0.871966
21,12.066667,6.733333,8.709833,0.000000,0.869886
22,12.066667,6.900000,8.717000,0.000000,0.862419
23,12.066667,6.833333,8.717000,0.000000,0.877291
24,12.066667,6.733333,8.726500,0.000000,0.879070
25,12.066667,6.833333,8.747333,0.000000,0.862797
26,12.066667,6.833333,8.727167,0.000000,0.868790
27,12.066667,6.766667,8.715500,0.000000,0.862510
28,12.066667,6.800000,8.732500,0.000000,0.865254
29,12.066667,6.933333,8.750000,0.000000,0.868856
30,12.066667,6.733333,8.719500,0.000000,0.890302
31,12.066667,6.833333,8.747667,0.000000,0.866823
32,12.066667,6.866667,8.719500,0.000000,0.864703
33,12.066667,6.933333,8.749000,0.000000,0.884880
34,12.066667,6.766667,8.738167,0.000000,0.870406
35,12.066667,6.700000,8.731667,0.000000,0.876274
36,12.066667,6.800000,8.728167,0.000000,0.869090
37,12.100000,6.866667,8.728333,0.000000,0.861211
38,12.100000,6.900000,8.738500,0.000000,0.866095
39,12.100000,6.766667,8.722667,0.000000,0.883105
40,12.100000,6.700000,8.733500,0.000000,0.881637
41,12.100000,6.833333,8.729500,0.000000,0.867281
42,12.100000,6.900000,8.748333,0.000000,0.861261
43,12.100000,6.766667,8.727500,0.000000,0.878497
44,12.100000,6.800000,8.737167,0.000000,0.863956
45,12.133333,6.900000,8.732000,0.000000,0.891777
46,12.133333,6.833333,8.727667,0.000000,0.874944
47,12.133333,6.800000,8.731333,0.000000,0.857172
48,12.133333,6.833333,8.739167,0.000000,0.869937
49,12.133333,6.733333,8.742500,0.000000,0.886917
50,12.133333,6.700000,8.747667,0.000000,0.880160
BestSdev: 0.249470, Time: 3m17.421708602s