gen,best,worst,mean,rep,sdev
1,11.233333,6.833333,8.734000,0.000000,0.881390
2,11.333333,6.966667,8.740667,0.000000,0.877208
3,11.433333,6.800000,8.744667,0.000000,0.875648
4,11.500000,6.766667,8.721000,0.000000,0.857671
5,11.600000,6.766667,8.722167,0.000000,0.868179
6,11.666667,6.733333,8.729000,0.000000,0.864786
7,11.666667,6.733333,8.725333,0.000000,0.856706
8,11.700000,6.833333,8.747667,0.000000,0.865640
9,11.700000,6.766667,8.727667,0.000000,0.856339
10,11.766667,6.766667,8.713500,0.000000,0.870844
11,11.800000,6.833333,8.737000,0.000000,0.871960
12,11.833333,6.700000,8.706333,0.000000,0.861055
13,11.866667,6.733333,8.746000,0.000000,0.868577
14,11.966667,6.900000,8.726333,0.000000,0.885282
15,11.966667,6.766667,8.727667,0.000000,0.867719
16,12.000000,6.833333,8.717833,0.000000,0.871203
17,12.000000,6.900000,8.725333,0.000000,0.859100
18,12.000000,6.933333,8.723667,0.000000,0.871989
19,12.000000,6.866667,8.718500,0.000000,0.856475
20,12.000000,6.766667,8.737333,0.000000,0.877516
21,12.000000,6.866667,8.751500,0.000000,0.860239
22,12.000000,6.800000,8.722500,0.000000,0.878636
23,12.000000,6.866667,8.736333,0.000000,0.885872
24,12.000000,6.666667,8.741333,0.000000,0.880746
25,12.033333,6.733333,8.741500,0.000000,0.872955
26,12.033333,6.833333,8.760333,0.000000,0.865036
27,12.033333,6.800000,8.713833,0.000000,0.855520
28,12.033333,6.800000,8.735500,0.000000,0.870613
29,12.033333,6.800000,8.737667,0.000000,0.861725
30,12.033333,6.800000,8.735667,0.000000,0.859136
31,12.033333,6.833333,8.724500,0.000000,0.874270
32,12.033333,6.766667,8.741667,0.000000,0.877102
33,12.033333,6.866667,8.722667,0.000000,0.865580
34,12.033333,6.733333,8.744667,0.000000,0.868603
35,12.066667,6.900000,8.729833,0.000000,0.860802
36,12.066667,6.800000,8.732500,0.000000,0.874667
37,12.133333,6.800000,8.732167,0.000000,0.887857
38,12.133333,6.766667,8.733833,0.000000,0.861724
39,12.133333,6.766667,8.746167,0.000000,0.867230
40,12.166667,6.800000,8.737833,0.000000,0.870205
41,12.166667,6.833333,8.736500,0.000000,0.858502
42,12.166667,6.866667,8.738167,0.000000,0.874158
43,12.166667,6.800000,8.715667,0.000000,0.862608
44,12.166667,6.666667,8.734833,0.000000,0.887077
45,12.166667,6.766667,8.720833,0.000000,0.890073
46,12.233333,6.766667,8.725667,0.000000,0.857588
47,12.266667,6.866667,8.741000,0.000000,0.875920
48,12.266667,6.666667,8.721500,0.000000,0.863941
49,12.266667,6.900000,8.745833,0.000000,0.873719
50,12.300000,6.866667,8.746000,0.000000,0.864194
51,12.300000,6.766667,8.720833,0.000000,0.865957
52,12.300000,6.700000,8.711000,0.000000,0.856389
53,12.333333,6.833333,8.746667,0.000000,0.873533
54,12.333333,6.900000,8.742667,0.000000,0.874201
55,12.333333,6.766667,8.733167,0.000000,0.857480
56,12.333333,6.733333,8.714500,0.000000,0.870191
57,12.333333,6.800000,8.745000,0.000000,0.864510
58,12.333333,6.700000,8.738167,0.000000,0.863771
59,12.333333,6.800000,8.747167,0.000000,0.874832
60,12.333333,6.766667,8.736833,0.000000,0.866006
61,12.333333,6.766667,8.712167,0.000000,0.870058
62,12.333333,7.000000,8.753000,0.000000,0.880435
63,12.333333,6.700000,8.721500,0.000000,0.864809
64,12.333333,6.733333,8.738333,0.000000,0.875146
65,12.333333,6.700000,8.740333,0.000000,0.851179
66,12.333333,6.733333,8.728167,0.000000,0.882917
67,12.333333,6.900000,8.715167,0.000000,0.863300
68,12.333333,6.833333,8.736167,0.000000,0.864552
69,12.333333,6.866667,8.722500,0.000000,0.863917
70,12.333333,6.733333,8.733500,0.000000,0.871162
71,12.333333,6.900000,8.738167,0.000000,0.868577
72,12.333333,6.933333,8.729667,0.000000,0.861849
73,12.333333,6.800000,8.731000,0.000000,0.871988
74,12.333333,6.900000,8.736667,0.000000,0.860054
75,12.333333,6.833333,8.731500,0.000000,0.863194
76,12.333333,6.800000,8.721167,0.000000,0.865494
77,12.366667,6.866667,8.741333,0.000000,0.874366
78,12.366667,6.733333,8.703833,0.000000,0.872810
79,12.366667,6.800000,8.740500,0.000000,0.852987
80,12.366667,6.800000,8.736833,0.000000,0.869120
81,12.366667,6.800000,8.720500,0.000000,0.868281
82,12.366667,6.733333,8.736167,0.000000,0.882079
83,12.366667,6.833333,8.729333,0.000000,0.869355
84,12.366667,6.800000,8.727000,0.000000,0.872844
85,12.366667,6.800000,8.736500,0.000000,0.855078
86,12.366667,6.766667,8.738667,0.000000,0.866041
87,12.366667,6.800000,8.732333,0.000000,0.862838
88,12.366667,6.666667,8.723500,0.000000,0.874145
89,12.366667,6.633333,8.720500,0.000000,0.871345
90,12.366667,6.733333,8.722500,0.000000,0.865063
91,12.366667,6.766667,8.719500,0.000000,0.881827
92,12.366667,6.800000,8.746833,0.000000,0.888936
93,12.366667,6.900000,8.717833,0.000000,0.854432
94,12.400000,6.666667,8.721000,0.000000,0.870614
95,12.400000,6.766667,8.732000,0.000000,0.867220
96,12.400000,6.766667,8.714000,0.000000,0.868587
97,12.400000,6.866667,8.738667,0.000000,0.856343
98,12.400000,6.833333,8.731500,0.000000,0.875655
99,12.400000,6.800000,8.740667,0.000000,0.869816
100,12.400000,6.900000,8.737167,0.000000,0.870987
BestSdev: 0.257687, Time: 5m48.189550602s