gen,best,worst,mean,rep,sdev
1,10.666667,6.966667,8.732667,0.000000,0.850931
2,11.000000,6.933333,8.735333,0.000000,0.841999
3,11.066667,6.966667,8.714000,0.000000,0.871094
4,11.133333,6.966667,8.746000,0.000000,0.858275
5,11.166667,7.166667,8.750667,0.000000,0.833641
6,11.166667,6.966667,8.731333,0.000000,0.824467
7,11.200000,6.966667,8.698667,0.000000,0.870874
8,11.200000,7.033333,8.741333,0.000000,0.862820
9,11.233333,7.033333,8.722667,0.000000,0.864423
10,11.300000,7.033333,8.708000,0.000000,0.844544
11,11.300000,7.000000,8.710000,0.000000,0.852573
12,11.300000,6.900000,8.713333,0.000000,0.865893
13,11.300000,6.933333,8.768667,0.000000,0.865247
14,11.333333,7.133333,8.739333,0.000000,0.837865
15,11.366667,7.000000,8.715333,0.000000,0.853233
16,11.433333,6.966667,8.714000,0.000000,0.853208
17,11.466667,7.066667,8.716667,0.000000,0.863737
18,11.466667,7.000000,8.742000,0.000000,0.874073
19,11.466667,7.000000,8.774000,0.000000,0.847525
20,11.466667,7.000000,8.736667,0.000000,0.852709
BestSdev: 0.189876, Time: 22.790365642s