gen,best,worst,mean,rep,sdev
1,10.366667,7.266667,8.761667,0.000000,0.845821
2,10.600000,7.133333,8.698333,0.000000,0.838692
3,10.733333,7.366667,8.721667,0.000000,0.825938
4,10.833333,7.233333,8.680000,0.000000,0.808996
5,10.900000,7.300000,8.688333,0.000000,0.840533
6,10.900000,7.266667,8.755000,0.000000,0.841116
7,10.933333,7.266667,8.708333,0.000000,0.827841
8,11.066667,7.266667,8.750000,0.000000,0.844312
9,11.066667,7.333333,8.691667,0.000000,0.827208
10,11.100000,7.266667,8.753333,0.000000,0.828748
11,11.133333,7.300000,8.765000,0.000000,0.877736
12,11.166667,7.266667,8.745000,0.000000,0.819714
13,11.166667,7.333333,8.741667,0.000000,0.846889
14,11.233333,7.233333,8.761667,0.000000,0.885775
15,11.266667,7.400000,8.726667,0.000000,0.820139
16,11.266667,7.366667,8.736667,0.000000,0.843390
17,11.266667,7.200000,8.756667,0.000000,0.840557
18,11.266667,7.166667,8.756667,0.000000,0.841089
19,11.266667,7.300000,8.690000,0.000000,0.852941
20,11.266667,7.100000,8.681667,0.000000,0.830502
21,11.266667,7.400000,8.726667,0.000000,0.825434
22,11.266667,7.266667,8.701667,0.000000,0.830469
23,11.266667,7.333333,8.795000,0.000000,0.834529
24,11.300000,7.266667,8.740000,0.000000,0.858432
25,11.300000,7.266667,8.751667,0.000000,0.868939
26,11.300000,7.233333,8.683333,0.000000,0.826393
27,11.300000,7.466667,8.710000,0.000000,0.787935
28,11.300000,7.400000,8.720000,0.000000,0.805220
29,11.300000,7.333333,8.753333,0.000000,0.804479
30,11.300000,7.400000,8.711667,0.000000,0.771289
31,11.300000,7.366667,8.696667,0.000000,0.845531
32,11.333333,7.233333,8.745000,0.000000,0.870156
33,11.333333,7.233333,8.736667,0.000000,0.838457
34,11.366667,7.366667,8.743333,0.000000,0.841549
35,11.366667,7.366667,8.733333,0.000000,0.764182
36,11.366667,7.200000,8.718333,0.000000,0.890811
37,11.366667,7.300000,8.781667,0.000000,0.850619
38,11.400000,7.133333,8.785000,0.000000,0.896871
39,11.400000,7.433333,8.710000,0.000000,0.793374
40,11.400000,7.300000,8.738333,0.000000,0.851885
41,11.400000,7.266667,8.733333,0.000000,0.862039
42,11.400000,7.266667,8.736667,0.000000,0.800094
43,11.400000,7.366667,8.731667,0.000000,0.863688
44,11.400000,7.233333,8.751667,0.000000,0.838070
45,11.400000,7.266667,8.733333,0.000000,0.836264
46,11.466667,7.333333,8.803333,0.000000,0.874124
47,11.466667,7.133333,8.703333,0.000000,0.829372
48,11.466667,7.300000,8.760000,0.000000,0.843053
49,11.466667,7.166667,8.733333,0.000000,0.837752
50,11.500000,7.500000,8.720000,0.000000,0.770374
51,11.533333,7.200000,8.763333,0.000000,0.873039
52,11.533333,7.133333,8.661667,0.000000,0.830195
53,11.566667,7.266667,8.745000,0.000000,0.872347
54,11.600000,7.266667,8.711667,0.000000,0.844554
55,11.600000,7.366667,8.738333,0.000000,0.830256
56,11.600000,7.300000,8.638333,0.000000,0.802854
57,11.600000,7.133333,8.663333,0.000000,0.834894
58,11.600000,7.200000,8.686667,0.000000,0.850642
59,11.600000,7.233333,8.730000,0.000000,0.808128
60,11.600000,7.233333,8.681667,0.000000,0.801704
61,11.633333,7.100000,8.725000,0.000000,0.867687
62,11.700000,7.366667,8.746667,0.000000,0.835043
63,11.700000,7.166667,8.720000,0.000000,0.850207
64,11.700000,7.200000,8.703333,0.000000,0.880553
65,11.733333,7.400000,8.841667,0.000000,0.873861
66,11.733333,7.400000,8.740000,0.000000,0.835435
67,11.733333,7.266667,8.706667,0.000000,0.807975
68,11.733333,7.266667,8.701667,0.000000,0.828913
69,11.733333,7.400000,8.716667,0.000000,0.754748
70,11.766667,7.066667,8.673333,0.000000,0.847681
71,11.766667,7.333333,8.760000,0.000000,0.821804
72,11.766667,7.300000,8.715000,0.000000,0.850757
73,11.766667,7.200000,8.733333,0.000000,0.852221
74,11.766667,7.266667,8.753333,0.000000,0.906984
75,11.766667,7.233333,8.731667,0.000000,0.881119
76,11.766667,7.266667,8.705000,0.000000,0.842002
77,11.766667,7.300000,8.783333,0.000000,0.844094
78,11.766667,7.200000,8.740000,0.000000,0.820103
79,11.766667,7.233333,8.728333,0.000000,0.848697
80,11.766667,7.166667,8.741667,0.000000,0.852934
81,11.766667,7.300000,8.703333,0.000000,0.827404
82,11.766667,7.366667,8.788333,0.000000,0.788618
83,11.766667,7.066667,8.690000,0.000000,0.866486
84,11.800000,7.333333,8.786667,0.000000,0.883579
85,11.800000,7.233333,8.730000,0.000000,0.831023
86,11.800000,7.233333,8.710000,0.000000,0.823012
87,11.800000,7.266667,8.720000,0.000000,0.839085
88,11.800000,7.233333,8.750000,0.000000,0.832294
89,11.800000,7.300000,8.705000,0.000000,0.847844
90,11.833333,7.200000,8.748333,0.000000,0.841564
91,11.866667,7.333333,8.826667,0.000000,0.841699
92,11.866667,7.300000,8.705000,0.000000,0.834728
93,11.866667,7.200000,8.701667,0.000000,0.836379
94,11.866667,7.300000,8.728333,0.000000,0.865681
95,11.866667,7.233333,8.716667,0.000000,0.872257
96,11.866667,7.133333,8.706667,0.000000,0.806044
97,11.866667,7.433333,8.790000,0.000000,0.803717
98,11.866667,7.200000,8.718333,0.000000,0.837229
99,11.866667,7.266667,8.745000,0.000000,0.841667
100,11.866667,7.233333,8.748333,0.000000,0.861273
101,11.900000,7.300000,8.746667,0.000000,0.865009
102,11.900000,7.333333,8.730000,0.000000,0.827728
103,11.900000,7.333333,8.730000,0.000000,0.816188
104,11.900000,7.200000,8.653333,0.000000,0.840069
105,11.900000,7.533333,8.748333,0.000000,0.821070
106,11.900000,7.200000,8.676667,0.000000,0.875998
107,11.900000,7.333333,8.695000,0.000000,0.814733
108,11.900000,7.266667,8.751667,0.000000,0.878039
109,11.900000,7.233333,8.713333,0.000000,0.835945
110,11.900000,7.266667,8.731667,0.000000,0.848897
111,11.900000,7.133333,8.710000,0.000000,0.857652
112,11.900000,7.233333,8.748333,0.000000,0.851284
113,11.933333,7.366667,8.711667,0.000000,0.796963
114,11.933333,7.366667,8.718333,0.000000,0.837143
115,11.933333,7.100000,8.750000,0.000000,0.851443
116,11.933333,7.300000,8.746667,0.000000,0.848445
117,11.933333,7.233333,8.703333,0.000000,0.825799
118,11.933333,7.333333,8.740000,0.000000,0.881171
119,11.933333,7.300000,8.735000,0.000000,0.829390
120,11.933333,7.266667,8.705000,0.000000,0.820443
121,11.933333,7.200000,8.725000,0.000000,0.872773
122,11.933333,7.300000,8.748333,0.000000,0.828422
123,11.933333,7.166667,8.750000,0.000000,0.843701
124,11.933333,7.233333,8.678333,0.000000,0.871304
125,11.933333,7.300000,8.708333,0.000000,0.789572
126,11.933333,7.366667,8.811667,0.000000,0.831832
127,11.933333,7.166667,8.686667,0.000000,0.835738
128,11.933333,7.333333,8.775000,0.000000,0.835825
129,11.933333,7.233333,8.730000,0.000000,0.810990
130,11.933333,7.300000,8.725000,0.000000,0.834179
131,11.933333,7.333333,8.760000,0.000000,0.800280
132,11.933333,7.266667,8.751667,0.000000,0.852044
133,11.933333,7.200000,8.695000,0.000000,0.850630
134,11.966667,7.200000,8.730000,0.000000,0.881887
135,11.966667,7.233333,8.726667,0.000000,0.878052
136,11.966667,7.366667,8.765000,0.000000,0.824851
137,11.966667,7.166667,8.756667,0.000000,0.867834
138,11.966667,7.300000,8.676667,0.000000,0.820513
139,11.966667,7.233333,8.745000,0.000000,0.863462
140,11.966667,7.200000,8.745000,0.000000,0.830550
141,11.966667,7.266667,8.753333,0.000000,0.820617
142,11.966667,7.366667,8.760000,0.000000,0.834299
143,11.966667,7.166667,8.696667,0.000000,0.879417
144,11.966667,7.366667,8.701667,0.000000,0.820737
145,11.966667,7.300000,8.783333,0.000000,0.839727
146,11.966667,7.266667,8.726667,0.000000,0.869339
147,11.966667,7.366667,8.768333,0.000000,0.824960
148,11.966667,7.333333,8.706667,0.000000,0.836255
149,11.966667,7.166667,8.691667,0.000000,0.836280
150,11.966667,7.266667,8.701667,0.000000,0.820067
151,11.966667,7.233333,8.768333,0.000000,0.831937
152,11.966667,7.266667,8.783333,0.000000,0.883277
153,11.966667,7.200000,8.770000,0.000000,0.851807
154,11.966667,7.300000,8.735000,0.000000,0.848774
155,11.966667,7.300000,8.748333,0.000000,0.847396
156,11.966667,7.233333,8.698333,0.000000,0.815699
157,11.966667,7.466667,8.795000,0.000000,0.817436
158,11.966667,7.100000,8.688333,0.000000,0.845919
159,12.000000,7.300000,8.798333,0.000000,0.841869
160,12.000000,7.200000,8.691667,0.000000,0.844080
161,12.000000,7.400000,8.725000,0.000000,0.794416
162,12.000000,7.433333,8.810000,0.000000,0.814582
163,12.000000,7.300000,8.720000,0.000000,0.796856
164,12.000000,7.266667,8.710000,0.000000,0.829044
165,12.000000,7.166667,8.750000,0.000000,0.842566
166,12.000000,7.400000,8.736667,0.000000,0.797765
167,12.000000,7.066667,8.745000,0.000000,0.878793
168,12.000000,7.133333,8.706667,0.000000,0.875111
169,12.000000,7.166667,8.696667,0.000000,0.850328
170,12.000000,7.266667,8.735000,0.000000,0.832470
171,12.000000,7.200000,8.736667,0.000000,0.854953
172,12.000000,7.133333,8.755000,0.000000,0.877419
173,12.000000,7.200000,8.730000,0.000000,0.839741
174,12.000000,7.433333,8.756667,0.000000,0.782015
175,12.000000,7.233333,8.706667,0.000000,0.829189
176,12.000000,7.266667,8.793333,0.000000,0.842554
177,12.000000,7.200000,8.690000,0.000000,0.822965
178,12.000000,7.100000,8.715000,0.000000,0.840919
179,12.000000,7.366667,8.753333,0.000000,0.824328
180,12.000000,7.300000,8.735000,0.000000,0.841203
181,12.000000,7.400000,8.755000,0.000000,0.844386
182,12.000000,7.266667,8.810000,0.000000,0.869497
183,12.000000,7.233333,8.746667,0.000000,0.855267
184,12.000000,7.333333,8.706667,0.000000,0.841792
185,12.000000,7.166667,8.711667,0.000000,0.864615
186,12.000000,7.400000,8.793333,0.000000,0.836385
187,12.000000,7.233333,8.710000,0.000000,0.831450
188,12.000000,7.333333,8.806667,0.000000,0.803294
189,12.000000,7.233333,8.703333,0.000000,0.853988
190,12.000000,7.233333,8.731667,0.000000,0.867385
191,12.033333,7.233333,8.776667,0.000000,0.847185
192,12.033333,7.266667,8.696667,0.000000,0.864121
193,12.033333,7.400000,8.760000,0.000000,0.818322
194,12.033333,7.266667,8.711667,0.000000,0.825299
195,12.033333,7.266667,8.776667,0.000000,0.841830
196,12.033333,7.200000,8.715000,0.000000,0.879795
197,12.033333,7.266667,8.771667,0.000000,0.871983
198,12.033333,7.266667,8.663333,0.000000,0.825553
199,12.033333,7.233333,8.716667,0.000000,0.799945
200,12.033333,7.066667,8.831667,0.000000,0.872382
BestSdev: 0.326063, Time: 1m47.911098277s