gen,best,worst,mean,rep,sdev
1,10.400000,7.200000,8.701667,0.000000,0.854880
2,10.733333,7.233333,8.771667,0.000000,0.888630
3,10.833333,7.433333,8.673333,0.000000,0.800311
4,11.000000,7.400000,8.808333,0.000000,0.846388
5,11.133333,7.100000,8.763333,0.000000,0.898181
6,11.166667,7.333333,8.711667,0.000000,0.838611
7,11.166667,7.066667,8.680000,0.000000,0.844299
8,11.233333,7.233333,8.736667,0.000000,0.840792
9,11.233333,7.100000,8.720000,0.000000,0.894282
10,11.300000,7.366667,8.745000,0.000000,0.871660
11,11.333333,7.266667,8.750000,0.000000,0.856143
12,11.333333,7.166667,8.696667,0.000000,0.849480
13,11.333333,7.100000,8.743333,0.000000,0.877034
14,11.333333,7.333333,8.720000,0.000000,0.825148
15,11.366667,7.300000,8.756667,0.000000,0.864322
16,11.366667,7.200000,8.686667,0.000000,0.840372
17,11.400000,7.366667,8.761667,0.000000,0.837511
18,11.400000,7.300000,8.740000,0.000000,0.841227
19,11.400000,7.166667,8.701667,0.000000,0.850505
20,11.400000,7.233333,8.726667,0.000000,0.859236
21,11.400000,7.366667,8.768333,0.000000,0.827058
22,11.400000,7.266667,8.730000,0.000000,0.849895
23,11.400000,7.333333,8.761667,0.000000,0.821969
24,11.400000,7.200000,8.681667,0.000000,0.835931
25,11.433333,7.466667,8.771667,0.000000,0.844929
26,11.433333,7.266667,8.738333,0.000000,0.839834
27,11.433333,7.233333,8.720000,0.000000,0.811688
28,11.466667,7.200000,8.691667,0.000000,0.836151
29,11.566667,7.400000,8.750000,0.000000,0.854408
30,11.566667,7.366667,8.751667,0.000000,0.809753
31,11.566667,7.166667,8.700000,0.000000,0.864267
32,11.566667,7.200000,8.751667,0.000000,0.834437
33,11.566667,7.300000,8.718333,0.000000,0.843988
34,11.566667,7.266667,8.698333,0.000000,0.842618
35,11.566667,7.233333,8.741667,0.000000,0.845040
36,11.566667,7.333333,8.771667,0.000000,0.852664
37,11.566667,7.333333,8.815000,0.000000,0.860501
38,11.566667,7.466667,8.790000,0.000000,0.807055
39,11.566667,7.266667,8.840000,0.000000,0.836392
40,11.566667,7.133333,8.653333,0.000000,0.858131
41,11.566667,7.233333,8.713333,0.000000,0.815711
42,11.566667,7.333333,8.788333,0.000000,0.846051
43,11.600000,7.233333,8.721667,0.000000,0.867336
44,11.600000,7.200000,8.715000,0.000000,0.834144
45,11.633333,7.300000,8.726667,0.000000,0.812448
46,11.633333,7.233333,8.733333,0.000000,0.834349
47,11.633333,7.333333,8.701667,0.000000,0.841174
48,11.666667,7.300000,8.738333,0.000000,0.822076
49,11.666667,7.233333,8.670000,0.000000,0.837409
50,11.666667,7.133333,8.685000,0.000000,0.819227
51,11.666667,7.333333,8.746667,0.000000,0.843586
52,11.700000,7.200000,8.706667,0.000000,0.888376
53,11.700000,7.233333,8.738333,0.000000,0.830766
54,11.700000,7.300000,8.741667,0.000000,0.840382
55,11.733333,7.400000,8.776667,0.000000,0.784652
56,11.733333,7.200000,8.743333,0.000000,0.842852
57,11.733333,7.266667,8.716667,0.000000,0.823092
58,11.733333,7.466667,8.793333,0.000000,0.849817
59,11.766667,7.233333,8.740000,0.000000,0.870825
60,11.766667,7.233333,8.728333,0.000000,0.833383
61,11.766667,7.066667,8.673333,0.000000,0.875734
62,11.766667,7.300000,8.750000,0.000000,0.846511
63,11.766667,7.300000,8.760000,0.000000,0.834576
64,11.766667,7.233333,8.803333,0.000000,0.858328
65,11.766667,7.133333,8.733333,0.000000,0.855671
66,11.766667,7.166667,8.726667,0.000000,0.872423
67,11.833333,7.166667,8.700000,0.000000,0.847261
68,11.833333,7.300000,8.800000,0.000000,0.856282
69,11.833333,7.200000,8.711667,0.000000,0.862674
70,11.833333,7.400000,8.741667,0.000000,0.801493
71,11.833333,7.233333,8.721667,0.000000,0.827670
72,11.833333,7.233333,8.731667,0.000000,0.858326
73,11.833333,7.266667,8.736667,0.000000,0.846377
74,11.833333,7.400000,8.738333,0.000000,0.833561
75,11.833333,7.333333,8.686667,0.000000,0.809705
76,11.833333,7.233333,8.703333,0.000000,0.841239
77,11.833333,7.300000,8.716667,0.000000,0.841576
78,11.833333,7.233333,8.806667,0.000000,0.859229
79,11.833333,7.233333,8.785000,0.000000,0.910646
80,11.833333,7.166667,8.763333,0.000000,0.856989
81,11.833333,7.300000,8.728333,0.000000,0.788929
82,11.833333,7.166667,8.711667,0.000000,0.869388
83,11.866667,7.433333,8.800000,0.000000,0.804750
84,11.866667,7.400000,8.780000,0.000000,0.858431
85,11.866667,7.100000,8.726667,0.000000,0.892879
86,11.866667,7.300000,8.716667,0.000000,0.798869
87,11.866667,7.200000,8.773333,0.000000,0.886619
88,11.866667,7.300000,8.758333,0.000000,0.829155
89,11.866667,7.366667,8.810000,0.000000,0.867770
90,11.866667,7.333333,8.800000,0.000000,0.852944
91,11.866667,7.300000,8.761667,0.000000,0.838654
92,11.866667,7.233333,8.710000,0.000000,0.837885
93,11.866667,7.200000,8.716667,0.000000,0.887412
94,11.866667,7.233333,8.768333,0.000000,0.832379
95,11.900000,7.133333,8.701667,0.000000,0.830048
96,11.900000,7.366667,8.715000,0.000000,0.826012
97,11.900000,7.333333,8.801667,0.000000,0.851849
98,11.900000,7.400000,8.723333,0.000000,0.826316
99,11.900000,7.200000,8.696667,0.000000,0.859113
100,11.900000,7.233333,8.698333,0.000000,0.820641
101,11.900000,7.266667,8.743333,0.000000,0.828358
102,11.933333,7.333333,8.761667,0.000000,0.818163
103,11.933333,7.233333,8.676667,0.000000,0.855123
104,11.933333,7.333333,8.730000,0.000000,0.832452
105,11.933333,7.200000,8.688333,0.000000,0.841969
106,11.933333,7.266667,8.705000,0.000000,0.810289
107,11.933333,7.266667,8.745000,0.000000,0.812214
108,11.933333,7.400000,8.706667,0.000000,0.768699
109,11.933333,7.266667,8.770000,0.000000,0.853639
110,11.933333,7.333333,8.725000,0.000000,0.826590
111,11.966667,7.300000,8.728333,0.000000,0.810131
112,11.966667,7.200000,8.691667,0.000000,0.871224
113,11.966667,7.200000,8.721667,0.000000,0.840096
114,11.966667,7.200000,8.785000,0.000000,0.881631
115,12.000000,7.233333,8.786667,0.000000,0.888203
116,12.000000,7.100000,8.701667,0.000000,0.829458
117,12.000000,7.366667,8.770000,0.000000,0.801636
118,12.000000,7.233333,8.755000,0.000000,0.819500
119,12.000000,7.166667,8.738333,0.000000,0.851986
120,12.000000,7.166667,8.665000,0.000000,0.781716
121,12.000000,7.200000,8.750000,0.000000,0.841248
122,12.000000,7.166667,8.785000,0.000000,0.859106
123,12.000000,7.533333,8.825000,0.000000,0.795871
124,12.000000,7.166667,8.701667,0.000000,0.857189
125,12.000000,7.200000,8.738333,0.000000,0.858562
126,12.000000,7.266667,8.685000,0.000000,0.829839
127,12.000000,7.300000,8.770000,0.000000,0.857730
128,12.000000,7.166667,8.731667,0.000000,0.858333
129,12.000000,7.200000,8.725000,0.000000,0.812859
130,12.000000,7.266667,8.728333,0.000000,0.852599
131,12.000000,7.233333,8.738333,0.000000,0.854241
132,12.000000,7.166667,8.720000,0.000000,0.838083
133,12.000000,7.233333,8.743333,0.000000,0.893331
134,12.000000,7.300000,8.695000,0.000000,0.802231
135,12.000000,7.266667,8.726667,0.000000,0.841602
136,12.000000,7.233333,8.765000,0.000000,0.807824
137,12.000000,7.333333,8.791667,0.000000,0.884017
138,12.000000,7.266667,8.753333,0.000000,0.839721
139,12.000000,7.466667,8.746667,0.000000,0.823552
140,12.000000,7.333333,8.795000,0.000000,0.852443
141,12.000000,7.400000,8.776667,0.000000,0.809216
142,12.000000,7.266667,8.818333,0.000000,0.895926
143,12.000000,7.266667,8.720000,0.000000,0.838658
144,12.000000,7.233333,8.691667,0.000000,0.825183
145,12.000000,7.400000,8.738333,0.000000,0.822488
146,12.000000,7.033333,8.710000,0.000000,0.903581
147,12.000000,7.133333,8.726667,0.000000,0.874278
148,12.000000,7.333333,8.771667,0.000000,0.852838
149,12.000000,7.200000,8.743333,0.000000,0.847532
150,12.000000,7.233333,8.720000,0.000000,0.868573
151,12.000000,7.133333,8.690000,0.000000,0.842427
152,12.000000,7.300000,8.741667,0.000000,0.827173
153,12.000000,7.300000,8.731667,0.000000,0.828871
154,12.033333,7.266667,8.765000,0.000000,0.857512
155,12.033333,7.366667,8.798333,0.000000,0.821758
156,12.033333,7.200000,8.670000,0.000000,0.844499
157,12.033333,7.000000,8.706667,0.000000,0.937678
158,12.033333,7.266667,8.793333,0.000000,0.865502
159,12.033333,7.233333,8.713333,0.000000,0.853241
160,12.033333,7.266667,8.706667,0.000000,0.832528
161,12.033333,7.366667,8.698333,0.000000,0.779376
162,12.033333,7.266667,8.705000,0.000000,0.867635
163,12.033333,7.333333,8.741667,0.000000,0.800107
164,12.033333,7.266667,8.761667,0.000000,0.823931
165,12.033333,7.400000,8.775000,0.000000,0.823496
166,12.033333,7.166667,8.726667,0.000000,0.869577
167,12.033333,7.400000,8.775000,0.000000,0.832524
168,12.033333,7.233333,8.711667,0.000000,0.837108
169,12.033333,7.266667,8.730000,0.000000,0.845875
170,12.033333,7.100000,8.728333,0.000000,0.872195
171,12.033333,7.300000,8.751667,0.000000,0.814365
172,12.033333,7.200000,8.710000,0.000000,0.860846
173,12.033333,7.366667,8.776667,0.000000,0.848534
174,12.033333,7.200000,8.723333,0.000000,0.811089
175,12.033333,7.433333,8.786667,0.000000,0.844776
176,12.033333,7.266667,8.718333,0.000000,0.843622
177,12.033333,7.200000,8.723333,0.000000,0.860814
178,12.033333,7.233333,8.696667,0.000000,0.822830
179,12.033333,7.400000,8.731667,0.000000,0.813028
180,12.033333,7.266667,8.741667,0.000000,0.872067
181,12.033333,7.266667,8.690000,0.000000,0.794486
182,12.033333,7.333333,8.716667,0.000000,0.801974
183,12.033333,7.400000,8.778333,0.000000,0.868367
184,12.033333,7.366667,8.758333,0.000000,0.819251
185,12.033333,7.333333,8.760000,0.000000,0.863036
186,12.033333,7.366667,8.765000,0.000000,0.815953
187,12.033333,7.200000,8.748333,0.000000,0.871280
188,12.033333,7.166667,8.696667,0.000000,0.880719
189,12.033333,7.166667,8.711667,0.000000,0.850559
190,12.033333,7.233333,8.691667,0.000000,0.814565
191,12.033333,7.333333,8.668333,0.000000,0.818707
192,12.033333,7.366667,8.700000,0.000000,0.822357
193,12.033333,7.233333,8.700000,0.000000,0.811949
194,12.033333,7.333333,8.708333,0.000000,0.786101
195,12.033333,7.200000,8.766667,0.000000,0.848738
196,12.033333,7.166667,8.733333,0.000000,0.841364
197,12.033333,7.166667,8.635000,0.000000,0.820102
198,12.033333,7.300000,8.755000,0.000000,0.842858
199,12.033333,7.300000,8.735000,0.000000,0.811155
200,12.033333,7.300000,8.720000,0.000000,0.845927
201,12.033333,7.433333,8.756667,0.000000,0.807818
202,12.033333,7.366667,8.720000,0.000000,0.832462
203,12.033333,7.200000,8.723333,0.000000,0.809699
204,12.033333,7.233333,8.676667,0.000000,0.804436
205,12.033333,7.300000,8.755000,0.000000,0.824301
206,12.033333,7.200000,8.740000,0.000000,0.840196
207,12.033333,7.200000,8.661667,0.000000,0.835175
208,12.033333,7.300000,8.750000,0.000000,0.839185
209,12.033333,7.200000,8.746667,0.000000,0.822847
210,12.033333,7.266667,8.720000,0.000000,0.827757
211,12.033333,7.266667,8.756667,0.000000,0.854856
212,12.033333,7.366667,8.776667,0.000000,0.824129
213,12.033333,7.233333,8.718333,0.000000,0.861152
214,12.033333,7.233333,8.751667,0.000000,0.862915
215,12.033333,7.233333,8.761667,0.000000,0.858179
216,12.033333,7.066667,8.731667,0.000000,0.861645
217,12.033333,7.333333,8.735000,0.000000,0.825719
218,12.033333,7.366667,8.720000,0.000000,0.843779
219,12.066667,7.133333,8.750000,0.000000,0.854714
220,12.066667,7.400000,8.763333,0.000000,0.784358
221,12.066667,7.166667,8.756667,0.000000,0.836320
222,12.066667,7.133333,8.780000,0.000000,0.845839
223,12.066667,7.266667,8.761667,0.000000,0.827233
224,12.066667,7.266667,8.718333,0.000000,0.818682
225,12.066667,7.233333,8.711667,0.000000,0.840797
226,12.066667,7.300000,8.740000,0.000000,0.811955
227,12.066667,7.133333,8.701667,0.000000,0.816776
228,12.066667,7.233333,8.791667,0.000000,0.832557
229,12.066667,7.200000,8.821667,0.000000,0.880241
230,12.066667,7.233333,8.746667,0.000000,0.819589
231,12.066667,7.300000,8.756667,0.000000,0.850687
232,12.066667,7.233333,8.726667,0.000000,0.855935
233,12.066667,7.133333,8.725000,0.000000,0.859890
234,12.066667,7.233333,8.650000,0.000000,0.808502
235,12.066667,7.166667,8.788333,0.000000,0.891089
236,12.066667,7.233333,8.711667,0.000000,0.825685
237,12.066667,7.200000,8.683333,0.000000,0.835239
238,12.066667,7.233333,8.766667,0.000000,0.833975
239,12.066667,7.400000,8.738333,0.000000,0.792133
240,12.066667,7.366667,8.733333,0.000000,0.799457
241,12.066667,7.233333,8.761667,0.000000,0.859477
242,12.066667,7.300000,8.773333,0.000000,0.806728
243,12.066667,7.166667,8.723333,0.000000,0.875810
244,12.066667,7.300000,8.773333,0.000000,0.817285
245,12.066667,7.133333,8.731667,0.000000,0.856456
246,12.066667,7.200000,8.703333,0.000000,0.833104
247,12.066667,7.233333,8.666667,0.000000,0.851082
248,12.066667,7.233333,8.706667,0.000000,0.822924
249,12.066667,7.333333,8.706667,0.000000,0.812253
250,12.066667,7.400000,8.748333,0.000000,0.811802
251,12.066667,7.100000,8.648333,0.000000,0.889194
252,12.066667,7.233333,8.720000,0.000000,0.845935
253,12.066667,7.266667,8.750000,0.000000,0.851624
254,12.066667,7.500000,8.768333,0.000000,0.796716
255,12.066667,7.133333,8.773333,0.000000,0.881713
256,12.066667,7.466667,8.813333,0.000000,0.818211
257,12.066667,7.333333,8.786667,0.000000,0.845917
258,12.066667,7.100000,8.748333,0.000000,0.865368
259,12.066667,7.200000,8.766667,0.000000,0.867090
260,12.066667,7.366667,8.763333,0.000000,0.822231
261,12.066667,7.233333,8.711667,0.000000,0.876702
262,12.066667,7.466667,8.691667,0.000000,0.776089
263,12.066667,7.133333,8.656667,0.000000,0.826337
264,12.066667,7.400000,8.746667,0.000000,0.799003
265,12.066667,7.233333,8.770000,0.000000,0.864532
266,12.066667,7.200000,8.731667,0.000000,0.862611
267,12.066667,7.366667,8.755000,0.000000,0.815296
268,12.066667,7.233333,8.685000,0.000000,0.822590
269,12.066667,7.233333,8.706667,0.000000,0.827424
270,12.066667,7.266667,8.695000,0.000000,0.818724
271,12.066667,7.333333,8.751667,0.000000,0.849584
272,12.066667,7.166667,8.751667,0.000000,0.862007
273,12.066667,7.266667,8.770000,0.000000,0.831740
274,12.066667,7.166667,8.691667,0.000000,0.877153
275,12.066667,7.033333,8.731667,0.000000,0.886071
276,12.066667,7.266667,8.808333,0.000000,0.857986
277,12.066667,7.133333,8.700000,0.000000,0.897193
278,12.066667,7.166667,8.778333,0.000000,0.884594
279,12.066667,7.300000,8.755000,0.000000,0.819995
280,12.066667,7.266667,8.768333,0.000000,0.815310
281,12.066667,7.333333,8.723333,0.000000,0.825162
282,12.066667,7.200000,8.800000,0.000000,0.852557
283,12.066667,7.200000,8.720000,0.000000,0.861054
284,12.066667,7.200000,8.785000,0.000000,0.873736
285,12.066667,7.366667,8.771667,0.000000,0.826810
286,12.066667,7.233333,8.730000,0.000000,0.849965
287,12.066667,7.133333,8.721667,0.000000,0.896336
288,12.066667,7.200000,8.783333,0.000000,0.872050
289,12.066667,7.366667,8.745000,0.000000,0.816192
290,12.066667,7.366667,8.710000,0.000000,0.817289
291,12.066667,7.066667,8.676667,0.000000,0.877000
292,12.066667,7.333333,8.746667,0.000000,0.847245
293,12.066667,7.266667,8.751667,0.000000,0.835868
294,12.066667,7.233333,8.738333,0.000000,0.854497
295,12.066667,7.266667,8.701667,0.000000,0.805768
296,12.066667,7.166667,8.678333,0.000000,0.816960
297,12.066667,7.266667,8.706667,0.000000,0.794018
298,12.066667,7.266667,8.695000,0.000000,0.811608
299,12.066667,7.066667,8.701667,0.000000,0.860140
300,12.066667,7.300000,8.753333,0.000000,0.858297
301,12.066667,7.233333,8.793333,0.000000,0.876224
302,12.066667,7.133333,8.701667,0.000000,0.845528
303,12.066667,7.166667,8.706667,0.000000,0.862288
304,12.066667,7.433333,8.778333,0.000000,0.809417
305,12.066667,7.233333,8.746667,0.000000,0.854823
306,12.066667,7.300000,8.705000,0.000000,0.884571
307,12.066667,7.366667,8.718333,0.000000,0.830998
308,12.066667,7.366667,8.713333,0.000000,0.799502
309,12.066667,7.233333,8.718333,0.000000,0.852090
310,12.066667,7.133333,8.675000,0.000000,0.840944
311,12.100000,7.200000,8.723333,0.000000,0.878317
312,12.100000,7.166667,8.713333,0.000000,0.840650
313,12.100000,7.366667,8.791667,0.000000,0.845876
314,12.100000,7.366667,8.723333,0.000000,0.790623
315,12.100000,7.366667,8.723333,0.000000,0.819446
316,12.100000,7.166667,8.718333,0.000000,0.854709
317,12.100000,7.266667,8.710000,0.000000,0.839671
318,12.100000,7.166667,8.713333,0.000000,0.818288
319,12.100000,7.233333,8.705000,0.000000,0.868204
320,12.100000,7.433333,8.731667,0.000000,0.815668
321,12.100000,7.266667,8.758333,0.000000,0.867428
322,12.100000,7.433333,8.778333,0.000000,0.828002
323,12.100000,7.266667,8.700000,0.000000,0.834025
324,12.100000,7.233333,8.735000,0.000000,0.845419
325,12.100000,7.366667,8.788333,0.000000,0.835647
326,12.100000,7.266667,8.751667,0.000000,0.880778
327,12.100000,7.266667,8.756667,0.000000,0.853733
328,12.100000,7.266667,8.715000,0.000000,0.826901
329,12.100000,7.200000,8.728333,0.000000,0.802952
330,12.100000,7.400000,8.743333,0.000000,0.824489
331,12.100000,7.300000,8.685000,0.000000,0.809009
332,12.100000,7.333333,8.731667,0.000000,0.816619
333,12.100000,7.200000,8.715000,0.000000,0.865540
334,12.100000,7.300000,8.751667,0.000000,0.881023
335,12.100000,7.233333,8.693333,0.000000,0.820371
336,12.100000,7.266667,8.720000,0.000000,0.833828
337,12.100000,7.266667,8.763333,0.000000,0.827033
338,12.100000,7.233333,8.776667,0.000000,0.848093
339,12.100000,7.200000,8.725000,0.000000,0.833698
340,12.100000,7.233333,8.701667,0.000000,0.801204
341,12.100000,7.233333,8.751667,0.000000,0.852978
342,12.100000,7.300000,8.733333,0.000000,0.839102
343,12.100000,7.233333,8.726667,0.000000,0.837345
344,12.100000,7.233333,8.701667,0.000000,0.831650
345,12.100000,7.333333,8.713333,0.000000,0.808014
346,12.100000,7.233333,8.776667,0.000000,0.835981
347,12.100000,7.166667,8.738333,0.000000,0.841865
348,12.100000,7.300000,8.721667,0.000000,0.873233
349,12.100000,7.200000,8.735000,0.000000,0.873933
350,12.100000,7.300000,8.701667,0.000000,0.845861
351,12.100000,7.233333,8.728333,0.000000,0.809525
352,12.100000,7.200000,8.700000,0.000000,0.831287
353,12.100000,7.366667,8.728333,0.000000,0.798297
354,12.133333,7.200000,8.715000,0.000000,0.863256
355,12.133333,7.266667,8.731667,0.000000,0.824752
356,12.133333,7.266667,8.741667,0.000000,0.829516
357,12.133333,7.200000,8.730000,0.000000,0.866527
358,12.133333,7.233333,8.745000,0.000000,0.879231
359,12.133333,7.233333,8.698333,0.000000,0.801741
360,12.133333,7.200000,8.685000,0.000000,0.819763
361,12.133333,7.366667,8.735000,0.000000,0.833123
362,12.133333,7.233333,8.726667,0.000000,0.821452
363,12.133333,7.300000,8.730000,0.000000,0.829504
364,12.133333,7.300000,8.708333,0.000000,0.817192
365,12.133333,7.200000,8.686667,0.000000,0.856780
366,12.133333,7.233333,8.825000,0.000000,0.876303
367,12.133333,7.300000,8.715000,0.000000,0.835673
368,12.133333,7.500000,8.806667,0.000000,0.799744
369,12.133333,7.400000,8.733333,0.000000,0.868604
370,12.133333,7.200000,8.660000,0.000000,0.866682
371,12.133333,7.133333,8.715000,0.000000,0.862137
372,12.133333,7.333333,8.683333,0.000000,0.810073
373,12.133333,7.366667,8.750000,0.000000,0.856603
374,12.133333,7.333333,8.765000,0.000000,0.853427
375,12.133333,7.200000,8.718333,0.000000,0.821679
376,12.133333,7.266667,8.678333,0.000000,0.844926
377,12.133333,7.233333,8.711667,0.000000,0.844190
378,12.133333,7.333333,8.706667,0.000000,0.808560
379,12.133333,7.366667,8.745000,0.000000,0.839238
380,12.133333,7.333333,8.716667,0.000000,0.821280
381,12.133333,7.366667,8.775000,0.000000,0.835276
382,12.133333,7.000000,8.721667,0.000000,0.906688
383,12.133333,7.300000,8.761667,0.000000,0.841028
384,12.133333,7.333333,8.756667,0.000000,0.860024
385,12.133333,7.266667,8.770000,0.000000,0.866993
386,12.133333,7.233333,8.691667,0.000000,0.811937
387,12.133333,7.366667,8.776667,0.000000,0.806306
388,12.133333,7.233333,8.701667,0.000000,0.797761
389,12.133333,7.266667,8.780000,0.000000,0.871721
390,12.133333,7.166667,8.728333,0.000000,0.847191
391,12.133333,7.233333,8.700000,0.000000,0.858753
392,12.133333,7.166667,8.696667,0.000000,0.837254
393,12.133333,7.000000,8.655000,0.000000,0.837931
394,12.133333,7.200000,8.720000,0.000000,0.834725
395,12.133333,7.233333,8.703333,0.000000,0.872759
396,12.133333,7.200000,8.720000,0.000000,0.849389
397,12.133333,7.200000,8.691667,0.000000,0.833766
398,12.133333,7.166667,8.700000,0.000000,0.855429
399,12.133333,7.300000,8.750000,0.000000,0.814669
400,12.133333,7.133333,8.776667,0.000000,0.874031
401,12.133333,7.266667,8.720000,0.000000,0.840785
402,12.133333,7.300000,8.758333,0.000000,0.825457
403,12.133333,7.166667,8.720000,0.000000,0.872217
404,12.133333,7.166667,8.763333,0.000000,0.885807
405,12.133333,7.233333,8.736667,0.000000,0.848620
406,12.133333,7.266667,8.711667,0.000000,0.820911
407,12.133333,7.300000,8.776667,0.000000,0.839251
408,12.133333,7.333333,8.795000,0.000000,0.840270
409,12.133333,7.100000,8.668333,0.000000,0.855746
410,12.133333,7.333333,8.753333,0.000000,0.859793
411,12.133333,7.300000,8.721667,0.000000,0.829663
412,12.133333,7.300000,8.750000,0.000000,0.839480
413,12.133333,7.233333,8.718333,0.000000,0.815933
414,12.133333,7.200000,8.666667,0.000000,0.841369
415,12.133333,7.200000,8.706667,0.000000,0.793394
416,12.133333,7.300000,8.775000,0.000000,0.862797
417,12.133333,7.300000,8.748333,0.000000,0.855921
418,12.133333,7.366667,8.711667,0.000000,0.791912
419,12.133333,7.233333,8.720000,0.000000,0.832130
420,12.133333,7.266667,8.713333,0.000000,0.816332
421,12.133333,7.300000,8.733333,0.000000,0.826470
422,12.133333,7.300000,8.726667,0.000000,0.824108
423,12.133333,7.400000,8.750000,0.000000,0.840834
424,12.133333,7.166667,8.723333,0.000000,0.867535
425,12.133333,7.200000,8.783333,0.000000,0.864549
426,12.133333,7.333333,8.765000,0.000000,0.820304
427,12.133333,7.233333,8.733333,0.000000,0.848736
428,12.133333,7.266667,8.741667,0.000000,0.845328
429,12.133333,7.166667,8.708333,0.000000,0.869084
430,12.133333,7.433333,8.730000,0.000000,0.835811
431,12.133333,7.366667,8.721667,0.000000,0.826942
432,12.133333,7.166667,8.728333,0.000000,0.871796
433,12.133333,7.266667,8.696667,0.000000,0.820217
434,12.133333,7.466667,8.773333,0.000000,0.809008
435,12.133333,7.300000,8.723333,0.000000,0.801789
436,12.133333,7.333333,8.766667,0.000000,0.850215
437,12.133333,7.166667,8.720000,0.000000,0.840458
438,12.133333,7.100000,8.740000,0.000000,0.860280
439,12.133333,7.333333,8.726667,0.000000,0.811574
440,12.133333,7.266667,8.721667,0.000000,0.835082
441,12.133333,7.266667,8.703333,0.000000,0.830183
442,12.133333,7.133333,8.848333,0.000000,0.889877
443,12.133333,7.233333,8.743333,0.000000,0.846474
444,12.133333,7.300000,8.763333,0.000000,0.856044
445,12.133333,7.366667,8.766667,0.000000,0.811338
446,12.133333,7.233333,8.731667,0.000000,0.838864
447,12.133333,7.133333,8.641667,0.000000,0.832724
448,12.133333,7.366667,8.700000,0.000000,0.799529
449,12.133333,7.300000,8.731667,0.000000,0.835148
450,12.133333,7.366667,8.708333,0.000000,0.846266
451,12.133333,7.333333,8.713333,0.000000,0.864534
452,12.133333,7.400000,8.755000,0.000000,0.825082
453,12.133333,7.466667,8.790000,0.000000,0.804642
454,12.133333,7.100000,8.748333,0.000000,0.895059
455,12.133333,7.333333,8.765000,0.000000,0.843696
456,12.133333,7.233333,8.705000,0.000000,0.833470
457,12.133333,7.333333,8.771667,0.000000,0.855268
458,12.133333,7.366667,8.746667,0.000000,0.825030
459,12.133333,7.233333,8.711667,0.000000,0.843732
460,12.133333,7.233333,8.728333,0.000000,0.838281
461,12.133333,7.400000,8.808333,0.000000,0.852337
462,12.133333,7.300000,8.733333,0.000000,0.803917
463,12.133333,7.400000,8.781667,0.000000,0.827664
464,12.133333,7.100000,8.713333,0.000000,0.857845
465,12.133333,7.233333,8.705000,0.000000,0.810887
466,12.133333,7.200000,8.725000,0.000000,0.868439
467,12.133333,7.300000,8.755000,0.000000,0.839381
468,12.133333,7.366667,8.723333,0.000000,0.839984
469,12.133333,7.333333,8.733333,0.000000,0.836886
470,12.133333,7.300000,8.758333,0.000000,0.833644
471,12.133333,7.200000,8.731667,0.000000,0.856642
472,12.133333,7.333333,8.761667,0.000000,0.827223
473,12.133333,7.366667,8.791667,0.000000,0.812499
474,12.133333,7.200000,8.715000,0.000000,0.833686
475,12.133333,7.433333,8.796667,0.000000,0.841018
476,12.133333,7.133333,8.745000,0.000000,0.838359
477,12.133333,7.200000,8.645000,0.000000,0.830642
478,12.133333,7.233333,8.713333,0.000000,0.846291
479,12.133333,7.200000,8.721667,0.000000,0.820084
480,12.133333,7.400000,8.790000,0.000000,0.866629
481,12.133333,7.200000,8.750000,0.000000,0.839045
482,12.133333,7.133333,8.728333,0.000000,0.858731
483,12.133333,7.266667,8.725000,0.000000,0.851935
484,12.133333,7.100000,8.766667,0.000000,0.831230
485,12.133333,7.300000,8.736667,0.000000,0.824607
486,12.133333,7.333333,8.770000,0.000000,0.832656
487,12.133333,7.200000,8.823333,0.000000,0.879157
488,12.133333,7.266667,8.828333,0.000000,0.873739
489,12.133333,7.300000,8.750000,0.000000,0.820021
490,12.133333,7.533333,8.770000,0.000000,0.791499
491,12.133333,7.266667,8.751667,0.000000,0.836210
492,12.133333,7.133333,8.675000,0.000000,0.842336
493,12.133333,7.100000,8.693333,0.000000,0.826735
494,12.133333,7.366667,8.731667,0.000000,0.804403
495,12.133333,7.166667,8.733333,0.000000,0.812510
496,12.133333,7.133333,8.685000,0.000000,0.826207
497,12.133333,7.300000,8.786667,0.000000,0.834800
498,12.133333,7.233333,8.716667,0.000000,0.835599
499,12.133333,7.133333,8.741667,0.000000,0.898773
500,12.133333,7.166667,8.683333,0.000000,0.865386
BestSdev: 0.228091, Time: 4m44.0363032s