gen,best,worst,mean,rep,sdev
1,10.766667,7.066667,8.755333,0.000000,0.847639
2,10.966667,7.066667,8.742000,0.000000,0.833626
3,11.033333,6.933333,8.714667,0.000000,0.865379
4,11.166667,7.033333,8.736000,0.000000,0.870160
5,11.200000,7.000000,8.732667,0.000000,0.858439
6,11.233333,7.000000,8.746667,0.000000,0.853870
7,11.300000,7.000000,8.714667,0.000000,0.875930
8,11.300000,6.933333,8.745333,0.000000,0.848720
9,11.333333,7.133333,8.778667,0.000000,0.854278
10,11.400000,7.033333,8.742667,0.000000,0.862763
11,11.433333,7.066667,8.725333,0.000000,0.875543
12,11.433333,7.000000,8.740667,0.000000,0.860234
13,11.500000,7.066667,8.788000,0.000000,0.865039
14,11.500000,6.966667,8.748667,0.000000,0.844298
15,11.500000,7.000000,8.738000,0.000000,0.873350
16,11.500000,6.933333,8.696000,0.000000,0.847057
17,11.533333,7.033333,8.731333,0.000000,0.865301
18,11.533333,7.066667,8.774667,0.000000,0.845934
19,11.566667,6.933333,8.718667,0.000000,0.854980
20,11.566667,6.900000,8.714667,0.000000,0.861408
21,11.600000,7.066667,8.744667,0.000000,0.863984
22,11.600000,7.066667,8.758000,0.000000,0.838684
23,11.633333,6.933333,8.726667,0.000000,0.862957
24,11.700000,6.966667,8.722667,0.000000,0.838859
25,11.700000,7.033333,8.751333,0.000000,0.826725
26,11.700000,7.000000,8.742000,0.000000,0.859615
27,11.733333,6.966667,8.725333,0.000000,0.855263
28,11.733333,7.033333,8.752667,0.000000,0.848597
29,11.833333,6.933333,8.734000,0.000000,0.863059
30,11.866667,6.966667,8.743333,0.000000,0.849274
31,11.866667,6.966667,8.689333,0.000000,0.851930
32,11.866667,7.066667,8.780000,0.000000,0.884391
33,11.866667,6.966667,8.704000,0.000000,0.870084
34,11.866667,7.066667,8.720000,0.000000,0.854565
35,11.866667,7.000000,8.749333,0.000000,0.836658
36,11.900000,7.100000,8.783333,0.000000,0.867146
37,11.966667,6.966667,8.745333,0.000000,0.890187
38,11.966667,6.933333,8.738000,0.000000,0.867937
39,11.966667,7.000000,8.730667,0.000000,0.868956
40,11.966667,7.000000,8.692000,0.000000,0.874423
41,11.966667,7.000000,8.758667,0.000000,0.877814
42,12.000000,6.900000,8.732000,0.000000,0.861322
43,12.000000,7.000000,8.772000,0.000000,0.874376
44,12.000000,7.000000,8.720000,0.000000,0.860387
45,12.000000,6.766667,8.684000,0.000000,0.889072
46,12.000000,6.966667,8.754000,0.000000,0.871937
47,12.000000,7.000000,8.734000,0.000000,0.862185
48,12.033333,7.000000,8.715333,0.000000,0.851519
49,12.033333,6.966667,8.728667,0.000000,0.847679
50,12.033333,6.966667,8.749333,0.000000,0.847953
51,12.033333,7.066667,8.756000,0.000000,0.867347
52,12.033333,6.933333,8.718667,0.000000,0.866110
53,12.033333,6.966667,8.712667,0.000000,0.857906
54,12.033333,7.033333,8.726667,0.000000,0.870309
55,12.033333,7.000000,8.746000,0.000000,0.867230
56,12.033333,7.066667,8.702667,0.000000,0.836606
57,12.033333,6.933333,8.749333,0.000000,0.854767
58,12.033333,7.066667,8.717333,0.000000,0.855102
59,12.033333,7.000000,8.732667,0.000000,0.839051
60,12.033333,7.066667,8.779333,0.000000,0.849375
61,12.033333,6.866667,8.745333,0.000000,0.866618
62,12.033333,7.000000,8.688000,0.000000,0.869598
63,12.033333,7.033333,8.710000,0.000000,0.842339
64,12.033333,6.933333,8.738667,0.000000,0.856904
65,12.033333,7.066667,8.782667,0.000000,0.860907
66,12.033333,7.100000,8.728667,0.000000,0.847557
67,12.033333,6.966667,8.746000,0.000000,0.863139
68,12.033333,7.033333,8.762000,0.000000,0.895717
69,12.033333,7.000000,8.759333,0.000000,0.878359
70,12.033333,7.066667,8.716000,0.000000,0.837041
71,12.033333,7.066667,8.724667,0.000000,0.863670
72,12.033333,7.000000,8.716667,0.000000,0.864083
73,12.033333,7.000000,8.741333,0.000000,0.830173
74,12.033333,7.033333,8.736000,0.000000,0.868930
75,12.033333,6.933333,8.653333,0.000000,0.843231
76,12.033333,6.966667,8.719333,0.000000,0.879696
77,12.033333,7.000000,8.725333,0.000000,0.847849
78,12.033333,7.000000,8.750000,0.000000,0.856008
79,12.033333,7.100000,8.744000,0.000000,0.830838
80,12.033333,6.966667,8.742667,0.000000,0.859888
81,12.033333,7.066667,8.760000,0.000000,0.831458
82,12.033333,7.133333,8.732667,0.000000,0.836479
83,12.033333,6.900000,8.716000,0.000000,0.890275
84,12.033333,6.933333,8.732000,0.000000,0.864861
85,12.033333,7.033333,8.758000,0.000000,0.886297
86,12.033333,6.933333,8.720667,0.000000,0.845814
87,12.033333,7.033333,8.738000,0.000000,0.876212
88,12.033333,7.033333,8.727333,0.000000,0.851425
89,12.033333,7.100000,8.726667,0.000000,0.859008
90,12.033333,7.000000,8.710667,0.000000,0.832407
91,12.033333,6.966667,8.748000,0.000000,0.858512
92,12.033333,7.066667,8.745333,0.000000,0.809895
93,12.033333,7.000000,8.714000,0.000000,0.873812
94,12.033333,7.066667,8.748667,0.000000,0.872440
95,12.033333,6.933333,8.740000,0.000000,0.857206
96,12.033333,6.933333,8.720667,0.000000,0.861214
97,12.033333,7.066667,8.744000,0.000000,0.865798
98,12.033333,6.933333,8.744667,0.000000,0.860245
99,12.033333,7.033333,8.762000,0.000000,0.865498
100,12.033333,7.000000,8.712000,0.000000,0.875734
BestSdev: 0.290138, Time: 1m59.349902505s