gen,best,worst,mean,rep,sdev
1,10.600000,7.000000,8.746000,0.000000,0.845564
2,11.066667,6.966667,8.764667,0.000000,0.900469
3,11.133333,7.000000,8.736000,0.000000,0.853641
4,11.166667,6.966667,8.753333,0.000000,0.846788
5,11.200000,6.966667,8.718667,0.000000,0.857622
6,11.200000,6.966667,8.721333,0.000000,0.852996
7,11.233333,6.933333,8.764000,0.000000,0.851869
8,11.366667,6.833333,8.746667,0.000000,0.852838
9,11.400000,7.000000,8.762667,0.000000,0.835330
10,11.433333,7.033333,8.750667,0.000000,0.866500
11,11.433333,6.933333,8.714667,0.000000,0.879287
12,11.466667,7.033333,8.736667,0.000000,0.860318
13,11.566667,6.833333,8.715333,0.000000,0.888144
14,11.566667,6.966667,8.712667,0.000000,0.816919
15,11.566667,7.066667,8.744667,0.000000,0.870515
16,11.566667,7.066667,8.757333,0.000000,0.871108
17,11.600000,6.933333,8.702667,0.000000,0.865291
18,11.600000,7.033333,8.746000,0.000000,0.835254
19,11.600000,6.933333,8.734667,0.000000,0.882546
20,11.600000,6.933333,8.734000,0.000000,0.875911
21,11.633333,7.033333,8.724000,0.000000,0.840050
22,11.666667,7.000000,8.720667,0.000000,0.855816
23,11.666667,6.966667,8.758667,0.000000,0.836125
24,11.700000,7.000000,8.716000,0.000000,0.833818
25,11.733333,6.966667,8.698000,0.000000,0.861091
26,11.766667,6.966667,8.753333,0.000000,0.882731
27,11.766667,7.066667,8.742667,0.000000,0.859753
28,11.766667,7.033333,8.735333,0.000000,0.837473
29,11.800000,7.066667,8.720667,0.000000,0.866105
30,11.833333,6.966667,8.720000,0.000000,0.856177
31,11.833333,7.000000,8.729333,0.000000,0.854873
32,11.833333,7.033333,8.768000,0.000000,0.845532
33,11.833333,6.966667,8.738667,0.000000,0.842247
34,11.866667,6.933333,8.681333,0.000000,0.873447
35,11.866667,6.933333,8.720667,0.000000,0.869984
36,11.900000,6.900000,8.680000,0.000000,0.867797
37,11.900000,6.933333,8.722000,0.000000,0.870783
38,11.933333,7.066667,8.743333,0.000000,0.850859
39,11.933333,7.033333,8.722667,0.000000,0.860759
40,11.933333,7.000000,8.754667,0.000000,0.847855
41,11.933333,7.033333,8.754667,0.000000,0.861357
42,11.933333,6.933333,8.734000,0.000000,0.865745
43,11.933333,7.000000,8.726667,0.000000,0.842398
44,11.933333,7.033333,8.736000,0.000000,0.851495
45,11.933333,7.033333,8.706667,0.000000,0.839637
46,11.933333,7.100000,8.786667,0.000000,0.855770
47,11.933333,7.000000,8.757333,0.000000,0.879417
48,11.966667,6.933333,8.745333,0.000000,0.886549
49,11.966667,6.900000,8.729333,0.000000,0.838417
50,11.966667,7.066667,8.788667,0.000000,0.858232
51,11.966667,6.966667,8.743333,0.000000,0.878378
52,11.966667,6.966667,8.712667,0.000000,0.841629
53,11.966667,7.000000,8.765333,0.000000,0.879975
54,11.966667,7.066667,8.748667,0.000000,0.848527
55,12.000000,7.033333,8.742667,0.000000,0.886415
56,12.000000,6.966667,8.742667,0.000000,0.893193
57,12.000000,7.066667,8.750667,0.000000,0.848479
58,12.000000,6.933333,8.769333,0.000000,0.892582
59,12.000000,7.033333,8.744000,0.000000,0.850179
60,12.000000,7.000000,8.731333,0.000000,0.884549
61,12.000000,6.966667,8.738000,0.000000,0.878887
62,12.000000,7.100000,8.745333,0.000000,0.858777
63,12.000000,6.966667,8.726000,0.000000,0.864663
64,12.000000,7.033333,8.742000,0.000000,0.851996
65,12.000000,7.000000,8.730000,0.000000,0.856344
66,12.000000,7.033333,8.730667,0.000000,0.865239
67,12.000000,7.000000,8.762000,0.000000,0.866801
68,12.000000,6.900000,8.724667,0.000000,0.845233
69,12.000000,7.033333,8.758000,0.000000,0.867282
70,12.000000,6.933333,8.759333,0.000000,0.871265
71,12.000000,6.933333,8.740667,0.000000,0.885973
72,12.000000,7.000000,8.758667,0.000000,0.871029
73,12.000000,6.966667,8.761333,0.000000,0.844452
74,12.000000,6.966667,8.716000,0.000000,0.858076
75,12.000000,7.033333,8.767333,0.000000,0.860833
76,12.000000,7.066667,8.764000,0.000000,0.859828
77,12.000000,6.866667,8.706000,0.000000,0.859205
78,12.000000,6.966667,8.750000,0.000000,0.855626
79,12.000000,6.866667,8.720667,0.000000,0.864094
80,12.000000,7.000000,8.675333,0.000000,0.851311
81,12.000000,7.033333,8.752000,0.000000,0.853769
82,12.000000,7.000000,8.768000,0.000000,0.851207
83,12.000000,6.933333,8.714667,0.000000,0.876346
84,12.000000,7.000000,8.715333,0.000000,0.885605
85,12.000000,6.933333,8.720000,0.000000,0.852411
86,12.000000,7.100000,8.718000,0.000000,0.855068
87,12.000000,7.100000,8.770000,0.000000,0.839320
88,12.000000,7.000000,8.723333,0.000000,0.867799
89,12.000000,7.033333,8.760000,0.000000,0.860276
90,12.000000,7.000000,8.686000,0.000000,0.841934
91,12.000000,7.033333,8.704667,0.000000,0.845018
92,12.000000,6.966667,8.722667,0.000000,0.856484
93,12.000000,7.000000,8.729333,0.000000,0.834558
94,12.000000,7.000000,8.741333,0.000000,0.841606
95,12.000000,7.133333,8.766000,0.000000,0.824360
96,12.000000,6.966667,8.774667,0.000000,0.867184
97,12.000000,6.933333,8.728667,0.000000,0.869658
98,12.000000,7.033333,8.735333,0.000000,0.859540
99,12.000000,6.900000,8.708667,0.000000,0.862903
100,12.000000,6.966667,8.732667,0.000000,0.866046
101,12.000000,6.933333,8.700667,0.000000,0.854224
102,12.000000,6.966667,8.740000,0.000000,0.851186
103,12.000000,7.000000,8.754667,0.000000,0.851972
104,12.000000,6.966667,8.732000,0.000000,0.868586
105,12.000000,6.966667,8.712667,0.000000,0.868725
106,12.000000,7.000000,8.716000,0.000000,0.837349
107,12.000000,6.933333,8.725333,0.000000,0.869122
108,12.000000,6.933333,8.700000,0.000000,0.856088
109,12.000000,7.033333,8.744000,0.000000,0.843477
110,12.000000,6.933333,8.736000,0.000000,0.872637
111,12.000000,6.966667,8.723333,0.000000,0.841462
112,12.000000,7.000000,8.742667,0.000000,0.860490
113,12.000000,7.033333,8.746000,0.000000,0.846020
114,12.000000,7.033333,8.727333,0.000000,0.868143
115,12.000000,6.900000,8.745333,0.000000,0.856638
116,12.000000,6.966667,8.692000,0.000000,0.849137
117,12.000000,7.000000,8.739333,0.000000,0.874964
118,12.000000,7.000000,8.715333,0.000000,0.851978
119,12.000000,6.900000,8.739333,0.000000,0.874407
120,12.000000,6.900000,8.726667,0.000000,0.845340
121,12.000000,6.900000,8.751333,0.000000,0.899902
122,12.000000,6.966667,8.691333,0.000000,0.892168
123,12.000000,6.900000,8.765333,0.000000,0.867366
124,12.000000,6.966667,8.689333,0.000000,0.850456
125,12.000000,6.966667,8.738667,0.000000,0.870747
126,12.000000,7.000000,8.762000,0.000000,0.876050
127,12.000000,6.966667,8.758000,0.000000,0.860056
128,12.000000,7.000000,8.720667,0.000000,0.867510
129,12.000000,7.066667,8.785333,0.000000,0.861163
130,12.000000,6.966667,8.731333,0.000000,0.847375
131,12.000000,7.000000,8.724000,0.000000,0.832262
132,12.000000,7.033333,8.742000,0.000000,0.841753
133,12.000000,6.933333,8.738000,0.000000,0.863760
134,12.000000,6.933333,8.756000,0.000000,0.852139
135,12.000000,6.900000,8.700667,0.000000,0.871930
136,12.000000,6.933333,8.728000,0.000000,0.872889
137,12.000000,6.900000,8.769333,0.000000,0.873111
138,12.000000,6.933333,8.694000,0.000000,0.841111
139,12.000000,7.000000,8.753333,0.000000,0.852400
140,12.033333,6.933333,8.756000,0.000000,0.873941
141,12.033333,6.933333,8.746000,0.000000,0.873342
142,12.033333,6.966667,8.744000,0.000000,0.829406
143,12.033333,7.033333,8.732667,0.000000,0.851177
144,12.033333,7.000000,8.697333,0.000000,0.852830
145,12.033333,6.966667,8.680000,0.000000,0.862629
146,12.033333,7.033333,8.762667,0.000000,0.839671
147,12.033333,6.966667,8.721333,0.000000,0.856683
148,12.033333,7.033333,8.751333,0.000000,0.880361
149,12.033333,7.000000,8.734000,0.000000,0.862113
150,12.033333,6.966667,8.732000,0.000000,0.856072
151,12.066667,7.000000,8.717333,0.000000,0.873309
152,12.066667,7.033333,8.736000,0.000000,0.843291
153,12.066667,7.066667,8.752000,0.000000,0.861087
154,12.066667,7.000000,8.752667,0.000000,0.854581
155,12.066667,6.933333,8.726667,0.000000,0.868180
156,12.066667,7.000000,8.720667,0.000000,0.847666
157,12.066667,7.033333,8.759333,0.000000,0.855901
158,12.066667,7.000000,8.746667,0.000000,0.859977
159,12.066667,6.900000,8.748000,0.000000,0.880053
160,12.066667,7.033333,8.714000,0.000000,0.870406
161,12.066667,7.033333,8.718667,0.000000,0.873184
162,12.066667,6.866667,8.671333,0.000000,0.883301
163,12.066667,6.966667,8.727333,0.000000,0.848822
164,12.066667,7.100000,8.776000,0.000000,0.845077
165,12.066667,7.000000,8.739333,0.000000,0.841130
166,12.066667,7.000000,8.709333,0.000000,0.858921
167,12.066667,7.000000,8.714000,0.000000,0.830221
168,12.066667,7.000000,8.718000,0.000000,0.862657
169,12.066667,7.000000,8.739333,0.000000,0.869252
170,12.066667,7.000000,8.732667,0.000000,0.874664
171,12.066667,6.966667,8.759333,0.000000,0.860994
172,12.066667,7.000000,8.755333,0.000000,0.859676
173,12.066667,7.000000,8.698000,0.000000,0.838261
174,12.066667,7.000000,8.757333,0.000000,0.883773
175,12.066667,6.933333,8.766000,0.000000,0.850057
176,12.066667,7.066667,8.718667,0.000000,0.860110
177,12.066667,6.966667,8.712667,0.000000,0.849738
178,12.066667,6.900000,8.754667,0.000000,0.892877
179,12.066667,7.000000,8.728000,0.000000,0.869377
180,12.066667,6.933333,8.754667,0.000000,0.901792
181,12.066667,7.000000,8.748000,0.000000,0.877353
182,12.066667,6.966667,8.699333,0.000000,0.879568
183,12.066667,7.000000,8.770000,0.000000,0.876414
184,12.066667,6.966667,8.714000,0.000000,0.856268
185,12.066667,7.066667,8.730000,0.000000,0.826422
186,12.066667,6.933333,8.708000,0.000000,0.860548
187,12.066667,7.100000,8.706667,0.000000,0.836369
188,12.066667,7.000000,8.719333,0.000000,0.857146
189,12.100000,7.000000,8.715333,0.000000,0.853497
190,12.100000,7.000000,8.762667,0.000000,0.842599
191,12.100000,6.933333,8.725333,0.000000,0.878835
192,12.100000,6.933333,8.756667,0.000000,0.871203
193,12.100000,6.933333,8.717333,0.000000,0.846063
194,12.100000,6.966667,8.764667,0.000000,0.860792
195,12.100000,7.066667,8.735333,0.000000,0.855932
196,12.100000,6.966667,8.714667,0.000000,0.862694
197,12.100000,6.866667,8.719333,0.000000,0.857183
198,12.100000,7.000000,8.766667,0.000000,0.852059
199,12.100000,7.033333,8.680000,0.000000,0.854623
200,12.100000,7.033333,8.719333,0.000000,0.859900
201,12.100000,7.066667,8.785333,0.000000,0.862264
202,12.100000,6.966667,8.749333,0.000000,0.850369
203,12.100000,7.000000,8.725333,0.000000,0.853664
204,12.133333,7.000000,8.745333,0.000000,0.872258
205,12.133333,7.000000,8.761333,0.000000,0.838350
206,12.133333,6.900000,8.716667,0.000000,0.847400
207,12.133333,6.933333,8.714667,0.000000,0.858195
208,12.133333,6.833333,8.690000,0.000000,0.872365
209,12.133333,7.033333,8.728000,0.000000,0.841827
210,12.133333,7.033333,8.722667,0.000000,0.847589
211,12.133333,6.900000,8.718667,0.000000,0.867564
212,12.133333,7.033333,8.712667,0.000000,0.852550
213,12.133333,7.000000,8.726667,0.000000,0.832189
214,12.133333,7.100000,8.744667,0.000000,0.880582
215,12.133333,6.900000,8.741333,0.000000,0.878948
216,12.133333,7.100000,8.773333,0.000000,0.874885
217,12.133333,6.966667,8.741333,0.000000,0.872590
218,12.133333,7.033333,8.756000,0.000000,0.874424
219,12.133333,6.933333,8.703333,0.000000,0.863781
220,12.133333,7.000000,8.753333,0.000000,0.865932
221,12.133333,7.066667,8.722000,0.000000,0.832684
222,12.133333,6.833333,8.716000,0.000000,0.862645
223,12.133333,7.033333,8.714667,0.000000,0.873452
224,12.133333,7.000000,8.760667,0.000000,0.838859
225,12.133333,7.100000,8.779333,0.000000,0.873802
226,12.133333,6.933333,8.686667,0.000000,0.842093
227,12.133333,6.933333,8.710667,0.000000,0.875134
228,12.133333,7.066667,8.740000,0.000000,0.854195
229,12.133333,7.000000,8.774000,0.000000,0.888484
230,12.166667,6.900000,8.737333,0.000000,0.889714
231,12.166667,6.933333,8.704667,0.000000,0.855755
232,12.166667,7.000000,8.734667,0.000000,0.851641
233,12.166667,7.033333,8.699333,0.000000,0.839957
234,12.166667,6.966667,8.717333,0.000000,0.848005
235,12.166667,6.966667,8.752667,0.000000,0.871021
236,12.166667,6.866667,8.714667,0.000000,0.858047
237,12.166667,6.933333,8.702667,0.000000,0.860057
238,12.166667,6.933333,8.738667,0.000000,0.857889
239,12.166667,7.033333,8.736000,0.000000,0.848627
240,12.166667,6.966667,8.737333,0.000000,0.848243
241,12.166667,7.033333,8.765333,0.000000,0.879639
242,12.166667,6.966667,8.740667,0.000000,0.854415
243,12.166667,7.066667,8.721333,0.000000,0.833736
244,12.166667,6.933333,8.704667,0.000000,0.849557
245,12.166667,6.933333,8.752667,0.000000,0.853672
246,12.166667,6.966667,8.731333,0.000000,0.844972
247,12.166667,6.966667,8.689333,0.000000,0.844465
248,12.166667,7.033333,8.705333,0.000000,0.856149
249,12.166667,7.000000,8.756667,0.000000,0.867243
250,12.166667,7.000000,8.754667,0.000000,0.860749
251,12.166667,7.000000,8.702000,0.000000,0.854455
252,12.166667,7.000000,8.718667,0.000000,0.875492
253,12.166667,7.033333,8.749333,0.000000,0.848516
254,12.166667,6.966667,8.721333,0.000000,0.864446
255,12.166667,7.000000,8.734000,0.000000,0.860469
256,12.166667,7.033333,8.744667,0.000000,0.823480
257,12.166667,6.966667,8.795333,0.000000,0.881444
258,12.166667,7.000000,8.736000,0.000000,0.850921
259,12.166667,7.000000,8.714000,0.000000,0.872808
260,12.166667,7.000000,8.710667,0.000000,0.843827
261,12.166667,7.066667,8.742000,0.000000,0.855934
262,12.166667,6.966667,8.700000,0.000000,0.843059
263,12.166667,6.866667,8.756667,0.000000,0.859285
264,12.166667,7.100000,8.760000,0.000000,0.846938
265,12.166667,6.933333,8.722000,0.000000,0.872332
266,12.166667,7.000000,8.746667,0.000000,0.860876
267,12.166667,7.000000,8.761333,0.000000,0.871407
268,12.166667,6.966667,8.748000,0.000000,0.862291
269,12.166667,7.000000,8.752667,0.000000,0.871725
270,12.166667,7.066667,8.764667,0.000000,0.851179
271,12.166667,7.033333,8.730000,0.000000,0.883355
272,12.166667,7.033333,8.738667,0.000000,0.836724
273,12.166667,6.966667,8.736667,0.000000,0.858201
274,12.166667,6.900000,8.706667,0.000000,0.906051
275,12.166667,6.966667,8.716667,0.000000,0.853636
276,12.166667,7.000000,8.741333,0.000000,0.853331
277,12.166667,7.066667,8.720000,0.000000,0.836936
278,12.166667,7.000000,8.748000,0.000000,0.871964
279,12.166667,7.000000,8.708667,0.000000,0.855114
280,12.166667,6.966667,8.732000,0.000000,0.849169
281,12.166667,7.000000,8.705333,0.000000,0.865017
282,12.166667,7.066667,8.696000,0.000000,0.837525
283,12.166667,6.900000,8.740000,0.000000,0.874537
284,12.166667,6.966667,8.736667,0.000000,0.886286
285,12.166667,6.900000,8.722000,0.000000,0.875022
286,12.166667,7.000000,8.740000,0.000000,0.846344
287,12.166667,6.900000,8.688667,0.000000,0.869794
288,12.166667,6.900000,8.724000,0.000000,0.882884
289,12.166667,7.066667,8.737333,0.000000,0.876437
290,12.166667,6.966667,8.742000,0.000000,0.852272
291,12.166667,6.900000,8.716000,0.000000,0.874716
292,12.166667,7.000000,8.727333,0.000000,0.862617
293,12.166667,7.000000,8.714667,0.000000,0.863444
294,12.200000,6.933333,8.709333,0.000000,0.855908
295,12.200000,6.966667,8.742000,0.000000,0.889569
296,12.200000,7.033333,8.745333,0.000000,0.878038
297,12.200000,7.000000,8.712000,0.000000,0.845332
298,12.200000,6.900000,8.721333,0.000000,0.856444
299,12.200000,6.966667,8.764667,0.000000,0.878484
300,12.200000,7.100000,8.790000,0.000000,0.866429
301,12.200000,7.000000,8.733333,0.000000,0.855869
302,12.200000,7.033333,8.748000,0.000000,0.832122
303,12.200000,6.966667,8.756667,0.000000,0.855013
304,12.200000,7.033333,8.761333,0.000000,0.845885
305,12.200000,6.966667,8.754000,0.000000,0.858641
306,12.200000,6.933333,8.712667,0.000000,0.853861
307,12.200000,6.966667,8.743333,0.000000,0.858328
308,12.200000,7.000000,8.716667,0.000000,0.859716
309,12.200000,6.866667,8.724000,0.000000,0.895040
310,12.200000,7.000000,8.703333,0.000000,0.862740
311,12.200000,6.900000,8.729333,0.000000,0.859163
312,12.200000,6.900000,8.734000,0.000000,0.863890
313,12.200000,6.900000,8.747333,0.000000,0.873851
314,12.200000,7.033333,8.744667,0.000000,0.863753
315,12.200000,7.100000,8.769333,0.000000,0.863755
316,12.200000,7.033333,8.744000,0.000000,0.878591
317,12.200000,7.033333,8.734667,0.000000,0.879116
318,12.200000,6.933333,8.728000,0.000000,0.849092
319,12.200000,7.033333,8.720667,0.000000,0.863957
320,12.200000,6.966667,8.759333,0.000000,0.891904
321,12.200000,7.000000,8.726000,0.000000,0.843953
322,12.200000,7.100000,8.747333,0.000000,0.852128
323,12.200000,6.900000,8.736667,0.000000,0.876464
324,12.200000,6.966667,8.706667,0.000000,0.850198
325,12.200000,6.966667,8.677333,0.000000,0.841490
326,12.200000,6.933333,8.718667,0.000000,0.857731
327,12.200000,6.900000,8.753333,0.000000,0.862422
328,12.200000,7.100000,8.724000,0.000000,0.840325
329,12.200000,7.000000,8.750667,0.000000,0.911797
330,12.200000,7.000000,8.753333,0.000000,0.832307
331,12.200000,7.000000,8.743333,0.000000,0.839319
332,12.200000,7.066667,8.730667,0.000000,0.848593
333,12.200000,7.066667,8.754667,0.000000,0.833343
334,12.200000,7.033333,8.733333,0.000000,0.879589
335,12.200000,7.066667,8.731333,0.000000,0.860555
336,12.200000,7.000000,8.718000,0.000000,0.821576
337,12.200000,7.033333,8.742000,0.000000,0.859816
338,12.200000,7.033333,8.766667,0.000000,0.862432
339,12.200000,7.066667,8.715333,0.000000,0.837126
340,12.200000,7.033333,8.742000,0.000000,0.825155
341,12.200000,6.966667,8.769333,0.000000,0.879156
342,12.200000,7.033333,8.728667,0.000000,0.870584
343,12.200000,6.966667,8.753333,0.000000,0.844494
344,12.200000,6.966667,8.739333,0.000000,0.861068
345,12.200000,7.033333,8.744667,0.000000,0.854052
346,12.200000,7.066667,8.726667,0.000000,0.859774
347,12.200000,6.900000,8.716000,0.000000,0.881799
348,12.200000,7.033333,8.748667,0.000000,0.875992
349,12.200000,7.033333,8.727333,0.000000,0.862111
350,12.200000,6.933333,8.752667,0.000000,0.876490
351,12.200000,7.033333,8.696000,0.000000,0.861595
352,12.200000,7.000000,8.724000,0.000000,0.869594
353,12.200000,6.966667,8.765333,0.000000,0.861771
354,12.200000,6.966667,8.735333,0.000000,0.884675
355,12.200000,6.966667,8.732667,0.000000,0.888268
356,12.200000,6.933333,8.723333,0.000000,0.863266
357,12.200000,7.066667,8.780667,0.000000,0.871090
358,12.200000,6.866667,8.686667,0.000000,0.855532
359,12.200000,7.000000,8.728667,0.000000,0.862095
360,12.200000,7.000000,8.722000,0.000000,0.841680
361,12.200000,6.966667,8.734667,0.000000,0.879490
362,12.200000,6.966667,8.728667,0.000000,0.847760
363,12.200000,7.066667,8.776667,0.000000,0.868899
364,12.200000,7.066667,8.756000,0.000000,0.860493
365,12.200000,6.866667,8.711333,0.000000,0.841314
366,12.200000,7.033333,8.744000,0.000000,0.855816
367,12.200000,6.966667,8.742000,0.000000,0.877127
368,12.200000,7.033333,8.731333,0.000000,0.875875
369,12.200000,6.866667,8.708000,0.000000,0.859925
370,12.200000,7.033333,8.770000,0.000000,0.862961
371,12.200000,7.066667,8.711333,0.000000,0.838726
372,12.200000,6.900000,8.697333,0.000000,0.851419
373,12.200000,6.900000,8.728667,0.000000,0.872769
374,12.200000,7.066667,8.736667,0.000000,0.864725
375,12.200000,6.933333,8.695333,0.000000,0.861165
376,12.200000,7.000000,8.738667,0.000000,0.870242
377,12.200000,6.900000,8.756667,0.000000,0.883319
378,12.200000,6.933333,8.756667,0.000000,0.875633
379,12.200000,7.000000,8.725333,0.000000,0.878745
380,12.200000,7.000000,8.680000,0.000000,0.844977
381,12.200000,7.000000,8.745333,0.000000,0.867216
382,12.200000,7.000000,8.762667,0.000000,0.848969
383,12.200000,7.033333,8.689333,0.000000,0.835134
384,12.200000,6.933333,8.731333,0.000000,0.877222
385,12.200000,6.966667,8.736000,0.000000,0.845316
386,12.200000,7.000000,8.725333,0.000000,0.870516
387,12.200000,6.933333,8.728667,0.000000,0.852419
388,12.200000,7.000000,8.746667,0.000000,0.822603
389,12.200000,6.966667,8.722000,0.000000,0.841861
390,12.200000,6.900000,8.752667,0.000000,0.882106
391,12.200000,7.000000,8.674000,0.000000,0.849771
392,12.200000,6.966667,8.768000,0.000000,0.862264
393,12.200000,7.066667,8.742000,0.000000,0.839606
394,12.200000,6.933333,8.757333,0.000000,0.866261
395,12.200000,7.100000,8.734000,0.000000,0.817393
396,12.200000,7.033333,8.718667,0.000000,0.833404
397,12.233333,7.066667,8.730000,0.000000,0.853483
398,12.233333,6.900000,8.724000,0.000000,0.888541
399,12.233333,7.000000,8.738000,0.000000,0.861642
400,12.233333,7.000000,8.774667,0.000000,0.864179
401,12.233333,7.000000,8.722667,0.000000,0.876601
402,12.233333,7.000000,8.740000,0.000000,0.863510
403,12.233333,6.933333,8.740667,0.000000,0.871303
404,12.233333,6.933333,8.714667,0.000000,0.873456
405,12.233333,6.966667,8.715333,0.000000,0.859753
406,12.233333,6.966667,8.738667,0.000000,0.893016
407,12.233333,7.066667,8.746000,0.000000,0.853869
408,12.233333,7.033333,8.710000,0.000000,0.865537
409,12.233333,7.033333,8.771333,0.000000,0.845523
410,12.233333,6.966667,8.711333,0.000000,0.830745
411,12.233333,7.000000,8.742667,0.000000,0.845345
412,12.233333,6.966667,8.756667,0.000000,0.864897
413,12.233333,7.000000,8.739333,0.000000,0.835411
414,12.233333,6.966667,8.694667,0.000000,0.871683
415,12.233333,6.933333,8.706667,0.000000,0.857934
416,12.233333,7.000000,8.748000,0.000000,0.862118
417,12.233333,7.066667,8.764667,0.000000,0.875949
418,12.233333,6.966667,8.708000,0.000000,0.852730
419,12.233333,7.033333,8.749333,0.000000,0.847596
420,12.233333,6.933333,8.757333,0.000000,0.883097
421,12.233333,6.933333,8.734000,0.000000,0.849234
422,12.233333,6.966667,8.707333,0.000000,0.884639
423,12.233333,6.966667,8.688667,0.000000,0.857239
424,12.233333,6.966667,8.755333,0.000000,0.868684
425,12.233333,7.000000,8.740667,0.000000,0.847058
426,12.233333,7.066667,8.740667,0.000000,0.846460
427,12.233333,6.866667,8.732667,0.000000,0.858936
428,12.233333,7.000000,8.743333,0.000000,0.917543
429,12.233333,7.033333,8.750000,0.000000,0.870799
430,12.233333,7.166667,8.728667,0.000000,0.856247
431,12.233333,7.000000,8.757333,0.000000,0.869113
432,12.233333,7.033333,8.743333,0.000000,0.885390
433,12.233333,7.033333,8.755333,0.000000,0.858620
434,12.233333,6.866667,8.714667,0.000000,0.864553
435,12.233333,6.933333,8.702000,0.000000,0.838425
436,12.233333,7.033333,8.757333,0.000000,0.873773
437,12.233333,7.000000,8.736000,0.000000,0.870447
438,12.233333,7.000000,8.715333,0.000000,0.851093
439,12.233333,7.000000,8.697333,0.000000,0.845319
440,12.233333,6.966667,8.764000,0.000000,0.876682
441,12.233333,6.900000,8.729333,0.000000,0.854369
442,12.266667,7.000000,8.756000,0.000000,0.840726
443,12.266667,7.000000,8.740667,0.000000,0.841972
444,12.266667,7.000000,8.674000,0.000000,0.854572
445,12.266667,7.000000,8.708667,0.000000,0.853269
446,12.266667,6.866667,8.696667,0.000000,0.882988
447,12.266667,6.900000,8.779333,0.000000,0.857208
448,12.266667,6.966667,8.726000,0.000000,0.858322
449,12.266667,7.033333,8.715333,0.000000,0.851972
450,12.266667,6.966667,8.719333,0.000000,0.881409
451,12.266667,6.966667,8.763333,0.000000,0.850840
452,12.266667,6.933333,8.708000,0.000000,0.848963
453,12.266667,6.966667,8.712667,0.000000,0.864207
454,12.266667,7.066667,8.727333,0.000000,0.856301
455,12.266667,7.000000,8.738667,0.000000,0.841854
456,12.266667,6.966667,8.707333,0.000000,0.869607
457,12.266667,7.033333,8.738000,0.000000,0.829359
458,12.266667,6.900000,8.758667,0.000000,0.866259
459,12.266667,6.966667,8.738000,0.000000,0.828231
460,12.266667,6.900000,8.728000,0.000000,0.897022
461,12.300000,7.000000,8.738667,0.000000,0.883265
462,12.300000,7.133333,8.714000,0.000000,0.837086
463,12.300000,7.066667,8.710000,0.000000,0.857119
464,12.300000,6.966667,8.723333,0.000000,0.868497
465,12.300000,7.000000,8.728000,0.000000,0.852805
466,12.300000,6.966667,8.762667,0.000000,0.840413
467,12.300000,6.933333,8.710667,0.000000,0.849393
468,12.300000,6.866667,8.724667,0.000000,0.890361
469,12.300000,7.066667,8.766667,0.000000,0.838786
470,12.300000,6.966667,8.744667,0.000000,0.867002
471,12.300000,7.000000,8.714000,0.000000,0.867238
472,12.300000,6.966667,8.785333,0.000000,0.863895
473,12.300000,7.033333,8.694000,0.000000,0.853543
474,12.300000,6.966667,8.706667,0.000000,0.861082
475,12.300000,6.966667,8.738000,0.000000,0.883102
476,12.300000,6.933333,8.774000,0.000000,0.852318
477,12.300000,7.000000,8.770667,0.000000,0.856757
478,12.300000,6.900000,8.711333,0.000000,0.880517
479,12.300000,7.066667,8.732000,0.000000,0.872547
480,12.333333,6.933333,8.741333,0.000000,0.880703
481,12.333333,7.066667,8.727333,0.000000,0.844912
482,12.333333,6.900000,8.754000,0.000000,0.879259
483,12.333333,6.933333,8.718667,0.000000,0.849832
484,12.333333,6.900000,8.712000,0.000000,0.879343
485,12.333333,6.966667,8.723333,0.000000,0.897717
486,12.333333,7.033333,8.711333,0.000000,0.858081
487,12.333333,7.133333,8.762667,0.000000,0.866182
488,12.333333,7.033333,8.764000,0.000000,0.867059
489,12.333333,7.033333,8.756000,0.000000,0.834128
490,12.333333,7.066667,8.746667,0.000000,0.873490
491,12.333333,6.900000,8.718667,0.000000,0.866772
492,12.333333,6.900000,8.788000,0.000000,0.880712
493,12.333333,7.000000,8.734667,0.000000,0.874353
494,12.333333,7.066667,8.759333,0.000000,0.844195
495,12.333333,6.966667,8.703333,0.000000,0.859151
496,12.333333,6.933333,8.694000,0.000000,0.860437
497,12.333333,7.000000,8.750667,0.000000,0.874781
498,12.333333,7.000000,8.730667,0.000000,0.869105
499,12.333333,6.966667,8.714667,0.000000,0.860218
500,12.333333,6.966667,8.686667,0.000000,0.856315
BestSdev: 0.198253, Time: 10m6.942707721s