gen,best,worst,mean,rep,sdev
1,11.466667,6.766667,8.749933,0.000000,0.877347
2,11.700000,6.433333,8.742133,0.000000,0.870328
3,11.866667,6.566667,8.732400,0.000000,0.868775
4,11.900000,6.733333,8.727733,0.000000,0.867471
5,11.900000,6.533333,8.727533,0.000000,0.869746
6,11.933333,6.733333,8.724533,0.000000,0.869724
7,11.966667,6.633333,8.741267,0.000000,0.870484
8,12.033333,6.500000,8.746400,0.000000,0.868026
9,12.033333,6.566667,8.727133,0.033333,0.874412
10,12.033333,6.566667,8.724667,0.033333,0.872967
11,12.066667,6.566667,8.727733,0.000000,0.870690
12,12.066667,6.600000,8.740333,0.000000,0.867269
13,12.100000,6.600000,8.731200,0.000000,0.867227
14,12.100000,6.433333,8.715933,0.000000,0.872478
15,12.100000,6.566667,8.727133,0.000000,0.874052
16,12.100000,6.533333,8.726733,0.033333,0.864849
17,12.133333,6.600000,8.733533,0.000000,0.866706
18,12.133333,6.466667,8.723933,0.000000,0.866609
19,12.133333,6.600000,8.742000,0.000000,0.867036
20,12.133333,6.600000,8.717733,0.000000,0.872289
21,12.133333,6.533333,8.747467,0.000000,0.868773
22,12.133333,6.666667,8.733733,0.000000,0.877395
23,12.166667,6.500000,8.742333,0.000000,0.871082
24,12.166667,6.533333,8.738600,0.000000,0.877723
25,12.166667,6.700000,8.734200,0.000000,0.865813
26,12.200000,6.600000,8.735800,0.000000,0.872528
27,12.200000,6.633333,8.730533,0.000000,0.867906
28,12.200000,6.633333,8.734800,0.033333,0.870207
29,12.200000,6.733333,8.739800,0.000000,0.866686
30,12.200000,6.600000,8.731933,0.000000,0.868952
31,12.233333,6.533333,8.724000,0.000000,0.867573
32,12.233333,6.600000,8.742000,0.000000,0.874033
33,12.233333,6.600000,8.732533,0.000000,0.868795
34,12.233333,6.600000,8.734400,0.000000,0.871385
35,12.266667,6.533333,8.731467,0.000000,0.875999
36,12.266667,6.433333,8.733800,0.000000,0.870659
37,12.300000,6.600000,8.734933,0.000000,0.869014
38,12.300000,6.600000,8.738600,0.000000,0.866082
39,12.300000,6.733333,8.726267,0.000000,0.867587
40,12.300000,6.466667,8.731867,0.000000,0.875786
41,12.300000,6.733333,8.748200,0.000000,0.866044
42,12.300000,6.566667,8.741200,0.000000,0.869009
43,12.300000,6.466667,8.736267,0.000000,0.872481
44,12.300000,6.633333,8.742200,0.000000,0.877622
45,12.300000,6.400000,8.724800,0.000000,0.874541
46,12.300000,6.600000,8.731267,0.000000,0.870896
47,12.300000,6.600000,8.735467,0.000000,0.867042
48,12.333333,6.566667,8.726000,0.000000,0.874973
49,12.366667,6.633333,8.723800,0.000000,0.865358
50,12.366667,6.566667,8.737867,0.000000,0.872995
BestSdev: 0.171172, Time: 9m6.895311516s