gen,best,worst,mean,rep,sdev
1,10.433333,7.166667,8.728333,0.000000,0.877486
2,10.533333,7.266667,8.728333,0.000000,0.837863
3,10.666667,7.300000,8.696667,0.000000,0.860238
4,10.833333,7.366667,8.725000,0.000000,0.833725
5,10.900000,7.300000,8.753333,0.000000,0.828687
6,11.033333,7.300000,8.775000,0.000000,0.857269
7,11.066667,7.233333,8.755000,0.000000,0.858095
8,11.066667,7.133333,8.653333,0.000000,0.866648
9,11.066667,7.300000,8.756667,0.000000,0.811078
10,11.166667,7.133333,8.756667,0.000000,0.875073
11,11.166667,7.333333,8.728333,0.000000,0.817330
12,11.166667,7.300000,8.771667,0.000000,0.882589
13,11.200000,7.366667,8.796667,0.000000,0.823522
14,11.233333,7.166667,8.678333,0.000000,0.855164
15,11.233333,7.266667,8.701667,0.000000,0.824276
16,11.233333,7.233333,8.710000,0.000000,0.836126
17,11.233333,7.400000,8.768333,0.000000,0.807554
18,11.233333,7.300000,8.720000,0.000000,0.795838
19,11.233333,7.300000,8.723333,0.000000,0.841169
20,11.233333,7.333333,8.743333,0.000000,0.838409
21,11.233333,7.100000,8.705000,0.000000,0.875507
22,11.233333,7.166667,8.685000,0.000000,0.822701
23,11.333333,7.300000,8.745000,0.000000,0.879288
24,11.333333,7.266667,8.668333,0.000000,0.830609
25,11.366667,7.166667,8.675000,0.000000,0.880075
26,11.366667,7.300000,8.678333,0.000000,0.808273
27,11.366667,7.300000,8.750000,0.000000,0.833158
28,11.400000,7.366667,8.715000,0.000000,0.818785
29,11.400000,7.233333,8.701667,0.000000,0.845903
30,11.400000,7.200000,8.736667,0.000000,0.825972
31,11.433333,7.500000,8.768333,0.000000,0.785148
32,11.466667,7.300000,8.728333,0.000000,0.858203
33,11.466667,7.266667,8.770000,0.000000,0.836953
34,11.466667,7.233333,8.710000,0.000000,0.830696
35,11.466667,7.300000,8.723333,0.000000,0.872771
36,11.533333,7.133333,8.730000,0.000000,0.890354
37,11.533333,7.200000,8.728333,0.000000,0.871213
38,11.600000,7.333333,8.703333,0.000000,0.815787
39,11.600000,7.233333,8.713333,0.000000,0.845003
40,11.600000,7.166667,8.730000,0.000000,0.885671
41,11.633333,7.300000,8.756667,0.000000,0.888426
42,11.633333,7.266667,8.778333,0.000000,0.843064
43,11.633333,7.466667,8.818333,0.000000,0.843648
44,11.633333,7.233333,8.750000,0.000000,0.854653
45,11.633333,7.333333,8.768333,0.000000,0.861898
46,11.633333,7.100000,8.683333,0.000000,0.868130
47,11.666667,7.233333,8.723333,0.000000,0.830608
48,11.666667,7.333333,8.783333,0.000000,0.838589
49,11.666667,7.266667,8.766667,0.000000,0.826589
50,11.700000,7.300000,8.743333,0.000000,0.864866
BestSdev: 0.290432, Time: 27.917475344s