gen,best,worst,mean,rep,sdev
1,11.166667,6.933333,8.743000,0.000000,0.877985
2,11.266667,6.733333,8.741667,0.000000,0.867259
3,11.300000,6.733333,8.718833,0.000000,0.853674
4,11.533333,6.833333,8.735500,0.033333,0.884057
5,11.566667,6.800000,8.720000,0.000000,0.867253
6,11.600000,6.800000,8.735667,0.000000,0.856941
7,11.666667,6.866667,8.722333,0.000000,0.863712
8,11.766667,6.900000,8.733500,0.000000,0.867624
9,11.866667,6.866667,8.733667,0.000000,0.860305
10,11.866667,6.700000,8.744500,0.000000,0.867895
11,11.933333,6.900000,8.733000,0.000000,0.852081
12,11.933333,6.800000,8.737833,0.000000,0.879770
13,11.933333,6.800000,8.742833,0.000000,0.858813
14,11.933333,6.833333,8.728333,0.000000,0.862283
15,11.933333,6.600000,8.709833,0.000000,0.856257
16,11.966667,6.866667,8.722667,0.000000,0.877048
17,11.966667,6.733333,8.718833,0.000000,0.861618
18,12.033333,6.633333,8.732833,0.000000,0.865336
19,12.033333,6.866667,8.718333,0.000000,0.876248
20,12.033333,6.866667,8.750167,0.000000,0.876665
21,12.033333,6.700000,8.759833,0.000000,0.859009
22,12.033333,6.766667,8.742833,0.000000,0.865670
23,12.033333,6.833333,8.731667,0.000000,0.878252
24,12.033333,6.766667,8.735833,0.000000,0.872623
25,12.033333,6.833333,8.736500,0.000000,0.872012
26,12.033333,6.766667,8.746333,0.000000,0.871979
27,12.033333,6.666667,8.749167,0.000000,0.871215
28,12.033333,6.800000,8.734500,0.000000,0.879318
29,12.033333,6.700000,8.754500,0.000000,0.865971
30,12.033333,6.800000,8.716667,0.000000,0.854882
31,12.033333,6.733333,8.737167,0.000000,0.880820
32,12.033333,6.733333,8.747000,0.000000,0.876401
33,12.033333,6.766667,8.743000,0.000000,0.866654
34,12.033333,6.733333,8.744000,0.000000,0.875527
35,12.033333,6.866667,8.735833,0.000000,0.866771
36,12.066667,6.800000,8.736000,0.000000,0.865064
37,12.066667,6.600000,8.757833,0.000000,0.882891
38,12.066667,6.766667,8.722833,0.000000,0.866380
39,12.066667,6.866667,8.754667,0.000000,0.860311
40,12.066667,6.766667,8.734167,0.000000,0.875998
41,12.066667,6.900000,8.748333,0.000000,0.879737
42,12.066667,6.600000,8.728000,0.000000,0.877332
43,12.066667,6.766667,8.731167,0.000000,0.876988
44,12.066667,6.900000,8.742667,0.000000,0.874166
45,12.066667,6.733333,8.723000,0.000000,0.875110
46,12.066667,6.800000,8.734667,0.000000,0.883085
47,12.100000,6.833333,8.755333,0.000000,0.867953
48,12.100000,6.700000,8.734833,0.000000,0.865326
49,12.100000,6.833333,8.743833,0.000000,0.876403
50,12.100000,6.800000,8.738333,0.000000,0.879143
51,12.100000,6.733333,8.732833,0.000000,0.883524
52,12.100000,6.800000,8.724500,0.000000,0.861501
53,12.100000,6.866667,8.741667,0.000000,0.863017
54,12.100000,6.666667,8.735000,0.000000,0.879472
55,12.100000,6.833333,8.735833,0.000000,0.863239
56,12.100000,6.833333,8.734333,0.000000,0.874515
57,12.100000,6.866667,8.715667,0.000000,0.873148
58,12.100000,6.800000,8.764667,0.000000,0.868780
59,12.100000,6.900000,8.747500,0.000000,0.867210
60,12.100000,6.733333,8.746500,0.000000,0.876140
61,12.100000,6.900000,8.750000,0.000000,0.863334
62,12.100000,6.833333,8.730167,0.000000,0.865529
63,12.100000,6.866667,8.740333,0.000000,0.876803
64,12.100000,6.866667,8.743500,0.000000,0.868028
65,12.100000,6.666667,8.727833,0.000000,0.872728
66,12.100000,6.866667,8.723500,0.000000,0.864625
67,12.100000,6.866667,8.736333,0.000000,0.869256
68,12.100000,6.833333,8.729000,0.000000,0.856321
69,12.100000,6.900000,8.749667,0.000000,0.878926
70,12.100000,6.800000,8.736500,0.000000,0.862766
71,12.100000,6.633333,8.731667,0.000000,0.879261
72,12.100000,6.800000,8.729667,0.000000,0.876027
73,12.100000,6.833333,8.750000,0.000000,0.876768
74,12.100000,6.733333,8.723333,0.000000,0.865561
75,12.100000,6.800000,8.742167,0.000000,0.882879
76,12.100000,6.800000,8.735833,0.000000,0.873677
77,12.100000,6.833333,8.717000,0.000000,0.879688
78,12.100000,6.900000,8.736500,0.000000,0.859982
79,12.100000,6.900000,8.747000,0.000000,0.865260
80,12.100000,6.766667,8.728000,0.000000,0.863130
81,12.100000,6.733333,8.727500,0.000000,0.875855
82,12.100000,6.900000,8.735833,0.000000,0.862972
83,12.100000,6.800000,8.717000,0.033333,0.871308
84,12.100000,6.733333,8.735500,0.000000,0.875985
85,12.100000,6.866667,8.731500,0.000000,0.862421
86,12.100000,6.733333,8.719833,0.000000,0.866623
87,12.100000,6.700000,8.729667,0.000000,0.867557
88,12.100000,6.766667,8.732167,0.000000,0.884930
89,12.100000,6.866667,8.724167,0.000000,0.867426
90,12.133333,6.933333,8.734833,0.000000,0.879959
91,12.133333,6.800000,8.718333,0.000000,0.867949
92,12.133333,6.733333,8.737500,0.000000,0.872438
93,12.133333,6.766667,8.710000,0.000000,0.868951
94,12.133333,6.900000,8.732833,0.000000,0.860208
95,12.133333,6.766667,8.718167,0.000000,0.867050
96,12.133333,6.766667,8.744667,0.000000,0.879909
97,12.133333,6.833333,8.724833,0.000000,0.865348
98,12.133333,6.866667,8.749167,0.000000,0.871033
99,12.133333,6.833333,8.735000,0.000000,0.868331
100,12.133333,6.833333,8.735667,0.000000,0.877666
101,12.133333,6.666667,8.732500,0.000000,0.872062
102,12.133333,6.800000,8.736167,0.000000,0.867485
103,12.133333,6.866667,8.746000,0.000000,0.880750
104,12.166667,6.766667,8.737667,0.000000,0.881521
105,12.166667,6.833333,8.708500,0.000000,0.866019
106,12.166667,6.800000,8.754000,0.000000,0.876090
107,12.166667,6.800000,8.735833,0.000000,0.863031
108,12.166667,6.766667,8.733833,0.000000,0.863922
109,12.166667,6.866667,8.748500,0.000000,0.864587
110,12.166667,6.833333,8.728500,0.000000,0.854074
111,12.166667,6.800000,8.726333,0.000000,0.867679
112,12.166667,6.900000,8.748000,0.000000,0.860704
113,12.166667,6.866667,8.732000,0.000000,0.870325
114,12.166667,6.833333,8.723333,0.000000,0.868857
115,12.166667,6.766667,8.731167,0.000000,0.870126
116,12.166667,6.800000,8.747167,0.000000,0.866712
117,12.166667,6.833333,8.740167,0.000000,0.862657
118,12.166667,6.800000,8.729500,0.000000,0.868907
119,12.166667,6.866667,8.739667,0.000000,0.871188
120,12.166667,6.833333,8.734667,0.000000,0.864970
121,12.166667,6.900000,8.731667,0.000000,0.863689
122,12.166667,6.800000,8.734000,0.000000,0.874984
123,12.166667,6.800000,8.749667,0.000000,0.868419
124,12.166667,6.733333,8.749500,0.000000,0.868591
125,12.166667,6.833333,8.724667,0.000000,0.866172
126,12.166667,6.866667,8.714000,0.000000,0.863273
127,12.166667,6.766667,8.734333,0.000000,0.873196
128,12.166667,6.766667,8.745000,0.000000,0.859017
129,12.166667,6.800000,8.728333,0.000000,0.877523
130,12.166667,6.733333,8.735500,0.000000,0.865961
131,12.166667,6.733333,8.716000,0.000000,0.868891
132,12.166667,6.733333,8.741500,0.000000,0.884319
133,12.166667,6.966667,8.748667,0.000000,0.882570
134,12.166667,6.900000,8.736833,0.000000,0.875119
135,12.166667,6.866667,8.717333,0.000000,0.882310
136,12.166667,6.733333,8.725000,0.000000,0.867579
137,12.166667,6.733333,8.745833,0.000000,0.878528
138,12.166667,6.900000,8.722667,0.000000,0.856172
139,12.166667,6.733333,8.723333,0.000000,0.870351
140,12.166667,6.833333,8.721167,0.000000,0.867526
141,12.166667,6.900000,8.730500,0.000000,0.866525
142,12.166667,6.733333,8.735333,0.000000,0.857085
143,12.166667,6.766667,8.729833,0.000000,0.871802
144,12.166667,6.833333,8.729833,0.000000,0.871377
145,12.166667,6.733333,8.721167,0.000000,0.854866
146,12.166667,6.766667,8.730333,0.000000,0.865744
147,12.166667,6.800000,8.740333,0.000000,0.852568
148,12.166667,6.900000,8.731833,0.000000,0.859649
149,12.166667,6.833333,8.740667,0.000000,0.872661
150,12.166667,6.766667,8.715833,0.000000,0.857579
151,12.166667,6.733333,8.736833,0.000000,0.861812
152,12.200000,6.833333,8.721333,0.000000,0.862819
153,12.200000,6.833333,8.750833,0.000000,0.864098
154,12.200000,6.666667,8.732500,0.000000,0.871623
155,12.200000,6.966667,8.725000,0.000000,0.851440
156,12.200000,6.800000,8.722000,0.000000,0.862381
157,12.200000,6.800000,8.736833,0.000000,0.869256
158,12.233333,6.800000,8.720500,0.000000,0.863071
159,12.266667,6.800000,8.742333,0.000000,0.879454
160,12.300000,6.733333,8.721000,0.000000,0.865834
161,12.300000,6.800000,8.710667,0.000000,0.867029
162,12.300000,6.933333,8.719833,0.000000,0.846936
163,12.300000,6.666667,8.724667,0.000000,0.864823
164,12.300000,6.666667,8.718167,0.000000,0.878705
165,12.300000,6.733333,8.737167,0.000000,0.878005
166,12.333333,6.800000,8.726167,0.000000,0.870202
167,12.333333,6.900000,8.737167,0.000000,0.869110
168,12.333333,6.766667,8.728667,0.000000,0.860665
169,12.333333,6.900000,8.729667,0.000000,0.857015
170,12.333333,6.900000,8.736000,0.000000,0.877924
171,12.333333,6.800000,8.712000,0.000000,0.861341
172,12.333333,6.833333,8.735000,0.000000,0.890568
173,12.333333,6.833333,8.739000,0.000000,0.881827
174,12.333333,6.800000,8.744667,0.000000,0.875462
175,12.333333,6.833333,8.737000,0.000000,0.868663
176,12.333333,6.733333,8.726333,0.000000,0.871852
177,12.366667,6.866667,8.715167,0.000000,0.870894
178,12.366667,6.766667,8.755167,0.000000,0.868948
179,12.366667,6.800000,8.740500,0.000000,0.864523
180,12.366667,6.800000,8.728667,0.000000,0.881391
181,12.400000,6.566667,8.724333,0.000000,0.871360
182,12.400000,6.900000,8.739167,0.000000,0.869856
183,12.400000,6.766667,8.724167,0.033333,0.879607
184,12.400000,6.866667,8.724000,0.000000,0.877194
185,12.400000,6.933333,8.732667,0.000000,0.867126
186,12.400000,6.833333,8.737000,0.000000,0.877180
187,12.400000,6.733333,8.716500,0.000000,0.875129
188,12.400000,6.800000,8.740667,0.000000,0.863294
189,12.400000,6.766667,8.740167,0.000000,0.862761
190,12.400000,6.833333,8.737667,0.000000,0.867230
191,12.400000,6.800000,8.732000,0.000000,0.864583
192,12.400000,6.866667,8.749833,0.000000,0.874324
193,12.400000,6.833333,8.744000,0.000000,0.870659
194,12.400000,6.866667,8.733000,0.000000,0.880469
195,12.400000,6.866667,8.735333,0.000000,0.872939
196,12.400000,6.666667,8.744000,0.000000,0.874295
197,12.400000,6.800000,8.734000,0.000000,0.872416
198,12.400000,6.733333,8.725000,0.000000,0.863915
199,12.400000,6.700000,8.734167,0.000000,0.878784
200,12.400000,6.800000,8.716500,0.000000,0.866060
201,12.400000,6.700000,8.740167,0.000000,0.885326
202,12.400000,6.766667,8.725167,0.000000,0.864204
203,12.400000,6.766667,8.715333,0.000000,0.859981
204,12.400000,6.866667,8.729833,0.000000,0.869014
205,12.400000,6.800000,8.736667,0.000000,0.861741
206,12.400000,6.866667,8.737333,0.000000,0.882083
207,12.400000,6.833333,8.728167,0.000000,0.868533
208,12.400000,6.766667,8.751667,0.000000,0.867965
209,12.400000,6.666667,8.727667,0.000000,0.863262
210,12.400000,6.766667,8.748000,0.000000,0.887549
211,12.400000,6.766667,8.708333,0.000000,0.876417
212,12.400000,6.766667,8.739500,0.000000,0.868539
213,12.400000,6.800000,8.733333,0.000000,0.871087
214,12.400000,6.866667,8.719667,0.000000,0.860022
215,12.400000,6.633333,8.749833,0.000000,0.876201
216,12.400000,6.833333,8.730000,0.000000,0.870651
217,12.400000,6.800000,8.721000,0.000000,0.860006
218,12.400000,6.666667,8.747500,0.000000,0.885931
219,12.400000,6.833333,8.749667,0.000000,0.873941
220,12.400000,6.833333,8.715667,0.000000,0.872494
221,12.400000,6.866667,8.704167,0.000000,0.855021
222,12.400000,6.900000,8.752667,0.000000,0.877220
223,12.400000,6.866667,8.735333,0.000000,0.870907
224,12.400000,6.666667,8.750333,0.000000,0.862052
225,12.400000,6.800000,8.746167,0.000000,0.873587
226,12.400000,6.900000,8.740333,0.000000,0.865319
227,12.400000,6.900000,8.737500,0.000000,0.859486
228,12.400000,6.800000,8.726667,0.000000,0.875452
229,12.400000,6.833333,8.736500,0.000000,0.865181
230,12.400000,6.733333,8.729167,0.000000,0.860293
231,12.400000,6.766667,8.735500,0.000000,0.872877
232,12.400000,6.900000,8.744500,0.000000,0.869130
233,12.400000,6.866667,8.731333,0.000000,0.884858
234,12.400000,6.766667,8.738667,0.000000,0.875525
235,12.400000,6.866667,8.733833,0.000000,0.853907
236,12.400000,6.866667,8.735167,0.000000,0.878311
237,12.400000,6.800000,8.727833,0.000000,0.859310
238,12.400000,6.866667,8.728667,0.000000,0.875722
239,12.400000,6.933333,8.737167,0.000000,0.860464
240,12.400000,6.700000,8.714833,0.000000,0.869260
241,12.400000,6.866667,8.726500,0.000000,0.869873
242,12.400000,6.700000,8.730000,0.000000,0.870476
243,12.400000,6.700000,8.723000,0.000000,0.870539
244,12.400000,6.833333,8.738833,0.000000,0.871436
245,12.400000,6.766667,8.750000,0.000000,0.861038
246,12.400000,6.766667,8.741500,0.000000,0.866358
247,12.400000,6.800000,8.737167,0.000000,0.874115
248,12.400000,6.833333,8.740833,0.000000,0.870169
249,12.400000,6.800000,8.727667,0.000000,0.886645
250,12.400000,6.833333,8.734333,0.000000,0.847406
251,12.400000,6.866667,8.756333,0.000000,0.876207
252,12.400000,6.833333,8.725167,0.000000,0.865460
253,12.433333,6.800000,8.729333,0.000000,0.872944
254,12.433333,6.733333,8.731000,0.000000,0.870045
255,12.433333,6.766667,8.732667,0.000000,0.870629
256,12.433333,6.766667,8.734833,0.000000,0.857225
257,12.433333,6.833333,8.732000,0.000000,0.867515
258,12.433333,6.833333,8.734333,0.000000,0.880204
259,12.433333,6.733333,8.716833,0.000000,0.863639
260,12.433333,6.766667,8.735833,0.000000,0.875786
261,12.466667,6.900000,8.705167,0.000000,0.858169
262,12.466667,6.800000,8.718333,0.000000,0.861729
263,12.466667,6.533333,8.718333,0.000000,0.871796
264,12.466667,6.833333,8.725500,0.000000,0.875660
265,12.466667,6.833333,8.717833,0.000000,0.852283
266,12.466667,6.800000,8.740500,0.000000,0.864877
267,12.466667,6.900000,8.728000,0.000000,0.855638
268,12.466667,6.766667,8.717833,0.000000,0.866687
269,12.466667,6.766667,8.723833,0.000000,0.870946
270,12.466667,6.800000,8.764667,0.000000,0.875830
271,12.466667,6.700000,8.740833,0.000000,0.870178
272,12.466667,6.800000,8.721333,0.000000,0.870425
273,12.466667,6.800000,8.754500,0.000000,0.877957
274,12.466667,6.866667,8.728667,0.000000,0.858120
275,12.466667,6.700000,8.749500,0.000000,0.876722
276,12.466667,6.900000,8.739333,0.000000,0.879858
277,12.466667,6.866667,8.741833,0.000000,0.862792
278,12.466667,6.800000,8.740833,0.000000,0.883106
279,12.466667,6.800000,8.724333,0.000000,0.869312
280,12.466667,6.733333,8.744333,0.000000,0.861876
281,12.466667,6.833333,8.714500,0.000000,0.865596
282,12.466667,6.800000,8.721500,0.000000,0.865028
283,12.466667,6.700000,8.725167,0.000000,0.874068
284,12.466667,6.833333,8.730500,0.000000,0.849599
285,12.466667,6.766667,8.736333,0.000000,0.889123
286,12.466667,6.633333,8.734833,0.000000,0.872309
287,12.466667,6.933333,8.734833,0.000000,0.862528
288,12.466667,6.800000,8.716667,0.000000,0.868917
289,12.466667,6.866667,8.758667,0.000000,0.867220
290,12.466667,6.900000,8.724167,0.000000,0.872687
291,12.466667,6.833333,8.730333,0.000000,0.878412
292,12.466667,6.766667,8.737667,0.000000,0.868772
293,12.466667,6.900000,8.732667,0.000000,0.877854
294,12.466667,6.800000,8.730333,0.000000,0.863679
295,12.466667,6.800000,8.734667,0.000000,0.871614
296,12.466667,6.733333,8.753667,0.000000,0.868698
297,12.466667,7.000000,8.731167,0.000000,0.869096
298,12.466667,6.666667,8.725167,0.000000,0.871789
299,12.466667,6.733333,8.750333,0.000000,0.889621
300,12.466667,6.800000,8.738500,0.000000,0.859281
301,12.466667,6.833333,8.747500,0.000000,0.862977
302,12.466667,6.833333,8.727500,0.000000,0.870053
303,12.466667,6.800000,8.712500,0.000000,0.860572
304,12.466667,6.766667,8.716000,0.000000,0.864696
305,12.466667,6.900000,8.726833,0.000000,0.866672
306,12.466667,6.766667,8.740000,0.000000,0.857220
307,12.466667,6.800000,8.733333,0.000000,0.882149
308,12.466667,6.666667,8.737833,0.000000,0.877759
309,12.466667,6.833333,8.742500,0.000000,0.859040
310,12.466667,6.900000,8.731500,0.000000,0.864620
311,12.466667,6.900000,8.746333,0.000000,0.859930
312,12.466667,6.866667,8.729333,0.000000,0.864319
313,12.466667,6.866667,8.722000,0.000000,0.861287
314,12.466667,6.900000,8.727333,0.000000,0.866007
315,12.466667,6.766667,8.719000,0.000000,0.869651
316,12.466667,6.733333,8.739500,0.000000,0.860782
317,12.466667,6.833333,8.752333,0.000000,0.868721
318,12.466667,6.800000,8.730833,0.000000,0.853315
319,12.466667,6.766667,8.729167,0.000000,0.855303
320,12.466667,6.833333,8.738333,0.000000,0.876273
321,12.466667,6.800000,8.726333,0.000000,0.872157
322,12.500000,6.866667,8.733000,0.000000,0.861922
323,12.500000,6.866667,8.761333,0.000000,0.857070
324,12.533333,6.800000,8.737667,0.000000,0.873703
325,12.566667,6.766667,8.752667,0.000000,0.871672
326,12.566667,6.833333,8.722333,0.000000,0.866996
327,12.566667,6.766667,8.752000,0.000000,0.880949
328,12.600000,6.866667,8.731833,0.000000,0.847469
329,12.600000,6.866667,8.732167,0.000000,0.863771
330,12.600000,6.866667,8.727333,0.000000,0.865692
331,12.600000,6.833333,8.729333,0.000000,0.877116
332,12.600000,6.633333,8.728167,0.000000,0.868855
333,12.633333,6.800000,8.727833,0.000000,0.883805
334,12.633333,6.733333,8.734167,0.000000,0.872354
335,12.633333,6.666667,8.749667,0.000000,0.871393
336,12.633333,6.700000,8.723000,0.000000,0.852117
337,12.666667,6.866667,8.733833,0.000000,0.870858
338,12.666667,6.733333,8.739167,0.000000,0.867050
339,12.666667,6.866667,8.740833,0.000000,0.853947
340,12.666667,6.766667,8.746000,0.000000,0.878210
341,12.666667,6.800000,8.723000,0.000000,0.855483
342,12.666667,6.866667,8.740500,0.000000,0.866087
343,12.666667,6.766667,8.745833,0.000000,0.876698
344,12.666667,6.866667,8.731000,0.000000,0.872598
345,12.666667,6.800000,8.739500,0.000000,0.876935
346,12.666667,6.700000,8.714333,0.000000,0.877831
347,12.666667,6.833333,8.717333,0.000000,0.868317
348,12.666667,6.766667,8.735833,0.000000,0.876028
349,12.666667,6.866667,8.720000,0.000000,0.854606
350,12.666667,6.666667,8.742833,0.000000,0.883754
351,12.666667,6.833333,8.729000,0.000000,0.877137
352,12.700000,6.900000,8.732667,0.000000,0.862959
353,12.700000,6.900000,8.724333,0.000000,0.864270
354,12.700000,6.833333,8.730500,0.000000,0.860693
355,12.700000,6.766667,8.725167,0.000000,0.854237
356,12.700000,6.866667,8.737333,0.000000,0.867671
357,12.700000,6.900000,8.744000,0.000000,0.874270
358,12.700000,6.866667,8.754833,0.000000,0.877283
359,12.700000,6.666667,8.738000,0.000000,0.882022
360,12.700000,6.833333,8.725833,0.000000,0.861584
361,12.700000,6.766667,8.742333,0.000000,0.880926
362,12.700000,6.866667,8.741000,0.000000,0.878957
363,12.700000,6.800000,8.745833,0.000000,0.868792
364,12.700000,6.800000,8.723833,0.000000,0.871557
365,12.700000,6.866667,8.746000,0.000000,0.880368
366,12.700000,6.800000,8.743667,0.000000,0.854454
367,12.700000,6.666667,8.738333,0.000000,0.872710
368,12.700000,6.866667,8.731667,0.000000,0.879705
369,12.700000,6.866667,8.738333,0.000000,0.860917
370,12.700000,6.866667,8.722667,0.000000,0.873799
371,12.700000,6.866667,8.731500,0.000000,0.876270
372,12.700000,6.800000,8.719167,0.000000,0.863166
373,12.700000,6.800000,8.737167,0.000000,0.864518
374,12.700000,6.666667,8.732500,0.000000,0.859876
375,12.700000,6.733333,8.745167,0.000000,0.870922
376,12.700000,6.766667,8.739833,0.000000,0.882993
377,12.700000,6.800000,8.728000,0.000000,0.865097
378,12.700000,6.800000,8.733333,0.000000,0.868003
379,12.700000,6.700000,8.738667,0.000000,0.866309
380,12.700000,6.766667,8.749667,0.000000,0.880123
381,12.700000,6.866667,8.714500,0.000000,0.878126
382,12.700000,6.766667,8.720833,0.000000,0.854272
383,12.700000,6.766667,8.729333,0.000000,0.874914
384,12.700000,6.800000,8.731000,0.000000,0.863219
385,12.700000,6.733333,8.737167,0.000000,0.874080
386,12.700000,6.866667,8.738167,0.000000,0.883310
387,12.700000,6.866667,8.750333,0.000000,0.858673
388,12.700000,6.833333,8.746167,0.000000,0.880097
389,12.700000,6.700000,8.748000,0.000000,0.894749
390,12.700000,6.800000,8.725667,0.033333,0.863396
391,12.700000,6.833333,8.747667,0.000000,0.861847
392,12.700000,6.766667,8.715667,0.000000,0.866113
393,12.700000,6.700000,8.732667,0.000000,0.873687
394,12.700000,6.733333,8.727500,0.000000,0.868347
395,12.700000,6.900000,8.729500,0.000000,0.876148
396,12.700000,6.800000,8.722833,0.000000,0.859245
397,12.700000,6.700000,8.730667,0.000000,0.883030
398,12.700000,6.700000,8.737167,0.000000,0.860696
399,12.700000,6.700000,8.729833,0.000000,0.867203
400,12.700000,6.666667,8.725167,0.000000,0.868798
401,12.700000,6.733333,8.714667,0.000000,0.868819
402,12.700000,6.833333,8.733500,0.000000,0.869801
403,12.700000,6.866667,8.728500,0.000000,0.858276
404,12.700000,6.700000,8.712833,0.000000,0.870759
405,12.700000,6.833333,8.737833,0.000000,0.866962
406,12.700000,6.900000,8.745833,0.000000,0.871735
407,12.700000,6.766667,8.747833,0.000000,0.876857
408,12.700000,6.733333,8.741500,0.000000,0.874314
409,12.700000,6.800000,8.745333,0.000000,0.870208
410,12.700000,6.833333,8.725833,0.000000,0.867658
411,12.700000,6.866667,8.743333,0.000000,0.870882
412,12.700000,6.766667,8.715000,0.000000,0.863255
413,12.700000,6.800000,8.738167,0.000000,0.880407
414,12.700000,6.900000,8.746000,0.000000,0.881816
415,12.700000,6.800000,8.720000,0.000000,0.878710
416,12.700000,6.866667,8.719500,0.000000,0.874038
417,12.700000,6.733333,8.712667,0.000000,0.860116
418,12.700000,6.800000,8.757833,0.000000,0.872348
419,12.700000,6.566667,8.722000,0.000000,0.868695
420,12.700000,6.833333,8.743833,0.000000,0.867907
421,12.700000,6.733333,8.736667,0.000000,0.871167
422,12.700000,6.766667,8.730000,0.000000,0.871354
423,12.700000,6.733333,8.746000,0.000000,0.869408
424,12.700000,6.800000,8.729167,0.000000,0.868179
425,12.700000,6.800000,8.725500,0.000000,0.866096
426,12.700000,6.666667,8.741333,0.000000,0.876225
427,12.700000,6.733333,8.710000,0.000000,0.877048
428,12.700000,6.700000,8.730667,0.000000,0.866898
429,12.700000,6.633333,8.733000,0.000000,0.881593
430,12.700000,6.800000,8.716833,0.000000,0.853769
431,12.700000,6.833333,8.733500,0.000000,0.854111
432,12.700000,6.833333,8.732167,0.000000,0.855649
433,12.700000,6.800000,8.727167,0.000000,0.864119
434,12.700000,6.733333,8.734500,0.033333,0.874273
435,12.700000,6.800000,8.724000,0.000000,0.868057
436,12.700000,6.866667,8.727667,0.000000,0.850381
437,12.700000,6.866667,8.728167,0.000000,0.863958
438,12.700000,6.833333,8.748500,0.000000,0.871570
439,12.700000,6.866667,8.742833,0.000000,0.870922
440,12.700000,6.766667,8.747000,0.000000,0.878604
441,12.700000,6.833333,8.709000,0.000000,0.877191
442,12.700000,6.866667,8.742000,0.000000,0.884372
443,12.700000,6.800000,8.741167,0.000000,0.862913
444,12.700000,6.833333,8.699500,0.000000,0.876547
445,12.700000,6.866667,8.730000,0.000000,0.863280
446,12.700000,6.700000,8.731167,0.000000,0.858751
447,12.700000,6.866667,8.731500,0.000000,0.866937
448,12.700000,6.800000,8.749833,0.000000,0.880379
449,12.700000,6.600000,8.724500,0.000000,0.888122
450,12.700000,6.800000,8.723333,0.000000,0.867878
451,12.700000,6.933333,8.737667,0.000000,0.854578
452,12.700000,6.800000,8.733167,0.000000,0.863985
453,12.700000,6.733333,8.732833,0.000000,0.877030
454,12.700000,6.766667,8.734833,0.000000,0.864515
455,12.700000,6.833333,8.742333,0.000000,0.864039
456,12.700000,6.833333,8.731833,0.000000,0.890919
457,12.700000,6.700000,8.742667,0.000000,0.877668
458,12.700000,6.833333,8.720000,0.000000,0.860927
459,12.700000,6.833333,8.733833,0.000000,0.868609
460,12.700000,6.933333,8.737500,0.000000,0.874492
461,12.733333,6.866667,8.754667,0.000000,0.871497
462,12.733333,6.800000,8.744500,0.000000,0.871884
463,12.733333,6.766667,8.747833,0.000000,0.886923
464,12.733333,6.833333,8.734833,0.000000,0.867763
465,12.733333,6.800000,8.734500,0.000000,0.870533
466,12.733333,6.766667,8.731000,0.000000,0.870845
467,12.733333,6.733333,8.730667,0.000000,0.882637
468,12.733333,6.833333,8.720333,0.000000,0.880053
469,12.733333,6.866667,8.714667,0.000000,0.871976
470,12.733333,6.900000,8.720000,0.000000,0.864034
471,12.733333,6.900000,8.734500,0.000000,0.866444
472,12.733333,6.766667,8.734333,0.000000,0.882326
473,12.733333,6.766667,8.726000,0.000000,0.867446
474,12.733333,6.833333,8.727667,0.000000,0.864975
475,12.733333,6.666667,8.727167,0.000000,0.871591
476,12.733333,6.900000,8.722333,0.000000,0.868426
477,12.733333,6.733333,8.720500,0.000000,0.871398
478,12.733333,6.866667,8.719667,0.000000,0.874141
479,12.733333,6.666667,8.743667,0.000000,0.869765
480,12.733333,6.766667,8.744500,0.000000,0.873055
481,12.733333,6.666667,8.740333,0.000000,0.873968
482,12.733333,6.833333,8.734667,0.000000,0.860250
483,12.733333,6.766667,8.730000,0.000000,0.880404
484,12.733333,6.833333,8.730167,0.000000,0.864567
485,12.733333,6.966667,8.739167,0.000000,0.856153
486,12.733333,6.833333,8.743000,0.000000,0.849986
487,12.733333,6.700000,8.720667,0.000000,0.878272
488,12.733333,6.766667,8.713333,0.000000,0.881005
489,12.733333,6.900000,8.744333,0.000000,0.853017
490,12.733333,6.700000,8.712000,0.000000,0.868573
491,12.766667,6.733333,8.749167,0.000000,0.886487
492,12.766667,6.766667,8.749500,0.000000,0.865634
493,12.766667,6.866667,8.732833,0.000000,0.871176
494,12.766667,6.766667,8.725333,0.000000,0.881398
495,12.766667,6.900000,8.732667,0.000000,0.868184
496,12.766667,6.733333,8.743667,0.000000,0.874512
497,12.766667,6.933333,8.732000,0.000000,0.863344
498,12.800000,6.800000,8.726500,0.000000,0.869440
499,12.800000,6.933333,8.737833,0.000000,0.873664
500,12.800000,6.766667,8.725833,0.000000,0.862013
BestSdev: 0.272012, Time: 39m10.237707665s