gen,best,worst,mean,rep,sdev
1,10.833333,6.900000,8.711667,0.000000,0.856438
2,11.066667,6.900000,8.733000,0.000000,0.876613
3,11.233333,7.000000,8.752333,0.000000,0.867338
4,11.333333,6.866667,8.711333,0.000000,0.882070
5,11.366667,6.933333,8.680000,0.000000,0.868536
6,11.366667,6.866667,8.735667,0.000000,0.861153
7,11.400000,6.933333,8.711667,0.000000,0.857055
8,11.533333,6.933333,8.713000,0.000000,0.859612
9,11.533333,6.900000,8.740667,0.000000,0.850226
10,11.566667,6.900000,8.730333,0.000000,0.860213
11,11.600000,6.966667,8.735333,0.000000,0.863972
12,11.600000,6.866667,8.715333,0.000000,0.862081
13,11.666667,6.933333,8.765000,0.000000,0.884015
14,11.666667,6.766667,8.718333,0.000000,0.869816
15,11.700000,6.800000,8.725000,0.000000,0.865597
16,11.766667,6.900000,8.736000,0.000000,0.870025
17,11.766667,6.933333,8.737000,0.000000,0.864142
18,11.766667,6.800000,8.711667,0.000000,0.870887
19,11.766667,6.900000,8.759667,0.000000,0.867581
20,11.833333,6.833333,8.725667,0.000000,0.861319
BestSdev: 0.253744, Time: 41.443113105s