gen,best,worst,mean,rep,sdev
1,10.400000,7.200000,8.693333,0.000000,0.863111
2,10.566667,7.266667,8.771667,0.000000,0.780444
3,10.700000,7.033333,8.638333,0.000000,0.878899
4,10.866667,7.333333,8.718333,0.000000,0.845556
5,10.933333,7.100000,8.755000,0.000000,0.871707
6,11.033333,7.066667,8.701667,0.000000,0.851295
7,11.066667,7.200000,8.696667,0.000000,0.874195
8,11.133333,7.333333,8.731667,0.000000,0.798056
9,11.166667,7.366667,8.683333,0.000000,0.816901
10,11.200000,7.166667,8.683333,0.000000,0.869946
11,11.233333,7.333333,8.748333,0.000000,0.851763
12,11.266667,7.200000,8.721667,0.000000,0.830686
13,11.266667,7.233333,8.678333,0.000000,0.851083
14,11.300000,7.266667,8.733333,0.000000,0.828042
15,11.300000,7.300000,8.743333,0.000000,0.818859
16,11.300000,7.333333,8.700000,0.000000,0.821090
17,11.300000,7.366667,8.738333,0.000000,0.801312
18,11.300000,7.300000,8.751667,0.000000,0.847125
19,11.333333,7.166667,8.730000,0.000000,0.853474
20,11.333333,7.233333,8.690000,0.000000,0.842604
21,11.333333,7.266667,8.708333,0.000000,0.887683
22,11.333333,7.233333,8.756667,0.000000,0.824437
23,11.333333,7.300000,8.773333,0.000000,0.830775
24,11.366667,7.366667,8.736667,0.000000,0.831145
25,11.366667,7.066667,8.751667,0.000000,0.850877
26,11.366667,7.266667,8.706667,0.000000,0.829279
27,11.366667,7.233333,8.678333,0.000000,0.811716
28,11.366667,7.266667,8.706667,0.000000,0.852892
29,11.366667,7.200000,8.725000,0.000000,0.806305
30,11.366667,7.133333,8.743333,0.000000,0.852164
31,11.366667,7.166667,8.698333,0.000000,0.861623
32,11.366667,7.266667,8.691667,0.000000,0.816368
33,11.366667,7.200000,8.678333,0.000000,0.821682
34,11.366667,7.433333,8.768333,0.000000,0.801755
35,11.366667,7.266667,8.748333,0.000000,0.848295
36,11.400000,7.233333,8.776667,0.000000,0.872134
37,11.400000,7.233333,8.803333,0.000000,0.852594
38,11.433333,7.233333,8.756667,0.000000,0.863096
39,11.500000,7.400000,8.796667,0.000000,0.816583
40,11.500000,7.266667,8.725000,0.000000,0.835808
41,11.500000,7.333333,8.740000,0.000000,0.795101
42,11.533333,7.300000,8.750000,0.000000,0.856485
43,11.566667,7.400000,8.743333,0.000000,0.834785
44,11.566667,7.233333,8.730000,0.000000,0.828410
45,11.566667,7.400000,8.721667,0.000000,0.786729
46,11.566667,7.233333,8.751667,0.000000,0.841327
47,11.600000,7.300000,8.735000,0.000000,0.852629
48,11.600000,7.266667,8.751667,0.000000,0.797879
49,11.600000,7.233333,8.746667,0.000000,0.890800
50,11.600000,7.166667,8.715000,0.000000,0.837031
51,11.600000,7.300000,8.836667,0.000000,0.816982
52,11.600000,7.300000,8.731667,0.000000,0.814626
53,11.600000,7.200000,8.778333,0.000000,0.863826
54,11.600000,7.366667,8.720000,0.000000,0.826358
55,11.600000,7.466667,8.785000,0.000000,0.796502
56,11.600000,7.233333,8.738333,0.000000,0.864747
57,11.633333,7.266667,8.711667,0.000000,0.818118
58,11.633333,7.266667,8.755000,0.000000,0.872168
59,11.633333,7.233333,8.723333,0.000000,0.850874
60,11.633333,7.300000,8.696667,0.000000,0.814015
61,11.633333,7.200000,8.803333,0.000000,0.903835
62,11.666667,7.300000,8.786667,0.000000,0.826531
63,11.666667,7.266667,8.708333,0.000000,0.799949
64,11.666667,7.366667,8.803333,0.000000,0.828942
65,11.666667,7.200000,8.730000,0.000000,0.824547
66,11.666667,7.233333,8.770000,0.000000,0.896015
67,11.700000,7.433333,8.760000,0.000000,0.880519
68,11.700000,7.200000,8.688333,0.000000,0.829872
69,11.700000,7.166667,8.676667,0.000000,0.858995
70,11.766667,7.100000,8.795000,0.000000,0.852069
71,11.766667,7.400000,8.810000,0.000000,0.854820
72,11.766667,7.133333,8.723333,0.000000,0.844799
73,11.766667,7.200000,8.733333,0.000000,0.849181
74,11.766667,7.200000,8.730000,0.000000,0.808558
75,11.766667,7.533333,8.808333,0.000000,0.816904
76,11.766667,7.233333,8.726667,0.000000,0.805354
77,11.766667,7.333333,8.676667,0.000000,0.804356
78,11.766667,7.200000,8.730000,0.000000,0.856109
79,11.766667,7.033333,8.655000,0.000000,0.843104
80,11.766667,7.166667,8.691667,0.000000,0.850106
81,11.766667,7.300000,8.723333,0.000000,0.821360
82,11.766667,7.133333,8.731667,0.000000,0.812805
83,11.766667,7.333333,8.685000,0.000000,0.805272
84,11.800000,7.433333,8.763333,0.000000,0.833444
85,11.800000,7.166667,8.755000,0.000000,0.855946
86,11.800000,7.266667,8.765000,0.000000,0.824354
87,11.800000,7.133333,8.655000,0.000000,0.832027
88,11.800000,7.233333,8.690000,0.000000,0.851880
89,11.800000,7.266667,8.716667,0.000000,0.806428
90,11.800000,7.033333,8.721667,0.000000,0.869852
91,11.800000,7.266667,8.733333,0.000000,0.838681
92,11.800000,7.266667,8.766667,0.000000,0.846211
93,11.800000,7.100000,8.698333,0.000000,0.864516
94,11.800000,7.266667,8.720000,0.000000,0.850826
95,11.800000,7.400000,8.773333,0.000000,0.831288
96,11.800000,7.200000,8.786667,0.000000,0.900832
97,11.800000,7.333333,8.773333,0.000000,0.871042
98,11.800000,7.066667,8.698333,0.000000,0.850806
99,11.800000,7.200000,8.700000,0.000000,0.813537
100,11.800000,7.133333,8.751667,0.000000,0.888105
101,11.800000,7.266667,8.685000,0.000000,0.824831
102,11.800000,7.266667,8.826667,0.000000,0.882603
103,11.800000,7.233333,8.723333,0.000000,0.847544
104,11.833333,7.266667,8.735000,0.000000,0.854505
105,11.833333,7.366667,8.758333,0.000000,0.845799
106,11.833333,7.400000,8.721667,0.000000,0.825518
107,11.833333,7.166667,8.720000,0.000000,0.856749
108,11.833333,7.133333,8.743333,0.000000,0.886968
109,11.833333,7.266667,8.706667,0.000000,0.786393
110,11.833333,7.233333,8.718333,0.000000,0.861869
111,11.833333,7.266667,8.668333,0.000000,0.844929
112,11.833333,7.166667,8.696667,0.000000,0.792609
113,11.833333,7.366667,8.741667,0.000000,0.838530
114,11.833333,7.166667,8.736667,0.000000,0.865049
115,11.833333,7.266667,8.761667,0.000000,0.835468
116,11.833333,7.333333,8.720000,0.000000,0.824768
117,11.866667,7.200000,8.726667,0.000000,0.839916
118,11.866667,7.300000,8.735000,0.000000,0.805018
119,11.866667,7.400000,8.808333,0.000000,0.830605
120,11.866667,7.266667,8.755000,0.000000,0.879471
121,11.866667,7.066667,8.705000,0.000000,0.877668
122,11.866667,7.300000,8.705000,0.000000,0.800708
123,11.866667,7.300000,8.736667,0.000000,0.826481
124,11.866667,7.066667,8.721667,0.000000,0.896904
125,11.866667,7.366667,8.788333,0.000000,0.864676
126,11.866667,7.133333,8.740000,0.000000,0.836681
127,11.866667,7.200000,8.748333,0.000000,0.862697
128,11.866667,7.266667,8.726667,0.000000,0.822861
129,11.866667,7.366667,8.788333,0.000000,0.834957
130,11.900000,7.100000,8.698333,0.000000,0.856759
131,11.933333,7.300000,8.785000,0.000000,0.819946
132,11.933333,7.166667,8.770000,0.000000,0.853312
133,11.933333,7.400000,8.825000,0.000000,0.849283
134,11.933333,7.400000,8.763333,0.000000,0.836801
135,11.933333,7.233333,8.723333,0.000000,0.839049
136,11.933333,7.333333,8.790000,0.000000,0.838650
137,11.966667,7.233333,8.760000,0.000000,0.853586
138,11.966667,7.333333,8.768333,0.000000,0.828840
139,11.966667,7.366667,8.743333,0.000000,0.843385
140,11.966667,7.266667,8.731667,0.000000,0.816028
141,11.966667,7.333333,8.815000,0.000000,0.826902
142,11.966667,7.266667,8.713333,0.000000,0.835822
143,11.966667,7.266667,8.733333,0.000000,0.811572
144,11.966667,7.233333,8.753333,0.000000,0.853514
145,11.966667,7.133333,8.673333,0.000000,0.891003
146,11.966667,7.133333,8.743333,0.000000,0.865125
147,11.966667,7.233333,8.656667,0.000000,0.829108
148,11.966667,7.233333,8.705000,0.000000,0.862030
149,11.966667,7.233333,8.738333,0.000000,0.850526
150,12.000000,7.366667,8.780000,0.000000,0.843803
151,12.000000,7.233333,8.701667,0.000000,0.837563
152,12.000000,7.200000,8.786667,0.000000,0.894676
153,12.000000,7.266667,8.736667,0.000000,0.837339
154,12.000000,7.300000,8.790000,0.000000,0.847738
155,12.000000,7.233333,8.751667,0.000000,0.838828
156,12.000000,7.233333,8.750000,0.000000,0.849551
157,12.000000,7.266667,8.760000,0.000000,0.885519
158,12.000000,7.200000,8.766667,0.000000,0.845122
159,12.000000,7.233333,8.700000,0.000000,0.809994
160,12.000000,7.500000,8.706667,0.000000,0.761462
161,12.000000,7.233333,8.768333,0.000000,0.869733
162,12.000000,7.300000,8.725000,0.000000,0.853073
163,12.000000,7.133333,8.726667,0.000000,0.869562
164,12.000000,7.333333,8.768333,0.000000,0.824575
165,12.000000,7.300000,8.746667,0.000000,0.797743
166,12.000000,7.166667,8.721667,0.000000,0.892709
167,12.000000,7.166667,8.761667,0.000000,0.858026
168,12.000000,7.133333,8.713333,0.000000,0.844720
169,12.000000,7.200000,8.753333,0.000000,0.842495
170,12.000000,7.300000,8.715000,0.000000,0.809320
171,12.000000,7.333333,8.726667,0.000000,0.833938
172,12.000000,7.200000,8.700000,0.000000,0.805663
173,12.000000,7.366667,8.766667,0.000000,0.782766
174,12.000000,7.233333,8.673333,0.000000,0.823409
175,12.000000,7.366667,8.765000,0.000000,0.859849
176,12.000000,7.100000,8.715000,0.000000,0.863221
177,12.000000,7.233333,8.743333,0.000000,0.826049
178,12.000000,7.266667,8.743333,0.000000,0.831674
179,12.000000,7.166667,8.770000,0.000000,0.872975
180,12.000000,7.333333,8.738333,0.000000,0.848578
181,12.000000,7.266667,8.751667,0.000000,0.858900
182,12.000000,7.100000,8.756667,0.000000,0.890252
183,12.000000,7.233333,8.731667,0.000000,0.907250
184,12.000000,7.233333,8.706667,0.000000,0.834724
185,12.000000,7.100000,8.666667,0.000000,0.866528
186,12.000000,7.333333,8.733333,0.000000,0.817966
187,12.000000,7.400000,8.755000,0.000000,0.836130
188,12.000000,7.333333,8.708333,0.000000,0.830005
189,12.000000,7.300000,8.781667,0.000000,0.871586
190,12.000000,7.200000,8.718333,0.000000,0.822804
191,12.000000,7.233333,8.728333,0.000000,0.855204
192,12.000000,7.300000,8.758333,0.000000,0.850636
193,12.000000,7.300000,8.746667,0.000000,0.826029
194,12.000000,7.166667,8.745000,0.000000,0.872210
195,12.000000,7.300000,8.760000,0.000000,0.819741
196,12.000000,7.266667,8.738333,0.000000,0.816548
197,12.000000,7.366667,8.755000,0.000000,0.858281
198,12.033333,7.266667,8.771667,0.000000,0.868849
199,12.033333,7.366667,8.756667,0.000000,0.821846
200,12.033333,7.400000,8.746667,0.000000,0.813666
201,12.033333,7.333333,8.716667,0.000000,0.800705
202,12.033333,7.266667,8.708333,0.000000,0.822789
203,12.033333,7.400000,8.773333,0.000000,0.826386
204,12.033333,7.233333,8.790000,0.000000,0.832432
205,12.033333,7.133333,8.715000,0.000000,0.856664
206,12.033333,7.166667,8.773333,0.000000,0.860769
207,12.033333,7.333333,8.671667,0.000000,0.812695
208,12.033333,7.100000,8.706667,0.000000,0.891310
209,12.033333,7.333333,8.773333,0.000000,0.858294
210,12.033333,7.233333,8.710000,0.000000,0.851361
211,12.033333,7.200000,8.730000,0.000000,0.866214
212,12.033333,7.400000,8.736667,0.000000,0.829034
213,12.033333,7.600000,8.743333,0.000000,0.757968
214,12.033333,7.266667,8.726667,0.000000,0.866644
215,12.033333,7.333333,8.705000,0.000000,0.847362
216,12.033333,7.333333,8.768333,0.000000,0.848313
217,12.033333,7.233333,8.688333,0.000000,0.801607
218,12.033333,7.266667,8.735000,0.000000,0.849764
219,12.033333,7.400000,8.696667,0.000000,0.834653
220,12.033333,7.300000,8.736667,0.000000,0.813550
221,12.033333,7.100000,8.720000,0.000000,0.878159
222,12.033333,7.266667,8.691667,0.000000,0.798465
223,12.033333,7.300000,8.775000,0.000000,0.854396
224,12.033333,7.200000,8.688333,0.000000,0.829010
225,12.033333,7.366667,8.811667,0.000000,0.851211
226,12.066667,7.266667,8.680000,0.000000,0.840069
227,12.066667,7.366667,8.768333,0.000000,0.817914
228,12.066667,7.100000,8.701667,0.000000,0.909492
229,12.066667,7.200000,8.766667,0.000000,0.845281
230,12.066667,7.333333,8.750000,0.000000,0.869904
231,12.066667,7.266667,8.685000,0.000000,0.812281
232,12.066667,7.366667,8.746667,0.000000,0.844198
233,12.066667,7.166667,8.761667,0.000000,0.848545
234,12.066667,7.266667,8.733333,0.000000,0.827719
235,12.066667,7.233333,8.770000,0.000000,0.850973
236,12.066667,7.200000,8.793333,0.000000,0.830490
237,12.066667,7.166667,8.723333,0.000000,0.857122
238,12.066667,7.233333,8.693333,0.000000,0.858812
239,12.066667,7.100000,8.713333,0.000000,0.860315
240,12.066667,7.233333,8.775000,0.000000,0.828008
241,12.066667,7.233333,8.716667,0.000000,0.843729
242,12.066667,7.133333,8.773333,0.000000,0.843426
243,12.066667,7.366667,8.791667,0.000000,0.847343
244,12.066667,7.333333,8.771667,0.000000,0.869095
245,12.066667,7.266667,8.735000,0.000000,0.821860
246,12.066667,7.300000,8.781667,0.000000,0.818417
247,12.066667,7.133333,8.743333,0.000000,0.847180
248,12.066667,7.433333,8.785000,0.000000,0.823977
249,12.066667,7.300000,8.821667,0.000000,0.852534
250,12.066667,7.400000,8.790000,0.000000,0.832135
251,12.066667,7.333333,8.788333,0.000000,0.819316
252,12.066667,7.200000,8.718333,0.000000,0.882199
253,12.066667,7.033333,8.705000,0.000000,0.851427
254,12.066667,7.233333,8.761667,0.000000,0.879374
255,12.066667,7.166667,8.721667,0.000000,0.874371
256,12.066667,7.266667,8.716667,0.000000,0.817490
257,12.066667,7.366667,8.740000,0.000000,0.794430
258,12.066667,7.266667,8.761667,0.000000,0.838336
259,12.066667,7.200000,8.670000,0.000000,0.811055
260,12.066667,7.300000,8.770000,0.000000,0.805683
261,12.066667,7.100000,8.676667,0.000000,0.903999
262,12.066667,7.233333,8.631667,0.000000,0.825078
263,12.066667,7.266667,8.683333,0.000000,0.830764
264,12.066667,7.300000,8.770000,0.000000,0.846807
265,12.066667,7.366667,8.773333,0.000000,0.816488
266,12.066667,7.266667,8.753333,0.000000,0.885238
267,12.066667,7.300000,8.703333,0.000000,0.833060
268,12.066667,7.200000,8.735000,0.000000,0.820098
269,12.066667,7.433333,8.773333,0.000000,0.828499
270,12.066667,7.300000,8.741667,0.000000,0.858115
271,12.066667,7.200000,8.713333,0.000000,0.848716
272,12.066667,7.266667,8.736667,0.000000,0.826733
273,12.066667,7.266667,8.771667,0.000000,0.818747
274,12.066667,7.166667,8.778333,0.000000,0.859293
275,12.066667,7.433333,8.735000,0.000000,0.835527
276,12.066667,7.466667,8.820000,0.000000,0.830401
277,12.066667,7.266667,8.656667,0.000000,0.826122
278,12.066667,7.100000,8.636667,0.000000,0.859373
279,12.066667,7.300000,8.708333,0.000000,0.822279
280,12.066667,7.133333,8.673333,0.000000,0.833571
281,12.066667,7.566667,8.761667,0.000000,0.806850
282,12.066667,7.233333,8.698333,0.000000,0.824328
283,12.066667,7.200000,8.721667,0.000000,0.887209
284,12.066667,7.066667,8.640000,0.000000,0.852923
285,12.066667,7.266667,8.743333,0.000000,0.842753
286,12.066667,7.166667,8.701667,0.000000,0.848925
287,12.066667,7.300000,8.721667,0.000000,0.826339
288,12.066667,7.233333,8.686667,0.000000,0.819442
289,12.066667,7.333333,8.768333,0.000000,0.819037
290,12.066667,7.300000,8.813333,0.000000,0.873861
291,12.066667,7.433333,8.776667,0.000000,0.821105
292,12.066667,7.266667,8.676667,0.000000,0.816360
293,12.066667,7.333333,8.746667,0.000000,0.834600
294,12.066667,7.300000,8.723333,0.000000,0.827253
295,12.066667,7.333333,8.725000,0.000000,0.818124
296,12.066667,7.233333,8.735000,0.000000,0.850172
297,12.066667,7.300000,8.758333,0.000000,0.836148
298,12.066667,7.366667,8.731667,0.000000,0.804586
299,12.066667,7.300000,8.718333,0.000000,0.834230
300,12.066667,7.200000,8.765000,0.000000,0.858635
301,12.066667,7.500000,8.748333,0.000000,0.856633
302,12.066667,7.400000,8.745000,0.000000,0.790708
303,12.066667,7.266667,8.701667,0.000000,0.827850
304,12.066667,7.300000,8.673333,0.000000,0.841697
305,12.066667,7.133333,8.688333,0.000000,0.828211
306,12.066667,7.200000,8.740000,0.000000,0.874060
307,12.066667,7.100000,8.733333,0.000000,0.889855
308,12.066667,7.066667,8.690000,0.000000,0.882927
309,12.066667,7.333333,8.726667,0.000000,0.818450
310,12.066667,7.266667,8.690000,0.000000,0.863197
311,12.066667,7.166667,8.730000,0.000000,0.835230
312,12.066667,7.166667,8.761667,0.000000,0.865923
313,12.066667,7.233333,8.740000,0.000000,0.840439
314,12.066667,7.366667,8.735000,0.000000,0.847476
315,12.066667,7.300000,8.820000,0.000000,0.858999
316,12.066667,7.266667,8.718333,0.000000,0.859098
317,12.066667,7.400000,8.735000,0.000000,0.829965
318,12.066667,7.333333,8.705000,0.000000,0.827379
319,12.066667,7.200000,8.678333,0.000000,0.863736
320,12.066667,7.333333,8.730000,0.000000,0.833900
321,12.066667,7.300000,8.830000,0.000000,0.842649
322,12.066667,7.366667,8.798333,0.000000,0.832583
323,12.066667,7.300000,8.775000,0.000000,0.827626
324,12.066667,7.300000,8.711667,0.000000,0.855999
325,12.066667,7.333333,8.718333,0.000000,0.789014
326,12.066667,7.033333,8.728333,0.000000,0.893340
327,12.066667,7.300000,8.761667,0.000000,0.839447
328,12.066667,7.133333,8.653333,0.000000,0.837646
329,12.066667,7.266667,8.725000,0.000000,0.838135
330,12.066667,7.266667,8.728333,0.000000,0.843382
331,12.066667,7.266667,8.718333,0.000000,0.827540
332,12.066667,7.100000,8.705000,0.000000,0.836446
333,12.066667,7.200000,8.750000,0.000000,0.809676
334,12.066667,7.100000,8.733333,0.000000,0.858600
335,12.066667,7.366667,8.713333,0.000000,0.812342
336,12.066667,7.400000,8.725000,0.000000,0.808534
337,12.066667,7.300000,8.743333,0.000000,0.836485
338,12.066667,7.266667,8.735000,0.000000,0.828642
339,12.066667,7.233333,8.673333,0.000000,0.789786
340,12.066667,7.233333,8.746667,0.000000,0.823263
341,12.066667,7.200000,8.700000,0.000000,0.856723
342,12.066667,7.166667,8.703333,0.000000,0.817042
343,12.066667,7.300000,8.725000,0.000000,0.849943
344,12.066667,7.166667,8.781667,0.000000,0.851510
345,12.066667,7.133333,8.695000,0.000000,0.911069
346,12.066667,7.233333,8.680000,0.000000,0.880558
347,12.066667,7.166667,8.675000,0.000000,0.840085
348,12.066667,7.266667,8.738333,0.000000,0.841542
349,12.066667,7.266667,8.691667,0.000000,0.857426
350,12.066667,7.300000,8.776667,0.000000,0.826232
351,12.066667,7.233333,8.741667,0.000000,0.861841
352,12.066667,7.233333,8.780000,0.000000,0.866645
353,12.066667,7.200000,8.746667,0.000000,0.881786
354,12.066667,7.100000,8.691667,0.000000,0.889613
355,12.066667,7.200000,8.721667,0.000000,0.852631
356,12.066667,7.300000,8.756667,0.000000,0.793430
357,12.066667,7.200000,8.751667,0.000000,0.850764
358,12.066667,7.166667,8.698333,0.000000,0.877846
359,12.066667,7.166667,8.711667,0.000000,0.866998
360,12.066667,7.300000,8.736667,0.000000,0.832484
361,12.066667,7.333333,8.755000,0.000000,0.797983
362,12.066667,7.233333,8.725000,0.000000,0.847181
363,12.066667,7.300000,8.696667,0.000000,0.806975
364,12.066667,7.266667,8.791667,0.000000,0.830613
365,12.066667,7.166667,8.771667,0.000000,0.862302
366,12.066667,7.300000,8.761667,0.000000,0.839348
367,12.066667,7.233333,8.743333,0.000000,0.816554
368,12.066667,7.200000,8.751667,0.000000,0.839868
369,12.066667,7.200000,8.723333,0.000000,0.843629
370,12.066667,7.433333,8.753333,0.000000,0.834520
371,12.066667,7.233333,8.676667,0.000000,0.798755
372,12.066667,7.266667,8.653333,0.000000,0.845932
373,12.066667,7.333333,8.691667,0.000000,0.812227
374,12.066667,7.233333,8.668333,0.000000,0.847231
375,12.066667,7.200000,8.766667,0.000000,0.858205
376,12.066667,7.300000,8.746667,0.000000,0.883456
377,12.066667,7.166667,8.716667,0.000000,0.861136
378,12.066667,7.366667,8.778333,0.000000,0.860936
379,12.066667,7.433333,8.765000,0.000000,0.816589
380,12.066667,7.300000,8.730000,0.000000,0.832080
381,12.066667,7.300000,8.778333,0.000000,0.831356
382,12.066667,7.400000,8.785000,0.000000,0.843542
383,12.066667,7.266667,8.741667,0.000000,0.784066
384,12.066667,7.333333,8.673333,0.000000,0.818694
385,12.066667,7.133333,8.693333,0.000000,0.849455
386,12.066667,7.100000,8.700000,0.000000,0.817114
387,12.066667,7.333333,8.711667,0.000000,0.838513
388,12.066667,7.200000,8.683333,0.000000,0.804918
389,12.066667,7.233333,8.741667,0.000000,0.850775
390,12.066667,7.200000,8.698333,0.000000,0.843154
391,12.066667,7.266667,8.770000,0.000000,0.857067
392,12.066667,7.200000,8.725000,0.000000,0.848001
393,12.066667,7.333333,8.745000,0.000000,0.830158
394,12.066667,7.200000,8.691667,0.000000,0.836619
395,12.066667,7.166667,8.660000,0.000000,0.855378
396,12.066667,7.233333,8.673333,0.000000,0.844064
397,12.066667,7.366667,8.723333,0.000000,0.839217
398,12.066667,7.100000,8.721667,0.000000,0.862978
399,12.066667,7.200000,8.796667,0.000000,0.851748
400,12.066667,7.200000,8.736667,0.000000,0.840174
401,12.066667,7.366667,8.753333,0.000000,0.820463
402,12.066667,7.266667,8.691667,0.000000,0.809684
403,12.066667,7.300000,8.760000,0.000000,0.840754
404,12.066667,7.466667,8.743333,0.000000,0.829830
405,12.066667,7.233333,8.703333,0.000000,0.842546
406,12.066667,7.333333,8.760000,0.000000,0.827077
407,12.066667,7.266667,8.696667,0.000000,0.851068
408,12.066667,7.400000,8.710000,0.000000,0.796805
409,12.066667,7.200000,8.691667,0.000000,0.856891
410,12.066667,7.266667,8.713333,0.000000,0.855654
411,12.066667,7.366667,8.830000,0.000000,0.834456
412,12.066667,7.166667,8.666667,0.000000,0.854718
413,12.066667,7.300000,8.781667,0.000000,0.837731
414,12.066667,7.366667,8.713333,0.000000,0.804030
415,12.066667,7.466667,8.773333,0.000000,0.837123
416,12.066667,7.366667,8.818333,0.000000,0.850230
417,12.066667,7.133333,8.708333,0.000000,0.880068
418,12.066667,7.333333,8.713333,0.000000,0.815091
419,12.066667,7.200000,8.698333,0.000000,0.883052
420,12.066667,7.266667,8.741667,0.000000,0.844610
421,12.066667,7.200000,8.721667,0.000000,0.858580
422,12.066667,7.333333,8.716667,0.000000,0.821348
423,12.066667,7.100000,8.695000,0.000000,0.842722
424,12.066667,7.266667,8.675000,0.000000,0.848651
425,12.066667,7.300000,8.668333,0.000000,0.834854
426,12.066667,7.266667,8.686667,0.000000,0.838887
427,12.066667,7.366667,8.686667,0.000000,0.766143
428,12.066667,7.366667,8.800000,0.000000,0.841317
429,12.066667,7.400000,8.740000,0.000000,0.804969
430,12.066667,7.066667,8.750000,0.000000,0.880412
431,12.066667,7.466667,8.753333,0.000000,0.841607
432,12.066667,7.100000,8.723333,0.000000,0.853916
433,12.066667,7.300000,8.781667,0.000000,0.866772
434,12.066667,7.333333,8.706667,0.000000,0.872042
435,12.066667,7.400000,8.765000,0.000000,0.800284
436,12.066667,7.366667,8.770000,0.000000,0.780725
437,12.066667,7.200000,8.686667,0.000000,0.818555
438,12.066667,7.233333,8.706667,0.000000,0.875676
439,12.066667,7.333333,8.791667,0.000000,0.836859
440,12.066667,7.266667,8.715000,0.000000,0.852830
441,12.066667,7.300000,8.725000,0.000000,0.852517
442,12.066667,7.200000,8.701667,0.000000,0.852420
443,12.066667,7.233333,8.738333,0.000000,0.850507
444,12.066667,7.233333,8.681667,0.000000,0.806440
445,12.066667,7.266667,8.685000,0.000000,0.842954
446,12.066667,7.366667,8.760000,0.000000,0.828497
447,12.066667,7.233333,8.738333,0.000000,0.820007
448,12.066667,7.233333,8.755000,0.000000,0.816699
449,12.066667,7.400000,8.741667,0.000000,0.796626
450,12.066667,7.400000,8.770000,0.000000,0.826432
451,12.066667,7.100000,8.743333,0.000000,0.883563
452,12.066667,7.266667,8.755000,0.000000,0.841699
453,12.066667,7.400000,8.741667,0.000000,0.779142
454,12.066667,7.200000,8.716667,0.000000,0.857994
455,12.066667,7.233333,8.750000,0.000000,0.847834
456,12.066667,7.166667,8.691667,0.000000,0.829421
457,12.066667,7.333333,8.761667,0.000000,0.833566
458,12.066667,7.333333,8.680000,0.000000,0.779075
459,12.066667,7.266667,8.715000,0.000000,0.868250
460,12.066667,7.266667,8.785000,0.000000,0.867093
461,12.066667,7.133333,8.733333,0.000000,0.850409
462,12.066667,7.133333,8.705000,0.000000,0.838680
463,12.066667,7.333333,8.755000,0.000000,0.831588
464,12.066667,7.266667,8.708333,0.000000,0.843277
465,12.066667,7.333333,8.716667,0.000000,0.834062
466,12.066667,7.300000,8.765000,0.000000,0.816292
467,12.066667,7.133333,8.673333,0.000000,0.828220
468,12.066667,7.200000,8.780000,0.000000,0.837696
469,12.066667,7.233333,8.796667,0.000000,0.878630
470,12.066667,7.266667,8.696667,0.000000,0.804374
471,12.066667,7.400000,8.718333,0.000000,0.816428
472,12.066667,7.333333,8.741667,0.000000,0.837413
473,12.066667,7.233333,8.721667,0.000000,0.806182
474,12.066667,7.200000,8.705000,0.000000,0.832504
475,12.066667,7.333333,8.723333,0.000000,0.800280
476,12.066667,7.166667,8.685000,0.000000,0.820785
477,12.066667,7.266667,8.700000,0.000000,0.793058
478,12.066667,7.100000,8.718333,0.000000,0.864713
479,12.066667,7.400000,8.831667,0.000000,0.816313
480,12.066667,7.200000,8.723333,0.000000,0.871442
481,12.066667,7.166667,8.715000,0.000000,0.852798
482,12.066667,7.300000,8.720000,0.000000,0.829057
483,12.066667,7.033333,8.765000,0.000000,0.913728
484,12.066667,7.233333,8.711667,0.000000,0.838525
485,12.066667,7.200000,8.660000,0.000000,0.805721
486,12.066667,7.333333,8.731667,0.000000,0.887795
487,12.066667,7.233333,8.695000,0.000000,0.792068
488,12.066667,7.300000,8.718333,0.000000,0.828252
489,12.066667,7.200000,8.723333,0.000000,0.847455
490,12.066667,7.166667,8.751667,0.000000,0.859751
491,12.066667,7.300000,8.785000,0.000000,0.870132
492,12.066667,7.333333,8.728333,0.000000,0.867470
493,12.066667,7.200000,8.705000,0.000000,0.821658
494,12.066667,7.300000,8.723333,0.000000,0.831379
495,12.066667,7.166667,8.761667,0.000000,0.881114
496,12.066667,7.133333,8.733333,0.000000,0.846318
497,12.066667,7.200000,8.648333,0.000000,0.818669
498,12.066667,7.233333,8.753333,0.000000,0.861430
499,12.066667,7.266667,8.710000,0.000000,0.843536
500,12.066667,7.300000,8.718333,0.000000,0.853752
BestSdev: 0.247913, Time: 4m40.001621752s