gen,best,worst,mean,rep,sdev
1,10.766667,7.033333,8.741333,0.000000,0.850253
2,11.133333,6.966667,8.740667,0.000000,0.863799
3,11.200000,7.033333,8.739333,0.000000,0.854888
4,11.233333,6.900000,8.732000,0.000000,0.858359
5,11.233333,6.966667,8.702667,0.000000,0.851577
6,11.300000,7.033333,8.752667,0.000000,0.860923
7,11.333333,6.933333,8.732000,0.000000,0.864965
8,11.366667,7.000000,8.727333,0.000000,0.860522
9,11.400000,6.966667,8.704667,0.000000,0.854218
10,11.400000,7.033333,8.688000,0.000000,0.871778
11,11.400000,6.900000,8.734000,0.000000,0.857486
12,11.433333,7.000000,8.741333,0.000000,0.866281
13,11.433333,6.966667,8.734667,0.000000,0.838841
14,11.433333,7.033333,8.755333,0.000000,0.875744
15,11.433333,6.966667,8.722667,0.000000,0.865414
16,11.433333,6.933333,8.698667,0.000000,0.877359
17,11.466667,6.933333,8.698000,0.000000,0.844348
18,11.500000,6.966667,8.758667,0.000000,0.864206
19,11.500000,6.966667,8.717333,0.000000,0.860825
20,11.566667,7.066667,8.747333,0.000000,0.843313
21,11.600000,6.933333,8.741333,0.000000,0.854769
22,11.633333,7.000000,8.680667,0.000000,0.839331
23,11.633333,6.966667,8.733333,0.000000,0.845754
24,11.666667,6.900000,8.704000,0.000000,0.861310
25,11.666667,7.033333,8.752667,0.000000,0.869631
26,11.700000,7.000000,8.748000,0.000000,0.831269
27,11.700000,6.933333,8.720000,0.000000,0.867727
28,11.700000,6.933333,8.719333,0.000000,0.841386
29,11.700000,6.866667,8.710000,0.000000,0.874893
30,11.700000,6.966667,8.728667,0.000000,0.862963
31,11.700000,7.033333,8.734000,0.000000,0.866217
32,11.700000,6.933333,8.728667,0.000000,0.872923
33,11.733333,6.966667,8.710667,0.000000,0.853392
34,11.733333,6.900000,8.732667,0.000000,0.841427
35,11.733333,7.000000,8.712667,0.000000,0.873652
36,11.766667,6.866667,8.732667,0.000000,0.866422
37,11.766667,6.866667,8.742000,0.000000,0.882525
38,11.766667,7.000000,8.756667,0.000000,0.875071
39,11.766667,7.000000,8.775333,0.000000,0.850887
40,11.766667,7.000000,8.726667,0.000000,0.884991
41,11.800000,6.900000,8.702667,0.000000,0.849806
42,11.800000,6.966667,8.735333,0.000000,0.885778
43,11.800000,7.033333,8.728667,0.000000,0.841059
44,11.800000,7.033333,8.740667,0.000000,0.865646
45,11.800000,7.000000,8.754000,0.000000,0.892051
46,11.800000,6.966667,8.698000,0.000000,0.818807
47,11.866667,7.100000,8.742000,0.000000,0.881146
48,11.866667,7.033333,8.704000,0.000000,0.871964
49,11.866667,6.966667,8.756667,0.000000,0.875720
50,11.866667,6.966667,8.728667,0.000000,0.837454
51,11.900000,6.933333,8.724667,0.000000,0.863645
52,11.900000,7.066667,8.743333,0.000000,0.849395
53,11.900000,7.100000,8.774000,0.000000,0.868767
54,11.900000,7.066667,8.732667,0.000000,0.868412
55,11.900000,6.933333,8.724000,0.000000,0.855143
56,11.900000,7.000000,8.752667,0.000000,0.877967
57,11.900000,7.033333,8.746000,0.000000,0.857947
58,11.900000,7.000000,8.761333,0.000000,0.840103
59,11.933333,7.033333,8.743333,0.000000,0.855980
60,11.933333,6.933333,8.686667,0.000000,0.849102
61,11.933333,7.000000,8.755333,0.000000,0.857288
62,11.933333,7.000000,8.692000,0.000000,0.885360
63,11.933333,7.033333,8.762667,0.000000,0.865853
64,11.966667,7.000000,8.710667,0.000000,0.860331
65,11.966667,7.100000,8.740667,0.000000,0.828456
66,11.966667,7.033333,8.793333,0.000000,0.829689
67,11.966667,6.966667,8.743333,0.000000,0.849261
68,11.966667,7.000000,8.725333,0.000000,0.853203
69,11.966667,7.066667,8.769333,0.000000,0.852448
70,11.966667,6.933333,8.745333,0.000000,0.897171
71,11.966667,7.000000,8.724667,0.000000,0.852109
72,11.966667,6.900000,8.720667,0.000000,0.863771
73,11.966667,7.033333,8.752667,0.000000,0.862532
74,11.966667,7.000000,8.713333,0.000000,0.849389
75,11.966667,6.933333,8.720667,0.000000,0.850873
76,11.966667,6.966667,8.743333,0.000000,0.861809
77,11.966667,6.966667,8.716667,0.000000,0.878528
78,12.000000,7.000000,8.741333,0.000000,0.840265
79,12.000000,6.966667,8.708667,0.000000,0.868990
80,12.000000,7.066667,8.743333,0.000000,0.874857
81,12.000000,7.066667,8.762000,0.000000,0.856304
82,12.000000,7.000000,8.763333,0.000000,0.855042
83,12.000000,6.933333,8.747333,0.000000,0.867321
84,12.000000,7.000000,8.724000,0.000000,0.831712
85,12.000000,6.933333,8.742667,0.000000,0.845468
86,12.000000,7.033333,8.746667,0.000000,0.886333
87,12.000000,6.900000,8.726667,0.000000,0.873983
88,12.000000,7.066667,8.696667,0.000000,0.853445
89,12.000000,7.066667,8.754000,0.000000,0.840350
90,12.000000,7.000000,8.750000,0.000000,0.866449
91,12.000000,6.966667,8.738667,0.000000,0.877219
92,12.000000,7.033333,8.753333,0.000000,0.864013
93,12.000000,7.033333,8.740000,0.000000,0.859663
94,12.000000,6.966667,8.780667,0.000000,0.874357
95,12.000000,7.000000,8.761333,0.000000,0.878299
96,12.000000,7.000000,8.737333,0.000000,0.837866
97,12.000000,6.900000,8.702667,0.000000,0.881873
98,12.000000,6.966667,8.708667,0.000000,0.853400
99,12.000000,6.900000,8.756667,0.000000,0.885023
100,12.000000,7.000000,8.720667,0.000000,0.858056
101,12.000000,6.933333,8.697333,0.000000,0.873947
102,12.033333,7.033333,8.750667,0.000000,0.882170
103,12.033333,6.966667,8.715333,0.000000,0.857246
104,12.033333,6.966667,8.720667,0.000000,0.843562
105,12.033333,7.066667,8.738667,0.000000,0.870662
106,12.033333,7.000000,8.725333,0.000000,0.854172
107,12.033333,6.933333,8.756000,0.000000,0.863216
108,12.033333,7.000000,8.722000,0.000000,0.872687
109,12.033333,6.966667,8.728000,0.000000,0.845814
110,12.033333,7.000000,8.742000,0.000000,0.854792
111,12.033333,6.900000,8.738000,0.000000,0.879394
112,12.033333,6.933333,8.729333,0.000000,0.844956
113,12.033333,6.966667,8.726667,0.000000,0.847659
114,12.033333,6.933333,8.694667,0.000000,0.842011
115,12.033333,6.866667,8.733333,0.000000,0.877635
116,12.033333,6.833333,8.730667,0.000000,0.848559
117,12.033333,7.000000,8.724000,0.000000,0.875106
118,12.033333,7.066667,8.717333,0.000000,0.860844
119,12.033333,7.033333,8.742000,0.000000,0.840263
120,12.033333,7.000000,8.686000,0.000000,0.850307
121,12.033333,7.033333,8.732000,0.000000,0.868833
122,12.033333,6.900000,8.746667,0.000000,0.865771
123,12.033333,6.966667,8.734667,0.000000,0.866479
124,12.033333,7.033333,8.746667,0.000000,0.854142
125,12.033333,7.000000,8.756667,0.000000,0.849240
126,12.033333,7.033333,8.752000,0.000000,0.889556
127,12.033333,7.000000,8.717333,0.000000,0.864027
128,12.033333,7.000000,8.764000,0.000000,0.877560
129,12.033333,7.033333,8.743333,0.000000,0.870591
130,12.033333,6.900000,8.707333,0.000000,0.853882
131,12.033333,7.000000,8.754667,0.000000,0.854455
132,12.033333,6.933333,8.731333,0.000000,0.858890
133,12.033333,7.033333,8.764667,0.000000,0.853296
134,12.033333,7.000000,8.698000,0.000000,0.847518
135,12.033333,7.066667,8.757333,0.000000,0.875239
136,12.033333,7.033333,8.758000,0.000000,0.852844
137,12.033333,7.033333,8.752000,0.000000,0.851016
138,12.033333,6.933333,8.676000,0.000000,0.881352
139,12.033333,6.966667,8.730667,0.000000,0.870962
140,12.033333,6.966667,8.754667,0.000000,0.882504
141,12.033333,7.133333,8.754667,0.000000,0.835290
142,12.033333,7.100000,8.700667,0.000000,0.839633
143,12.033333,7.000000,8.756667,0.000000,0.877518
144,12.033333,6.966667,8.704000,0.000000,0.855939
145,12.033333,6.966667,8.697333,0.000000,0.863137
146,12.033333,7.066667,8.743333,0.000000,0.851422
147,12.033333,7.033333,8.736667,0.000000,0.814528
148,12.033333,7.000000,8.736667,0.000000,0.849221
149,12.033333,7.000000,8.754667,0.000000,0.878086
150,12.033333,7.033333,8.740000,0.000000,0.842643
151,12.033333,6.966667,8.708000,0.000000,0.841512
152,12.033333,6.900000,8.747333,0.000000,0.859563
153,12.033333,6.966667,8.734000,0.000000,0.853475
154,12.066667,7.033333,8.741333,0.000000,0.851630
155,12.066667,6.966667,8.729333,0.000000,0.864823
156,12.066667,7.033333,8.765333,0.000000,0.882308
157,12.066667,7.000000,8.746667,0.000000,0.869655
158,12.066667,7.000000,8.741333,0.000000,0.866145
159,12.066667,7.066667,8.740667,0.000000,0.871951
160,12.100000,6.966667,8.704000,0.000000,0.851787
161,12.100000,6.966667,8.746667,0.000000,0.872022
162,12.100000,7.066667,8.781333,0.000000,0.896426
163,12.100000,7.000000,8.737333,0.000000,0.866464
164,12.100000,7.000000,8.690000,0.000000,0.853024
165,12.100000,7.000000,8.712000,0.000000,0.839422
166,12.100000,6.966667,8.753333,0.000000,0.867254
167,12.133333,6.900000,8.751333,0.000000,0.866916
168,12.133333,7.033333,8.754000,0.000000,0.867080
169,12.133333,6.933333,8.710000,0.000000,0.863399
170,12.133333,7.000000,8.782667,0.000000,0.873720
171,12.133333,7.066667,8.755333,0.000000,0.853979
172,12.133333,7.000000,8.782667,0.000000,0.865366
173,12.133333,6.933333,8.738000,0.000000,0.860460
174,12.133333,7.000000,8.723333,0.000000,0.879648
175,12.133333,6.933333,8.725333,0.000000,0.877097
176,12.133333,6.933333,8.722000,0.000000,0.865200
177,12.133333,6.933333,8.736667,0.000000,0.845848
178,12.133333,7.033333,8.708000,0.000000,0.838027
179,12.133333,7.000000,8.716000,0.000000,0.867972
180,12.133333,6.966667,8.720667,0.000000,0.866257
181,12.133333,6.933333,8.728000,0.000000,0.845552
182,12.133333,6.866667,8.727333,0.000000,0.865841
183,12.133333,6.933333,8.718000,0.000000,0.847132
184,12.133333,7.066667,8.776667,0.000000,0.846319
185,12.133333,7.066667,8.738667,0.000000,0.867153
186,12.133333,6.933333,8.733333,0.000000,0.836583
187,12.133333,7.066667,8.728667,0.000000,0.845364
188,12.133333,6.933333,8.709333,0.000000,0.871923
189,12.133333,7.033333,8.782667,0.000000,0.874100
190,12.133333,7.033333,8.771333,0.000000,0.881017
191,12.133333,6.966667,8.731333,0.000000,0.842482
192,12.133333,6.866667,8.730667,0.000000,0.870788
193,12.133333,6.966667,8.760000,0.000000,0.880520
194,12.133333,7.100000,8.752667,0.000000,0.850928
195,12.133333,7.000000,8.726000,0.000000,0.879093
196,12.133333,6.966667,8.735333,0.000000,0.869264
197,12.133333,6.933333,8.731333,0.000000,0.866906
198,12.133333,7.033333,8.751333,0.000000,0.827721
199,12.133333,6.933333,8.687333,0.000000,0.838381
200,12.133333,7.000000,8.726000,0.000000,0.852804
201,12.133333,7.100000,8.708000,0.000000,0.821944
202,12.133333,7.066667,8.720667,0.000000,0.854524
203,12.133333,6.966667,8.708667,0.000000,0.890332
204,12.133333,6.900000,8.747333,0.000000,0.860101
205,12.133333,7.066667,8.723333,0.000000,0.835062
206,12.133333,6.900000,8.738667,0.000000,0.867409
207,12.133333,6.966667,8.730667,0.000000,0.871359
208,12.133333,6.966667,8.772667,0.000000,0.886842
209,12.133333,7.033333,8.717333,0.000000,0.846757
210,12.133333,6.966667,8.746000,0.000000,0.853115
211,12.133333,7.000000,8.718667,0.000000,0.862095
212,12.133333,7.000000,8.756000,0.000000,0.863861
213,12.133333,7.033333,8.755333,0.000000,0.878517
214,12.133333,7.066667,8.712667,0.000000,0.849766
215,12.133333,7.033333,8.736667,0.000000,0.872513
216,12.133333,7.033333,8.746667,0.000000,0.845705
217,12.133333,6.900000,8.664667,0.000000,0.878866
218,12.133333,7.066667,8.690667,0.000000,0.858770
219,12.133333,6.966667,8.781333,0.000000,0.877621
220,12.133333,7.066667,8.752667,0.000000,0.852164
221,12.133333,7.066667,8.698667,0.000000,0.830602
222,12.133333,7.000000,8.754667,0.000000,0.866723
223,12.133333,7.033333,8.758000,0.000000,0.856072
224,12.133333,7.000000,8.760000,0.000000,0.845470
225,12.133333,6.966667,8.721333,0.000000,0.846063
226,12.133333,7.033333,8.764000,0.000000,0.817460
227,12.133333,6.966667,8.754667,0.000000,0.860829
228,12.133333,7.033333,8.746000,0.000000,0.845601
229,12.133333,7.033333,8.736000,0.000000,0.840894
230,12.133333,7.000000,8.758000,0.000000,0.855717
231,12.133333,7.000000,8.756000,0.000000,0.852937
232,12.133333,6.900000,8.720000,0.000000,0.900686
233,12.133333,7.033333,8.694667,0.000000,0.875290
234,12.133333,7.000000,8.730000,0.000000,0.861910
235,12.133333,6.966667,8.749333,0.000000,0.851864
236,12.133333,6.966667,8.730667,0.000000,0.879840
237,12.133333,7.000000,8.714667,0.000000,0.875342
238,12.133333,6.933333,8.741333,0.000000,0.875044
239,12.133333,7.000000,8.704000,0.000000,0.860567
240,12.133333,6.966667,8.746667,0.000000,0.880039
241,12.133333,6.933333,8.733333,0.000000,0.860431
242,12.133333,6.966667,8.704667,0.000000,0.845477
243,12.133333,7.000000,8.749333,0.000000,0.863940
244,12.133333,7.000000,8.728000,0.000000,0.856057
245,12.133333,7.000000,8.791333,0.000000,0.900698
246,12.133333,7.100000,8.712667,0.000000,0.841319
247,12.133333,6.966667,8.730667,0.000000,0.870049
248,12.133333,6.933333,8.748667,0.000000,0.910279
249,12.133333,6.900000,8.696667,0.000000,0.887080
250,12.133333,7.033333,8.736667,0.000000,0.861497
251,12.133333,7.033333,8.760667,0.000000,0.871971
252,12.133333,6.966667,8.718667,0.000000,0.883557
253,12.133333,7.133333,8.738667,0.000000,0.845098
254,12.133333,6.933333,8.741333,0.000000,0.886272
255,12.133333,7.000000,8.742667,0.000000,0.853470
256,12.133333,7.000000,8.733333,0.000000,0.837717
257,12.133333,6.966667,8.783333,0.000000,0.867630
258,12.133333,6.933333,8.704667,0.000000,0.878016
259,12.133333,7.000000,8.766000,0.000000,0.880924
260,12.133333,7.033333,8.686667,0.000000,0.880530
261,12.133333,7.000000,8.722667,0.000000,0.848353
262,12.133333,6.900000,8.718000,0.000000,0.857212
263,12.133333,7.000000,8.762000,0.000000,0.868991
264,12.133333,7.066667,8.735333,0.000000,0.865041
265,12.133333,7.066667,8.718000,0.000000,0.838069
266,12.133333,6.966667,8.730000,0.000000,0.848348
267,12.133333,7.033333,8.698667,0.000000,0.857249
268,12.133333,6.966667,8.704000,0.000000,0.855442
269,12.133333,6.866667,8.726000,0.000000,0.856488
270,12.133333,6.833333,8.708000,0.000000,0.853949
271,12.133333,6.966667,8.734000,0.000000,0.851111
272,12.133333,6.933333,8.756000,0.000000,0.878894
273,12.133333,6.900000,8.705333,0.000000,0.862516
274,12.133333,6.900000,8.725333,0.000000,0.847195
275,12.133333,7.000000,8.716000,0.000000,0.845612
276,12.133333,7.000000,8.730667,0.000000,0.856461
277,12.133333,6.966667,8.754000,0.000000,0.862626
278,12.133333,7.000000,8.748000,0.000000,0.884230
279,12.133333,7.033333,8.725333,0.000000,0.848455
280,12.133333,6.966667,8.726000,0.000000,0.874468
281,12.133333,7.100000,8.756667,0.000000,0.841163
282,12.133333,7.033333,8.740667,0.000000,0.866864
283,12.133333,7.033333,8.730667,0.000000,0.850137
284,12.133333,6.966667,8.729333,0.000000,0.844181
285,12.133333,7.000000,8.714667,0.000000,0.848163
286,12.133333,7.033333,8.722667,0.000000,0.852601
287,12.133333,7.000000,8.734000,0.000000,0.853069
288,12.133333,7.033333,8.722000,0.000000,0.849782
289,12.133333,7.000000,8.737333,0.000000,0.876212
290,12.133333,7.000000,8.768000,0.000000,0.837581
291,12.133333,6.933333,8.744000,0.000000,0.877807
292,12.133333,7.000000,8.722667,0.000000,0.861405
293,12.133333,6.866667,8.763333,0.000000,0.875615
294,12.133333,6.966667,8.726000,0.000000,0.877332
295,12.133333,7.066667,8.773333,0.000000,0.852660
296,12.133333,7.000000,8.720000,0.000000,0.839275
297,12.133333,6.966667,8.748000,0.000000,0.871496
298,12.133333,7.000000,8.733333,0.000000,0.864710
299,12.133333,6.966667,8.740000,0.000000,0.868266
300,12.133333,7.000000,8.720000,0.000000,0.822913
301,12.133333,6.933333,8.721333,0.000000,0.848882
302,12.133333,6.933333,8.754667,0.000000,0.863344
303,12.133333,7.000000,8.731333,0.000000,0.867266
304,12.133333,7.033333,8.718667,0.000000,0.862744
305,12.133333,6.933333,8.735333,0.000000,0.857985
306,12.133333,7.033333,8.694667,0.000000,0.854428
307,12.133333,6.966667,8.704667,0.000000,0.851737
308,12.133333,7.000000,8.764000,0.000000,0.853619
309,12.133333,7.033333,8.709333,0.000000,0.850041
310,12.133333,6.900000,8.755333,0.000000,0.850063
311,12.133333,7.033333,8.746000,0.000000,0.867512
312,12.133333,6.933333,8.726000,0.000000,0.833893
313,12.133333,7.000000,8.768667,0.000000,0.858586
314,12.133333,7.033333,8.739333,0.000000,0.840189
315,12.133333,6.900000,8.755333,0.000000,0.857097
316,12.133333,7.000000,8.722667,0.000000,0.834699
317,12.133333,6.966667,8.724667,0.000000,0.886504
318,12.133333,6.966667,8.764667,0.000000,0.860688
319,12.133333,7.000000,8.714667,0.000000,0.845029
320,12.133333,7.033333,8.695333,0.000000,0.855608
321,12.133333,7.033333,8.756000,0.000000,0.854130
322,12.133333,6.933333,8.712000,0.000000,0.856015
323,12.133333,7.033333,8.758000,0.000000,0.874145
324,12.133333,7.033333,8.745333,0.000000,0.894087
325,12.133333,6.966667,8.734000,0.000000,0.867632
326,12.133333,7.066667,8.740000,0.000000,0.833312
327,12.133333,7.000000,8.737333,0.000000,0.880027
328,12.133333,7.000000,8.768000,0.000000,0.852710
329,12.133333,7.000000,8.723333,0.000000,0.867403
330,12.133333,6.933333,8.739333,0.000000,0.851304
331,12.133333,6.966667,8.701333,0.000000,0.856652
332,12.133333,6.933333,8.728000,0.000000,0.874578
333,12.133333,6.933333,8.706667,0.000000,0.831101
334,12.133333,6.933333,8.742667,0.000000,0.869223
335,12.133333,6.933333,8.746000,0.000000,0.877339
336,12.133333,6.933333,8.749333,0.000000,0.893308
337,12.133333,7.000000,8.750667,0.000000,0.855408
338,12.133333,6.966667,8.690667,0.000000,0.855618
339,12.133333,7.000000,8.726667,0.000000,0.865125
340,12.133333,7.033333,8.744000,0.000000,0.832187
341,12.133333,6.966667,8.700667,0.000000,0.862028
342,12.133333,6.866667,8.710000,0.000000,0.881948
343,12.133333,7.000000,8.746000,0.000000,0.849342
344,12.133333,7.033333,8.701333,0.000000,0.851606
345,12.133333,7.000000,8.694000,0.000000,0.826936
346,12.133333,7.066667,8.716667,0.000000,0.829959
347,12.133333,6.900000,8.711333,0.000000,0.852092
348,12.133333,7.000000,8.720667,0.000000,0.871090
349,12.133333,7.000000,8.701333,0.000000,0.843572
350,12.133333,7.033333,8.750667,0.000000,0.872780
351,12.133333,6.966667,8.747333,0.000000,0.858675
352,12.133333,6.933333,8.773333,0.000000,0.869260
353,12.133333,7.033333,8.740667,0.000000,0.860860
354,12.133333,7.033333,8.722000,0.000000,0.861686
355,12.133333,7.000000,8.734000,0.000000,0.869071
356,12.133333,6.966667,8.738667,0.000000,0.837081
357,12.133333,6.900000,8.718000,0.000000,0.847297
358,12.133333,7.066667,8.754000,0.000000,0.847693
359,12.133333,7.033333,8.726667,0.000000,0.841093
360,12.133333,7.066667,8.754667,0.000000,0.847544
361,12.133333,7.000000,8.707333,0.000000,0.841346
362,12.133333,7.066667,8.762667,0.000000,0.848726
363,12.133333,6.966667,8.701333,0.000000,0.861657
364,12.133333,7.000000,8.735333,0.000000,0.865771
365,12.133333,6.933333,8.732000,0.000000,0.872085
366,12.133333,7.033333,8.675333,0.000000,0.848459
367,12.133333,7.033333,8.756667,0.000000,0.854816
368,12.133333,6.966667,8.686667,0.000000,0.828353
369,12.133333,6.933333,8.762667,0.000000,0.860335
370,12.133333,6.966667,8.776667,0.000000,0.846655
371,12.133333,7.033333,8.728000,0.000000,0.856783
372,12.133333,7.000000,8.729333,0.000000,0.841243
373,12.133333,6.966667,8.750000,0.000000,0.883039
374,12.133333,6.866667,8.701333,0.000000,0.864236
375,12.133333,6.966667,8.736667,0.000000,0.866606
376,12.133333,7.000000,8.734667,0.000000,0.868413
377,12.133333,7.033333,8.734000,0.000000,0.860653
378,12.133333,6.900000,8.706667,0.000000,0.845578
379,12.133333,7.066667,8.784667,0.000000,0.857926
380,12.133333,7.033333,8.732667,0.000000,0.837511
381,12.133333,7.000000,8.720000,0.000000,0.868548
382,12.133333,7.033333,8.743333,0.000000,0.853423
383,12.133333,7.066667,8.724667,0.000000,0.846965
384,12.133333,6.933333,8.737333,0.000000,0.890158
385,12.133333,7.033333,8.717333,0.000000,0.843254
386,12.133333,6.933333,8.730000,0.000000,0.877884
387,12.133333,6.933333,8.719333,0.000000,0.863402
388,12.133333,6.933333,8.707333,0.000000,0.860277
389,12.133333,7.033333,8.710667,0.000000,0.854048
390,12.133333,6.966667,8.708000,0.000000,0.888415
391,12.133333,6.933333,8.742667,0.000000,0.908068
392,12.133333,7.033333,8.737333,0.000000,0.858158
393,12.133333,7.000000,8.766667,0.000000,0.863590
394,12.133333,7.033333,8.756000,0.000000,0.860335
395,12.133333,7.000000,8.718000,0.000000,0.852078
396,12.133333,7.000000,8.706000,0.000000,0.880947
397,12.133333,6.966667,8.740667,0.000000,0.855985
398,12.133333,6.900000,8.674000,0.000000,0.883885
399,12.133333,6.900000,8.734667,0.000000,0.857573
400,12.133333,6.966667,8.716000,0.000000,0.862411
401,12.133333,6.966667,8.749333,0.000000,0.874325
402,12.133333,6.900000,8.728667,0.000000,0.868022
403,12.133333,6.933333,8.707333,0.000000,0.848355
404,12.133333,6.966667,8.730667,0.000000,0.862804
405,12.133333,7.033333,8.738000,0.000000,0.882278
406,12.133333,6.933333,8.724000,0.000000,0.900814
407,12.133333,7.066667,8.730667,0.000000,0.870286
408,12.133333,7.033333,8.742667,0.000000,0.870212
409,12.133333,7.000000,8.738000,0.000000,0.877690
410,12.133333,7.000000,8.712000,0.000000,0.868495
411,12.133333,7.066667,8.734000,0.000000,0.849254
412,12.133333,7.033333,8.722667,0.000000,0.859678
413,12.133333,6.900000,8.721333,0.000000,0.869616
414,12.133333,7.033333,8.720667,0.000000,0.830366
415,12.133333,6.933333,8.730000,0.000000,0.865830
416,12.133333,7.033333,8.718000,0.000000,0.867415
417,12.133333,7.033333,8.729333,0.000000,0.876558
418,12.133333,6.933333,8.723333,0.000000,0.853630
419,12.133333,6.966667,8.722000,0.000000,0.855586
420,12.133333,7.000000,8.714667,0.000000,0.831760
421,12.133333,6.966667,8.722667,0.000000,0.854379
422,12.133333,6.966667,8.773333,0.000000,0.876526
423,12.133333,6.966667,8.769333,0.000000,0.854028
424,12.133333,7.000000,8.719333,0.000000,0.836440
425,12.133333,7.000000,8.756667,0.000000,0.858983
426,12.133333,6.933333,8.694000,0.000000,0.843891
427,12.133333,6.933333,8.760000,0.000000,0.863989
428,12.133333,7.033333,8.692667,0.000000,0.854991
429,12.133333,6.900000,8.738000,0.000000,0.878901
430,12.133333,7.000000,8.740000,0.000000,0.850961
431,12.133333,7.033333,8.724000,0.000000,0.857749
432,12.133333,6.900000,8.712667,0.000000,0.857565
433,12.133333,7.000000,8.722000,0.000000,0.838952
434,12.133333,6.966667,8.725333,0.000000,0.849090
435,12.133333,7.033333,8.697333,0.000000,0.844234
436,12.133333,7.033333,8.710000,0.000000,0.842109
437,12.133333,7.000000,8.680000,0.000000,0.858647
438,12.133333,7.166667,8.747333,0.000000,0.840026
439,12.133333,7.066667,8.738000,0.000000,0.848522
440,12.133333,7.000000,8.748667,0.000000,0.856797
441,12.133333,7.033333,8.744000,0.000000,0.843948
442,12.133333,7.100000,8.756667,0.000000,0.862298
443,12.133333,7.066667,8.746000,0.000000,0.849227
444,12.133333,7.000000,8.717333,0.000000,0.855302
445,12.133333,6.966667,8.714000,0.000000,0.832082
446,12.133333,6.966667,8.776667,0.000000,0.878862
447,12.133333,7.133333,8.753333,0.000000,0.825987
448,12.133333,6.933333,8.734667,0.000000,0.851300
449,12.133333,6.933333,8.744000,0.000000,0.858206
450,12.133333,6.966667,8.720000,0.000000,0.882314
451,12.133333,7.000000,8.714667,0.000000,0.857280
452,12.133333,6.933333,8.714667,0.000000,0.855392
453,12.133333,6.766667,8.765333,0.000000,0.881212
454,12.133333,7.033333,8.740000,0.000000,0.872185
455,12.133333,6.933333,8.757333,0.000000,0.886099
456,12.133333,7.000000,8.679333,0.000000,0.853170
457,12.133333,7.033333,8.707333,0.000000,0.875074
458,12.133333,7.066667,8.739333,0.000000,0.859723
459,12.133333,7.000000,8.720000,0.000000,0.867169
460,12.133333,7.066667,8.762667,0.000000,0.858007
461,12.133333,7.033333,8.712000,0.000000,0.858856
462,12.133333,6.966667,8.737333,0.000000,0.847742
463,12.133333,7.100000,8.716000,0.000000,0.839450
464,12.133333,6.966667,8.720000,0.000000,0.855643
465,12.133333,7.000000,8.720000,0.000000,0.856496
466,12.133333,7.033333,8.716000,0.000000,0.849390
467,12.133333,7.066667,8.734000,0.000000,0.853175
468,12.133333,6.933333,8.744000,0.000000,0.870175
469,12.133333,6.900000,8.665333,0.000000,0.868827
470,12.133333,6.900000,8.751333,0.000000,0.885989
471,12.133333,6.933333,8.743333,0.000000,0.852325
472,12.133333,7.000000,8.734667,0.000000,0.875875
473,12.133333,6.966667,8.745333,0.000000,0.849758
474,12.133333,6.900000,8.702000,0.000000,0.863583
475,12.133333,6.966667,8.730000,0.000000,0.825434
476,12.133333,7.033333,8.713333,0.000000,0.826187
477,12.133333,7.033333,8.723333,0.000000,0.854306
478,12.133333,6.966667,8.747333,0.000000,0.856666
479,12.133333,7.033333,8.720000,0.000000,0.857285
480,12.133333,7.033333,8.739333,0.000000,0.860722
481,12.133333,6.933333,8.706667,0.000000,0.861006
482,12.133333,6.933333,8.714000,0.000000,0.896487
483,12.133333,7.000000,8.724667,0.000000,0.868708
484,12.133333,6.933333,8.754667,0.000000,0.835509
485,12.133333,7.033333,8.738000,0.000000,0.887201
486,12.133333,7.066667,8.740000,0.000000,0.871015
487,12.133333,7.000000,8.734000,0.000000,0.850527
488,12.133333,7.033333,8.726000,0.000000,0.871046
489,12.133333,7.033333,8.726667,0.000000,0.843411
490,12.133333,6.966667,8.749333,0.000000,0.843371
491,12.133333,7.000000,8.722000,0.000000,0.894872
492,12.133333,7.000000,8.749333,0.000000,0.884564
493,12.133333,6.933333,8.754667,0.000000,0.853841
494,12.133333,7.000000,8.740000,0.000000,0.845256
495,12.133333,6.900000,8.693333,0.000000,0.866036
496,12.133333,6.933333,8.764667,0.000000,0.886841
497,12.133333,6.966667,8.739333,0.000000,0.856459
498,12.133333,6.966667,8.746667,0.000000,0.868247
499,12.133333,7.033333,8.748667,0.000000,0.870364
500,12.133333,7.000000,8.694667,0.000000,0.868027
BestSdev: 0.179474, Time: 9m57.880891605s