gen,best,worst,mean,rep,sdev
1,10.333333,7.333333,8.746667,0.000000,0.832929
2,10.566667,7.333333,8.768333,0.000000,0.828501
3,10.733333,7.300000,8.710000,0.000000,0.809465
4,10.800000,7.200000,8.743333,0.000000,0.853658
5,10.866667,7.300000,8.715000,0.000000,0.818630
6,10.933333,7.166667,8.713333,0.000000,0.835423
7,10.966667,7.366667,8.771667,0.000000,0.837925
8,11.100000,7.433333,8.766667,0.000000,0.801824
9,11.166667,7.300000,8.758333,0.000000,0.867330
10,11.166667,7.333333,8.785000,0.000000,0.848661
11,11.166667,7.266667,8.766667,0.000000,0.832844
12,11.166667,7.133333,8.711667,0.000000,0.864740
13,11.166667,7.466667,8.756667,0.000000,0.794902
14,11.166667,7.266667,8.758333,0.000000,0.827534
15,11.166667,7.233333,8.723333,0.000000,0.857368
16,11.166667,7.466667,8.763333,0.000000,0.813418
17,11.200000,7.233333,8.818333,0.000000,0.902336
18,11.233333,7.333333,8.821667,0.000000,0.828845
19,11.266667,7.066667,8.748333,0.000000,0.858588
20,11.266667,7.400000,8.780000,0.000000,0.851285
21,11.266667,7.266667,8.745000,0.000000,0.851836
22,11.266667,7.300000,8.711667,0.000000,0.861123
23,11.266667,7.233333,8.658333,0.000000,0.839831
24,11.266667,7.300000,8.735000,0.000000,0.828718
25,11.266667,7.333333,8.743333,0.000000,0.815282
26,11.266667,7.266667,8.721667,0.000000,0.833165
27,11.266667,7.166667,8.716667,0.000000,0.837186
28,11.266667,7.300000,8.766667,0.000000,0.846937
29,11.300000,7.200000,8.710000,0.000000,0.838981
30,11.300000,7.333333,8.773333,0.000000,0.874035
31,11.333333,7.300000,8.755000,0.000000,0.800924
32,11.333333,7.266667,8.765000,0.000000,0.827480
33,11.333333,7.266667,8.708333,0.000000,0.819729
34,11.333333,7.266667,8.755000,0.000000,0.830334
35,11.333333,7.233333,8.745000,0.000000,0.831770
36,11.333333,7.366667,8.741667,0.000000,0.828507
37,11.333333,7.400000,8.756667,0.000000,0.812438
38,11.333333,7.333333,8.795000,0.000000,0.859639
39,11.333333,7.300000,8.730000,0.000000,0.806424
40,11.333333,7.166667,8.643333,0.000000,0.845365
41,11.333333,7.266667,8.716667,0.000000,0.835433
42,11.366667,7.366667,8.753333,0.000000,0.844881
43,11.366667,7.533333,8.736667,0.000000,0.792362
44,11.400000,7.266667,8.786667,0.000000,0.857686
45,11.400000,7.266667,8.768333,0.000000,0.859969
46,11.433333,7.233333,8.663333,0.000000,0.828961
47,11.433333,7.200000,8.666667,0.000000,0.870120
48,11.466667,7.433333,8.765000,0.000000,0.841005
49,11.466667,7.300000,8.723333,0.000000,0.810702
50,11.533333,7.333333,8.758333,0.000000,0.841706
51,11.533333,7.333333,8.755000,0.000000,0.842566
52,11.566667,7.233333,8.738333,0.000000,0.847885
53,11.566667,7.233333,8.693333,0.000000,0.828732
54,11.566667,7.266667,8.750000,0.000000,0.848542
55,11.566667,7.266667,8.675000,0.000000,0.834056
56,11.566667,7.300000,8.723333,0.000000,0.854502
57,11.566667,7.300000,8.746667,0.000000,0.802314
58,11.600000,7.366667,8.793333,0.000000,0.840526
59,11.600000,7.233333,8.695000,0.000000,0.815569
60,11.600000,7.266667,8.733333,0.000000,0.817539
61,11.600000,7.200000,8.715000,0.000000,0.849654
62,11.600000,7.133333,8.731667,0.000000,0.852976
63,11.600000,7.200000,8.728333,0.000000,0.858342
64,11.600000,7.300000,8.766667,0.000000,0.852885
65,11.600000,7.333333,8.708333,0.000000,0.787988
66,11.600000,7.166667,8.698333,0.000000,0.864827
67,11.600000,7.233333,8.723333,0.000000,0.852236
68,11.633333,7.333333,8.701667,0.000000,0.828371
69,11.633333,7.166667,8.691667,0.000000,0.823013
70,11.666667,7.300000,8.685000,0.000000,0.819531
71,11.666667,7.133333,8.686667,0.000000,0.871884
72,11.666667,7.233333,8.703333,0.000000,0.830584
73,11.700000,7.333333,8.720000,0.000000,0.839772
74,11.733333,7.233333,8.755000,0.000000,0.832216
75,11.733333,7.366667,8.741667,0.000000,0.833548
76,11.733333,7.266667,8.756667,0.000000,0.837368
77,11.733333,7.333333,8.781667,0.000000,0.810179
78,11.733333,7.400000,8.803333,0.000000,0.862876
79,11.733333,7.366667,8.738333,0.000000,0.787236
80,11.733333,7.200000,8.733333,0.000000,0.872115
81,11.733333,7.233333,8.696667,0.000000,0.815171
82,11.733333,7.333333,8.731667,0.000000,0.801000
83,11.733333,7.233333,8.763333,0.000000,0.876579
84,11.733333,7.300000,8.731667,0.000000,0.839208
85,11.733333,7.233333,8.765000,0.000000,0.853669
86,11.733333,7.433333,8.793333,0.000000,0.821236
87,11.733333,7.233333,8.716667,0.000000,0.869682
88,11.733333,7.233333,8.696667,0.000000,0.848268
89,11.733333,7.166667,8.788333,0.000000,0.878452
90,11.766667,7.300000,8.755000,0.000000,0.863108
91,11.800000,7.266667,8.736667,0.000000,0.832044
92,11.800000,7.233333,8.760000,0.000000,0.868327
93,11.800000,7.333333,8.728333,0.000000,0.848564
94,11.800000,7.300000,8.670000,0.000000,0.803393
95,11.800000,7.000000,8.730000,0.000000,0.856378
96,11.800000,7.200000,8.735000,0.000000,0.855462
97,11.800000,7.166667,8.771667,0.000000,0.857418
98,11.800000,7.333333,8.766667,0.000000,0.799361
99,11.800000,7.166667,8.741667,0.000000,0.854217
100,11.800000,7.266667,8.768333,0.000000,0.808091
101,11.800000,7.300000,8.733333,0.000000,0.844807
102,11.800000,7.200000,8.790000,0.000000,0.855700
103,11.800000,7.233333,8.685000,0.000000,0.800895
104,11.833333,7.300000,8.728333,0.000000,0.836693
105,11.833333,7.300000,8.705000,0.000000,0.825133
106,11.866667,7.266667,8.758333,0.000000,0.804867
107,11.866667,7.366667,8.785000,0.000000,0.819719
108,11.866667,7.266667,8.708333,0.000000,0.856313
109,11.866667,7.300000,8.783333,0.000000,0.807592
110,11.900000,7.233333,8.768333,0.000000,0.854791
111,11.900000,7.333333,8.735000,0.000000,0.814181
112,11.900000,7.366667,8.723333,0.000000,0.796828
113,11.933333,7.166667,8.721667,0.000000,0.875380
114,11.966667,7.300000,8.731667,0.000000,0.836518
115,11.966667,7.133333,8.718333,0.000000,0.855600
116,12.000000,7.366667,8.773333,0.000000,0.836608
117,12.000000,7.233333,8.751667,0.000000,0.846504
118,12.000000,7.266667,8.756667,0.000000,0.878386
119,12.000000,7.233333,8.673333,0.000000,0.847313
120,12.000000,7.200000,8.711667,0.000000,0.857570
121,12.000000,7.166667,8.721667,0.000000,0.797953
122,12.000000,7.333333,8.781667,0.000000,0.821140
123,12.000000,7.366667,8.763333,0.000000,0.800751
124,12.000000,7.200000,8.711667,0.000000,0.822466
125,12.000000,7.266667,8.740000,0.000000,0.809605
126,12.000000,7.300000,8.751667,0.000000,0.835491
127,12.000000,7.233333,8.691667,0.000000,0.854978
128,12.000000,7.233333,8.705000,0.000000,0.843904
129,12.000000,7.300000,8.686667,0.000000,0.832218
130,12.000000,7.333333,8.681667,0.000000,0.824188
131,12.000000,7.266667,8.780000,0.000000,0.841121
132,12.000000,7.233333,8.695000,0.000000,0.814967
133,12.000000,7.233333,8.741667,0.000000,0.813969
134,12.000000,7.233333,8.698333,0.000000,0.852799
135,12.000000,7.300000,8.790000,0.000000,0.835775
136,12.000000,7.333333,8.716667,0.000000,0.815744
137,12.000000,7.166667,8.700000,0.000000,0.846864
138,12.000000,7.200000,8.713333,0.000000,0.869509
139,12.000000,7.100000,8.688333,0.000000,0.880377
140,12.000000,7.300000,8.748333,0.000000,0.827299
141,12.000000,7.233333,8.701667,0.000000,0.837621
142,12.000000,7.333333,8.745000,0.000000,0.821413
143,12.000000,7.266667,8.815000,0.000000,0.845424
144,12.000000,7.266667,8.763333,0.000000,0.868282
145,12.000000,7.200000,8.721667,0.000000,0.813489
146,12.000000,7.300000,8.751667,0.000000,0.838655
147,12.000000,7.200000,8.761667,0.000000,0.882801
148,12.000000,7.166667,8.701667,0.000000,0.867878
149,12.000000,7.233333,8.671667,0.000000,0.798795
150,12.000000,7.333333,8.778333,0.000000,0.842156
151,12.000000,7.366667,8.778333,0.000000,0.815908
152,12.000000,7.266667,8.771667,0.000000,0.869723
153,12.000000,7.266667,8.733333,0.000000,0.848852
154,12.000000,7.300000,8.693333,0.000000,0.813523
155,12.000000,7.400000,8.763333,0.000000,0.800856
156,12.000000,7.266667,8.678333,0.000000,0.817390
157,12.000000,7.400000,8.691667,0.000000,0.794534
158,12.000000,7.266667,8.693333,0.000000,0.810356
159,12.000000,7.233333,8.773333,0.000000,0.858325
160,12.000000,7.400000,8.770000,0.000000,0.820566
161,12.000000,7.300000,8.675000,0.000000,0.825245
162,12.000000,7.366667,8.768333,0.000000,0.846946
163,12.000000,7.300000,8.798333,0.000000,0.848505
164,12.000000,7.333333,8.791667,0.000000,0.817968
165,12.000000,7.366667,8.713333,0.000000,0.798596
166,12.000000,7.166667,8.663333,0.000000,0.846286
167,12.000000,7.233333,8.750000,0.000000,0.846359
168,12.033333,7.300000,8.758333,0.000000,0.832577
169,12.066667,7.266667,8.716667,0.000000,0.857858
170,12.066667,7.300000,8.706667,0.000000,0.837598
171,12.066667,7.333333,8.741667,0.000000,0.820329
172,12.066667,7.333333,8.738333,0.000000,0.829884
173,12.066667,7.266667,8.745000,0.000000,0.850942
174,12.066667,7.366667,8.761667,0.000000,0.826958
175,12.066667,7.266667,8.770000,0.000000,0.870130
176,12.066667,7.100000,8.633333,0.000000,0.850172
177,12.066667,7.133333,8.706667,0.000000,0.849123
178,12.066667,7.233333,8.713333,0.000000,0.867649
179,12.066667,7.200000,8.700000,0.000000,0.865789
180,12.066667,7.200000,8.770000,0.000000,0.851092
181,12.066667,7.166667,8.700000,0.000000,0.819786
182,12.066667,7.266667,8.758333,0.000000,0.841097
183,12.066667,7.133333,8.723333,0.000000,0.871600
184,12.066667,7.400000,8.775000,0.000000,0.856431
185,12.066667,7.200000,8.723333,0.000000,0.809153
186,12.066667,7.200000,8.706667,0.000000,0.856684
187,12.066667,7.300000,8.708333,0.000000,0.825485
188,12.066667,7.233333,8.728333,0.000000,0.851792
189,12.100000,7.366667,8.700000,0.000000,0.832319
190,12.100000,7.266667,8.735000,0.000000,0.831543
191,12.100000,7.400000,8.715000,0.000000,0.784906
192,12.100000,7.300000,8.761667,0.000000,0.870113
193,12.100000,7.266667,8.731667,0.000000,0.840837
194,12.100000,7.266667,8.701667,0.000000,0.819162
195,12.100000,7.200000,8.725000,0.000000,0.857844
196,12.100000,7.266667,8.741667,0.000000,0.841348
197,12.100000,7.066667,8.696667,0.000000,0.863209
198,12.100000,7.300000,8.695000,0.000000,0.843703
199,12.100000,7.333333,8.788333,0.000000,0.841683
200,12.100000,7.266667,8.700000,0.000000,0.835341
BestSdev: 0.348310, Time: 1m57.918780311s