gen,best,worst,mean,rep,sdev
1,10.766667,6.900000,8.748000,0.000000,0.880903
2,11.100000,6.933333,8.755333,0.000000,0.885758
3,11.200000,7.033333,8.762667,0.000000,0.848947
4,11.233333,7.000000,8.746000,0.000000,0.821785
5,11.233333,6.966667,8.710667,0.000000,0.825974
6,11.300000,7.100000,8.732667,0.000000,0.872587
7,11.333333,7.000000,8.742000,0.000000,0.863964
8,11.400000,7.133333,8.778000,0.000000,0.853938
9,11.466667,7.033333,8.720667,0.000000,0.838440
10,11.500000,7.000000,8.775333,0.000000,0.852713
11,11.533333,7.066667,8.778667,0.000000,0.875615
12,11.566667,7.066667,8.714000,0.000000,0.852896
13,11.666667,7.000000,8.742000,0.000000,0.869116
14,11.700000,7.033333,8.776667,0.000000,0.846850
15,11.700000,7.000000,8.747333,0.000000,0.867176
16,11.733333,6.933333,8.753333,0.000000,0.866584
17,11.766667,6.966667,8.794000,0.000000,0.861551
18,11.800000,6.933333,8.726667,0.000000,0.865462
19,11.800000,6.966667,8.730667,0.000000,0.876867
20,11.800000,7.000000,8.716667,0.000000,0.855135
21,11.800000,7.033333,8.828667,0.000000,0.869494
22,11.800000,7.066667,8.729333,0.000000,0.840499
23,11.800000,7.000000,8.737333,0.000000,0.881114
24,11.900000,7.033333,8.755333,0.000000,0.866862
25,11.933333,7.100000,8.765333,0.000000,0.863345
26,11.933333,6.933333,8.736667,0.000000,0.861998
27,11.933333,6.966667,8.708667,0.000000,0.857973
28,11.933333,7.000000,8.743333,0.000000,0.864056
29,11.933333,7.000000,8.720667,0.000000,0.831010
30,12.000000,7.033333,8.712000,0.000000,0.861171
31,12.033333,6.966667,8.757333,0.000000,0.864748
32,12.033333,6.900000,8.690667,0.000000,0.875686
33,12.033333,7.000000,8.726000,0.000000,0.848275
34,12.033333,7.133333,8.758667,0.000000,0.851694
35,12.033333,7.000000,8.754667,0.000000,0.875733
36,12.066667,6.933333,8.746000,0.000000,0.888460
37,12.066667,7.033333,8.751333,0.000000,0.877814
38,12.066667,6.966667,8.721333,0.000000,0.852387
39,12.066667,7.000000,8.750000,0.000000,0.864521
40,12.066667,7.000000,8.730667,0.000000,0.869390
41,12.066667,7.066667,8.728000,0.000000,0.864945
42,12.066667,7.000000,8.769333,0.000000,0.834738
43,12.066667,7.033333,8.777333,0.000000,0.846691
44,12.066667,7.033333,8.728667,0.000000,0.864831
45,12.066667,7.000000,8.771333,0.000000,0.886383
46,12.100000,6.933333,8.722667,0.000000,0.886327
47,12.100000,7.000000,8.751333,0.000000,0.886407
48,12.100000,7.000000,8.744667,0.000000,0.855658
49,12.100000,6.933333,8.749333,0.000000,0.837860
50,12.100000,6.966667,8.736667,0.000000,0.865618
BestSdev: 0.320306, Time: 57.943295054s