gen,best,worst,mean,rep,sdev
1,10.966667,6.933333,8.713667,0.000000,0.865198
2,11.100000,6.966667,8.734667,0.000000,0.848789
3,11.133333,7.000000,8.746333,0.000000,0.851549
4,11.166667,6.866667,8.709000,0.000000,0.850556
5,11.233333,6.800000,8.727000,0.000000,0.861312
6,11.333333,6.900000,8.739333,0.000000,0.873052
7,11.400000,6.933333,8.763000,0.000000,0.863249
8,11.466667,6.933333,8.728333,0.000000,0.869385
9,11.500000,6.766667,8.730667,0.000000,0.881253
10,11.533333,6.900000,8.724667,0.000000,0.879576
11,11.566667,6.766667,8.709667,0.000000,0.873126
12,11.633333,6.866667,8.721000,0.000000,0.861486
13,11.666667,6.866667,8.732000,0.000000,0.869074
14,11.700000,6.966667,8.755000,0.000000,0.858183
15,11.700000,6.866667,8.752333,0.000000,0.858310
16,11.800000,6.966667,8.751333,0.000000,0.859275
17,11.800000,6.833333,8.748667,0.000000,0.866065
18,11.833333,6.866667,8.738000,0.000000,0.868588
19,11.866667,6.966667,8.755333,0.000000,0.891287
20,11.900000,6.866667,8.733333,0.000000,0.878554
21,11.900000,6.866667,8.729000,0.000000,0.873703
22,11.933333,6.933333,8.707333,0.000000,0.845878
23,11.933333,6.933333,8.745667,0.000000,0.869104
24,11.933333,6.933333,8.701000,0.000000,0.861773
25,11.933333,6.933333,8.740000,0.000000,0.867951
26,11.933333,6.966667,8.772667,0.000000,0.869033
27,11.933333,6.966667,8.753667,0.000000,0.883207
28,11.933333,6.866667,8.716333,0.000000,0.869183
29,11.933333,6.900000,8.724333,0.000000,0.849655
30,11.933333,6.933333,8.727333,0.000000,0.843878
31,11.933333,6.800000,8.713667,0.000000,0.868876
32,11.933333,6.933333,8.737000,0.000000,0.854583
33,11.933333,6.933333,8.745000,0.000000,0.861065
34,11.933333,6.866667,8.749667,0.000000,0.868349
35,11.933333,6.933333,8.746000,0.000000,0.875865
36,11.933333,6.933333,8.750333,0.000000,0.864223
37,11.933333,6.866667,8.731667,0.000000,0.865451
38,11.933333,6.866667,8.724333,0.000000,0.882579
39,11.933333,6.833333,8.727333,0.000000,0.871418
40,11.933333,6.833333,8.718333,0.000000,0.869597
41,11.933333,6.966667,8.748000,0.000000,0.879800
42,11.933333,6.966667,8.725333,0.000000,0.861704
43,11.966667,6.900000,8.746000,0.000000,0.870317
44,11.966667,6.866667,8.740667,0.000000,0.861765
45,11.966667,6.900000,8.721333,0.000000,0.868011
46,11.966667,6.966667,8.729000,0.000000,0.881481
47,11.966667,6.833333,8.721000,0.000000,0.869454
48,11.966667,6.900000,8.735000,0.000000,0.853491
49,11.966667,6.900000,8.739333,0.000000,0.862039
50,11.966667,6.833333,8.763333,0.000000,0.864101
51,11.966667,6.833333,8.737667,0.000000,0.862777
52,11.966667,6.933333,8.759000,0.000000,0.882467
53,11.966667,6.933333,8.734667,0.000000,0.832716
54,11.966667,6.900000,8.728000,0.000000,0.862936
55,11.966667,6.900000,8.713667,0.000000,0.886891
56,11.966667,6.833333,8.753667,0.000000,0.858188
57,11.966667,6.966667,8.728667,0.000000,0.860701
58,11.966667,6.900000,8.714667,0.000000,0.882951
59,11.966667,6.900000,8.731000,0.000000,0.859891
60,11.966667,6.966667,8.715000,0.000000,0.870445
61,11.966667,6.966667,8.681333,0.000000,0.852246
62,11.966667,6.900000,8.720667,0.000000,0.876671
63,11.966667,6.966667,8.723333,0.000000,0.874327
64,11.966667,6.766667,8.727000,0.000000,0.867159
65,11.966667,6.966667,8.732667,0.000000,0.858689
66,11.966667,6.900000,8.740333,0.000000,0.875239
67,11.966667,6.966667,8.723333,0.000000,0.885252
68,11.966667,6.766667,8.710000,0.000000,0.870277
69,11.966667,6.900000,8.763333,0.000000,0.880198
70,11.966667,6.966667,8.726000,0.000000,0.868838
71,11.966667,6.900000,8.723667,0.000000,0.854101
72,12.000000,6.933333,8.723000,0.000000,0.849925
73,12.000000,6.900000,8.725333,0.000000,0.859853
74,12.000000,6.866667,8.702333,0.000000,0.864935
75,12.000000,7.000000,8.742667,0.000000,0.845878
76,12.000000,6.900000,8.757000,0.000000,0.877221
77,12.000000,6.766667,8.735333,0.000000,0.842751
78,12.066667,6.933333,8.746000,0.000000,0.875793
79,12.066667,6.933333,8.738667,0.000000,0.871742
80,12.066667,6.933333,8.710000,0.000000,0.868283
81,12.066667,6.866667,8.725333,0.000000,0.861811
82,12.066667,6.833333,8.748000,0.000000,0.888814
83,12.066667,6.900000,8.744333,0.000000,0.855419
84,12.066667,6.833333,8.743000,0.000000,0.859381
85,12.066667,6.833333,8.735667,0.000000,0.858964
86,12.066667,6.866667,8.741333,0.000000,0.882920
87,12.066667,6.933333,8.741667,0.000000,0.877168
88,12.066667,6.900000,8.716667,0.000000,0.853506
89,12.066667,6.866667,8.757000,0.000000,0.890006
90,12.066667,6.900000,8.728667,0.000000,0.849834
91,12.066667,6.900000,8.692333,0.000000,0.859728
92,12.100000,6.866667,8.730667,0.000000,0.883814
93,12.100000,6.933333,8.740000,0.000000,0.877348
94,12.100000,6.966667,8.720333,0.000000,0.855603
95,12.100000,6.966667,8.740667,0.000000,0.848926
96,12.100000,6.800000,8.742333,0.000000,0.872116
97,12.100000,6.766667,8.740667,0.000000,0.858307
98,12.100000,6.866667,8.726667,0.000000,0.867488
99,12.100000,6.866667,8.724333,0.000000,0.864725
100,12.100000,6.800000,8.716000,0.000000,0.876442
101,12.133333,6.900000,8.729667,0.000000,0.861782
102,12.133333,6.833333,8.729333,0.000000,0.877673
103,12.133333,6.800000,8.727333,0.000000,0.855487
104,12.133333,6.833333,8.725333,0.000000,0.885165
105,12.133333,6.866667,8.727333,0.000000,0.857102
106,12.133333,6.900000,8.740333,0.000000,0.857400
107,12.133333,6.966667,8.729000,0.000000,0.893854
108,12.133333,6.866667,8.704000,0.000000,0.863013
109,12.133333,6.866667,8.742000,0.000000,0.842873
110,12.133333,6.833333,8.746333,0.000000,0.871301
111,12.133333,6.900000,8.751667,0.000000,0.864286
112,12.133333,6.900000,8.729333,0.000000,0.859930
113,12.133333,6.933333,8.712333,0.000000,0.865760
114,12.133333,6.933333,8.734000,0.000000,0.847736
115,12.133333,6.866667,8.753667,0.000000,0.857144
116,12.133333,6.900000,8.748333,0.000000,0.856095
117,12.133333,6.933333,8.741667,0.000000,0.857237
118,12.133333,6.866667,8.740667,0.000000,0.847213
119,12.133333,6.900000,8.730000,0.000000,0.874297
120,12.133333,6.966667,8.761000,0.000000,0.855956
121,12.133333,6.900000,8.765667,0.000000,0.869822
122,12.133333,6.933333,8.759667,0.000000,0.843368
123,12.133333,6.800000,8.725000,0.000000,0.863119
124,12.133333,6.900000,8.732000,0.000000,0.878157
125,12.133333,6.933333,8.743000,0.000000,0.871425
126,12.133333,6.900000,8.747333,0.000000,0.872955
127,12.133333,6.900000,8.723000,0.000000,0.869431
128,12.133333,6.933333,8.758000,0.000000,0.869915
129,12.133333,6.966667,8.731000,0.000000,0.857473
130,12.133333,6.833333,8.736667,0.000000,0.863387
131,12.133333,6.900000,8.774667,0.000000,0.877002
132,12.133333,6.933333,8.719667,0.000000,0.854900
133,12.133333,6.933333,8.729000,0.000000,0.869175
134,12.133333,6.866667,8.734000,0.000000,0.869262
135,12.133333,6.966667,8.740333,0.000000,0.856794
136,12.133333,6.833333,8.731667,0.000000,0.882537
137,12.133333,6.900000,8.712000,0.000000,0.855001
138,12.133333,6.933333,8.738667,0.000000,0.868005
139,12.133333,6.833333,8.732000,0.000000,0.867406
140,12.133333,6.900000,8.747333,0.000000,0.862152
141,12.133333,6.966667,8.708000,0.000000,0.868240
142,12.133333,6.933333,8.738333,0.000000,0.863489
143,12.133333,6.966667,8.740333,0.000000,0.864822
144,12.133333,6.866667,8.729667,0.000000,0.879234
145,12.133333,6.900000,8.768333,0.000000,0.846994
146,12.133333,6.866667,8.722667,0.000000,0.875712
147,12.133333,6.833333,8.761000,0.000000,0.873351
148,12.133333,6.800000,8.729333,0.000000,0.867013
149,12.133333,6.966667,8.745000,0.000000,0.878440
150,12.133333,6.800000,8.722667,0.000000,0.875913
151,12.133333,6.933333,8.723333,0.000000,0.859039
152,12.133333,6.933333,8.735000,0.000000,0.850723
153,12.133333,6.900000,8.708667,0.000000,0.868532
154,12.133333,6.900000,8.728667,0.000000,0.872035
155,12.133333,6.966667,8.738000,0.000000,0.847384
156,12.133333,6.900000,8.685667,0.000000,0.878889
157,12.133333,6.900000,8.732667,0.000000,0.864005
158,12.133333,6.866667,8.754000,0.000000,0.850719
159,12.133333,6.900000,8.733000,0.000000,0.866433
160,12.133333,6.833333,8.763333,0.000000,0.871687
161,12.133333,6.966667,8.738000,0.000000,0.848312
162,12.133333,6.933333,8.760333,0.000000,0.866353
163,12.133333,6.933333,8.728333,0.000000,0.871320
164,12.133333,6.866667,8.722667,0.000000,0.855339
165,12.133333,6.933333,8.725333,0.000000,0.879320
166,12.133333,6.966667,8.728667,0.000000,0.875076
167,12.133333,6.833333,8.767000,0.000000,0.880868
168,12.133333,6.866667,8.726000,0.000000,0.859822
169,12.133333,6.866667,8.720333,0.000000,0.844228
170,12.133333,6.866667,8.783667,0.000000,0.891241
171,12.133333,6.933333,8.722667,0.000000,0.866197
172,12.133333,6.933333,8.745333,0.000000,0.883024
173,12.133333,6.900000,8.746000,0.000000,0.871722
174,12.133333,6.966667,8.738333,0.000000,0.858647
175,12.133333,6.900000,8.731000,0.000000,0.878386
176,12.133333,6.933333,8.727667,0.000000,0.854503
177,12.133333,6.966667,8.708333,0.000000,0.865133
178,12.166667,6.900000,8.725000,0.000000,0.868589
179,12.200000,6.966667,8.751667,0.000000,0.872115
180,12.233333,6.933333,8.756000,0.000000,0.879508
181,12.233333,6.833333,8.718333,0.000000,0.876858
182,12.233333,6.833333,8.691667,0.033333,0.844747
183,12.233333,6.933333,8.707667,0.000000,0.852362
184,12.233333,7.000000,8.740667,0.000000,0.877585
185,12.233333,6.800000,8.718000,0.000000,0.871291
186,12.233333,6.900000,8.725667,0.000000,0.839989
187,12.233333,6.933333,8.758333,0.000000,0.884522
188,12.233333,6.866667,8.716667,0.000000,0.864568
189,12.233333,6.900000,8.755667,0.000000,0.852709
190,12.233333,6.800000,8.728333,0.000000,0.849969
191,12.233333,6.966667,8.731333,0.000000,0.849761
192,12.233333,6.833333,8.698333,0.000000,0.857950
193,12.233333,6.900000,8.748000,0.000000,0.883218
194,12.233333,6.900000,8.759333,0.000000,0.861260
195,12.233333,6.866667,8.735667,0.000000,0.864990
196,12.233333,6.900000,8.706667,0.000000,0.867361
197,12.233333,6.933333,8.740667,0.000000,0.863180
198,12.233333,6.866667,8.726667,0.000000,0.877012
199,12.233333,6.933333,8.761000,0.000000,0.860195
200,12.233333,6.933333,8.762333,0.000000,0.876636
201,12.233333,6.900000,8.752333,0.000000,0.867005
202,12.233333,6.800000,8.721333,0.000000,0.863573
203,12.233333,6.866667,8.734000,0.000000,0.871456
204,12.233333,6.866667,8.737667,0.000000,0.868814
205,12.233333,6.866667,8.739000,0.000000,0.861788
206,12.233333,6.900000,8.719333,0.000000,0.847270
207,12.233333,6.966667,8.744333,0.000000,0.869518
208,12.233333,6.933333,8.718667,0.000000,0.867896
209,12.233333,6.966667,8.717000,0.000000,0.866571
210,12.233333,6.866667,8.722000,0.000000,0.867907
211,12.233333,6.900000,8.733667,0.000000,0.849313
212,12.233333,6.800000,8.732333,0.000000,0.877790
213,12.233333,6.900000,8.715333,0.000000,0.878505
214,12.233333,6.866667,8.737000,0.000000,0.879818
215,12.233333,6.866667,8.747333,0.000000,0.859162
216,12.233333,6.966667,8.742667,0.000000,0.868201
217,12.233333,6.933333,8.697000,0.000000,0.862459
218,12.233333,6.900000,8.756333,0.000000,0.878060
219,12.233333,6.933333,8.718000,0.000000,0.851294
220,12.233333,6.900000,8.724000,0.000000,0.856883
221,12.233333,6.800000,8.749333,0.000000,0.868998
222,12.266667,6.966667,8.725333,0.000000,0.862341
223,12.266667,6.866667,8.730667,0.000000,0.862258
224,12.266667,6.900000,8.741333,0.000000,0.884267
225,12.266667,6.933333,8.717333,0.000000,0.848015
226,12.266667,6.800000,8.749333,0.000000,0.885162
227,12.266667,6.733333,8.718000,0.000000,0.886875
228,12.266667,6.833333,8.734333,0.000000,0.868980
229,12.266667,6.933333,8.703333,0.000000,0.857608
230,12.300000,6.700000,8.712667,0.000000,0.885996
231,12.300000,6.966667,8.747667,0.000000,0.865396
232,12.300000,6.866667,8.741333,0.000000,0.859535
233,12.300000,6.933333,8.746333,0.000000,0.877986
234,12.300000,6.900000,8.721000,0.000000,0.866503
235,12.300000,6.933333,8.737333,0.000000,0.854009
236,12.300000,6.900000,8.738000,0.000000,0.871242
237,12.300000,6.933333,8.733667,0.000000,0.855996
238,12.300000,6.900000,8.745000,0.000000,0.847077
239,12.300000,6.900000,8.731333,0.000000,0.872464
240,12.300000,6.933333,8.745000,0.000000,0.870159
241,12.300000,6.933333,8.734000,0.000000,0.889420
242,12.300000,6.800000,8.727333,0.000000,0.869449
243,12.300000,6.866667,8.737667,0.000000,0.858864
244,12.300000,6.933333,8.733333,0.000000,0.868113
245,12.300000,6.966667,8.757000,0.000000,0.849274
246,12.300000,6.833333,8.722000,0.000000,0.855183
247,12.300000,6.900000,8.713333,0.000000,0.844685
248,12.300000,6.833333,8.733333,0.000000,0.862402
249,12.300000,6.900000,8.740667,0.000000,0.869291
250,12.300000,6.866667,8.716000,0.000000,0.853315
251,12.300000,6.933333,8.744667,0.000000,0.872380
252,12.300000,6.933333,8.734333,0.000000,0.871955
253,12.300000,6.833333,8.713667,0.000000,0.869427
254,12.300000,6.866667,8.734333,0.000000,0.876870
255,12.300000,6.866667,8.715667,0.000000,0.869023
256,12.300000,6.966667,8.758667,0.000000,0.874439
257,12.300000,7.000000,8.756000,0.000000,0.860816
258,12.300000,6.900000,8.725000,0.000000,0.861577
259,12.300000,6.900000,8.736333,0.000000,0.850736
260,12.300000,6.800000,8.752667,0.000000,0.855897
261,12.300000,6.866667,8.681000,0.000000,0.873349
262,12.300000,6.900000,8.734000,0.000000,0.848797
263,12.300000,6.800000,8.733000,0.000000,0.875348
264,12.300000,6.933333,8.747000,0.000000,0.876107
265,12.300000,6.866667,8.739333,0.000000,0.881213
266,12.300000,6.900000,8.741000,0.000000,0.878873
267,12.300000,6.933333,8.726000,0.000000,0.860347
268,12.300000,6.900000,8.751667,0.000000,0.876104
269,12.300000,6.933333,8.736000,0.000000,0.864095
270,12.300000,6.966667,8.720000,0.000000,0.858556
271,12.300000,6.966667,8.730667,0.000000,0.901040
272,12.300000,6.833333,8.758333,0.000000,0.855257
273,12.300000,6.800000,8.722333,0.000000,0.865966
274,12.300000,6.933333,8.735000,0.000000,0.873324
275,12.300000,6.933333,8.748000,0.000000,0.858021
276,12.300000,6.900000,8.743333,0.000000,0.875181
277,12.300000,6.866667,8.740667,0.000000,0.867340
278,12.300000,6.966667,8.747333,0.000000,0.872867
279,12.300000,6.966667,8.726667,0.000000,0.864100
280,12.300000,6.966667,8.750667,0.000000,0.865072
281,12.300000,6.900000,8.724000,0.000000,0.852239
282,12.300000,6.900000,8.749667,0.000000,0.847516
283,12.300000,6.900000,8.743667,0.000000,0.851761
284,12.300000,6.866667,8.753333,0.000000,0.866412
285,12.300000,6.933333,8.721000,0.000000,0.875704
286,12.300000,6.833333,8.734000,0.000000,0.893114
287,12.300000,6.933333,8.739667,0.000000,0.873003
288,12.333333,6.833333,8.732000,0.000000,0.871187
289,12.333333,6.933333,8.726333,0.000000,0.867304
290,12.333333,6.933333,8.755667,0.000000,0.869849
291,12.333333,6.700000,8.703000,0.000000,0.870570
292,12.333333,6.900000,8.765000,0.000000,0.869322
293,12.333333,6.866667,8.721000,0.000000,0.854369
294,12.333333,6.900000,8.749333,0.000000,0.859744
295,12.333333,6.866667,8.731667,0.000000,0.865057
296,12.333333,6.900000,8.741000,0.000000,0.883771
297,12.333333,6.966667,8.708667,0.000000,0.845638
298,12.333333,6.933333,8.730667,0.000000,0.866559
299,12.333333,6.866667,8.728667,0.000000,0.887944
300,12.333333,6.866667,8.754333,0.000000,0.843847
301,12.333333,6.833333,8.735000,0.000000,0.874482
302,12.333333,6.900000,8.728000,0.000000,0.854373
303,12.333333,6.900000,8.730667,0.033333,0.866505
304,12.333333,6.933333,8.721000,0.000000,0.879724
305,12.333333,6.866667,8.731667,0.000000,0.878082
306,12.333333,6.866667,8.702000,0.000000,0.866795
307,12.333333,6.900000,8.745333,0.000000,0.857456
308,12.333333,6.900000,8.761333,0.000000,0.875643
309,12.333333,6.866667,8.764000,0.000000,0.881191
310,12.333333,6.900000,8.742333,0.000000,0.877784
311,12.366667,6.800000,8.737333,0.000000,0.845961
312,12.366667,7.000000,8.753667,0.000000,0.840533
313,12.366667,6.866667,8.699667,0.000000,0.861449
314,12.366667,6.866667,8.716333,0.000000,0.858092
315,12.366667,6.933333,8.721000,0.000000,0.827292
316,12.366667,6.933333,8.706333,0.000000,0.860622
317,12.366667,6.900000,8.724333,0.000000,0.872981
318,12.366667,6.800000,8.729333,0.000000,0.887383
319,12.366667,7.033333,8.740333,0.000000,0.856358
320,12.400000,6.866667,8.724000,0.000000,0.877528
321,12.400000,6.900000,8.739000,0.000000,0.858278
322,12.400000,6.933333,8.723000,0.000000,0.857979
323,12.400000,6.766667,8.714000,0.000000,0.872148
324,12.400000,6.933333,8.735000,0.000000,0.876644
325,12.400000,6.966667,8.725000,0.000000,0.860691
326,12.400000,6.800000,8.725333,0.000000,0.876124
327,12.400000,6.733333,8.717667,0.000000,0.864025
328,12.400000,6.966667,8.733333,0.000000,0.853637
329,12.400000,6.866667,8.765333,0.000000,0.873553
330,12.400000,6.933333,8.729000,0.000000,0.871218
331,12.400000,6.900000,8.726000,0.000000,0.876362
332,12.400000,6.900000,8.721000,0.000000,0.857975
333,12.400000,6.900000,8.754333,0.000000,0.866134
334,12.400000,6.866667,8.745000,0.000000,0.873868
335,12.400000,6.966667,8.733333,0.000000,0.874318
336,12.400000,6.966667,8.741667,0.000000,0.880662
337,12.400000,6.800000,8.752333,0.000000,0.883178
338,12.400000,6.900000,8.722667,0.000000,0.865549
339,12.400000,6.800000,8.733333,0.000000,0.865874
340,12.400000,6.966667,8.737333,0.000000,0.870464
341,12.400000,6.933333,8.744000,0.000000,0.867729
342,12.400000,6.866667,8.750000,0.000000,0.869532
343,12.433333,6.866667,8.715333,0.000000,0.859190
344,12.433333,6.933333,8.714000,0.000000,0.858425
345,12.433333,6.966667,8.771667,0.000000,0.871249
346,12.433333,6.833333,8.756000,0.000000,0.865095
347,12.433333,6.900000,8.730667,0.000000,0.858057
348,12.433333,6.900000,8.727333,0.000000,0.856533
349,12.433333,6.833333,8.723667,0.000000,0.868339
350,12.433333,6.900000,8.741667,0.000000,0.883112
351,12.433333,6.966667,8.741667,0.000000,0.858318
352,12.433333,6.966667,8.726667,0.000000,0.864861
353,12.433333,6.900000,8.723000,0.000000,0.858329
354,12.433333,6.933333,8.765333,0.000000,0.857585
355,12.433333,6.866667,8.745000,0.000000,0.862392
356,12.433333,6.833333,8.744333,0.000000,0.854482
357,12.433333,6.966667,8.758333,0.000000,0.864379
358,12.433333,6.833333,8.719667,0.000000,0.866465
359,12.433333,6.933333,8.730333,0.000000,0.881055
360,12.433333,6.900000,8.723333,0.000000,0.868327
361,12.433333,6.966667,8.744000,0.000000,0.857173
362,12.433333,6.866667,8.731333,0.000000,0.871084
363,12.433333,6.966667,8.725000,0.000000,0.867704
364,12.433333,6.933333,8.737667,0.000000,0.859738
365,12.433333,6.933333,8.737000,0.000000,0.863448
366,12.433333,6.900000,8.737667,0.000000,0.871074
367,12.433333,6.933333,8.736000,0.000000,0.871672
368,12.433333,6.900000,8.739333,0.000000,0.881406
369,12.433333,6.833333,8.738667,0.000000,0.865523
370,12.433333,6.833333,8.709000,0.000000,0.875841
371,12.433333,6.966667,8.772333,0.000000,0.866980
372,12.433333,6.933333,8.715000,0.000000,0.853077
373,12.433333,6.900000,8.721333,0.000000,0.855135
374,12.433333,6.833333,8.715333,0.000000,0.857043
375,12.433333,6.900000,8.745333,0.000000,0.877682
376,12.433333,6.900000,8.733667,0.000000,0.860126
377,12.433333,6.800000,8.739000,0.000000,0.869909
378,12.433333,6.966667,8.748333,0.000000,0.853782
379,12.466667,6.933333,8.734333,0.000000,0.852124
380,12.466667,6.866667,8.741000,0.000000,0.878941
381,12.466667,6.933333,8.712333,0.000000,0.852631
382,12.466667,6.933333,8.760000,0.000000,0.872867
383,12.466667,6.966667,8.729667,0.000000,0.853212
384,12.500000,6.966667,8.726667,0.000000,0.861619
385,12.500000,6.800000,8.711000,0.000000,0.861863
386,12.500000,6.900000,8.744667,0.000000,0.867705
387,12.500000,6.933333,8.730667,0.000000,0.881801
388,12.500000,6.833333,8.736667,0.000000,0.852997
389,12.500000,6.866667,8.730000,0.000000,0.862653
390,12.500000,6.833333,8.729333,0.000000,0.875688
391,12.500000,6.900000,8.729333,0.000000,0.861930
392,12.500000,6.900000,8.719333,0.000000,0.847365
393,12.500000,6.966667,8.732667,0.000000,0.870298
394,12.500000,7.000000,8.750333,0.000000,0.870463
395,12.500000,6.866667,8.711333,0.000000,0.881474
396,12.500000,6.833333,8.744333,0.000000,0.866938
397,12.500000,6.933333,8.713333,0.000000,0.891954
398,12.500000,6.900000,8.736667,0.000000,0.889986
399,12.500000,6.900000,8.735000,0.000000,0.860334
400,12.500000,6.966667,8.785333,0.000000,0.852952
401,12.500000,6.866667,8.717333,0.000000,0.855034
402,12.500000,6.933333,8.763333,0.000000,0.874216
403,12.500000,6.866667,8.726333,0.000000,0.861573
404,12.500000,6.966667,8.730000,0.000000,0.874963
405,12.533333,6.833333,8.730667,0.000000,0.862299
406,12.533333,6.866667,8.717000,0.000000,0.871801
407,12.533333,6.933333,8.725667,0.000000,0.860315
408,12.533333,6.866667,8.738333,0.000000,0.869043
409,12.533333,6.966667,8.727667,0.000000,0.866844
410,12.533333,6.900000,8.722000,0.000000,0.871736
411,12.533333,6.900000,8.721333,0.000000,0.871889
412,12.533333,6.866667,8.736667,0.000000,0.867105
413,12.533333,6.900000,8.743667,0.000000,0.868125
414,12.533333,6.900000,8.710333,0.000000,0.866414
415,12.533333,6.966667,8.730333,0.000000,0.867280
416,12.566667,6.966667,8.731333,0.000000,0.858507
417,12.566667,6.900000,8.730000,0.000000,0.871862
418,12.566667,6.866667,8.719000,0.000000,0.865481
419,12.566667,6.966667,8.740667,0.000000,0.865067
420,12.566667,6.833333,8.739000,0.000000,0.853942
421,12.566667,6.866667,8.775000,0.000000,0.873531
422,12.566667,6.833333,8.756000,0.000000,0.868561
423,12.566667,6.866667,8.732000,0.000000,0.868665
424,12.566667,6.933333,8.724000,0.000000,0.852545
425,12.566667,6.900000,8.752000,0.000000,0.881140
426,12.566667,6.966667,8.734333,0.000000,0.870679
427,12.566667,6.933333,8.733667,0.000000,0.871958
428,12.566667,6.900000,8.759000,0.000000,0.858285
429,12.566667,6.933333,8.703667,0.000000,0.858279
430,12.566667,6.833333,8.723333,0.000000,0.855129
431,12.566667,6.900000,8.709667,0.000000,0.837577
432,12.566667,6.833333,8.769667,0.000000,0.854828
433,12.566667,6.866667,8.729667,0.000000,0.837178
434,12.566667,6.933333,8.755000,0.000000,0.854599
435,12.566667,6.866667,8.744333,0.000000,0.857511
436,12.566667,6.966667,8.737667,0.000000,0.858142
437,12.566667,6.900000,8.699333,0.000000,0.851876
438,12.566667,6.866667,8.764333,0.000000,0.868934
439,12.566667,6.933333,8.736333,0.000000,0.876595
440,12.566667,7.000000,8.717000,0.000000,0.858420
441,12.566667,6.866667,8.704333,0.000000,0.877561
442,12.566667,6.766667,8.745667,0.000000,0.886649
443,12.566667,6.900000,8.748000,0.000000,0.861985
444,12.566667,6.900000,8.735667,0.000000,0.849145
445,12.566667,6.933333,8.723333,0.000000,0.857301
446,12.566667,7.000000,8.739000,0.000000,0.872035
447,12.566667,6.900000,8.725667,0.000000,0.873595
448,12.566667,6.766667,8.723667,0.000000,0.865862
449,12.566667,6.933333,8.731333,0.000000,0.848706
450,12.566667,6.966667,8.710667,0.000000,0.853167
451,12.566667,6.966667,8.736333,0.000000,0.864779
452,12.566667,6.900000,8.721000,0.000000,0.886218
453,12.566667,6.933333,8.764000,0.000000,0.869497
454,12.566667,6.900000,8.714333,0.000000,0.860153
455,12.566667,6.833333,8.751333,0.000000,0.890471
456,12.566667,6.933333,8.732000,0.000000,0.857221
457,12.566667,6.933333,8.761333,0.000000,0.873060
458,12.566667,6.933333,8.739667,0.000000,0.862248
459,12.566667,6.966667,8.718667,0.000000,0.877958
460,12.566667,6.900000,8.737000,0.000000,0.860509
461,12.566667,6.933333,8.723667,0.000000,0.879544
462,12.566667,6.800000,8.756667,0.000000,0.886205
463,12.566667,6.933333,8.736333,0.000000,0.875204
464,12.566667,6.900000,8.760000,0.000000,0.869989
465,12.566667,7.000000,8.727333,0.000000,0.873740
466,12.566667,6.933333,8.752000,0.000000,0.863573
467,12.566667,6.866667,8.751000,0.000000,0.876670
468,12.566667,6.833333,8.708000,0.000000,0.865662
469,12.566667,6.933333,8.727333,0.000000,0.868301
470,12.566667,6.966667,8.734667,0.000000,0.861788
471,12.566667,6.866667,8.728000,0.000000,0.858024
472,12.566667,6.933333,8.752000,0.000000,0.863728
473,12.566667,6.866667,8.725333,0.000000,0.853463
474,12.566667,6.933333,8.741000,0.000000,0.865605
475,12.566667,6.933333,8.723333,0.000000,0.863779
476,12.566667,6.866667,8.759000,0.000000,0.865555
477,12.566667,6.833333,8.758000,0.000000,0.864075
478,12.566667,6.933333,8.734000,0.000000,0.889197
479,12.566667,6.966667,8.739333,0.000000,0.862556
480,12.566667,6.933333,8.733000,0.000000,0.872880
481,12.566667,6.966667,8.737000,0.000000,0.872002
482,12.566667,6.866667,8.731667,0.000000,0.856695
483,12.566667,6.800000,8.735667,0.000000,0.872126
484,12.566667,6.833333,8.736333,0.000000,0.871731
485,12.566667,6.933333,8.730667,0.000000,0.884685
486,12.566667,6.933333,8.747333,0.000000,0.877503
487,12.566667,6.933333,8.732667,0.000000,0.888753
488,12.566667,6.833333,8.725667,0.000000,0.853063
489,12.566667,6.900000,8.724667,0.000000,0.864411
490,12.566667,6.966667,8.745667,0.000000,0.858633
491,12.566667,7.000000,8.738333,0.000000,0.848042
492,12.566667,6.933333,8.742000,0.000000,0.851623
493,12.566667,6.933333,8.719000,0.000000,0.859260
494,12.566667,6.833333,8.728000,0.000000,0.881457
495,12.566667,6.900000,8.746000,0.000000,0.858542
496,12.566667,6.866667,8.710000,0.000000,0.866894
497,12.566667,6.833333,8.709333,0.000000,0.860187
498,12.566667,6.866667,8.720333,0.000000,0.857823
499,12.566667,6.833333,8.738667,0.000000,0.859240
500,12.566667,6.966667,8.721333,0.000000,0.860552
BestSdev: 0.252964, Time: 17m45.495603078s