gen,best,worst,mean,rep,sdev
1,10.300000,7.400000,8.760000,0.000000,0.817551
2,10.566667,7.300000,8.756667,0.000000,0.821814
3,10.800000,7.333333,8.811667,0.000000,0.890482
4,10.833333,7.133333,8.668333,0.000000,0.855345
5,10.933333,7.400000,8.751667,0.000000,0.799744
6,11.033333,7.366667,8.788333,0.000000,0.872980
7,11.066667,7.200000,8.728333,0.000000,0.842380
8,11.100000,7.166667,8.736667,0.000000,0.825213
9,11.100000,7.300000,8.713333,0.000000,0.824859
10,11.166667,7.333333,8.696667,0.000000,0.861508
11,11.166667,7.233333,8.698333,0.000000,0.843132
12,11.166667,7.200000,8.780000,0.000000,0.879478
13,11.200000,7.400000,8.770000,0.000000,0.885136
14,11.200000,7.266667,8.768333,0.000000,0.853741
15,11.200000,7.266667,8.801667,0.000000,0.857727
16,11.233333,7.333333,8.775000,0.000000,0.825509
17,11.233333,7.166667,8.788333,0.000000,0.886773
18,11.233333,7.433333,8.765000,0.000000,0.829086
19,11.266667,7.300000,8.700000,0.000000,0.805895
20,11.300000,7.200000,8.686667,0.000000,0.837519
21,11.300000,7.400000,8.666667,0.000000,0.795780
22,11.400000,7.233333,8.696667,0.000000,0.864948
23,11.433333,7.400000,8.783333,0.000000,0.862839
24,11.433333,7.300000,8.708333,0.000000,0.811870
25,11.466667,7.333333,8.728333,0.000000,0.804810
26,11.500000,7.266667,8.720000,0.000000,0.876695
27,11.500000,7.300000,8.775000,0.000000,0.826919
28,11.500000,7.233333,8.725000,0.000000,0.868134
29,11.500000,7.300000,8.761667,0.000000,0.830837
30,11.500000,7.300000,8.741667,0.000000,0.797832
31,11.500000,7.066667,8.750000,0.000000,0.855766
32,11.500000,7.300000,8.736667,0.000000,0.880420
33,11.500000,7.200000,8.791667,0.000000,0.860718
34,11.500000,7.266667,8.766667,0.000000,0.878719
35,11.500000,7.233333,8.718333,0.000000,0.831342
36,11.500000,7.466667,8.756667,0.000000,0.819658
37,11.500000,7.266667,8.750000,0.000000,0.848026
38,11.500000,7.266667,8.720000,0.000000,0.841382
39,11.533333,7.200000,8.706667,0.000000,0.888074
40,11.533333,7.266667,8.725000,0.000000,0.816007
41,11.566667,7.300000,8.788333,0.000000,0.837384
42,11.633333,7.200000,8.763333,0.000000,0.884596
43,11.633333,7.166667,8.693333,0.000000,0.843426
44,11.633333,7.266667,8.758333,0.000000,0.869335
45,11.633333,7.200000,8.718333,0.000000,0.879527
46,11.633333,7.000000,8.745000,0.000000,0.868542
47,11.633333,7.233333,8.696667,0.000000,0.832444
48,11.633333,7.300000,8.735000,0.000000,0.831361
49,11.633333,7.266667,8.666667,0.000000,0.833568
50,11.633333,7.233333,8.728333,0.000000,0.843223
51,11.633333,7.300000,8.761667,0.000000,0.858232
52,11.633333,7.266667,8.725000,0.000000,0.822876
53,11.633333,7.066667,8.683333,0.000000,0.860499
54,11.633333,7.100000,8.701667,0.000000,0.893940
55,11.633333,7.366667,8.675000,0.000000,0.801669
56,11.633333,7.200000,8.765000,0.000000,0.896633
57,11.633333,7.200000,8.710000,0.000000,0.833064
58,11.633333,7.300000,8.723333,0.000000,0.811371
59,11.633333,7.266667,8.726667,0.000000,0.868711
60,11.666667,7.033333,8.696667,0.000000,0.884896
61,11.666667,7.000000,8.685000,0.000000,0.841244
62,11.666667,7.200000,8.748333,0.000000,0.879916
63,11.666667,7.233333,8.695000,0.000000,0.853583
64,11.666667,7.300000,8.691667,0.000000,0.825536
65,11.666667,7.400000,8.700000,0.000000,0.785143
66,11.666667,7.200000,8.776667,0.000000,0.829386
67,11.666667,7.333333,8.808333,0.000000,0.831189
68,11.666667,7.333333,8.761667,0.000000,0.841093
69,11.666667,7.200000,8.618333,0.000000,0.798625
70,11.666667,7.266667,8.755000,0.000000,0.852869
71,11.666667,7.300000,8.756667,0.000000,0.846785
72,11.666667,7.300000,8.768333,0.000000,0.825112
73,11.666667,7.400000,8.786667,0.000000,0.842584
74,11.666667,7.400000,8.751667,0.000000,0.819388
75,11.700000,7.300000,8.761667,0.000000,0.851097
76,11.700000,7.366667,8.715000,0.000000,0.865286
77,11.700000,7.266667,8.743333,0.000000,0.827019
78,11.700000,7.133333,8.665000,0.000000,0.863204
79,11.733333,7.333333,8.720000,0.000000,0.823505
80,11.733333,7.200000,8.738333,0.000000,0.829376
81,11.733333,7.166667,8.730000,0.000000,0.836561
82,11.766667,7.100000,8.706667,0.000000,0.874123
83,11.766667,7.133333,8.736667,0.000000,0.857842
84,11.766667,7.133333,8.660000,0.000000,0.850160
85,11.766667,7.366667,8.763333,0.000000,0.784009
86,11.766667,7.266667,8.725000,0.000000,0.809772
87,11.766667,7.433333,8.760000,0.000000,0.801667
88,11.766667,7.200000,8.733333,0.000000,0.868598
89,11.766667,7.366667,8.773333,0.000000,0.827905
90,11.766667,7.400000,8.740000,0.000000,0.830243
91,11.800000,7.100000,8.766667,0.000000,0.897444
92,11.800000,7.166667,8.750000,0.000000,0.840445
93,11.800000,7.533333,8.771667,0.000000,0.780376
94,11.800000,7.166667,8.731667,0.000000,0.848982
95,11.833333,7.233333,8.740000,0.000000,0.844477
96,11.833333,7.466667,8.728333,0.000000,0.795017
97,11.833333,7.200000,8.735000,0.000000,0.824257
98,11.833333,7.133333,8.715000,0.000000,0.831146
99,11.833333,7.133333,8.735000,0.000000,0.893909
100,11.833333,7.400000,8.766667,0.000000,0.826596
BestSdev: 0.281427, Time: 54.542678951s