gen,best,worst,mean,rep,sdev
1,11.466667,6.600000,8.743200,0.000000,0.872883
2,11.633333,6.800000,8.737533,0.000000,0.871023
3,11.766667,6.633333,8.739400,0.033333,0.867011
4,11.933333,6.600000,8.740333,0.000000,0.863308
5,12.000000,6.400000,8.728133,0.000000,0.875056
6,12.033333,6.500000,8.739933,0.000000,0.875440
7,12.033333,6.666667,8.745400,0.033333,0.874313
8,12.033333,6.566667,8.728867,0.000000,0.880677
9,12.033333,6.466667,8.733533,0.000000,0.869005
10,12.066667,6.633333,8.731133,0.000000,0.873684
11,12.066667,6.733333,8.732200,0.000000,0.870919
12,12.066667,6.600000,8.736533,0.000000,0.869315
13,12.066667,6.566667,8.731333,0.000000,0.867660
14,12.100000,6.566667,8.725867,0.000000,0.870689
15,12.100000,6.466667,8.735800,0.000000,0.864335
16,12.133333,6.666667,8.737200,0.000000,0.859212
17,12.133333,6.700000,8.733800,0.000000,0.869362
18,12.166667,6.600000,8.737667,0.000000,0.869231
19,12.166667,6.633333,8.738533,0.000000,0.884435
20,12.166667,6.733333,8.726600,0.033333,0.869972
BestSdev: 0.178536, Time: 2m39.858266776s