gen,best,worst,mean,rep,sdev
1,11.033333,6.966667,8.725333,0.000000,0.881179
2,11.133333,6.866667,8.742667,0.000000,0.872435
3,11.266667,6.933333,8.736667,0.000000,0.862079
4,11.333333,6.900000,8.738333,0.000000,0.861443
5,11.366667,6.900000,8.729000,0.000000,0.852688
6,11.366667,6.866667,8.735333,0.000000,0.850546
7,11.366667,6.900000,8.725000,0.000000,0.850200
8,11.400000,6.966667,8.736333,0.000000,0.854863
9,11.433333,6.866667,8.723000,0.000000,0.854305
10,11.566667,6.966667,8.737000,0.000000,0.889597
11,11.600000,6.900000,8.761000,0.000000,0.869786
12,11.633333,6.900000,8.709667,0.000000,0.869534
13,11.666667,6.966667,8.720333,0.000000,0.872916
14,11.700000,6.833333,8.718667,0.000000,0.883321
15,11.733333,6.966667,8.730333,0.000000,0.856658
16,11.733333,6.866667,8.745667,0.000000,0.857352
17,11.733333,6.733333,8.739333,0.000000,0.875369
18,11.800000,6.866667,8.729667,0.000000,0.867232
19,11.800000,6.966667,8.748667,0.000000,0.857256
20,11.833333,6.833333,8.719333,0.000000,0.881710
21,11.833333,6.966667,8.761000,0.000000,0.877681
22,11.866667,6.866667,8.764333,0.000000,0.872564
23,11.933333,6.833333,8.737333,0.000000,0.874612
24,11.933333,6.900000,8.716000,0.000000,0.876844
25,11.933333,6.866667,8.736000,0.000000,0.888979
26,11.933333,6.900000,8.747333,0.000000,0.879945
27,11.966667,6.800000,8.762000,0.000000,0.874803
28,11.966667,6.900000,8.700667,0.000000,0.871047
29,11.966667,6.833333,8.722667,0.000000,0.871239
30,11.966667,6.900000,8.739333,0.000000,0.858015
31,11.966667,6.866667,8.713000,0.000000,0.878371
32,11.966667,6.900000,8.743000,0.000000,0.850684
33,11.966667,6.966667,8.759000,0.000000,0.877906
34,11.966667,6.866667,8.730667,0.000000,0.864800
35,11.966667,6.833333,8.739333,0.000000,0.879854
36,11.966667,6.933333,8.737000,0.000000,0.861315
37,11.966667,6.900000,8.745667,0.000000,0.846557
38,11.966667,6.966667,8.715000,0.000000,0.873429
39,12.000000,6.966667,8.745000,0.000000,0.849451
40,12.000000,6.933333,8.717333,0.000000,0.855254
41,12.000000,6.966667,8.712667,0.000000,0.867683
42,12.000000,6.933333,8.739000,0.000000,0.874087
43,12.000000,7.000000,8.742333,0.000000,0.869909
44,12.000000,7.000000,8.748000,0.000000,0.865036
45,12.033333,6.933333,8.752667,0.000000,0.878009
46,12.033333,6.900000,8.724333,0.000000,0.882726
47,12.033333,6.833333,8.744333,0.000000,0.849801
48,12.033333,6.900000,8.731333,0.000000,0.867371
49,12.033333,6.900000,8.721333,0.000000,0.866230
50,12.033333,6.900000,8.763333,0.000000,0.882622
BestSdev: 0.265779, Time: 1m46.290966286s