gen,best,worst,mean,rep,sdev
1,11.166667,6.766667,8.739333,0.000000,0.869832
2,11.333333,6.833333,8.730167,0.000000,0.881579
3,11.500000,6.666667,8.744167,0.000000,0.878405
4,11.566667,6.866667,8.730500,0.000000,0.860081
5,11.633333,6.900000,8.730167,0.000000,0.870608
6,11.666667,6.666667,8.732500,0.000000,0.869830
7,11.733333,6.766667,8.751000,0.000000,0.868620
8,11.800000,6.766667,8.722167,0.000000,0.872280
9,11.800000,6.833333,8.720000,0.000000,0.863961
10,11.800000,6.866667,8.730000,0.000000,0.872669
11,11.833333,6.766667,8.726000,0.000000,0.867222
12,11.900000,6.900000,8.744000,0.000000,0.875141
13,11.900000,6.800000,8.725833,0.000000,0.861641
14,11.933333,6.866667,8.728833,0.000000,0.877505
15,11.933333,6.733333,8.735333,0.000000,0.875900
16,11.933333,6.900000,8.717167,0.000000,0.865438
17,11.966667,6.733333,8.732500,0.000000,0.871040
18,11.966667,6.833333,8.729500,0.000000,0.876401
19,11.966667,6.700000,8.716667,0.000000,0.868388
20,11.966667,6.766667,8.730333,0.000000,0.881467
BestSdev: 0.220725, Time: 1m13.593846894s