gen,best,worst,mean,rep,sdev
1,10.500000,7.200000,8.818333,0.000000,0.858366
2,10.700000,7.333333,8.775000,0.000000,0.839863
3,10.933333,7.200000,8.730000,0.000000,0.841262
4,10.966667,7.400000,8.760000,0.000000,0.836692
5,10.966667,7.266667,8.746667,0.000000,0.842680
6,10.966667,7.133333,8.691667,0.000000,0.893566
7,10.966667,7.266667,8.678333,0.000000,0.829849
8,11.000000,7.133333,8.716667,0.000000,0.878801
9,11.033333,7.166667,8.746667,0.000000,0.812348
10,11.066667,7.266667,8.705000,0.000000,0.791644
11,11.066667,7.233333,8.731667,0.000000,0.847224
12,11.066667,7.100000,8.775000,0.000000,0.892768
13,11.066667,7.266667,8.720000,0.000000,0.845977
14,11.133333,7.366667,8.753333,0.000000,0.846254
15,11.166667,7.233333,8.753333,0.000000,0.818614
16,11.166667,7.166667,8.725000,0.000000,0.861025
17,11.300000,7.266667,8.741667,0.000000,0.893908
18,11.333333,7.233333,8.743333,0.000000,0.841034
19,11.333333,7.100000,8.680000,0.000000,0.850643
20,11.366667,7.233333,8.721667,0.000000,0.843677
21,11.366667,7.233333,8.741667,0.000000,0.855110
22,11.366667,7.200000,8.701667,0.000000,0.832759
23,11.400000,7.066667,8.665000,0.000000,0.877925
24,11.433333,7.333333,8.773333,0.000000,0.841873
25,11.433333,7.166667,8.710000,0.000000,0.853414
26,11.466667,7.400000,8.765000,0.000000,0.794359
27,11.500000,7.266667,8.746667,0.000000,0.861399
28,11.500000,7.200000,8.631667,0.000000,0.816841
29,11.500000,7.266667,8.776667,0.000000,0.810520
30,11.533333,7.300000,8.736667,0.000000,0.823198
31,11.533333,7.200000,8.725000,0.000000,0.826366
32,11.533333,7.300000,8.730000,0.000000,0.830884
33,11.533333,7.133333,8.700000,0.000000,0.845399
34,11.533333,7.166667,8.773333,0.000000,0.876542
35,11.533333,7.366667,8.728333,0.000000,0.830716
36,11.533333,7.300000,8.731667,0.000000,0.839422
37,11.533333,7.233333,8.753333,0.000000,0.830172
38,11.533333,7.300000,8.731667,0.000000,0.836413
39,11.566667,7.366667,8.748333,0.000000,0.825774
40,11.566667,7.333333,8.786667,0.000000,0.847728
41,11.566667,7.333333,8.758333,0.000000,0.837426
42,11.566667,7.266667,8.733333,0.000000,0.822146
43,11.566667,7.166667,8.645000,0.000000,0.863043
44,11.566667,7.200000,8.736667,0.000000,0.862084
45,11.566667,7.366667,8.745000,0.000000,0.819116
46,11.566667,7.333333,8.733333,0.000000,0.817149
47,11.566667,7.066667,8.716667,0.000000,0.872045
48,11.566667,7.200000,8.713333,0.000000,0.872774
49,11.566667,7.266667,8.730000,0.000000,0.825576
50,11.566667,7.333333,8.781667,0.000000,0.790279
51,11.566667,7.266667,8.736667,0.000000,0.869174
52,11.600000,7.233333,8.760000,0.000000,0.858992
53,11.600000,7.200000,8.698333,0.000000,0.857431
54,11.600000,7.466667,8.766667,0.000000,0.829030
55,11.600000,7.233333,8.720000,0.000000,0.823735
56,11.600000,7.166667,8.731667,0.000000,0.815970
57,11.600000,7.166667,8.738333,0.000000,0.883106
58,11.600000,7.266667,8.718333,0.000000,0.822733
59,11.600000,7.333333,8.736667,0.000000,0.850384
60,11.600000,7.366667,8.770000,0.000000,0.800043
61,11.600000,7.200000,8.718333,0.000000,0.829067
62,11.600000,7.066667,8.700000,0.000000,0.794014
63,11.633333,7.233333,8.730000,0.000000,0.843088
64,11.633333,7.100000,8.708333,0.000000,0.891194
65,11.633333,7.266667,8.731667,0.000000,0.846921
66,11.633333,7.166667,8.681667,0.000000,0.824382
67,11.633333,7.333333,8.765000,0.000000,0.797484
68,11.633333,7.266667,8.711667,0.000000,0.828818
69,11.633333,7.200000,8.708333,0.000000,0.842994
70,11.633333,7.166667,8.705000,0.000000,0.810428
71,11.666667,7.266667,8.715000,0.000000,0.825687
72,11.666667,7.133333,8.711667,0.000000,0.881899
73,11.666667,7.300000,8.758333,0.000000,0.827250
74,11.666667,7.200000,8.725000,0.000000,0.836138
75,11.666667,7.266667,8.723333,0.000000,0.828224
76,11.666667,7.466667,8.745000,0.000000,0.812383
77,11.666667,7.100000,8.725000,0.000000,0.857564
78,11.666667,7.333333,8.805000,0.000000,0.808633
79,11.666667,7.400000,8.693333,0.000000,0.798183
80,11.666667,7.200000,8.723333,0.000000,0.825131
81,11.666667,7.133333,8.666667,0.000000,0.823969
82,11.666667,7.366667,8.750000,0.000000,0.857822
83,11.666667,7.366667,8.730000,0.000000,0.806740
84,11.666667,7.233333,8.700000,0.000000,0.886449
85,11.666667,7.300000,8.696667,0.000000,0.828740
86,11.666667,7.133333,8.666667,0.000000,0.848756
87,11.666667,7.400000,8.756667,0.000000,0.808280
88,11.666667,7.100000,8.690000,0.000000,0.849597
89,11.666667,7.300000,8.728333,0.000000,0.852641
90,11.666667,7.300000,8.820000,0.000000,0.836639
91,11.666667,7.333333,8.711667,0.000000,0.792404
92,11.666667,7.133333,8.690000,0.000000,0.843700
93,11.666667,7.300000,8.775000,0.000000,0.916496
94,11.666667,7.166667,8.738333,0.000000,0.831218
95,11.666667,7.300000,8.758333,0.000000,0.867628
96,11.666667,7.333333,8.740000,0.000000,0.832530
97,11.666667,7.333333,8.741667,0.000000,0.840268
98,11.666667,7.266667,8.753333,0.000000,0.861010
99,11.700000,7.233333,8.683333,0.000000,0.856742
100,11.733333,7.300000,8.751667,0.000000,0.865604
101,11.733333,7.233333,8.746667,0.000000,0.879710
102,11.733333,7.100000,8.745000,0.000000,0.904846
103,11.733333,7.133333,8.746667,0.000000,0.816700
104,11.733333,7.233333,8.750000,0.000000,0.852134
105,11.733333,7.300000,8.701667,0.000000,0.795544
106,11.733333,7.100000,8.758333,0.000000,0.840173
107,11.733333,7.233333,8.701667,0.000000,0.878878
108,11.733333,7.366667,8.733333,0.000000,0.830359
109,11.733333,7.333333,8.708333,0.000000,0.803990
110,11.733333,7.200000,8.700000,0.000000,0.841255
111,11.733333,7.400000,8.756667,0.000000,0.839212
112,11.733333,7.333333,8.746667,0.000000,0.855371
113,11.733333,7.366667,8.720000,0.000000,0.827651
114,11.733333,7.300000,8.731667,0.000000,0.832670
115,11.733333,7.333333,8.738333,0.000000,0.861170
116,11.733333,7.333333,8.758333,0.000000,0.856458
117,11.733333,7.266667,8.668333,0.000000,0.851996
118,11.733333,7.400000,8.763333,0.000000,0.783795
119,11.766667,7.366667,8.786667,0.000000,0.828595
120,11.766667,7.300000,8.706667,0.000000,0.814998
121,11.766667,7.233333,8.728333,0.000000,0.869512
122,11.833333,7.100000,8.745000,0.000000,0.894497
123,11.833333,7.366667,8.748333,0.000000,0.813976
124,11.833333,7.333333,8.795000,0.000000,0.842789
125,11.833333,7.066667,8.736667,0.000000,0.863765
126,11.833333,7.133333,8.725000,0.000000,0.847770
127,11.833333,7.266667,8.721667,0.000000,0.808711
128,11.833333,7.100000,8.670000,0.000000,0.846812
129,11.833333,7.166667,8.708333,0.000000,0.812270
130,11.833333,7.200000,8.773333,0.000000,0.849867
131,11.833333,7.366667,8.693333,0.000000,0.820457
132,11.833333,7.133333,8.601667,0.000000,0.817057
133,11.866667,7.300000,8.705000,0.000000,0.870929
134,11.866667,7.233333,8.773333,0.000000,0.878115
135,11.866667,7.166667,8.685000,0.000000,0.858645
136,11.866667,7.166667,8.691667,0.000000,0.846906
137,11.900000,7.300000,8.695000,0.000000,0.837049
138,11.900000,7.233333,8.685000,0.000000,0.854337
139,11.900000,7.300000,8.743333,0.000000,0.822750
140,11.900000,7.233333,8.751667,0.000000,0.873375
141,11.900000,7.133333,8.740000,0.000000,0.860302
142,11.900000,7.133333,8.721667,0.000000,0.856495
143,11.900000,7.300000,8.713333,0.000000,0.822889
144,11.900000,7.400000,8.770000,0.000000,0.790635
145,11.900000,7.233333,8.716667,0.000000,0.870462
146,11.900000,7.266667,8.751667,0.000000,0.869176
147,11.900000,7.366667,8.745000,0.000000,0.840029
148,11.900000,7.300000,8.753333,0.000000,0.829442
149,11.900000,7.366667,8.728333,0.000000,0.853846
150,11.900000,7.233333,8.828333,0.000000,0.831692
151,11.900000,7.166667,8.770000,0.000000,0.867284
152,11.900000,7.366667,8.731667,0.000000,0.856514
153,11.900000,7.233333,8.723333,0.000000,0.835593
154,11.900000,7.433333,8.766667,0.000000,0.838575
155,11.900000,7.300000,8.681667,0.000000,0.797079
156,11.900000,7.166667,8.686667,0.000000,0.839173
157,11.900000,7.200000,8.726667,0.000000,0.856505
158,11.900000,7.000000,8.685000,0.000000,0.859241
159,11.900000,7.100000,8.746667,0.000000,0.875111
160,11.900000,7.133333,8.711667,0.000000,0.843294
161,11.900000,7.266667,8.790000,0.000000,0.841478
162,11.900000,7.300000,8.721667,0.000000,0.812571
163,11.900000,7.200000,8.740000,0.000000,0.863992
164,11.900000,7.300000,8.780000,0.000000,0.890221
165,11.900000,7.100000,8.718333,0.000000,0.864673
166,11.900000,7.266667,8.700000,0.000000,0.806181
167,11.900000,7.266667,8.733333,0.000000,0.829640
168,11.900000,7.333333,8.718333,0.000000,0.839724
169,11.900000,7.333333,8.708333,0.000000,0.844048
170,11.900000,7.233333,8.733333,0.000000,0.865203
171,11.900000,7.166667,8.791667,0.000000,0.843318
172,11.900000,7.233333,8.658333,0.000000,0.833382
173,11.900000,7.333333,8.740000,0.000000,0.829443
174,11.900000,7.233333,8.768333,0.000000,0.860535
175,11.900000,7.300000,8.733333,0.000000,0.814971
176,11.900000,7.333333,8.715000,0.000000,0.810885
177,11.900000,7.300000,8.755000,0.000000,0.840601
178,11.900000,7.333333,8.723333,0.000000,0.853953
179,11.900000,7.366667,8.725000,0.000000,0.816019
180,11.900000,7.200000,8.715000,0.000000,0.821620
181,11.900000,7.266667,8.728333,0.000000,0.824584
182,11.900000,7.200000,8.716667,0.000000,0.849817
183,11.933333,7.400000,8.755000,0.000000,0.872299
184,11.933333,7.266667,8.780000,0.000000,0.897450
185,11.933333,7.333333,8.693333,0.000000,0.803703
186,11.933333,7.266667,8.686667,0.000000,0.828716
187,11.933333,7.266667,8.763333,0.000000,0.864071
188,11.933333,7.433333,8.781667,0.000000,0.819693
189,11.933333,7.400000,8.740000,0.000000,0.862010
190,11.933333,7.100000,8.645000,0.000000,0.802003
191,11.933333,7.266667,8.790000,0.000000,0.880404
192,11.933333,7.233333,8.756667,0.000000,0.840494
193,11.933333,7.233333,8.681667,0.000000,0.844779
194,11.933333,7.366667,8.780000,0.000000,0.825258
195,11.933333,7.433333,8.746667,0.000000,0.813415
196,11.933333,7.266667,8.773333,0.000000,0.826406
197,11.933333,7.366667,8.748333,0.000000,0.818281
198,11.933333,7.233333,8.698333,0.000000,0.842104
199,11.933333,7.200000,8.670000,0.000000,0.829666
200,11.933333,7.366667,8.773333,0.000000,0.849982
BestSdev: 0.259679, Time: 1m48.644825477s