gen,best,worst,mean,rep,sdev
1,11.233333,6.900000,8.754833,0.000000,0.870872
2,11.466667,6.633333,8.719667,0.000000,0.872963
3,11.533333,6.733333,8.726833,0.000000,0.871654
4,11.633333,6.900000,8.713167,0.000000,0.857184
5,11.666667,6.900000,8.724833,0.000000,0.883252
6,11.666667,6.766667,8.751833,0.000000,0.874465
7,11.733333,6.900000,8.726500,0.000000,0.864479
8,11.833333,6.766667,8.751000,0.000000,0.881183
9,11.900000,6.933333,8.747333,0.000000,0.878228
10,11.900000,6.833333,8.740500,0.000000,0.865108
11,11.933333,6.733333,8.723000,0.000000,0.863552
12,11.933333,6.633333,8.721333,0.000000,0.866783
13,11.933333,6.766667,8.726833,0.000000,0.861239
14,11.966667,6.766667,8.746667,0.000000,0.871078
15,11.966667,6.766667,8.745333,0.000000,0.867704
16,11.966667,6.800000,8.718333,0.000000,0.877965
17,11.966667,6.766667,8.746167,0.000000,0.868357
18,11.966667,6.866667,8.738833,0.000000,0.856391
19,11.966667,6.800000,8.726167,0.000000,0.875436
20,11.966667,6.866667,8.713667,0.000000,0.867879
21,11.966667,6.800000,8.744500,0.000000,0.897018
22,11.966667,6.900000,8.740833,0.000000,0.863845
23,12.000000,6.566667,8.724500,0.000000,0.866722
24,12.033333,6.766667,8.745167,0.000000,0.884881
25,12.033333,6.833333,8.728000,0.000000,0.867100
26,12.033333,6.766667,8.745000,0.000000,0.866693
27,12.033333,6.900000,8.763000,0.000000,0.877642
28,12.033333,6.866667,8.744500,0.000000,0.869665
29,12.033333,6.800000,8.731167,0.000000,0.877404
30,12.033333,6.766667,8.719333,0.000000,0.872659
31,12.033333,6.733333,8.738333,0.000000,0.863108
32,12.033333,6.800000,8.719000,0.000000,0.852155
33,12.066667,6.733333,8.726167,0.000000,0.873090
34,12.066667,6.766667,8.736333,0.000000,0.871595
35,12.066667,6.866667,8.721167,0.000000,0.851949
36,12.066667,6.733333,8.728667,0.000000,0.863487
37,12.066667,6.833333,8.738000,0.000000,0.880330
38,12.066667,6.800000,8.734667,0.000000,0.879417
39,12.066667,6.933333,8.719000,0.000000,0.854434
40,12.066667,6.800000,8.750500,0.000000,0.871444
41,12.066667,6.666667,8.737333,0.000000,0.865043
42,12.066667,6.800000,8.737500,0.000000,0.864235
43,12.100000,6.766667,8.725833,0.000000,0.869227
44,12.100000,6.733333,8.697167,0.000000,0.870911
45,12.100000,6.800000,8.739500,0.000000,0.866602
46,12.100000,6.766667,8.729167,0.000000,0.878006
47,12.100000,6.766667,8.733500,0.000000,0.870804
48,12.100000,6.800000,8.745667,0.033333,0.871066
49,12.100000,6.700000,8.732333,0.000000,0.875198
50,12.100000,6.900000,8.716000,0.000000,0.864494
BestSdev: 0.180524, Time: 2m51.810326079s