gen,best,worst,mean,rep,sdev
1,10.966667,6.866667,8.765000,0.000000,0.886225
2,11.033333,6.900000,8.732333,0.000000,0.860468
3,11.133333,6.933333,8.776000,0.000000,0.872182
4,11.200000,6.766667,8.743000,0.000000,0.851777
5,11.266667,6.933333,8.742000,0.000000,0.870540
6,11.300000,6.900000,8.739333,0.000000,0.861070
7,11.366667,6.933333,8.744667,0.000000,0.860612
8,11.366667,6.900000,8.736333,0.000000,0.863857
9,11.433333,6.800000,8.740000,0.000000,0.886587
10,11.500000,6.966667,8.727667,0.000000,0.860382
11,11.566667,6.900000,8.727667,0.000000,0.848555
12,11.600000,6.900000,8.723667,0.000000,0.880572
13,11.666667,6.833333,8.719000,0.000000,0.875600
14,11.700000,6.866667,8.757000,0.000000,0.856371
15,11.766667,6.966667,8.740667,0.000000,0.876196
16,11.800000,6.966667,8.723667,0.000000,0.843011
17,11.833333,6.966667,8.743667,0.000000,0.865523
18,11.833333,6.866667,8.724000,0.000000,0.859149
19,11.866667,6.833333,8.726000,0.000000,0.865261
20,11.866667,6.900000,8.749667,0.000000,0.856727
21,11.866667,6.966667,8.749333,0.000000,0.876124
22,11.900000,6.966667,8.759333,0.000000,0.875722
23,11.900000,6.900000,8.734000,0.000000,0.861417
24,11.900000,6.800000,8.716333,0.000000,0.865207
25,11.900000,6.900000,8.727333,0.000000,0.870148
26,11.966667,6.900000,8.740000,0.000000,0.880555
27,12.066667,6.966667,8.749667,0.000000,0.866482
28,12.066667,7.000000,8.699667,0.000000,0.853665
29,12.066667,6.866667,8.762000,0.000000,0.859706
30,12.066667,6.933333,8.731667,0.000000,0.870993
31,12.100000,6.933333,8.745667,0.000000,0.875799
32,12.100000,6.733333,8.720333,0.000000,0.893668
33,12.100000,6.866667,8.721667,0.000000,0.861426
34,12.133333,6.933333,8.710667,0.000000,0.858788
35,12.133333,6.900000,8.726667,0.000000,0.868732
36,12.166667,6.866667,8.743333,0.000000,0.862702
37,12.166667,6.966667,8.748000,0.000000,0.852680
38,12.166667,7.000000,8.758000,0.000000,0.869300
39,12.166667,7.000000,8.722333,0.000000,0.847966
40,12.166667,6.866667,8.715000,0.000000,0.880681
41,12.166667,6.866667,8.715000,0.000000,0.878802
42,12.166667,6.900000,8.706333,0.000000,0.870987
43,12.166667,6.900000,8.734000,0.000000,0.864872
44,12.166667,6.866667,8.743667,0.000000,0.861277
45,12.166667,6.933333,8.737333,0.000000,0.880530
46,12.166667,6.900000,8.721667,0.000000,0.851191
47,12.166667,7.000000,8.751667,0.000000,0.860223
48,12.166667,6.900000,8.717667,0.000000,0.862349
49,12.166667,6.900000,8.779333,0.000000,0.870381
50,12.166667,6.800000,8.749667,0.000000,0.888320
BestSdev: 0.348154, Time: 1m43.796891125s