gen,best,worst,mean,rep,sdev
1,11.100000,6.866667,8.730333,0.000000,0.874413
2,11.233333,6.966667,8.735667,0.000000,0.869558
3,11.366667,6.933333,8.712333,0.000000,0.855319
4,11.466667,6.933333,8.711000,0.000000,0.861205
5,11.533333,6.833333,8.725000,0.000000,0.864066
6,11.600000,7.033333,8.739667,0.000000,0.857373
7,11.633333,6.900000,8.704667,0.000000,0.868987
8,11.666667,6.900000,8.727333,0.000000,0.855536
9,11.800000,6.900000,8.749667,0.000000,0.882587
10,11.800000,6.866667,8.706667,0.000000,0.891310
11,11.833333,6.933333,8.728333,0.000000,0.885106
12,11.900000,6.866667,8.724667,0.000000,0.862497
13,11.933333,6.866667,8.741333,0.000000,0.851783
14,11.966667,6.866667,8.735667,0.000000,0.853185
15,11.966667,6.833333,8.732667,0.000000,0.877722
16,11.966667,6.866667,8.739667,0.000000,0.860253
17,11.966667,6.833333,8.744000,0.000000,0.891569
18,12.000000,6.833333,8.715333,0.000000,0.857514
19,12.000000,6.800000,8.706000,0.000000,0.863034
20,12.000000,6.933333,8.721000,0.000000,0.859982
21,12.000000,6.900000,8.754333,0.000000,0.863972
22,12.000000,6.866667,8.718000,0.000000,0.863344
23,12.000000,6.866667,8.761333,0.000000,0.854600
24,12.000000,6.866667,8.736667,0.000000,0.874459
25,12.000000,6.900000,8.760333,0.000000,0.847454
26,12.066667,6.933333,8.733333,0.000000,0.850026
27,12.100000,6.900000,8.745333,0.000000,0.878154
28,12.100000,6.866667,8.739333,0.000000,0.855966
29,12.100000,6.900000,8.734000,0.000000,0.847702
30,12.100000,6.933333,8.713000,0.000000,0.864418
31,12.100000,6.833333,8.721000,0.000000,0.864344
32,12.100000,6.933333,8.728333,0.000000,0.879568
33,12.100000,6.800000,8.730333,0.000000,0.886819
34,12.100000,6.966667,8.731667,0.000000,0.866465
35,12.100000,6.900000,8.731000,0.000000,0.874040
36,12.100000,6.966667,8.754000,0.000000,0.895561
37,12.100000,6.833333,8.737000,0.000000,0.869785
38,12.100000,6.966667,8.740333,0.000000,0.878143
39,12.100000,6.933333,8.705667,0.000000,0.850928
40,12.100000,6.900000,8.745000,0.000000,0.863950
41,12.100000,6.966667,8.736000,0.000000,0.863075
42,12.100000,6.933333,8.731333,0.000000,0.867867
43,12.100000,6.766667,8.733000,0.000000,0.873662
44,12.100000,6.966667,8.743000,0.000000,0.876648
45,12.100000,6.866667,8.724667,0.000000,0.859511
46,12.100000,6.933333,8.736667,0.000000,0.862581
47,12.100000,6.966667,8.745667,0.000000,0.856662
48,12.100000,6.900000,8.729333,0.000000,0.867935
49,12.100000,6.900000,8.761333,0.000000,0.883322
50,12.100000,6.866667,8.752000,0.000000,0.870146
51,12.100000,6.866667,8.709333,0.000000,0.854722
52,12.133333,6.900000,8.727000,0.000000,0.863645
53,12.133333,6.933333,8.713000,0.000000,0.846603
54,12.133333,6.900000,8.751667,0.000000,0.867505
55,12.133333,6.900000,8.734667,0.000000,0.877118
56,12.166667,6.966667,8.767000,0.000000,0.857594
57,12.166667,6.933333,8.738667,0.000000,0.893701
58,12.166667,6.933333,8.714333,0.000000,0.857856
59,12.166667,6.800000,8.725333,0.000000,0.887769
60,12.166667,6.833333,8.732667,0.000000,0.889676
61,12.166667,6.900000,8.737000,0.000000,0.836650
62,12.166667,6.900000,8.702000,0.000000,0.857203
63,12.166667,6.866667,8.753000,0.000000,0.880926
64,12.166667,6.966667,8.731667,0.000000,0.878092
65,12.166667,6.800000,8.738333,0.000000,0.847015
66,12.166667,6.900000,8.758667,0.000000,0.844559
67,12.166667,6.866667,8.724000,0.000000,0.865902
68,12.166667,6.933333,8.715333,0.000000,0.855985
69,12.166667,6.900000,8.725667,0.000000,0.862733
70,12.166667,6.900000,8.752667,0.000000,0.854397
71,12.166667,6.933333,8.717000,0.000000,0.871490
72,12.166667,7.000000,8.749333,0.000000,0.871015
73,12.166667,6.966667,8.734667,0.000000,0.854601
74,12.166667,6.866667,8.737667,0.033333,0.881427
75,12.166667,6.866667,8.737333,0.000000,0.860014
76,12.166667,6.833333,8.752000,0.000000,0.874463
77,12.166667,6.900000,8.741000,0.000000,0.860389
78,12.166667,6.833333,8.726333,0.000000,0.864280
79,12.166667,6.900000,8.715000,0.000000,0.851836
80,12.166667,6.766667,8.706333,0.000000,0.858634
81,12.166667,6.966667,8.747667,0.000000,0.860834
82,12.166667,6.866667,8.761333,0.000000,0.885342
83,12.166667,6.866667,8.749667,0.000000,0.875982
84,12.166667,6.966667,8.759667,0.000000,0.869135
85,12.166667,6.900000,8.703333,0.000000,0.859598
86,12.166667,6.966667,8.731667,0.000000,0.851390
87,12.166667,6.900000,8.743333,0.000000,0.880334
88,12.166667,6.833333,8.719000,0.000000,0.853402
89,12.166667,6.966667,8.745000,0.000000,0.844264
90,12.166667,6.966667,8.731333,0.000000,0.859511
91,12.166667,6.866667,8.737667,0.000000,0.878189
92,12.166667,6.866667,8.702333,0.000000,0.857694
93,12.166667,7.000000,8.729000,0.000000,0.861141
94,12.166667,6.933333,8.722333,0.000000,0.846214
95,12.166667,6.866667,8.714333,0.000000,0.875900
96,12.166667,6.900000,8.743000,0.000000,0.856202
97,12.166667,6.900000,8.701000,0.000000,0.866775
98,12.166667,6.866667,8.724000,0.000000,0.851470
99,12.166667,6.900000,8.743667,0.000000,0.864308
100,12.166667,6.900000,8.728333,0.000000,0.861854
101,12.166667,6.933333,8.731000,0.000000,0.861311
102,12.166667,6.866667,8.721667,0.000000,0.860038
103,12.166667,6.933333,8.726333,0.000000,0.845857
104,12.166667,6.866667,8.736333,0.000000,0.872492
105,12.166667,6.866667,8.733667,0.000000,0.867951
106,12.166667,6.833333,8.732000,0.000000,0.861420
107,12.166667,6.900000,8.746000,0.000000,0.875443
108,12.166667,6.866667,8.732333,0.000000,0.858980
109,12.166667,6.833333,8.743667,0.000000,0.880003
110,12.166667,7.000000,8.724333,0.000000,0.858156
111,12.166667,6.866667,8.716000,0.000000,0.882765
112,12.166667,6.933333,8.746667,0.000000,0.866620
113,12.200000,6.966667,8.719000,0.000000,0.879188
114,12.200000,6.733333,8.713667,0.000000,0.872976
115,12.200000,6.900000,8.730667,0.000000,0.855706
116,12.200000,6.866667,8.728333,0.000000,0.852151
117,12.200000,6.833333,8.746000,0.000000,0.877626
118,12.233333,6.900000,8.727333,0.000000,0.853725
119,12.233333,6.966667,8.741333,0.000000,0.873310
120,12.266667,6.966667,8.750000,0.000000,0.888592
121,12.266667,7.000000,8.721333,0.000000,0.865789
122,12.266667,6.900000,8.717667,0.000000,0.848203
123,12.266667,7.000000,8.744667,0.000000,0.876161
124,12.266667,6.966667,8.715000,0.000000,0.858463
125,12.266667,6.866667,8.730333,0.000000,0.866206
126,12.266667,6.900000,8.704667,0.000000,0.866000
127,12.266667,6.833333,8.734000,0.000000,0.880788
128,12.266667,6.933333,8.740333,0.000000,0.867868
129,12.266667,6.933333,8.751333,0.000000,0.857932
130,12.266667,6.900000,8.730000,0.000000,0.888422
131,12.266667,6.866667,8.714000,0.000000,0.877730
132,12.266667,6.900000,8.704667,0.000000,0.852504
133,12.266667,7.000000,8.714333,0.000000,0.852624
134,12.266667,7.000000,8.764667,0.000000,0.855446
135,12.266667,6.833333,8.711333,0.000000,0.851639
136,12.266667,6.833333,8.750667,0.000000,0.862375
137,12.266667,6.900000,8.733000,0.000000,0.870482
138,12.266667,6.833333,8.710667,0.000000,0.877644
139,12.266667,6.866667,8.736333,0.000000,0.870547
140,12.266667,6.900000,8.767333,0.000000,0.871450
141,12.266667,6.933333,8.718333,0.000000,0.838053
142,12.266667,6.933333,8.717000,0.000000,0.840913
143,12.266667,6.933333,8.717333,0.000000,0.870002
144,12.266667,6.966667,8.746000,0.000000,0.865657
145,12.266667,6.866667,8.770333,0.000000,0.853657
146,12.266667,7.000000,8.742667,0.000000,0.875560
147,12.266667,6.933333,8.752333,0.000000,0.839061
148,12.266667,6.866667,8.692000,0.000000,0.874825
149,12.266667,6.866667,8.729667,0.000000,0.865528
150,12.266667,6.800000,8.729333,0.000000,0.876280
151,12.266667,6.866667,8.718667,0.000000,0.885463
152,12.266667,6.833333,8.745667,0.000000,0.867543
153,12.266667,6.966667,8.743000,0.000000,0.852209
154,12.266667,6.866667,8.744667,0.000000,0.885601
155,12.300000,6.900000,8.729333,0.000000,0.862231
156,12.300000,6.966667,8.734333,0.000000,0.846764
157,12.300000,6.966667,8.705333,0.000000,0.856457
158,12.300000,6.900000,8.752667,0.000000,0.856792
159,12.300000,6.833333,8.710000,0.000000,0.861401
160,12.300000,6.866667,8.748667,0.000000,0.860983
161,12.300000,6.933333,8.725000,0.000000,0.882625
162,12.300000,6.900000,8.739667,0.000000,0.880150
163,12.300000,6.833333,8.733667,0.000000,0.854323
164,12.300000,6.966667,8.749667,0.000000,0.844982
165,12.300000,6.900000,8.750667,0.000000,0.869463
166,12.300000,6.966667,8.741000,0.000000,0.866896
167,12.300000,6.933333,8.765000,0.000000,0.870796
168,12.300000,6.800000,8.727667,0.000000,0.870996
169,12.300000,6.833333,8.740000,0.000000,0.860412
170,12.300000,6.833333,8.747333,0.000000,0.883547
171,12.333333,6.833333,8.765333,0.000000,0.893357
172,12.333333,6.933333,8.712333,0.000000,0.862586
173,12.333333,6.800000,8.749333,0.000000,0.866504
174,12.333333,6.900000,8.748333,0.000000,0.867066
175,12.333333,6.833333,8.733333,0.000000,0.856386
176,12.333333,6.900000,8.733667,0.000000,0.864984
177,12.333333,6.866667,8.732000,0.000000,0.862383
178,12.333333,6.866667,8.742333,0.000000,0.881322
179,12.333333,6.866667,8.747333,0.000000,0.863357
180,12.333333,6.933333,8.731667,0.000000,0.851761
181,12.333333,6.933333,8.745333,0.000000,0.867789
182,12.333333,6.933333,8.731333,0.000000,0.869218
183,12.333333,6.833333,8.736333,0.000000,0.871089
184,12.333333,6.933333,8.740333,0.000000,0.888687
185,12.333333,6.866667,8.705000,0.000000,0.848858
186,12.333333,6.933333,8.722667,0.000000,0.848380
187,12.333333,6.900000,8.722667,0.000000,0.854472
188,12.333333,6.800000,8.746000,0.000000,0.856865
189,12.333333,6.733333,8.712333,0.000000,0.874595
190,12.333333,6.900000,8.743667,0.000000,0.872593
191,12.333333,6.966667,8.750667,0.000000,0.851426
192,12.333333,6.900000,8.726333,0.000000,0.868982
193,12.333333,6.833333,8.738667,0.000000,0.866728
194,12.333333,6.900000,8.740667,0.000000,0.866508
195,12.333333,6.766667,8.688667,0.000000,0.866503
196,12.333333,7.000000,8.777333,0.000000,0.855256
197,12.333333,6.866667,8.727333,0.000000,0.857219
198,12.333333,6.966667,8.730000,0.000000,0.851837
199,12.333333,6.966667,8.711333,0.000000,0.850496
200,12.333333,6.933333,8.737667,0.000000,0.870982
BestSdev: 0.185611, Time: 7m7.019856033s