gen,best,worst,mean,rep,sdev
1,10.533333,7.366667,8.806667,0.000000,0.858523
2,10.800000,7.266667,8.736667,0.000000,0.824468
3,10.866667,7.266667,8.740000,0.000000,0.828300
4,10.966667,7.133333,8.680000,0.000000,0.875208
5,11.033333,7.400000,8.726667,0.000000,0.811675
6,11.033333,7.200000,8.645000,0.000000,0.806343
7,11.066667,7.333333,8.716667,0.000000,0.819168
8,11.066667,7.333333,8.731667,0.000000,0.815236
9,11.100000,7.300000,8.676667,0.000000,0.803573
10,11.100000,7.100000,8.723333,0.000000,0.872335
11,11.200000,7.266667,8.750000,0.000000,0.843009
12,11.200000,7.366667,8.735000,0.000000,0.835189
13,11.200000,7.166667,8.730000,0.000000,0.835320
14,11.233333,7.233333,8.733333,0.000000,0.840953
15,11.266667,7.300000,8.753333,0.000000,0.839973
16,11.266667,7.100000,8.695000,0.000000,0.840594
17,11.300000,7.200000,8.711667,0.000000,0.873664
18,11.300000,7.333333,8.726667,0.000000,0.800312
19,11.333333,7.200000,8.788333,0.000000,0.908570
20,11.333333,7.200000,8.701667,0.000000,0.823922
21,11.333333,7.166667,8.745000,0.000000,0.882761
22,11.366667,7.233333,8.718333,0.000000,0.860323
23,11.433333,7.233333,8.748333,0.000000,0.854868
24,11.466667,7.366667,8.711667,0.000000,0.829218
25,11.466667,7.200000,8.708333,0.000000,0.828890
26,11.466667,7.200000,8.716667,0.000000,0.859764
27,11.466667,7.266667,8.701667,0.000000,0.809260
28,11.566667,7.233333,8.675000,0.000000,0.859586
29,11.600000,7.266667,8.698333,0.000000,0.836556
30,11.600000,7.266667,8.788333,0.000000,0.859746
31,11.600000,7.266667,8.686667,0.000000,0.813569
32,11.633333,7.333333,8.800000,0.000000,0.860744
33,11.633333,7.433333,8.723333,0.000000,0.832323
34,11.633333,7.233333,8.688333,0.000000,0.836712
35,11.633333,7.166667,8.740000,0.000000,0.852435
36,11.633333,7.133333,8.763333,0.000000,0.886938
37,11.633333,7.100000,8.663333,0.000000,0.845237
38,11.633333,7.166667,8.770000,0.000000,0.847765
39,11.666667,7.133333,8.718333,0.000000,0.896633
40,11.666667,7.166667,8.725000,0.000000,0.852981
41,11.666667,7.333333,8.786667,0.000000,0.881312
42,11.700000,7.466667,8.735000,0.000000,0.831681
43,11.700000,7.133333,8.755000,0.000000,0.890661
44,11.700000,7.333333,8.746667,0.000000,0.824302
45,11.700000,7.200000,8.735000,0.000000,0.861921
46,11.700000,7.333333,8.751667,0.000000,0.843394
47,11.700000,7.133333,8.713333,0.000000,0.871068
48,11.700000,7.333333,8.718333,0.000000,0.844109
49,11.700000,7.233333,8.718333,0.000000,0.850399
50,11.700000,7.266667,8.743333,0.000000,0.824237
51,11.700000,7.233333,8.688333,0.000000,0.822106
52,11.733333,7.333333,8.760000,0.000000,0.846369
53,11.733333,7.333333,8.723333,0.000000,0.854972
54,11.733333,7.333333,8.716667,0.000000,0.794888
55,11.733333,7.200000,8.723333,0.000000,0.825065
56,11.733333,7.500000,8.786667,0.000000,0.818364
57,11.733333,7.200000,8.668333,0.000000,0.830964
58,11.733333,7.300000,8.738333,0.000000,0.835372
59,11.766667,7.366667,8.731667,0.000000,0.861789
60,11.766667,7.300000,8.683333,0.000000,0.798384
61,11.766667,7.300000,8.781667,0.000000,0.843712
62,11.766667,7.200000,8.745000,0.000000,0.834038
63,11.800000,7.300000,8.736667,0.000000,0.867720
64,11.800000,7.400000,8.723333,0.000000,0.825822
65,11.800000,7.300000,8.721667,0.000000,0.844031
66,11.800000,7.266667,8.783333,0.000000,0.825303
67,11.800000,7.233333,8.686667,0.000000,0.839445
68,11.800000,7.166667,8.708333,0.000000,0.838405
69,11.800000,7.266667,8.706667,0.000000,0.817662
70,11.800000,7.200000,8.770000,0.000000,0.852071
71,11.800000,7.100000,8.710000,0.000000,0.854133
72,11.800000,7.366667,8.760000,0.000000,0.831670
73,11.800000,7.133333,8.766667,0.000000,0.876097
74,11.800000,7.366667,8.723333,0.000000,0.837157
75,11.800000,7.166667,8.720000,0.000000,0.863255
76,11.800000,7.200000,8.728333,0.000000,0.830606
77,11.800000,7.300000,8.781667,0.000000,0.801061
78,11.800000,7.200000,8.695000,0.000000,0.813922
79,11.800000,7.300000,8.766667,0.000000,0.844511
80,11.800000,7.200000,8.681667,0.000000,0.824954
81,11.800000,7.166667,8.718333,0.000000,0.834366
82,11.800000,7.200000,8.701667,0.000000,0.855230
83,11.800000,7.266667,8.781667,0.000000,0.854540
84,11.800000,7.333333,8.711667,0.000000,0.808066
85,11.800000,7.300000,8.770000,0.000000,0.818106
86,11.800000,7.366667,8.773333,0.000000,0.839941
87,11.800000,7.333333,8.743333,0.000000,0.832448
88,11.833333,7.300000,8.798333,0.000000,0.850468
89,11.866667,7.366667,8.760000,0.000000,0.806818
90,11.866667,7.366667,8.718333,0.000000,0.838963
91,11.866667,7.266667,8.733333,0.000000,0.862423
92,11.866667,7.333333,8.823333,0.000000,0.840944
93,11.866667,7.300000,8.723333,0.000000,0.834242
94,11.866667,7.400000,8.756667,0.000000,0.802640
95,11.866667,7.433333,8.746667,0.000000,0.813744
96,11.866667,7.133333,8.750000,0.000000,0.862250
97,11.866667,7.266667,8.746667,0.000000,0.845616
98,11.866667,7.233333,8.750000,0.000000,0.808259
99,11.866667,7.300000,8.710000,0.000000,0.808680
100,11.866667,7.233333,8.781667,0.000000,0.838473
BestSdev: 0.284162, Time: 54.910019247s