gen,best,worst,mean,rep,sdev
1,11.233333,6.900000,8.733000,0.000000,0.874985
2,11.333333,6.700000,8.721500,0.000000,0.869325
3,11.466667,6.700000,8.724000,0.000000,0.878270
4,11.566667,6.766667,8.709500,0.000000,0.857144
5,11.666667,6.733333,8.730167,0.000000,0.864153
6,11.700000,6.833333,8.726500,0.000000,0.870245
7,11.866667,6.600000,8.746833,0.000000,0.877896
8,11.933333,6.900000,8.729333,0.000000,0.878228
9,11.966667,6.766667,8.730667,0.000000,0.882229
10,11.966667,6.900000,8.734667,0.000000,0.888261
11,11.966667,6.833333,8.731000,0.000000,0.862660
12,12.033333,6.933333,8.726833,0.000000,0.864043
13,12.033333,6.900000,8.737000,0.000000,0.876649
14,12.066667,6.766667,8.734500,0.000000,0.870337
15,12.066667,6.866667,8.706333,0.000000,0.862437
16,12.066667,6.766667,8.748500,0.000000,0.872136
17,12.066667,6.766667,8.720833,0.000000,0.881421
18,12.066667,6.766667,8.744167,0.000000,0.864508
19,12.066667,6.766667,8.752500,0.000000,0.865900
20,12.066667,6.700000,8.730667,0.000000,0.877592
21,12.100000,6.900000,8.725167,0.000000,0.866988
22,12.100000,6.800000,8.729167,0.000000,0.869040
23,12.100000,6.833333,8.741833,0.000000,0.868201
24,12.100000,6.700000,8.745167,0.000000,0.864118
25,12.100000,6.733333,8.747500,0.000000,0.871139
26,12.100000,6.800000,8.720333,0.000000,0.853591
27,12.100000,6.833333,8.735833,0.000000,0.862564
28,12.100000,6.966667,8.742667,0.000000,0.854317
29,12.100000,6.566667,8.712333,0.000000,0.867403
30,12.100000,6.700000,8.762333,0.000000,0.865664
31,12.100000,6.766667,8.734333,0.000000,0.865593
32,12.100000,6.766667,8.719667,0.000000,0.870460
33,12.100000,6.833333,8.723500,0.000000,0.869601
34,12.133333,6.800000,8.726000,0.000000,0.870078
35,12.133333,6.800000,8.743333,0.000000,0.874104
36,12.133333,6.866667,8.728667,0.000000,0.879994
37,12.133333,6.833333,8.734500,0.000000,0.863494
38,12.133333,6.833333,8.725500,0.000000,0.872068
39,12.133333,6.766667,8.738500,0.033333,0.857417
40,12.133333,6.766667,8.744000,0.000000,0.856518
41,12.133333,6.766667,8.752167,0.000000,0.877937
42,12.133333,6.866667,8.748667,0.000000,0.873411
43,12.166667,6.800000,8.743500,0.000000,0.869330
44,12.166667,6.700000,8.726167,0.000000,0.880611
45,12.166667,6.733333,8.736000,0.000000,0.868488
46,12.166667,6.766667,8.723167,0.000000,0.865061
47,12.166667,6.833333,8.740667,0.000000,0.878996
48,12.166667,6.833333,8.727833,0.000000,0.871193
49,12.166667,6.766667,8.726500,0.000000,0.859667
50,12.166667,6.866667,8.731000,0.000000,0.861045
51,12.166667,6.833333,8.738167,0.000000,0.875957
52,12.200000,6.766667,8.741667,0.000000,0.874996
53,12.200000,6.800000,8.727500,0.000000,0.860611
54,12.200000,6.866667,8.738667,0.000000,0.866782
55,12.200000,6.700000,8.753833,0.000000,0.873882
56,12.200000,6.800000,8.748500,0.000000,0.886442
57,12.200000,6.766667,8.740333,0.000000,0.868674
58,12.200000,6.733333,8.720333,0.000000,0.868890
59,12.200000,6.833333,8.735500,0.000000,0.868404
60,12.200000,6.800000,8.714833,0.000000,0.862351
61,12.200000,6.800000,8.749667,0.000000,0.898825
62,12.200000,6.833333,8.750667,0.000000,0.885566
63,12.200000,6.766667,8.729500,0.000000,0.884167
64,12.200000,6.800000,8.755333,0.000000,0.890189
65,12.200000,6.900000,8.749667,0.000000,0.866160
66,12.200000,6.733333,8.741667,0.000000,0.875812
67,12.200000,6.766667,8.739333,0.000000,0.874436
68,12.233333,6.700000,8.726000,0.000000,0.862372
69,12.266667,6.800000,8.727167,0.000000,0.869629
70,12.266667,6.766667,8.735333,0.000000,0.860123
71,12.300000,6.733333,8.734000,0.000000,0.875130
72,12.300000,6.600000,8.739333,0.000000,0.869561
73,12.300000,6.666667,8.723333,0.000000,0.869706
74,12.300000,6.766667,8.701833,0.000000,0.878224
75,12.300000,6.833333,8.733000,0.000000,0.873307
76,12.300000,6.933333,8.741833,0.000000,0.850161
77,12.300000,6.800000,8.708833,0.000000,0.870955
78,12.300000,6.700000,8.729000,0.000000,0.861907
79,12.366667,6.766667,8.714333,0.000000,0.865568
80,12.366667,6.700000,8.746000,0.000000,0.888281
81,12.366667,6.900000,8.746500,0.000000,0.871794
82,12.366667,6.800000,8.724833,0.000000,0.882413
83,12.366667,6.833333,8.725333,0.000000,0.858212
84,12.366667,6.700000,8.734167,0.000000,0.879311
85,12.366667,6.800000,8.752167,0.000000,0.860804
86,12.366667,6.833333,8.747167,0.000000,0.877471
87,12.366667,6.800000,8.720000,0.000000,0.880809
88,12.366667,6.700000,8.742167,0.000000,0.872732
89,12.366667,6.933333,8.742167,0.000000,0.861505
90,12.366667,6.800000,8.728500,0.000000,0.860694
91,12.366667,6.833333,8.741167,0.000000,0.875892
92,12.366667,6.766667,8.726500,0.000000,0.866410
93,12.366667,6.800000,8.732167,0.000000,0.871748
94,12.400000,6.766667,8.742500,0.000000,0.876914
95,12.400000,6.800000,8.734167,0.000000,0.877303
96,12.400000,6.866667,8.737167,0.000000,0.866882
97,12.400000,6.866667,8.748833,0.000000,0.891672
98,12.400000,6.800000,8.740833,0.000000,0.849619
99,12.400000,6.866667,8.723167,0.000000,0.863103
100,12.400000,6.833333,8.730000,0.000000,0.870550
BestSdev: 0.211666, Time: 6m14.106736002s