gen,best,worst,mean,rep,sdev
1,11.500000,6.566667,8.731067,0.000000,0.869607
2,11.800000,6.633333,8.729000,0.000000,0.873590
3,11.900000,6.700000,8.731333,0.000000,0.872618
4,12.033333,6.500000,8.726133,0.000000,0.870645
5,12.033333,6.600000,8.733200,0.000000,0.864004
6,12.033333,6.533333,8.726200,0.033333,0.873771
7,12.033333,6.566667,8.733933,0.000000,0.868154
8,12.033333,6.533333,8.732667,0.000000,0.878346
9,12.033333,6.500000,8.737600,0.000000,0.872278
10,12.033333,6.633333,8.740067,0.000000,0.875874
11,12.100000,6.533333,8.739733,0.000000,0.869726
12,12.100000,6.633333,8.745000,0.000000,0.873752
13,12.100000,6.633333,8.731000,0.000000,0.869241
14,12.100000,6.500000,8.748533,0.000000,0.885577
15,12.100000,6.600000,8.726267,0.000000,0.868357
16,12.100000,6.600000,8.737733,0.000000,0.874718
17,12.100000,6.466667,8.734533,0.000000,0.872194
18,12.133333,6.566667,8.739200,0.000000,0.867668
19,12.133333,6.500000,8.734200,0.000000,0.866281
20,12.133333,6.566667,8.730467,0.000000,0.872629
BestSdev: 0.144376, Time: 3m40.971795711s