gen,best,worst,mean,rep,sdev
1,11.400000,6.366667,8.732400,0.000000,0.874005
2,11.733333,6.433333,8.733800,0.000000,0.876509
3,11.866667,6.533333,8.721667,0.000000,0.879264
4,11.900000,6.500000,8.732800,0.000000,0.874816
5,11.900000,6.500000,8.718267,0.000000,0.875858
6,11.933333,6.566667,8.729000,0.000000,0.872985
7,11.966667,6.566667,8.724600,0.000000,0.868141
8,11.966667,6.800000,8.720867,0.033333,0.871718
9,12.000000,6.600000,8.724000,0.000000,0.872819
10,12.000000,6.500000,8.744200,0.000000,0.875776
11,12.033333,6.633333,8.732333,0.000000,0.871112
12,12.033333,6.533333,8.733000,0.000000,0.872058
13,12.033333,6.500000,8.731267,0.000000,0.875048
14,12.033333,6.566667,8.731600,0.000000,0.873781
15,12.033333,6.633333,8.731867,0.000000,0.868356
16,12.033333,6.733333,8.734733,0.000000,0.879572
17,12.033333,6.566667,8.738267,0.000000,0.869581
18,12.033333,6.566667,8.742267,0.000000,0.875739
19,12.033333,6.400000,8.739200,0.000000,0.881051
20,12.033333,6.466667,8.739200,0.000000,0.868216
21,12.066667,6.666667,8.741133,0.000000,0.862032
22,12.066667,6.500000,8.732733,0.000000,0.866586
23,12.066667,6.633333,8.749733,0.000000,0.874170
24,12.066667,6.533333,8.728133,0.000000,0.872032
25,12.066667,6.433333,8.734133,0.000000,0.880786
26,12.066667,6.566667,8.739067,0.033333,0.878281
27,12.066667,6.600000,8.730067,0.033333,0.873560
28,12.066667,6.700000,8.726800,0.000000,0.869234
29,12.066667,6.600000,8.729800,0.000000,0.871780
30,12.066667,6.500000,8.723800,0.000000,0.868494
31,12.100000,6.566667,8.736467,0.000000,0.866621
32,12.100000,6.566667,8.733733,0.000000,0.872895
33,12.100000,6.433333,8.729600,0.000000,0.864569
34,12.100000,6.566667,8.730000,0.000000,0.869369
35,12.100000,6.400000,8.745000,0.033333,0.880679
36,12.133333,6.600000,8.745333,0.000000,0.877826
37,12.133333,6.633333,8.737400,0.000000,0.866118
38,12.133333,6.533333,8.730133,0.000000,0.879416
39,12.133333,6.566667,8.740867,0.000000,0.877465
40,12.133333,6.433333,8.734733,0.000000,0.878357
41,12.133333,6.733333,8.730667,0.000000,0.869837
42,12.133333,6.533333,8.730267,0.000000,0.876263
43,12.133333,6.466667,8.724267,0.066667,0.858187
44,12.133333,6.666667,8.729667,0.000000,0.870441
45,12.133333,6.600000,8.744267,0.033333,0.867925
46,12.133333,6.633333,8.729000,0.000000,0.867584
47,12.133333,6.600000,8.748867,0.000000,0.876150
48,12.166667,6.733333,8.735200,0.000000,0.873171
49,12.200000,6.600000,8.745400,0.000000,0.879617
50,12.200000,6.566667,8.744067,0.000000,0.879962
51,12.200000,6.733333,8.734133,0.000000,0.872429
52,12.200000,6.533333,8.745867,0.000000,0.874034
53,12.200000,6.666667,8.741200,0.000000,0.865201
54,12.200000,6.666667,8.732667,0.000000,0.865131
55,12.200000,6.600000,8.738533,0.000000,0.862213
56,12.200000,6.500000,8.722333,0.000000,0.872244
57,12.233333,6.666667,8.741267,0.000000,0.872648
58,12.233333,6.500000,8.734200,0.033333,0.871911
59,12.266667,6.466667,8.729133,0.000000,0.875696
60,12.266667,6.533333,8.730600,0.000000,0.871797
61,12.266667,6.566667,8.738333,0.000000,0.871274
62,12.266667,6.633333,8.726467,0.000000,0.867744
63,12.266667,6.400000,8.723733,0.000000,0.877608
64,12.266667,6.600000,8.745600,0.000000,0.871107
65,12.300000,6.533333,8.724667,0.000000,0.869072
66,12.300000,6.600000,8.737067,0.000000,0.873268
67,12.300000,6.700000,8.742533,0.000000,0.862241
68,12.300000,6.433333,8.721000,0.000000,0.875530
69,12.300000,6.633333,8.723267,0.000000,0.859579
70,12.333333,6.566667,8.730333,0.000000,0.872367
71,12.333333,6.533333,8.734067,0.033333,0.871751
72,12.333333,6.600000,8.722533,0.000000,0.865260
73,12.333333,6.600000,8.752867,0.000000,0.870866
74,12.333333,6.600000,8.730200,0.000000,0.871013
75,12.333333,6.500000,8.735467,0.033333,0.867698
76,12.333333,6.666667,8.740467,0.000000,0.868474
77,12.366667,6.533333,8.730267,0.000000,0.871542
78,12.366667,6.300000,8.722400,0.000000,0.870567
79,12.366667,6.766667,8.741000,0.000000,0.874658
80,12.400000,6.433333,8.738067,0.000000,0.869620
81,12.400000,6.566667,8.727467,0.000000,0.867220
82,12.433333,6.666667,8.732800,0.000000,0.859127
83,12.433333,6.633333,8.740800,0.000000,0.865138
84,12.466667,6.500000,8.740067,0.000000,0.877236
85,12.466667,6.433333,8.730000,0.000000,0.873926
86,12.466667,6.466667,8.736800,0.033333,0.866444
87,12.466667,6.500000,8.725533,0.000000,0.877079
88,12.466667,6.566667,8.731000,0.000000,0.868430
89,12.466667,6.333333,8.739000,0.000000,0.882621
90,12.500000,6.533333,8.733000,0.033333,0.874308
91,12.500000,6.533333,8.735867,0.000000,0.871276
92,12.500000,6.633333,8.738067,0.000000,0.864842
93,12.500000,6.600000,8.735533,0.000000,0.876871
94,12.500000,6.666667,8.725400,0.000000,0.867394
95,12.500000,6.666667,8.723267,0.000000,0.867233
96,12.500000,6.566667,8.741200,0.000000,0.872898
97,12.500000,6.433333,8.744867,0.000000,0.876420
98,12.500000,6.733333,8.749933,0.000000,0.871064
99,12.500000,6.533333,8.735800,0.000000,0.870847
100,12.500000,6.466667,8.730867,0.000000,0.877145
101,12.500000,6.566667,8.734667,0.000000,0.860211
102,12.500000,6.566667,8.741867,0.000000,0.865206
103,12.500000,6.500000,8.732533,0.000000,0.873633
104,12.500000,6.600000,8.729333,0.000000,0.865954
105,12.500000,6.433333,8.732067,0.000000,0.866679
106,12.500000,6.433333,8.734067,0.000000,0.876501
107,12.500000,6.533333,8.733933,0.000000,0.870991
108,12.500000,6.766667,8.733800,0.033333,0.866184
109,12.500000,6.700000,8.729200,0.000000,0.863042
110,12.500000,6.666667,8.735000,0.000000,0.869288
111,12.500000,6.533333,8.733133,0.000000,0.871025
112,12.500000,6.533333,8.721867,0.000000,0.865048
113,12.500000,6.600000,8.742600,0.000000,0.869511
114,12.500000,6.566667,8.735267,0.000000,0.869505
115,12.500000,6.600000,8.728667,0.000000,0.863954
116,12.500000,6.566667,8.725267,0.000000,0.869513
117,12.500000,6.533333,8.750467,0.000000,0.872778
118,12.500000,6.366667,8.737733,0.000000,0.876452
119,12.500000,6.500000,8.749400,0.033333,0.873617
120,12.500000,6.400000,8.726133,0.000000,0.869138
121,12.500000,6.700000,8.744733,0.000000,0.867089
122,12.500000,6.733333,8.733333,0.000000,0.875232
123,12.500000,6.433333,8.735667,0.000000,0.875535
124,12.500000,6.633333,8.735733,0.000000,0.874507
125,12.500000,6.533333,8.737667,0.000000,0.877574
126,12.500000,6.566667,8.738467,0.000000,0.875132
127,12.500000,6.700000,8.743667,0.000000,0.876152
128,12.500000,6.633333,8.732067,0.000000,0.869800
129,12.500000,6.633333,8.733733,0.000000,0.865561
130,12.500000,6.466667,8.738133,0.000000,0.880995
131,12.500000,6.400000,8.733133,0.000000,0.878687
132,12.500000,6.466667,8.730800,0.000000,0.877549
133,12.500000,6.666667,8.728467,0.000000,0.867998
134,12.500000,6.633333,8.747533,0.033333,0.862443
135,12.500000,6.466667,8.740000,0.000000,0.865961
136,12.500000,6.600000,8.724000,0.000000,0.869184
137,12.500000,6.433333,8.739467,0.000000,0.872281
138,12.500000,6.533333,8.732333,0.000000,0.864274
139,12.533333,6.766667,8.739867,0.000000,0.868813
140,12.566667,6.533333,8.744533,0.000000,0.877862
141,12.566667,6.600000,8.741000,0.000000,0.869835
142,12.566667,6.533333,8.739800,0.000000,0.872445
143,12.566667,6.633333,8.736667,0.000000,0.875291
144,12.566667,6.600000,8.747000,0.000000,0.878023
145,12.566667,6.700000,8.738067,0.000000,0.872565
146,12.600000,6.766667,8.736933,0.000000,0.869216
147,12.600000,6.500000,8.730867,0.000000,0.878684
148,12.600000,6.566667,8.741133,0.000000,0.877404
149,12.600000,6.700000,8.738000,0.033333,0.871240
150,12.600000,6.466667,8.726867,0.000000,0.866501
151,12.600000,6.600000,8.732467,0.000000,0.875806
152,12.600000,6.700000,8.735533,0.000000,0.874621
153,12.600000,6.500000,8.732800,0.000000,0.874029
154,12.600000,6.466667,8.733400,0.000000,0.872865
155,12.600000,6.566667,8.738533,0.000000,0.863438
156,12.600000,6.400000,8.723067,0.000000,0.871553
157,12.600000,6.733333,8.731733,0.000000,0.855913
158,12.600000,6.533333,8.738800,0.033333,0.868793
159,12.600000,6.466667,8.742067,0.000000,0.868938
160,12.633333,6.666667,8.738667,0.000000,0.877944
161,12.666667,6.600000,8.740400,0.000000,0.871148
162,12.666667,6.466667,8.730267,0.000000,0.880823
163,12.666667,6.566667,8.748133,0.000000,0.877292
164,12.666667,6.733333,8.732000,0.000000,0.867818
165,12.666667,6.533333,8.731267,0.000000,0.863353
166,12.666667,6.500000,8.724400,0.000000,0.874385
167,12.666667,6.633333,8.732333,0.000000,0.869965
168,12.666667,6.633333,8.736200,0.000000,0.867026
169,12.666667,6.633333,8.735933,0.000000,0.868468
170,12.666667,6.600000,8.736800,0.000000,0.874262
171,12.666667,6.533333,8.733333,0.000000,0.869825
172,12.666667,6.600000,8.748467,0.000000,0.872400
173,12.666667,6.633333,8.731267,0.000000,0.871173
174,12.666667,6.500000,8.740133,0.000000,0.867934
175,12.666667,6.500000,8.738400,0.000000,0.868327
176,12.666667,6.566667,8.735067,0.000000,0.881300
177,12.666667,6.500000,8.738200,0.000000,0.861567
178,12.666667,6.600000,8.744333,0.000000,0.876659
179,12.666667,6.466667,8.742600,0.000000,0.868566
180,12.666667,6.600000,8.739867,0.000000,0.873126
181,12.666667,6.500000,8.740933,0.000000,0.876671
182,12.666667,6.700000,8.739133,0.000000,0.875998
183,12.666667,6.533333,8.730000,0.033333,0.875696
184,12.666667,6.633333,8.739133,0.000000,0.873313
185,12.666667,6.400000,8.729533,0.000000,0.872067
186,12.666667,6.466667,8.724800,0.000000,0.874678
187,12.666667,6.566667,8.730600,0.000000,0.871741
188,12.666667,6.566667,8.733533,0.000000,0.873837
189,12.666667,6.600000,8.742667,0.000000,0.879263
190,12.666667,6.633333,8.729067,0.000000,0.879985
191,12.666667,6.433333,8.729000,0.000000,0.864259
192,12.666667,6.500000,8.742467,0.000000,0.873378
193,12.666667,6.466667,8.748133,0.000000,0.876977
194,12.666667,6.733333,8.733667,0.000000,0.870536
195,12.666667,6.533333,8.737200,0.000000,0.878388
196,12.700000,6.500000,8.735400,0.000000,0.871469
197,12.700000,6.533333,8.734867,0.000000,0.872286
198,12.700000,6.600000,8.736200,0.000000,0.872534
199,12.700000,6.633333,8.735133,0.033333,0.878568
200,12.700000,6.600000,8.735600,0.000000,0.879064
201,12.700000,6.700000,8.718933,0.000000,0.864731
202,12.700000,6.566667,8.731267,0.000000,0.868906
203,12.700000,6.533333,8.747667,0.000000,0.869859
204,12.700000,6.433333,8.736600,0.000000,0.871915
205,12.733333,6.600000,8.743200,0.000000,0.877817
206,12.733333,6.566667,8.737267,0.000000,0.866152
207,12.733333,6.633333,8.736000,0.000000,0.872405
208,12.766667,6.566667,8.742800,0.000000,0.873067
209,12.766667,6.533333,8.737733,0.000000,0.871545
210,12.766667,6.566667,8.735333,0.000000,0.876311
211,12.766667,6.433333,8.730200,0.000000,0.873261
212,12.766667,6.666667,8.731733,0.000000,0.876373
213,12.766667,6.566667,8.734067,0.000000,0.865931
214,12.766667,6.433333,8.727933,0.000000,0.866580
215,12.766667,6.300000,8.730400,0.000000,0.869868
216,12.766667,6.633333,8.733933,0.033333,0.863929
217,12.766667,6.533333,8.739200,0.000000,0.875370
218,12.766667,6.566667,8.733600,0.000000,0.869407
219,12.766667,6.566667,8.740733,0.000000,0.873798
220,12.766667,6.733333,8.730467,0.000000,0.870606
221,12.766667,6.500000,8.745000,0.000000,0.870996
222,12.766667,6.533333,8.720867,0.000000,0.876213
223,12.766667,6.500000,8.743333,0.000000,0.875181
224,12.766667,6.600000,8.731067,0.000000,0.874934
225,12.766667,6.566667,8.715733,0.000000,0.870941
226,12.766667,6.566667,8.739067,0.000000,0.863398
227,12.766667,6.600000,8.734600,0.000000,0.873596
228,12.766667,6.733333,8.724733,0.000000,0.873172
229,12.766667,6.700000,8.735000,0.000000,0.864025
230,12.766667,6.533333,8.747200,0.000000,0.881657
231,12.766667,6.600000,8.730067,0.000000,0.878502
232,12.766667,6.566667,8.735000,0.000000,0.866086
233,12.766667,6.700000,8.727133,0.000000,0.871081
234,12.766667,6.400000,8.739800,0.033333,0.876449
235,12.766667,6.500000,8.725600,0.000000,0.881158
236,12.766667,6.566667,8.729667,0.000000,0.874536
237,12.766667,6.500000,8.720800,0.000000,0.868601
238,12.766667,6.600000,8.733600,0.000000,0.868013
239,12.766667,6.600000,8.742600,0.000000,0.862592
240,12.766667,6.500000,8.733667,0.000000,0.872114
241,12.766667,6.666667,8.732133,0.000000,0.870476
242,12.766667,6.566667,8.734400,0.000000,0.870990
243,12.766667,6.633333,8.730600,0.000000,0.873886
244,12.766667,6.633333,8.735533,0.000000,0.877425
245,12.766667,6.533333,8.722800,0.033333,0.865978
246,12.766667,6.500000,8.734600,0.000000,0.867718
247,12.766667,6.633333,8.726800,0.000000,0.875767
248,12.766667,6.633333,8.740133,0.000000,0.872410
249,12.800000,6.700000,8.730467,0.000000,0.874713
250,12.800000,6.433333,8.749667,0.000000,0.869470
251,12.800000,6.566667,8.730267,0.000000,0.870018
252,12.800000,6.700000,8.727333,0.000000,0.862225
253,12.800000,6.666667,8.737467,0.000000,0.863796
254,12.800000,6.566667,8.728467,0.000000,0.868916
255,12.800000,6.500000,8.736200,0.000000,0.877989
256,12.800000,6.633333,8.727600,0.000000,0.864324
257,12.800000,6.600000,8.734000,0.000000,0.871017
258,12.800000,6.600000,8.738200,0.000000,0.876530
259,12.833333,6.533333,8.728400,0.000000,0.867489
260,12.833333,6.466667,8.733533,0.000000,0.872968
261,12.833333,6.533333,8.728600,0.000000,0.875852
262,12.833333,6.566667,8.720667,0.000000,0.876646
263,12.833333,6.433333,8.744800,0.000000,0.873427
264,12.833333,6.566667,8.731800,0.000000,0.872921
265,12.833333,6.633333,8.731867,0.000000,0.864772
266,12.833333,6.466667,8.746267,0.000000,0.873857
267,12.833333,6.566667,8.735133,0.000000,0.872564
268,12.833333,6.566667,8.735533,0.000000,0.864153
269,12.833333,6.666667,8.741933,0.000000,0.867355
270,12.833333,6.566667,8.736400,0.000000,0.870052
271,12.866667,6.700000,8.729533,0.000000,0.869434
272,12.866667,6.566667,8.735333,0.000000,0.877809
273,12.866667,6.500000,8.735667,0.000000,0.872815
274,12.900000,6.600000,8.740200,0.000000,0.873553
275,12.900000,6.633333,8.734200,0.000000,0.866756
276,12.900000,6.533333,8.726267,0.000000,0.871173
277,12.900000,6.633333,8.747667,0.000000,0.872259
278,12.900000,6.500000,8.734667,0.000000,0.871797
279,12.900000,6.666667,8.736600,0.000000,0.861815
280,12.900000,6.700000,8.731600,0.000000,0.870491
281,12.900000,6.600000,8.727400,0.000000,0.867420
282,12.900000,6.666667,8.735000,0.000000,0.858923
283,12.900000,6.533333,8.742867,0.000000,0.875694
284,12.900000,6.600000,8.732867,0.033333,0.879317
285,12.900000,6.433333,8.716200,0.000000,0.864560
286,12.900000,6.566667,8.723533,0.000000,0.871223
287,12.900000,6.533333,8.735133,0.000000,0.872126
288,12.900000,6.633333,8.720933,0.000000,0.865502
289,12.900000,6.533333,8.726733,0.000000,0.865786
290,12.900000,6.533333,8.724800,0.000000,0.871626
291,12.900000,6.500000,8.723333,0.000000,0.876249
292,12.900000,6.533333,8.747067,0.000000,0.870707
293,12.900000,6.633333,8.734400,0.000000,0.876309
294,12.900000,6.433333,8.713133,0.000000,0.877652
295,12.933333,6.533333,8.732600,0.000000,0.871931
296,12.933333,6.600000,8.730400,0.000000,0.872998
297,12.933333,6.566667,8.741267,0.000000,0.859610
298,12.933333,6.766667,8.743600,0.000000,0.865448
299,12.933333,6.333333,8.739800,0.000000,0.875048
300,12.933333,6.500000,8.729200,0.000000,0.869416
301,12.933333,6.433333,8.731800,0.000000,0.872921
302,12.933333,6.533333,8.726733,0.000000,0.872303
303,12.933333,6.533333,8.732067,0.000000,0.881637
304,12.933333,6.466667,8.737933,0.000000,0.867606
305,12.933333,6.566667,8.728600,0.100000,0.873707
306,12.933333,6.666667,8.734000,0.033333,0.867532
307,12.933333,6.700000,8.722133,0.000000,0.866496
308,12.933333,6.566667,8.737333,0.000000,0.868949
309,12.933333,6.466667,8.725933,0.000000,0.875874
310,12.933333,6.566667,8.735600,0.000000,0.870104
311,12.933333,6.500000,8.729267,0.000000,0.868739
312,12.933333,6.533333,8.736267,0.000000,0.865235
313,12.933333,6.533333,8.733867,0.000000,0.866337
314,12.933333,6.566667,8.728000,0.000000,0.866919
315,12.933333,6.566667,8.724733,0.000000,0.880177
316,12.933333,6.566667,8.736133,0.000000,0.869750
317,12.933333,6.633333,8.733133,0.000000,0.876376
318,12.933333,6.600000,8.733267,0.000000,0.873365
319,12.933333,6.666667,8.720267,0.000000,0.873859
320,12.933333,6.566667,8.737467,0.000000,0.872870
321,12.933333,6.666667,8.731133,0.033333,0.868996
322,12.933333,6.466667,8.726667,0.000000,0.875789
323,12.933333,6.633333,8.731467,0.000000,0.876545
324,12.933333,6.700000,8.735133,0.000000,0.861925
325,12.933333,6.600000,8.736800,0.000000,0.875960
326,12.933333,6.433333,8.741067,0.000000,0.873907
327,12.933333,6.700000,8.749467,0.000000,0.872059
328,12.933333,6.566667,8.748733,0.000000,0.870306
329,12.933333,6.633333,8.742000,0.000000,0.871393
330,12.933333,6.566667,8.738400,0.000000,0.875443
331,12.933333,6.466667,8.735400,0.000000,0.872864
332,12.933333,6.633333,8.740067,0.000000,0.863022
333,12.933333,6.533333,8.729200,0.000000,0.868256
334,12.933333,6.566667,8.742667,0.000000,0.863332
335,12.933333,6.666667,8.730867,0.000000,0.872416
336,12.933333,6.466667,8.732867,0.000000,0.870679
337,12.933333,6.566667,8.738467,0.000000,0.878219
338,12.933333,6.400000,8.720533,0.000000,0.865054
339,12.933333,6.766667,8.733933,0.033333,0.862773
340,12.933333,6.700000,8.730400,0.000000,0.868678
341,12.933333,6.633333,8.725600,0.000000,0.876026
342,12.933333,6.600000,8.726067,0.000000,0.875281
343,12.933333,6.600000,8.725267,0.000000,0.881345
344,12.933333,6.433333,8.734467,0.000000,0.866688
345,12.933333,6.400000,8.731800,0.000000,0.871906
346,12.933333,6.433333,8.737200,0.000000,0.875616
347,12.933333,6.666667,8.734867,0.000000,0.871571
348,12.933333,6.666667,8.728333,0.000000,0.876840
349,12.933333,6.733333,8.728600,0.000000,0.874811
350,12.933333,6.533333,8.725600,0.000000,0.882861
351,12.933333,6.633333,8.739733,0.000000,0.871897
352,12.933333,6.566667,8.740667,0.000000,0.866854
353,12.933333,6.433333,8.728333,0.000000,0.866579
354,12.933333,6.633333,8.735133,0.000000,0.870486
355,12.933333,6.666667,8.731267,0.000000,0.865295
356,12.933333,6.600000,8.739733,0.000000,0.871969
357,12.933333,6.566667,8.728600,0.000000,0.864829
358,12.933333,6.633333,8.726333,0.000000,0.880652
359,12.933333,6.666667,8.729467,0.000000,0.874882
360,12.933333,6.833333,8.729333,0.000000,0.870246
361,12.933333,6.533333,8.725067,0.000000,0.868228
362,12.933333,6.566667,8.725333,0.000000,0.869196
363,12.933333,6.600000,8.745800,0.000000,0.870300
364,12.933333,6.466667,8.736800,0.000000,0.879829
365,12.933333,6.466667,8.735800,0.000000,0.873624
366,12.933333,6.600000,8.727800,0.000000,0.868275
367,12.933333,6.633333,8.735467,0.000000,0.873214
368,12.933333,6.533333,8.735933,0.000000,0.875015
369,12.933333,6.400000,8.726867,0.000000,0.869989
370,12.933333,6.600000,8.738533,0.000000,0.867906
371,12.933333,6.600000,8.740333,0.000000,0.871466
372,12.933333,6.666667,8.732067,0.000000,0.867091
373,12.933333,6.533333,8.727200,0.000000,0.875082
374,12.933333,6.500000,8.738400,0.000000,0.874804
375,12.933333,6.566667,8.729200,0.000000,0.870247
376,12.933333,6.700000,8.746333,0.033333,0.873254
377,12.933333,6.633333,8.738867,0.000000,0.868349
378,12.933333,6.666667,8.733267,0.000000,0.874231
379,12.933333,6.633333,8.737667,0.000000,0.864901
380,12.933333,6.633333,8.723333,0.033333,0.867177
381,12.933333,6.600000,8.730800,0.000000,0.872499
382,12.933333,6.700000,8.744000,0.000000,0.871759
383,12.933333,6.433333,8.716267,0.000000,0.881423
384,12.933333,6.566667,8.728667,0.000000,0.875335
385,12.933333,6.633333,8.742600,0.000000,0.866762
386,12.933333,6.500000,8.724733,0.000000,0.874820
387,12.933333,6.600000,8.726400,0.000000,0.869269
388,12.933333,6.500000,8.742467,0.000000,0.876076
389,12.933333,6.633333,8.736867,0.000000,0.874241
390,12.933333,6.733333,8.735067,0.000000,0.882326
391,12.933333,6.666667,8.734133,0.000000,0.874113
392,12.933333,6.533333,8.722267,0.033333,0.867441
393,12.933333,6.500000,8.725600,0.000000,0.871572
394,12.933333,6.500000,8.738200,0.000000,0.862153
395,12.933333,6.600000,8.727933,0.000000,0.874341
396,12.933333,6.600000,8.723267,0.000000,0.866237
397,12.933333,6.700000,8.734733,0.000000,0.860510
398,12.933333,6.766667,8.746467,0.033333,0.869125
399,12.933333,6.600000,8.737733,0.033333,0.863116
400,12.933333,6.566667,8.738200,0.000000,0.866200
401,12.933333,6.633333,8.728400,0.000000,0.866072
402,12.933333,6.633333,8.741533,0.000000,0.872252
403,12.933333,6.700000,8.730600,0.000000,0.868807
404,12.933333,6.633333,8.733533,0.000000,0.865856
405,12.933333,6.766667,8.728400,0.000000,0.865627
406,12.933333,6.433333,8.739600,0.000000,0.867787
407,12.933333,6.600000,8.729933,0.033333,0.869420
408,12.933333,6.700000,8.734000,0.000000,0.869747
409,12.933333,6.566667,8.737400,0.033333,0.880067
410,12.933333,6.600000,8.721200,0.000000,0.867088
411,12.933333,6.600000,8.744067,0.000000,0.871308
412,12.933333,6.566667,8.740200,0.000000,0.875525
413,12.933333,6.333333,8.741467,0.000000,0.873941
414,12.933333,6.666667,8.735867,0.000000,0.875954
415,12.966667,6.533333,8.735467,0.000000,0.868235
416,12.966667,6.666667,8.729933,0.000000,0.873052
417,12.966667,6.666667,8.732400,0.000000,0.866251
418,12.966667,6.400000,8.735067,0.000000,0.879515
419,12.966667,6.500000,8.719067,0.000000,0.866033
420,12.966667,6.666667,8.743133,0.000000,0.870558
421,12.966667,6.533333,8.732800,0.000000,0.875349
422,12.966667,6.633333,8.735267,0.000000,0.875385
423,12.966667,6.566667,8.725333,0.000000,0.866957
424,12.966667,6.666667,8.738267,0.000000,0.868407
425,12.966667,6.633333,8.731800,0.000000,0.866496
426,12.966667,6.466667,8.741400,0.000000,0.879081
427,12.966667,6.600000,8.742067,0.000000,0.869397
428,12.966667,6.633333,8.741400,0.000000,0.878728
429,12.966667,6.433333,8.736667,0.000000,0.877420
430,12.966667,6.566667,8.730533,0.000000,0.868381
431,12.966667,6.600000,8.737400,0.000000,0.878653
432,12.966667,6.600000,8.742067,0.000000,0.867103
433,12.966667,6.533333,8.738133,0.033333,0.861483
434,12.966667,6.666667,8.743533,0.000000,0.870174
435,12.966667,6.633333,8.734600,0.000000,0.865369
436,12.966667,6.500000,8.743333,0.000000,0.868945
437,12.966667,6.533333,8.739667,0.000000,0.883856
438,12.966667,6.733333,8.740133,0.000000,0.873101
439,12.966667,6.533333,8.744533,0.000000,0.884891
440,12.966667,6.566667,8.721133,0.000000,0.865304
441,12.966667,6.700000,8.730067,0.000000,0.870087
442,12.966667,6.666667,8.740867,0.000000,0.867336
443,12.966667,6.500000,8.729800,0.000000,0.878286
444,12.966667,6.566667,8.730533,0.000000,0.865393
445,13.000000,6.700000,8.727133,0.000000,0.866056
446,13.000000,6.666667,8.727600,0.000000,0.872827
447,13.000000,6.533333,8.730667,0.000000,0.865758
448,13.000000,6.633333,8.732200,0.000000,0.872449
449,13.000000,6.600000,8.734000,0.000000,0.878054
450,13.000000,6.700000,8.724867,0.000000,0.869572
451,13.000000,6.733333,8.736733,0.000000,0.870125
452,13.000000,6.600000,8.725200,0.000000,0.869736
453,13.000000,6.666667,8.727000,0.000000,0.872957
454,13.000000,6.466667,8.728867,0.033333,0.869808
455,13.000000,6.466667,8.729200,0.000000,0.874076
456,13.000000,6.800000,8.737400,0.000000,0.872879
457,13.000000,6.666667,8.727867,0.033333,0.862064
458,13.000000,6.400000,8.742000,0.000000,0.870045
459,13.000000,6.566667,8.750667,0.033333,0.874962
460,13.000000,6.533333,8.736400,0.000000,0.873822
461,13.000000,6.700000,8.731333,0.000000,0.873264
462,13.000000,6.500000,8.740333,0.000000,0.876094
463,13.000000,6.633333,8.729133,0.000000,0.870878
464,13.000000,6.466667,8.744533,0.033333,0.864713
465,13.000000,6.633333,8.730667,0.000000,0.882627
466,13.000000,6.566667,8.746067,0.000000,0.878847
467,13.000000,6.600000,8.735667,0.000000,0.866974
468,13.000000,6.533333,8.734867,0.000000,0.876265
469,13.000000,6.566667,8.729733,0.033333,0.868923
470,13.000000,6.433333,8.734467,0.000000,0.867826
471,13.000000,6.600000,8.733333,0.000000,0.874442
472,13.000000,6.500000,8.735600,0.000000,0.863823
473,13.000000,6.500000,8.733867,0.000000,0.874581
474,13.000000,6.566667,8.730400,0.000000,0.863216
475,13.000000,6.466667,8.739067,0.000000,0.873892
476,13.000000,6.533333,8.726867,0.000000,0.875384
477,13.000000,6.433333,8.738733,0.000000,0.879712
478,13.000000,6.600000,8.730600,0.000000,0.878121
479,13.000000,6.466667,8.753067,0.000000,0.876367
480,13.000000,6.533333,8.733400,0.000000,0.878462
481,13.000000,6.633333,8.722200,0.000000,0.862043
482,13.000000,6.500000,8.732667,0.000000,0.876816
483,13.000000,6.533333,8.735867,0.000000,0.867476
484,13.000000,6.700000,8.738467,0.000000,0.875071
485,13.000000,6.766667,8.744933,0.000000,0.867719
486,13.000000,6.600000,8.728600,0.000000,0.864741
487,13.000000,6.600000,8.734533,0.000000,0.869742
488,13.000000,6.733333,8.742867,0.033333,0.870271
489,13.000000,6.333333,8.720867,0.000000,0.872926
490,13.000000,6.666667,8.751133,0.033333,0.870497
491,13.000000,6.566667,8.749067,0.000000,0.873564
492,13.000000,6.566667,8.727000,0.000000,0.876023
493,13.000000,6.600000,8.723667,0.000000,0.871854
494,13.000000,6.566667,8.734733,0.000000,0.870428
495,13.000000,6.600000,8.728933,0.000000,0.873110
496,13.000000,6.466667,8.730133,0.000000,0.874797
497,13.000000,6.433333,8.740933,0.000000,0.873406
498,13.000000,6.633333,8.736333,0.033333,0.871807
499,13.000000,6.533333,8.726867,0.000000,0.872706
500,13.000000,6.466667,8.738467,0.033333,0.879948
BestSdev: 0.301057, Time: 1h18m0.147121041s