gen,best,worst,mean,rep,sdev
1,10.633333,7.000000,8.728000,0.000000,0.856293
2,11.000000,7.033333,8.745333,0.000000,0.873324
3,11.133333,6.966667,8.733333,0.000000,0.836722
4,11.233333,7.033333,8.730667,0.000000,0.868118
5,11.300000,6.933333,8.711333,0.000000,0.852831
6,11.333333,6.933333,8.728000,0.000000,0.866422
7,11.400000,6.900000,8.688667,0.000000,0.891990
8,11.466667,7.000000,8.743333,0.000000,0.851044
9,11.466667,6.966667,8.736000,0.000000,0.859635
10,11.500000,6.833333,8.741333,0.000000,0.888299
11,11.533333,7.033333,8.713333,0.000000,0.846149
12,11.533333,6.966667,8.746667,0.000000,0.857232
13,11.566667,7.000000,8.786000,0.000000,0.877199
14,11.566667,7.033333,8.708667,0.000000,0.835746
15,11.566667,7.000000,8.699333,0.000000,0.857690
16,11.600000,6.933333,8.762667,0.000000,0.875223
17,11.666667,6.966667,8.704000,0.000000,0.857554
18,11.700000,7.033333,8.720000,0.000000,0.861552
19,11.766667,6.866667,8.770667,0.000000,0.873375
20,11.766667,7.066667,8.729333,0.000000,0.863037
BestSdev: 0.268514, Time: 21.895922835s