gen,best,worst,mean,rep,sdev
1,11.066667,6.866667,8.731333,0.033333,0.882392
2,11.266667,6.866667,8.731667,0.000000,0.850894
3,11.433333,6.900000,8.733333,0.000000,0.869342
4,11.466667,6.933333,8.754333,0.000000,0.859579
5,11.500000,6.866667,8.761333,0.000000,0.868744
6,11.500000,6.866667,8.732333,0.000000,0.859078
7,11.500000,6.933333,8.712000,0.000000,0.881618
8,11.600000,6.900000,8.724333,0.000000,0.868476
9,11.633333,6.900000,8.713000,0.000000,0.865228
10,11.666667,6.766667,8.711333,0.000000,0.876893
11,11.700000,6.933333,8.697000,0.000000,0.861281
12,11.733333,7.000000,8.729000,0.000000,0.852770
13,11.733333,6.866667,8.752000,0.000000,0.865092
14,11.766667,6.900000,8.722333,0.000000,0.860353
15,11.766667,6.866667,8.739000,0.000000,0.871698
16,11.766667,6.800000,8.725333,0.000000,0.877821
17,11.800000,6.900000,8.772667,0.000000,0.856459
18,11.800000,6.933333,8.754667,0.000000,0.860727
19,11.866667,7.000000,8.730333,0.000000,0.867451
20,11.866667,6.900000,8.723667,0.000000,0.866912
21,11.866667,6.933333,8.749667,0.000000,0.878544
22,11.866667,6.833333,8.755000,0.000000,0.859798
23,11.866667,6.800000,8.744000,0.000000,0.862375
24,11.866667,6.933333,8.717667,0.000000,0.869559
25,11.866667,6.900000,8.728000,0.000000,0.872199
26,11.866667,6.966667,8.757667,0.000000,0.859158
27,11.866667,6.966667,8.727000,0.000000,0.854955
28,11.866667,6.866667,8.713000,0.000000,0.841100
29,11.866667,6.866667,8.747333,0.000000,0.868134
30,11.900000,6.800000,8.733333,0.000000,0.879528
31,11.900000,6.833333,8.728333,0.000000,0.856641
32,11.900000,6.933333,8.737000,0.000000,0.869091
33,11.900000,6.900000,8.743000,0.000000,0.855370
34,11.900000,6.833333,8.734333,0.000000,0.864948
35,11.933333,6.833333,8.746000,0.000000,0.863974
36,11.933333,6.833333,8.743333,0.000000,0.881523
37,11.966667,6.933333,8.752333,0.000000,0.873580
38,11.966667,6.933333,8.702333,0.000000,0.850581
39,11.966667,6.966667,8.739333,0.000000,0.857775
40,12.000000,6.933333,8.727667,0.000000,0.858884
41,12.000000,6.900000,8.742000,0.000000,0.879214
42,12.033333,6.800000,8.733667,0.000000,0.867242
43,12.033333,6.900000,8.723667,0.000000,0.876497
44,12.033333,6.966667,8.745333,0.000000,0.864284
45,12.033333,6.800000,8.729667,0.000000,0.863741
46,12.033333,6.900000,8.721000,0.000000,0.859988
47,12.033333,6.800000,8.738000,0.000000,0.866634
48,12.033333,6.866667,8.697667,0.000000,0.868552
49,12.033333,6.866667,8.741000,0.000000,0.858128
50,12.033333,6.800000,8.723000,0.000000,0.873147
51,12.033333,6.966667,8.726333,0.000000,0.877412
52,12.033333,6.866667,8.761667,0.000000,0.858578
53,12.033333,7.000000,8.704667,0.000000,0.852145
54,12.033333,6.966667,8.717000,0.000000,0.872042
55,12.033333,6.933333,8.720667,0.000000,0.862180
56,12.033333,6.900000,8.732333,0.000000,0.856425
57,12.033333,6.900000,8.729000,0.000000,0.866095
58,12.033333,6.933333,8.757333,0.000000,0.863795
59,12.033333,7.033333,8.737000,0.000000,0.853080
60,12.033333,6.966667,8.711667,0.000000,0.867405
61,12.033333,6.933333,8.733333,0.000000,0.869971
62,12.033333,6.866667,8.736333,0.000000,0.873917
63,12.033333,6.900000,8.751333,0.000000,0.855663
64,12.033333,6.900000,8.718333,0.000000,0.862226
65,12.033333,6.933333,8.745333,0.000000,0.852443
66,12.033333,7.033333,8.770333,0.000000,0.862225
67,12.033333,6.866667,8.756333,0.000000,0.873449
68,12.033333,6.900000,8.747667,0.000000,0.861209
69,12.033333,6.966667,8.723667,0.000000,0.859762
70,12.033333,6.900000,8.718667,0.000000,0.857628
71,12.033333,6.966667,8.729667,0.000000,0.873683
72,12.033333,6.933333,8.743333,0.000000,0.898486
73,12.066667,6.933333,8.751667,0.000000,0.847482
74,12.066667,6.966667,8.721667,0.000000,0.847315
75,12.066667,6.966667,8.754333,0.000000,0.874064
76,12.066667,6.833333,8.723000,0.000000,0.872833
77,12.066667,6.900000,8.724333,0.000000,0.850619
78,12.066667,6.866667,8.719000,0.000000,0.870166
79,12.066667,6.966667,8.745667,0.000000,0.869335
80,12.066667,6.766667,8.752667,0.000000,0.862581
81,12.066667,6.866667,8.721667,0.000000,0.852877
82,12.066667,6.933333,8.744333,0.000000,0.879271
83,12.066667,6.933333,8.749333,0.000000,0.870890
84,12.066667,6.933333,8.765333,0.000000,0.876242
85,12.066667,6.766667,8.720667,0.000000,0.886974
86,12.066667,6.933333,8.741000,0.000000,0.854542
87,12.066667,6.866667,8.730667,0.000000,0.858539
88,12.066667,6.800000,8.732667,0.000000,0.869047
89,12.066667,6.800000,8.751667,0.000000,0.885161
90,12.066667,6.833333,8.743000,0.000000,0.859727
91,12.066667,6.833333,8.709667,0.000000,0.872631
92,12.066667,6.766667,8.714667,0.000000,0.886863
93,12.066667,6.866667,8.743333,0.000000,0.858157
94,12.066667,6.900000,8.728667,0.000000,0.865133
95,12.066667,6.866667,8.737667,0.000000,0.872592
96,12.066667,6.866667,8.759333,0.000000,0.863842
97,12.066667,6.900000,8.709000,0.000000,0.855795
98,12.066667,6.900000,8.737333,0.000000,0.894876
99,12.066667,6.833333,8.762333,0.000000,0.866523
100,12.066667,6.933333,8.735000,0.000000,0.876038
BestSdev: 0.190437, Time: 3m29.865096544s