gen,best,worst,mean,rep,sdev
1,11.200000,6.700000,8.736000,0.033333,0.888264
2,11.433333,6.833333,8.707667,0.000000,0.862639
3,11.566667,6.800000,8.735500,0.033333,0.874841
4,11.633333,6.666667,8.742667,0.000000,0.875202
5,11.700000,6.866667,8.735667,0.000000,0.875022
6,11.766667,6.866667,8.725667,0.000000,0.853180
7,11.800000,6.866667,8.740167,0.000000,0.874905
8,11.800000,6.766667,8.729500,0.000000,0.885393
9,11.833333,6.733333,8.724833,0.000000,0.888012
10,11.900000,6.666667,8.718500,0.000000,0.886182
11,11.900000,6.833333,8.727000,0.000000,0.846179
12,11.966667,6.833333,8.738333,0.000000,0.856456
13,11.966667,6.866667,8.735333,0.000000,0.875598
14,11.966667,6.700000,8.732667,0.000000,0.868069
15,11.966667,6.666667,8.740500,0.000000,0.864967
16,11.966667,6.900000,8.721333,0.000000,0.874625
17,11.966667,6.833333,8.718667,0.000000,0.860027
18,11.966667,6.600000,8.730500,0.000000,0.875637
19,12.033333,6.833333,8.735833,0.000000,0.869842
20,12.033333,6.800000,8.728167,0.000000,0.880820
21,12.066667,6.700000,8.733167,0.000000,0.875434
22,12.066667,6.800000,8.739500,0.000000,0.871320
23,12.066667,6.866667,8.735667,0.000000,0.863933
24,12.066667,6.900000,8.730667,0.000000,0.853168
25,12.066667,6.800000,8.749500,0.000000,0.882801
26,12.066667,6.866667,8.730667,0.000000,0.877547
27,12.066667,6.800000,8.730167,0.000000,0.864737
28,12.066667,6.666667,8.732667,0.000000,0.869127
29,12.066667,6.700000,8.717000,0.000000,0.870667
30,12.066667,6.833333,8.728333,0.000000,0.863852
31,12.100000,6.700000,8.752167,0.000000,0.884145
32,12.100000,7.000000,8.732833,0.000000,0.860278
33,12.100000,6.933333,8.732333,0.000000,0.874006
34,12.100000,6.800000,8.734667,0.000000,0.884621
35,12.100000,6.600000,8.729333,0.000000,0.873534
36,12.100000,6.700000,8.732500,0.000000,0.872240
37,12.100000,6.866667,8.747167,0.000000,0.859253
38,12.100000,6.833333,8.752333,0.000000,0.865325
39,12.100000,6.666667,8.737833,0.000000,0.880105
40,12.100000,6.900000,8.733000,0.000000,0.853254
41,12.100000,6.766667,8.701167,0.000000,0.871679
42,12.100000,6.866667,8.723833,0.000000,0.878757
43,12.100000,6.833333,8.758667,0.000000,0.867723
44,12.133333,6.800000,8.729167,0.000000,0.875297
45,12.133333,6.800000,8.734500,0.000000,0.884732
46,12.133333,6.866667,8.743500,0.000000,0.875920
47,12.133333,6.833333,8.725833,0.000000,0.875765
48,12.133333,6.766667,8.727333,0.000000,0.878736
49,12.166667,6.800000,8.738500,0.000000,0.868730
50,12.166667,6.900000,8.744833,0.000000,0.865281
51,12.166667,6.733333,8.734000,0.000000,0.873457
52,12.200000,6.766667,8.743833,0.000000,0.873964
53,12.200000,6.833333,8.743333,0.000000,0.871964
54,12.200000,6.866667,8.748833,0.000000,0.858216
55,12.200000,6.766667,8.727667,0.000000,0.869719
56,12.233333,6.766667,8.732000,0.000000,0.872906
57,12.233333,6.766667,8.730667,0.000000,0.873959
58,12.233333,6.733333,8.723667,0.000000,0.873230
59,12.233333,6.833333,8.722333,0.000000,0.866384
60,12.233333,6.866667,8.728167,0.000000,0.869684
61,12.233333,6.833333,8.724333,0.000000,0.879588
62,12.233333,6.733333,8.713500,0.000000,0.872359
63,12.233333,6.900000,8.729833,0.000000,0.856064
64,12.233333,6.900000,8.731833,0.000000,0.863061
65,12.233333,6.866667,8.726667,0.000000,0.873927
66,12.233333,6.900000,8.728500,0.000000,0.869362
67,12.233333,6.833333,8.746833,0.000000,0.869095
68,12.233333,6.866667,8.741667,0.000000,0.870460
69,12.233333,6.733333,8.740000,0.033333,0.864560
70,12.233333,6.800000,8.733167,0.000000,0.874659
71,12.233333,6.766667,8.734833,0.000000,0.853388
72,12.233333,6.733333,8.727500,0.000000,0.879716
73,12.233333,6.900000,8.739333,0.000000,0.872869
74,12.233333,6.900000,8.742167,0.000000,0.868839
75,12.266667,6.800000,8.729667,0.000000,0.872551
76,12.266667,6.833333,8.730000,0.000000,0.863324
77,12.300000,6.800000,8.743667,0.000000,0.871469
78,12.300000,6.866667,8.740000,0.033333,0.865529
79,12.300000,6.733333,8.728000,0.000000,0.865438
80,12.300000,6.833333,8.736833,0.000000,0.880090
81,12.300000,6.833333,8.741167,0.000000,0.868968
82,12.300000,6.766667,8.754167,0.000000,0.868348
83,12.300000,6.733333,8.753667,0.000000,0.864607
84,12.300000,6.833333,8.722833,0.000000,0.859226
85,12.300000,6.933333,8.730333,0.000000,0.861961
86,12.300000,6.800000,8.733500,0.000000,0.867717
87,12.300000,6.766667,8.747000,0.000000,0.870837
88,12.300000,6.766667,8.731500,0.000000,0.867314
89,12.300000,6.766667,8.730833,0.000000,0.874925
90,12.300000,6.766667,8.736667,0.000000,0.871588
91,12.333333,6.733333,8.731500,0.000000,0.883439
92,12.333333,6.866667,8.711000,0.000000,0.871838
93,12.333333,6.666667,8.740833,0.000000,0.868568
94,12.333333,6.833333,8.743833,0.000000,0.879542
95,12.333333,6.733333,8.744667,0.000000,0.867881
96,12.333333,6.766667,8.736833,0.000000,0.868109
97,12.333333,6.900000,8.751167,0.000000,0.877479
98,12.333333,6.766667,8.722167,0.000000,0.876206
99,12.333333,6.833333,8.741667,0.000000,0.864956
100,12.333333,6.800000,8.735167,0.000000,0.866994
101,12.333333,6.766667,8.741000,0.000000,0.870836
102,12.333333,6.800000,8.745500,0.000000,0.865844
103,12.333333,6.800000,8.733500,0.000000,0.877787
104,12.333333,6.800000,8.718833,0.000000,0.871808
105,12.333333,6.833333,8.737833,0.000000,0.883393
106,12.333333,6.800000,8.737000,0.000000,0.865540
107,12.333333,6.633333,8.719000,0.000000,0.864867
108,12.333333,6.733333,8.722833,0.000000,0.876749
109,12.333333,6.733333,8.735333,0.000000,0.866127
110,12.333333,6.766667,8.724000,0.000000,0.862124
111,12.333333,6.766667,8.753500,0.000000,0.879240
112,12.333333,6.800000,8.730000,0.000000,0.884257
113,12.333333,6.933333,8.756000,0.000000,0.855120
114,12.333333,6.700000,8.739667,0.000000,0.884044
115,12.366667,6.766667,8.720500,0.000000,0.873542
116,12.366667,6.833333,8.746333,0.000000,0.872736
117,12.366667,6.733333,8.742833,0.000000,0.874860
118,12.366667,6.766667,8.731667,0.000000,0.869423
119,12.366667,6.800000,8.728667,0.000000,0.878228
120,12.366667,6.766667,8.716333,0.000000,0.859909
121,12.400000,6.833333,8.740000,0.000000,0.877799
122,12.400000,6.700000,8.726833,0.000000,0.874521
123,12.400000,6.866667,8.753167,0.000000,0.883269
124,12.400000,6.833333,8.721667,0.000000,0.869893
125,12.400000,6.700000,8.734500,0.000000,0.873529
126,12.400000,6.866667,8.722333,0.000000,0.871777
127,12.400000,6.800000,8.757833,0.000000,0.859496
128,12.400000,6.733333,8.720833,0.000000,0.867449
129,12.400000,6.833333,8.721333,0.000000,0.867774
130,12.400000,6.900000,8.717333,0.000000,0.860345
131,12.400000,6.900000,8.734167,0.000000,0.867832
132,12.400000,6.833333,8.726167,0.000000,0.878909
133,12.400000,6.700000,8.726500,0.000000,0.875057
134,12.400000,6.766667,8.720000,0.000000,0.861631
135,12.400000,6.733333,8.722167,0.000000,0.866948
136,12.400000,6.866667,8.742333,0.000000,0.886333
137,12.400000,6.833333,8.729000,0.000000,0.860179
138,12.400000,6.700000,8.750667,0.000000,0.861067
139,12.400000,6.866667,8.724000,0.000000,0.876808
140,12.400000,6.800000,8.725667,0.000000,0.866788
141,12.400000,6.833333,8.735333,0.000000,0.858690
142,12.400000,6.866667,8.743167,0.000000,0.869281
143,12.400000,6.733333,8.726000,0.000000,0.870194
144,12.400000,6.833333,8.747167,0.000000,0.861248
145,12.400000,6.700000,8.721833,0.000000,0.875699
146,12.400000,6.700000,8.729167,0.000000,0.851921
147,12.400000,6.766667,8.738167,0.000000,0.872385
148,12.400000,6.833333,8.722500,0.000000,0.864215
149,12.400000,6.833333,8.732333,0.000000,0.867679
150,12.400000,6.866667,8.733833,0.000000,0.851448
151,12.400000,6.900000,8.743000,0.000000,0.869065
152,12.400000,6.866667,8.740333,0.000000,0.866439
153,12.400000,6.966667,8.733000,0.000000,0.864958
154,12.400000,6.800000,8.730833,0.000000,0.873185
155,12.400000,6.700000,8.735167,0.000000,0.870509
156,12.400000,6.900000,8.707333,0.000000,0.866924
157,12.400000,6.800000,8.739167,0.000000,0.869989
158,12.400000,6.800000,8.750167,0.000000,0.862405
159,12.400000,6.766667,8.745667,0.000000,0.862393
160,12.400000,6.733333,8.741833,0.000000,0.872459
161,12.433333,6.733333,8.720667,0.000000,0.869944
162,12.466667,6.700000,8.745833,0.000000,0.860028
163,12.466667,6.766667,8.713833,0.000000,0.860592
164,12.466667,6.600000,8.739667,0.000000,0.868220
165,12.466667,6.900000,8.743333,0.000000,0.866347
166,12.466667,6.933333,8.738000,0.000000,0.857134
167,12.466667,6.733333,8.758833,0.000000,0.873086
168,12.466667,6.800000,8.719333,0.033333,0.877890
169,12.500000,6.866667,8.764000,0.000000,0.866922
170,12.500000,6.800000,8.734833,0.000000,0.884394
171,12.500000,6.800000,8.729500,0.000000,0.869849
172,12.500000,6.666667,8.717167,0.000000,0.866533
173,12.500000,6.733333,8.733667,0.000000,0.882888
174,12.500000,6.866667,8.711333,0.000000,0.863751
175,12.500000,6.700000,8.728500,0.000000,0.872703
176,12.500000,6.766667,8.735500,0.000000,0.867374
177,12.500000,6.800000,8.734833,0.000000,0.876651
178,12.500000,6.833333,8.733500,0.000000,0.874924
179,12.500000,6.833333,8.714000,0.000000,0.848154
180,12.500000,6.833333,8.750333,0.000000,0.857506
181,12.500000,6.666667,8.721333,0.000000,0.878986
182,12.500000,6.733333,8.707833,0.033333,0.864121
183,12.500000,6.833333,8.741167,0.000000,0.853280
184,12.500000,6.800000,8.739667,0.000000,0.853326
185,12.500000,6.833333,8.742333,0.000000,0.875334
186,12.500000,6.800000,8.739167,0.000000,0.871114
187,12.533333,6.833333,8.746667,0.000000,0.876121
188,12.533333,6.766667,8.732000,0.000000,0.862124
189,12.533333,6.933333,8.746667,0.000000,0.858307
190,12.533333,6.833333,8.738667,0.000000,0.850159
191,12.533333,6.866667,8.740833,0.000000,0.869159
192,12.533333,6.700000,8.741833,0.000000,0.887728
193,12.533333,6.733333,8.754167,0.000000,0.865565
194,12.533333,6.700000,8.745000,0.000000,0.866043
195,12.533333,6.800000,8.746833,0.000000,0.867518
196,12.533333,6.833333,8.732833,0.000000,0.881690
197,12.533333,6.633333,8.740833,0.000000,0.870568
198,12.533333,6.766667,8.730500,0.000000,0.857469
199,12.533333,6.800000,8.726667,0.000000,0.874672
200,12.533333,6.766667,8.735500,0.000000,0.876640
BestSdev: 0.212013, Time: 15m49.249315082s