gen,best,worst,mean,rep,sdev
1,10.866667,6.900000,8.737667,0.000000,0.857735
2,11.033333,6.866667,8.735000,0.000000,0.853738
3,11.100000,6.900000,8.727000,0.000000,0.859805
4,11.233333,6.900000,8.727000,0.000000,0.878297
5,11.333333,6.866667,8.740333,0.000000,0.875324
6,11.433333,6.733333,8.730667,0.033333,0.871925
7,11.466667,6.733333,8.725333,0.000000,0.885273
8,11.533333,6.800000,8.717667,0.000000,0.865071
9,11.566667,6.900000,8.731000,0.000000,0.875639
10,11.700000,6.933333,8.757000,0.000000,0.865139
11,11.700000,6.866667,8.709000,0.000000,0.859443
12,11.800000,6.800000,8.737000,0.000000,0.896749
13,11.866667,6.933333,8.728333,0.000000,0.852528
14,11.866667,6.866667,8.715000,0.000000,0.866519
15,11.866667,6.800000,8.753333,0.000000,0.881577
16,11.866667,6.966667,8.717667,0.000000,0.873418
17,11.866667,7.000000,8.731667,0.000000,0.850675
18,11.866667,6.900000,8.757000,0.000000,0.873723
19,11.900000,6.900000,8.720333,0.000000,0.870362
20,11.966667,6.866667,8.734333,0.000000,0.874867
21,12.000000,6.933333,8.740667,0.000000,0.877614
22,12.000000,6.766667,8.701333,0.000000,0.858517
23,12.000000,6.900000,8.747333,0.000000,0.868486
24,12.000000,6.966667,8.722667,0.000000,0.868889
25,12.000000,6.900000,8.725667,0.000000,0.877377
26,12.033333,6.866667,8.711333,0.000000,0.867103
27,12.033333,6.866667,8.725000,0.000000,0.876229
28,12.066667,6.900000,8.744333,0.000000,0.871687
29,12.066667,7.000000,8.737333,0.000000,0.885140
30,12.066667,6.833333,8.730667,0.000000,0.870574
31,12.066667,6.933333,8.747667,0.000000,0.849073
32,12.066667,6.800000,8.721667,0.000000,0.855953
33,12.066667,6.966667,8.723000,0.000000,0.848326
34,12.066667,6.933333,8.736000,0.000000,0.874494
35,12.100000,7.033333,8.750000,0.000000,0.863691
36,12.100000,6.933333,8.735333,0.000000,0.867418
37,12.100000,6.866667,8.742000,0.000000,0.861636
38,12.100000,6.966667,8.702333,0.000000,0.869696
39,12.100000,7.033333,8.746333,0.000000,0.844289
40,12.100000,6.900000,8.733333,0.000000,0.856270
41,12.100000,6.866667,8.731667,0.000000,0.870633
42,12.100000,6.866667,8.716000,0.000000,0.852525
43,12.100000,6.933333,8.731333,0.000000,0.857925
44,12.100000,6.866667,8.729000,0.000000,0.876845
45,12.100000,6.933333,8.746333,0.000000,0.873569
46,12.100000,6.900000,8.735333,0.000000,0.882160
47,12.100000,6.966667,8.745333,0.000000,0.864741
48,12.100000,7.000000,8.741333,0.000000,0.866699
49,12.100000,6.933333,8.711000,0.000000,0.853357
50,12.100000,6.800000,8.735333,0.000000,0.864824
51,12.100000,6.866667,8.753667,0.000000,0.876681
52,12.100000,6.900000,8.700333,0.000000,0.866725
53,12.100000,6.966667,8.753000,0.000000,0.868053
54,12.100000,6.866667,8.732667,0.000000,0.852095
55,12.133333,6.933333,8.704333,0.000000,0.854200
56,12.133333,6.900000,8.732667,0.000000,0.869599
57,12.133333,7.000000,8.744667,0.000000,0.853616
58,12.133333,6.733333,8.737667,0.000000,0.877412
59,12.133333,7.000000,8.730667,0.000000,0.855509
60,12.133333,6.900000,8.750667,0.000000,0.852595
61,12.133333,6.933333,8.761333,0.000000,0.883509
62,12.133333,7.000000,8.735000,0.000000,0.858674
63,12.133333,6.800000,8.752000,0.000000,0.873776
64,12.133333,6.800000,8.732333,0.000000,0.874332
65,12.133333,6.866667,8.739333,0.000000,0.883699
66,12.133333,6.733333,8.735667,0.000000,0.868462
67,12.133333,6.900000,8.729000,0.000000,0.890750
68,12.133333,6.866667,8.746333,0.000000,0.862097
69,12.133333,6.866667,8.717000,0.000000,0.867261
70,12.133333,6.966667,8.735333,0.000000,0.863903
71,12.133333,6.933333,8.714667,0.000000,0.857096
72,12.133333,6.933333,8.720667,0.000000,0.865451
73,12.133333,6.900000,8.737667,0.000000,0.876966
74,12.133333,6.900000,8.712667,0.000000,0.869404
75,12.133333,6.833333,8.733667,0.000000,0.865841
76,12.133333,6.900000,8.751333,0.000000,0.895175
77,12.133333,6.933333,8.727000,0.000000,0.877747
78,12.133333,6.933333,8.746667,0.000000,0.869737
79,12.133333,6.866667,8.736333,0.000000,0.852801
80,12.133333,6.833333,8.757667,0.000000,0.872571
81,12.133333,6.866667,8.728333,0.000000,0.860749
82,12.133333,6.966667,8.751333,0.000000,0.859167
83,12.133333,6.900000,8.762667,0.000000,0.873009
84,12.133333,6.933333,8.731000,0.000000,0.854730
85,12.133333,6.933333,8.709333,0.000000,0.863214
86,12.133333,6.900000,8.747000,0.000000,0.851354
87,12.133333,7.000000,8.751667,0.000000,0.867822
88,12.133333,6.900000,8.739000,0.000000,0.864051
89,12.133333,6.900000,8.756667,0.000000,0.876214
90,12.133333,6.900000,8.741000,0.000000,0.857906
91,12.133333,6.900000,8.736000,0.000000,0.858648
92,12.133333,6.933333,8.740000,0.000000,0.853224
93,12.133333,6.966667,8.738000,0.000000,0.841859
94,12.133333,6.933333,8.750667,0.000000,0.871277
95,12.133333,6.900000,8.730000,0.000000,0.880089
96,12.133333,6.933333,8.731000,0.000000,0.862221
97,12.133333,6.833333,8.722667,0.000000,0.861786
98,12.166667,6.900000,8.758000,0.000000,0.865334
99,12.166667,6.833333,8.691000,0.000000,0.856554
100,12.166667,6.866667,8.736000,0.000000,0.883597
101,12.200000,6.800000,8.731000,0.000000,0.864917
102,12.200000,6.800000,8.739000,0.000000,0.863817
103,12.200000,6.933333,8.770667,0.000000,0.856173
104,12.200000,6.866667,8.735000,0.000000,0.889830
105,12.200000,6.866667,8.746333,0.000000,0.851303
106,12.200000,6.866667,8.719667,0.000000,0.856686
107,12.200000,6.866667,8.722667,0.000000,0.861303
108,12.200000,6.900000,8.718667,0.000000,0.859844
109,12.200000,6.900000,8.727667,0.000000,0.855571
110,12.200000,6.866667,8.745333,0.000000,0.876406
111,12.200000,6.900000,8.750667,0.000000,0.872810
112,12.200000,6.866667,8.733000,0.000000,0.866799
113,12.200000,6.966667,8.721667,0.000000,0.863776
114,12.200000,6.866667,8.739667,0.000000,0.887255
115,12.200000,6.933333,8.711667,0.000000,0.855582
116,12.200000,6.966667,8.737000,0.000000,0.865563
117,12.200000,6.866667,8.719333,0.000000,0.859951
118,12.200000,6.900000,8.750667,0.000000,0.875701
119,12.200000,6.966667,8.724000,0.000000,0.889883
120,12.200000,6.833333,8.733000,0.000000,0.875943
121,12.200000,6.933333,8.737333,0.000000,0.877577
122,12.200000,6.933333,8.760000,0.000000,0.860379
123,12.200000,6.866667,8.709000,0.000000,0.856257
124,12.200000,6.900000,8.731000,0.000000,0.865198
125,12.200000,6.866667,8.723000,0.000000,0.864215
126,12.200000,6.866667,8.743667,0.000000,0.874095
127,12.200000,6.866667,8.751000,0.000000,0.869890
128,12.200000,6.900000,8.757333,0.000000,0.881819
129,12.200000,6.900000,8.733667,0.000000,0.863266
130,12.200000,6.866667,8.726333,0.000000,0.865687
131,12.200000,6.900000,8.719000,0.000000,0.863373
132,12.200000,6.933333,8.717333,0.000000,0.853535
133,12.200000,6.866667,8.742000,0.000000,0.856067
134,12.200000,6.900000,8.737333,0.000000,0.867660
135,12.200000,6.833333,8.747667,0.000000,0.846138
136,12.200000,6.833333,8.745333,0.000000,0.877247
137,12.200000,6.866667,8.721333,0.000000,0.863478
138,12.200000,6.833333,8.736333,0.000000,0.873855
139,12.200000,6.966667,8.730000,0.000000,0.861489
140,12.200000,6.833333,8.731333,0.000000,0.863559
141,12.200000,6.866667,8.705000,0.000000,0.862767
142,12.200000,6.900000,8.735333,0.000000,0.860696
143,12.200000,6.933333,8.731000,0.000000,0.865174
144,12.200000,6.900000,8.751667,0.000000,0.872413
145,12.200000,6.933333,8.728667,0.000000,0.862256
146,12.200000,6.866667,8.710333,0.000000,0.865766
147,12.200000,6.866667,8.753000,0.000000,0.872341
148,12.200000,6.933333,8.709333,0.000000,0.870898
149,12.200000,6.900000,8.724000,0.000000,0.879009
150,12.200000,6.866667,8.748000,0.000000,0.870720
151,12.200000,6.966667,8.717667,0.000000,0.851381
152,12.200000,7.000000,8.719000,0.000000,0.857554
153,12.200000,6.900000,8.751000,0.000000,0.856057
154,12.200000,6.866667,8.748000,0.000000,0.867757
155,12.200000,6.800000,8.737667,0.000000,0.883825
156,12.200000,6.800000,8.714000,0.000000,0.876850
157,12.200000,6.900000,8.734000,0.000000,0.867567
158,12.200000,6.766667,8.736667,0.000000,0.863278
159,12.200000,7.000000,8.721000,0.000000,0.862337
160,12.200000,6.900000,8.731333,0.000000,0.861899
161,12.200000,6.800000,8.753333,0.000000,0.856968
162,12.200000,6.966667,8.731000,0.000000,0.867018
163,12.200000,6.966667,8.724000,0.000000,0.874346
164,12.200000,7.000000,8.736000,0.000000,0.866486
165,12.200000,6.900000,8.751667,0.000000,0.866098
166,12.233333,6.833333,8.739000,0.000000,0.883778
167,12.233333,6.900000,8.734333,0.000000,0.865364
168,12.266667,6.900000,8.738000,0.000000,0.867423
169,12.266667,6.966667,8.728000,0.000000,0.866980
170,12.266667,6.933333,8.731000,0.000000,0.859580
171,12.266667,6.900000,8.721000,0.000000,0.851959
172,12.266667,6.966667,8.736333,0.000000,0.866964
173,12.266667,6.800000,8.731667,0.000000,0.866990
174,12.266667,6.966667,8.722667,0.000000,0.856872
175,12.266667,6.866667,8.703333,0.000000,0.844623
176,12.266667,6.833333,8.721667,0.000000,0.873904
177,12.266667,6.966667,8.743333,0.000000,0.864605
178,12.266667,6.966667,8.729667,0.000000,0.867731
179,12.266667,6.900000,8.688667,0.000000,0.866007
180,12.266667,6.900000,8.745667,0.000000,0.895298
181,12.266667,6.933333,8.723667,0.000000,0.861944
182,12.266667,6.733333,8.718000,0.000000,0.881204
183,12.333333,7.000000,8.749000,0.000000,0.855078
184,12.333333,6.900000,8.739333,0.000000,0.874948
185,12.333333,6.966667,8.735000,0.000000,0.872596
186,12.333333,6.866667,8.724667,0.000000,0.860354
187,12.333333,6.900000,8.723333,0.000000,0.867607
188,12.333333,6.866667,8.754333,0.000000,0.858675
189,12.333333,6.800000,8.719000,0.000000,0.845253
190,12.333333,6.966667,8.747667,0.000000,0.866331
191,12.333333,6.933333,8.721000,0.000000,0.856750
192,12.366667,6.900000,8.716333,0.000000,0.856957
193,12.366667,6.933333,8.714333,0.000000,0.870137
194,12.366667,6.866667,8.746667,0.000000,0.874168
195,12.366667,6.900000,8.762667,0.000000,0.853404
196,12.366667,6.900000,8.728333,0.000000,0.864362
197,12.366667,6.933333,8.740667,0.000000,0.864380
198,12.366667,6.866667,8.730667,0.000000,0.862586
199,12.366667,6.700000,8.734667,0.000000,0.889747
200,12.366667,6.866667,8.752667,0.000000,0.860356
BestSdev: 0.218037, Time: 7m6.497975372s