gen,best,worst,mean,rep,sdev
1,10.966667,7.000000,8.725333,0.000000,0.859441
2,11.000000,6.933333,8.704000,0.000000,0.848802
3,11.033333,6.900000,8.768000,0.000000,0.860298
4,11.133333,6.900000,8.738333,0.000000,0.860983
5,11.233333,6.933333,8.703333,0.000000,0.843340
6,11.333333,6.966667,8.721667,0.000000,0.871196
7,11.400000,6.833333,8.726333,0.000000,0.870233
8,11.400000,6.866667,8.735000,0.000000,0.852156
9,11.533333,6.966667,8.738000,0.000000,0.873673
10,11.533333,6.933333,8.727333,0.000000,0.868955
11,11.600000,6.900000,8.733000,0.000000,0.897831
12,11.666667,6.900000,8.737333,0.000000,0.872574
13,11.700000,6.933333,8.731333,0.000000,0.863250
14,11.733333,6.933333,8.733333,0.000000,0.868898
15,11.800000,6.900000,8.737333,0.000000,0.867962
16,11.833333,6.933333,8.720667,0.000000,0.867488
17,11.833333,6.866667,8.726333,0.000000,0.864785
18,11.900000,6.933333,8.729667,0.000000,0.863532
19,11.933333,6.900000,8.778333,0.000000,0.869636
20,11.933333,6.866667,8.760333,0.000000,0.868925
21,11.933333,6.866667,8.714000,0.000000,0.871872
22,11.933333,6.933333,8.726667,0.000000,0.848316
23,11.933333,6.866667,8.704667,0.000000,0.849235
24,11.933333,6.900000,8.732000,0.000000,0.872033
25,11.933333,6.966667,8.779667,0.000000,0.881375
26,11.933333,7.000000,8.722000,0.000000,0.852303
27,11.933333,6.900000,8.748000,0.000000,0.879850
28,11.966667,6.933333,8.740000,0.000000,0.866284
29,11.966667,6.833333,8.757667,0.000000,0.868346
30,11.966667,6.966667,8.736000,0.000000,0.848992
31,11.966667,6.900000,8.718667,0.000000,0.857278
32,11.966667,6.866667,8.742667,0.000000,0.855412
33,11.966667,6.900000,8.746333,0.000000,0.844239
34,12.000000,6.933333,8.733333,0.000000,0.862219
35,12.000000,6.900000,8.722667,0.000000,0.879136
36,12.000000,6.833333,8.721333,0.000000,0.875969
37,12.000000,6.833333,8.716000,0.000000,0.864173
38,12.000000,6.966667,8.746333,0.000000,0.876860
39,12.000000,6.900000,8.726000,0.000000,0.868199
40,12.000000,6.966667,8.696667,0.000000,0.869927
41,12.000000,6.933333,8.712667,0.000000,0.869987
42,12.033333,6.900000,8.739333,0.000000,0.846077
43,12.033333,6.900000,8.736333,0.000000,0.882078
44,12.066667,6.933333,8.733000,0.000000,0.867256
45,12.066667,6.833333,8.709333,0.000000,0.861635
46,12.066667,6.933333,8.746333,0.000000,0.877891
47,12.100000,6.900000,8.720667,0.000000,0.856555
48,12.100000,6.933333,8.733333,0.000000,0.864576
49,12.100000,6.833333,8.718000,0.000000,0.851240
50,12.133333,6.766667,8.710667,0.000000,0.861306
51,12.133333,6.833333,8.737667,0.000000,0.864214
52,12.133333,6.833333,8.738333,0.000000,0.873159
53,12.133333,6.933333,8.730333,0.000000,0.864413
54,12.133333,6.900000,8.774000,0.000000,0.860678
55,12.133333,6.900000,8.745333,0.000000,0.868046
56,12.133333,6.866667,8.721667,0.000000,0.859148
57,12.133333,6.900000,8.734000,0.000000,0.856008
58,12.133333,6.866667,8.745333,0.000000,0.883373
59,12.133333,6.933333,8.734333,0.000000,0.868880
60,12.133333,7.033333,8.733333,0.000000,0.865249
61,12.133333,6.833333,8.741000,0.000000,0.869706
62,12.133333,6.933333,8.712333,0.000000,0.866747
63,12.133333,6.933333,8.724000,0.000000,0.851079
64,12.133333,6.933333,8.730667,0.000000,0.865120
65,12.133333,6.866667,8.732000,0.000000,0.863088
66,12.133333,6.900000,8.722333,0.000000,0.860342
67,12.133333,6.866667,8.759000,0.000000,0.862173
68,12.133333,6.900000,8.734333,0.000000,0.873507
69,12.133333,6.966667,8.722000,0.000000,0.863312
70,12.133333,6.866667,8.732333,0.000000,0.871497
71,12.133333,6.866667,8.721667,0.000000,0.880597
72,12.133333,6.833333,8.761667,0.000000,0.878753
73,12.133333,6.833333,8.715333,0.000000,0.863201
74,12.133333,6.900000,8.755000,0.000000,0.854296
75,12.133333,6.933333,8.732667,0.000000,0.852828
76,12.133333,6.900000,8.731000,0.000000,0.872396
77,12.133333,6.900000,8.731333,0.000000,0.875484
78,12.133333,6.966667,8.752333,0.000000,0.862655
79,12.133333,6.900000,8.741333,0.000000,0.872881
80,12.133333,6.933333,8.719000,0.000000,0.871815
81,12.133333,6.966667,8.734000,0.000000,0.857756
82,12.133333,6.833333,8.715667,0.000000,0.867069
83,12.133333,6.866667,8.737667,0.000000,0.864816
84,12.133333,6.800000,8.719667,0.000000,0.866126
85,12.133333,6.866667,8.760333,0.000000,0.869690
86,12.133333,6.933333,8.737667,0.000000,0.882226
87,12.133333,6.900000,8.740333,0.000000,0.876135
88,12.133333,6.966667,8.736000,0.000000,0.866857
89,12.133333,6.800000,8.719667,0.000000,0.865269
90,12.133333,6.933333,8.732000,0.000000,0.851008
91,12.133333,6.900000,8.716000,0.000000,0.856417
92,12.133333,6.866667,8.733667,0.000000,0.886896
93,12.133333,6.966667,8.733667,0.000000,0.854836
94,12.133333,6.833333,8.726667,0.033333,0.869441
95,12.133333,6.766667,8.739667,0.000000,0.882805
96,12.133333,6.866667,8.725667,0.000000,0.864898
97,12.133333,6.866667,8.742333,0.000000,0.866396
98,12.133333,6.833333,8.726000,0.000000,0.880268
99,12.133333,6.833333,8.744000,0.000000,0.863976
100,12.133333,6.933333,8.722333,0.000000,0.876583
BestSdev: 0.272018, Time: 3m31.063165511s