gen,best,worst,mean,rep,sdev
1,10.700000,7.000000,8.729333,0.000000,0.857997
2,10.900000,6.966667,8.701333,0.000000,0.854269
3,11.100000,6.866667,8.748667,0.000000,0.884539
4,11.133333,7.000000,8.756000,0.000000,0.866994
5,11.133333,7.000000,8.719333,0.000000,0.821135
6,11.166667,6.966667,8.705333,0.000000,0.860525
7,11.166667,7.000000,8.746667,0.000000,0.871952
8,11.233333,6.933333,8.739333,0.000000,0.863221
9,11.333333,6.966667,8.754000,0.000000,0.873942
10,11.400000,7.033333,8.714000,0.000000,0.872253
11,11.400000,7.000000,8.727333,0.000000,0.859505
12,11.433333,7.033333,8.765333,0.000000,0.868547
13,11.500000,6.900000,8.798667,0.000000,0.899684
14,11.500000,6.933333,8.694000,0.000000,0.853786
15,11.566667,7.000000,8.719333,0.000000,0.857479
16,11.566667,6.900000,8.728000,0.000000,0.881042
17,11.566667,6.900000,8.733333,0.000000,0.845871
18,11.600000,7.000000,8.744667,0.000000,0.843532
19,11.600000,7.033333,8.705333,0.000000,0.887416
20,11.600000,6.933333,8.704000,0.000000,0.876927
BestSdev: 0.248976, Time: 22.95738686s