gen,best,worst,mean,rep,sdev
1,10.433333,7.266667,8.781667,0.000000,0.841740
2,10.766667,7.233333,8.750000,0.000000,0.814768
3,10.866667,7.133333,8.708333,0.000000,0.874304
4,10.966667,7.333333,8.795000,0.000000,0.835561
5,11.033333,7.400000,8.726667,0.000000,0.816576
6,11.033333,7.266667,8.750000,0.000000,0.822162
7,11.066667,7.133333,8.696667,0.000000,0.864746
8,11.066667,7.233333,8.703333,0.000000,0.830932
9,11.100000,7.366667,8.776667,0.000000,0.810299
10,11.133333,7.266667,8.766667,0.000000,0.837756
11,11.166667,7.200000,8.731667,0.000000,0.894921
12,11.166667,7.300000,8.703333,0.000000,0.817181
13,11.166667,7.300000,8.735000,0.000000,0.826979
14,11.166667,7.266667,8.716667,0.000000,0.845639
15,11.166667,7.166667,8.685000,0.000000,0.871810
16,11.200000,7.266667,8.728333,0.000000,0.819874
17,11.200000,7.333333,8.716667,0.000000,0.791355
18,11.233333,7.233333,8.731667,0.000000,0.844028
19,11.233333,7.233333,8.713333,0.000000,0.828269
20,11.266667,7.266667,8.738333,0.000000,0.890898
BestSdev: 0.190984, Time: 12.52156396s