gen,best,worst,mean,rep,sdev
1,10.933333,6.966667,8.738667,0.000000,0.878512
2,11.233333,6.933333,8.747000,0.000000,0.862132
3,11.333333,6.933333,8.739667,0.000000,0.881612
4,11.400000,6.900000,8.726667,0.000000,0.858748
5,11.500000,6.866667,8.756000,0.000000,0.872755
6,11.500000,6.933333,8.730667,0.000000,0.841667
7,11.500000,6.966667,8.735333,0.000000,0.849024
8,11.600000,6.966667,8.750000,0.000000,0.859169
9,11.700000,6.900000,8.721333,0.000000,0.878083
10,11.733333,6.966667,8.725000,0.000000,0.871176
11,11.833333,6.933333,8.734333,0.000000,0.862178
12,11.833333,6.800000,8.722000,0.000000,0.862335
13,11.900000,6.800000,8.735333,0.000000,0.873128
14,11.900000,6.900000,8.737000,0.000000,0.871050
15,11.900000,6.900000,8.731667,0.000000,0.875813
16,11.933333,6.833333,8.726333,0.000000,0.855058
17,11.933333,6.900000,8.742667,0.000000,0.880536
18,11.933333,6.933333,8.729000,0.000000,0.856090
19,11.966667,6.933333,8.719667,0.000000,0.842225
20,11.966667,6.966667,8.702667,0.000000,0.859879
21,11.966667,6.933333,8.746333,0.000000,0.875693
22,11.966667,6.933333,8.747667,0.000000,0.875256
23,12.000000,6.933333,8.752000,0.000000,0.868637
24,12.033333,6.900000,8.734333,0.000000,0.867527
25,12.033333,6.933333,8.762667,0.000000,0.862320
26,12.066667,6.933333,8.759667,0.000000,0.865470
27,12.100000,7.000000,8.741667,0.000000,0.857134
28,12.100000,7.000000,8.706667,0.000000,0.870498
29,12.100000,6.800000,8.739333,0.000000,0.871663
30,12.100000,6.900000,8.724333,0.000000,0.855144
31,12.100000,6.966667,8.730000,0.000000,0.888102
32,12.100000,6.933333,8.724000,0.000000,0.861839
33,12.100000,6.900000,8.744000,0.000000,0.860248
34,12.100000,6.900000,8.731667,0.000000,0.852626
35,12.100000,6.900000,8.730667,0.000000,0.873801
36,12.100000,6.933333,8.706667,0.000000,0.865828
37,12.100000,6.900000,8.731000,0.000000,0.855945
38,12.100000,6.900000,8.731000,0.000000,0.876576
39,12.100000,6.866667,8.737667,0.000000,0.873998
40,12.100000,7.000000,8.758333,0.000000,0.860838
41,12.100000,6.933333,8.731333,0.000000,0.873052
42,12.100000,6.800000,8.757667,0.000000,0.867731
43,12.100000,6.866667,8.724000,0.000000,0.884237
44,12.100000,6.900000,8.743000,0.000000,0.861718
45,12.100000,6.933333,8.743333,0.000000,0.859217
46,12.100000,6.933333,8.720000,0.000000,0.861992
47,12.100000,6.866667,8.736000,0.000000,0.861197
48,12.100000,6.833333,8.727667,0.000000,0.883169
49,12.100000,6.833333,8.731667,0.000000,0.867214
50,12.100000,6.966667,8.765667,0.000000,0.870340
51,12.100000,6.800000,8.726000,0.000000,0.872232
52,12.100000,6.966667,8.740000,0.000000,0.857064
53,12.100000,6.933333,8.750333,0.000000,0.860465
54,12.100000,6.966667,8.750333,0.000000,0.871558
55,12.100000,6.833333,8.733000,0.000000,0.873261
56,12.133333,6.900000,8.743333,0.000000,0.867628
57,12.133333,6.766667,8.730667,0.000000,0.858714
58,12.133333,6.933333,8.719000,0.000000,0.874372
59,12.133333,6.833333,8.749000,0.000000,0.882253
60,12.133333,6.966667,8.731000,0.000000,0.860461
61,12.133333,6.866667,8.727667,0.000000,0.878204
62,12.133333,6.933333,8.746667,0.000000,0.876843
63,12.133333,6.900000,8.729667,0.000000,0.879480
64,12.133333,6.933333,8.757333,0.000000,0.865635
65,12.133333,6.933333,8.742000,0.000000,0.854902
66,12.133333,6.833333,8.732333,0.000000,0.858466
67,12.133333,6.966667,8.703667,0.000000,0.850289
68,12.133333,6.866667,8.711000,0.000000,0.853212
69,12.133333,6.900000,8.758333,0.000000,0.864291
70,12.133333,6.900000,8.726667,0.000000,0.836030
71,12.166667,6.866667,8.705000,0.000000,0.859312
72,12.166667,6.933333,8.714000,0.000000,0.865069
73,12.166667,6.900000,8.730333,0.000000,0.859457
74,12.166667,6.933333,8.732000,0.000000,0.875247
75,12.166667,6.966667,8.716000,0.000000,0.858342
76,12.166667,6.833333,8.738000,0.000000,0.871159
77,12.166667,6.933333,8.737000,0.000000,0.874322
78,12.166667,6.966667,8.741333,0.000000,0.868758
79,12.166667,6.866667,8.717000,0.000000,0.850043
80,12.166667,6.933333,8.716000,0.000000,0.860323
81,12.166667,6.933333,8.736000,0.000000,0.853080
82,12.166667,6.933333,8.742333,0.000000,0.859244
83,12.166667,6.833333,8.731667,0.000000,0.878406
84,12.166667,6.933333,8.766667,0.000000,0.879954
85,12.166667,6.800000,8.725667,0.000000,0.867853
86,12.166667,6.900000,8.712333,0.000000,0.848473
87,12.166667,6.800000,8.726000,0.000000,0.885609
88,12.166667,6.966667,8.738667,0.000000,0.879561
89,12.166667,6.933333,8.706000,0.000000,0.856796
90,12.166667,6.833333,8.763333,0.000000,0.862986
91,12.166667,6.900000,8.749667,0.000000,0.866129
92,12.166667,6.933333,8.728333,0.000000,0.869814
93,12.166667,6.866667,8.718667,0.000000,0.879805
94,12.200000,6.900000,8.722333,0.000000,0.857598
95,12.200000,6.833333,8.732000,0.000000,0.858899
96,12.200000,6.933333,8.726333,0.000000,0.871730
97,12.200000,6.866667,8.718667,0.000000,0.878470
98,12.200000,6.766667,8.703667,0.000000,0.859132
99,12.200000,6.900000,8.719000,0.000000,0.865642
100,12.200000,6.966667,8.748333,0.000000,0.877439
101,12.200000,6.966667,8.739333,0.000000,0.864305
102,12.200000,6.933333,8.725333,0.000000,0.871014
103,12.200000,6.833333,8.728667,0.033333,0.880110
104,12.200000,6.866667,8.703333,0.000000,0.863008
105,12.200000,6.833333,8.733333,0.000000,0.873245
106,12.200000,6.766667,8.754667,0.000000,0.853317
107,12.200000,6.833333,8.736000,0.000000,0.884263
108,12.200000,6.833333,8.710667,0.000000,0.867348
109,12.200000,6.833333,8.688000,0.000000,0.862649
110,12.200000,6.866667,8.757667,0.000000,0.856434
111,12.200000,6.866667,8.748333,0.000000,0.872695
112,12.200000,6.933333,8.711667,0.000000,0.853427
113,12.200000,6.833333,8.752667,0.000000,0.873079
114,12.200000,6.933333,8.737667,0.000000,0.848370
115,12.200000,6.866667,8.744000,0.000000,0.862299
116,12.233333,6.766667,8.729333,0.000000,0.882321
117,12.233333,6.800000,8.726667,0.000000,0.857259
118,12.233333,6.933333,8.728000,0.000000,0.871840
119,12.233333,6.866667,8.730333,0.000000,0.868734
120,12.233333,6.933333,8.749000,0.000000,0.869195
121,12.233333,6.933333,8.695000,0.000000,0.870860
122,12.233333,6.866667,8.736667,0.000000,0.862965
123,12.233333,6.933333,8.740333,0.000000,0.870420
124,12.233333,6.966667,8.749667,0.000000,0.866129
125,12.233333,6.933333,8.731000,0.000000,0.865948
126,12.233333,6.933333,8.759333,0.000000,0.863501
127,12.233333,6.833333,8.703333,0.000000,0.869570
128,12.233333,6.866667,8.744667,0.000000,0.861805
129,12.233333,6.900000,8.717000,0.000000,0.860348
130,12.233333,6.900000,8.755333,0.000000,0.870918
131,12.233333,6.933333,8.738000,0.000000,0.883867
132,12.233333,6.900000,8.713667,0.000000,0.868908
133,12.233333,6.966667,8.731333,0.000000,0.845567
134,12.233333,6.933333,8.732000,0.000000,0.868435
135,12.233333,6.900000,8.744667,0.000000,0.865336
136,12.233333,6.900000,8.754333,0.000000,0.865798
137,12.233333,6.833333,8.747667,0.000000,0.863999
138,12.233333,6.900000,8.744667,0.000000,0.871646
139,12.233333,7.000000,8.742667,0.000000,0.868182
140,12.233333,6.900000,8.743000,0.000000,0.875059
141,12.233333,6.833333,8.727333,0.000000,0.860660
142,12.233333,6.900000,8.739667,0.000000,0.856058
143,12.233333,6.866667,8.736333,0.000000,0.861616
144,12.233333,7.000000,8.749000,0.000000,0.856533
145,12.233333,6.900000,8.746667,0.000000,0.849485
146,12.233333,6.866667,8.673333,0.000000,0.864285
147,12.233333,6.800000,8.704000,0.000000,0.878021
148,12.233333,6.933333,8.741333,0.000000,0.874646
149,12.233333,6.866667,8.718333,0.000000,0.865478
150,12.233333,6.933333,8.748000,0.000000,0.880153
151,12.233333,6.933333,8.744667,0.000000,0.866148
152,12.233333,6.966667,8.742667,0.000000,0.869472
153,12.233333,6.966667,8.725000,0.000000,0.861454
154,12.233333,7.000000,8.752000,0.000000,0.853865
155,12.233333,6.933333,8.730333,0.000000,0.882486
156,12.233333,6.866667,8.738333,0.000000,0.857966
157,12.233333,6.966667,8.722000,0.000000,0.850035
158,12.233333,6.966667,8.749333,0.000000,0.869422
159,12.233333,6.900000,8.756000,0.000000,0.858849
160,12.233333,6.866667,8.726333,0.000000,0.873264
161,12.233333,6.933333,8.739000,0.000000,0.879330
162,12.233333,7.000000,8.722667,0.000000,0.859376
163,12.233333,6.900000,8.688667,0.000000,0.857720
164,12.233333,6.933333,8.716667,0.000000,0.873285
165,12.233333,6.866667,8.721667,0.000000,0.878301
166,12.233333,6.966667,8.737667,0.000000,0.854402
167,12.233333,6.933333,8.731667,0.000000,0.876255
168,12.233333,6.966667,8.732667,0.000000,0.874151
169,12.233333,6.900000,8.750333,0.000000,0.868244
170,12.233333,6.966667,8.720000,0.000000,0.857219
171,12.233333,6.933333,8.756000,0.000000,0.860600
172,12.233333,6.733333,8.706333,0.000000,0.866387
173,12.233333,6.800000,8.721000,0.000000,0.867230
174,12.233333,6.866667,8.741333,0.000000,0.877720
175,12.233333,6.866667,8.753333,0.000000,0.862773
176,12.233333,6.933333,8.730667,0.000000,0.851688
177,12.233333,7.000000,8.735000,0.000000,0.874403
178,12.233333,6.833333,8.730333,0.000000,0.853228
179,12.233333,6.966667,8.743333,0.000000,0.887104
180,12.233333,6.733333,8.709667,0.000000,0.855116
181,12.233333,6.866667,8.707667,0.000000,0.879260
182,12.233333,6.866667,8.717667,0.000000,0.871970
183,12.233333,6.900000,8.739667,0.000000,0.863575
184,12.233333,6.766667,8.749667,0.000000,0.864574
185,12.233333,6.866667,8.759667,0.000000,0.870004
186,12.233333,6.933333,8.736333,0.000000,0.868744
187,12.233333,6.933333,8.730667,0.000000,0.862386
188,12.233333,6.933333,8.706000,0.000000,0.847748
189,12.233333,6.933333,8.718667,0.000000,0.876699
190,12.233333,6.866667,8.743333,0.000000,0.870279
191,12.233333,6.833333,8.740333,0.000000,0.877845
192,12.233333,6.966667,8.712333,0.000000,0.871691
193,12.233333,6.900000,8.746667,0.000000,0.886640
194,12.233333,6.933333,8.736333,0.000000,0.874551
195,12.233333,6.933333,8.722333,0.000000,0.861591
196,12.233333,6.933333,8.722000,0.000000,0.864325
197,12.233333,6.933333,8.733333,0.000000,0.869368
198,12.233333,6.933333,8.709333,0.000000,0.861201
199,12.233333,6.966667,8.709000,0.000000,0.874257
200,12.233333,6.933333,8.719667,0.000000,0.861845
201,12.233333,6.966667,8.737333,0.000000,0.866671
202,12.233333,6.900000,8.735667,0.000000,0.865361
203,12.233333,6.900000,8.738333,0.000000,0.860970
204,12.233333,6.900000,8.709333,0.000000,0.849468
205,12.233333,6.833333,8.713667,0.000000,0.845075
206,12.233333,6.833333,8.734000,0.000000,0.872108
207,12.233333,6.900000,8.729000,0.000000,0.862189
208,12.233333,6.833333,8.741333,0.000000,0.874033
209,12.233333,6.933333,8.729667,0.000000,0.848720
210,12.233333,6.900000,8.752667,0.000000,0.883352
211,12.233333,6.866667,8.752000,0.000000,0.869719
212,12.233333,6.933333,8.742333,0.000000,0.854684
213,12.233333,6.966667,8.766000,0.000000,0.866886
214,12.233333,6.900000,8.765333,0.000000,0.861466
215,12.233333,6.900000,8.716667,0.000000,0.853537
216,12.233333,6.966667,8.724667,0.000000,0.855521
217,12.233333,6.866667,8.753333,0.000000,0.879587
218,12.233333,6.966667,8.717333,0.000000,0.861109
219,12.233333,6.866667,8.753000,0.000000,0.897815
220,12.233333,6.900000,8.747333,0.000000,0.878488
221,12.233333,6.866667,8.717333,0.000000,0.876436
222,12.233333,6.866667,8.732000,0.000000,0.867812
223,12.233333,6.900000,8.739667,0.000000,0.878060
224,12.233333,6.866667,8.749000,0.000000,0.869714
225,12.233333,6.966667,8.714000,0.000000,0.859018
226,12.233333,6.900000,8.727000,0.000000,0.851675
227,12.266667,6.966667,8.730333,0.000000,0.886398
228,12.266667,6.900000,8.729333,0.000000,0.849331
229,12.266667,6.766667,8.759333,0.000000,0.873021
230,12.266667,6.966667,8.729333,0.000000,0.832373
231,12.266667,6.900000,8.723333,0.000000,0.857762
232,12.266667,6.900000,8.736000,0.000000,0.857202
233,12.266667,6.833333,8.749667,0.000000,0.875664
234,12.266667,6.900000,8.724000,0.000000,0.857001
235,12.266667,6.933333,8.719333,0.000000,0.840215
236,12.266667,6.933333,8.741667,0.000000,0.849463
237,12.266667,6.900000,8.710000,0.000000,0.880348
238,12.266667,6.900000,8.743000,0.000000,0.852130
239,12.266667,6.933333,8.721667,0.000000,0.844601
240,12.266667,6.966667,8.770000,0.000000,0.854587
241,12.266667,6.900000,8.742333,0.000000,0.869989
242,12.266667,6.966667,8.746000,0.000000,0.851981
243,12.266667,6.933333,8.703333,0.000000,0.853134
244,12.266667,6.933333,8.748333,0.000000,0.875516
245,12.266667,6.966667,8.750333,0.000000,0.852840
246,12.266667,6.900000,8.737667,0.000000,0.871206
247,12.266667,6.866667,8.711000,0.000000,0.859777
248,12.266667,6.866667,8.777667,0.000000,0.876147
249,12.266667,6.933333,8.759667,0.000000,0.861874
250,12.266667,6.900000,8.712000,0.000000,0.880117
251,12.266667,6.866667,8.734667,0.000000,0.868794
252,12.266667,6.866667,8.746000,0.000000,0.870613
253,12.266667,6.900000,8.739667,0.000000,0.862413
254,12.266667,7.000000,8.760000,0.000000,0.879380
255,12.266667,6.933333,8.728000,0.000000,0.866577
256,12.266667,6.866667,8.720667,0.000000,0.862135
257,12.266667,6.866667,8.717333,0.000000,0.858901
258,12.266667,6.900000,8.735333,0.000000,0.867379
259,12.266667,6.966667,8.716667,0.000000,0.853792
260,12.266667,6.933333,8.751000,0.000000,0.859125
261,12.266667,6.866667,8.743333,0.000000,0.860547
262,12.266667,6.900000,8.735667,0.000000,0.873208
263,12.266667,6.900000,8.718667,0.000000,0.868372
264,12.266667,6.866667,8.740667,0.000000,0.859720
265,12.266667,6.833333,8.740000,0.000000,0.881179
266,12.266667,6.966667,8.714333,0.000000,0.875556
267,12.300000,7.000000,8.745333,0.000000,0.852040
268,12.300000,6.866667,8.733667,0.000000,0.865216
269,12.300000,6.866667,8.698667,0.000000,0.873382
270,12.300000,6.966667,8.736333,0.000000,0.845761
271,12.300000,6.866667,8.743000,0.000000,0.875113
272,12.300000,6.933333,8.733000,0.000000,0.862401
273,12.300000,6.966667,8.718000,0.000000,0.852380
274,12.300000,6.900000,8.730667,0.000000,0.889420
275,12.300000,6.900000,8.723000,0.000000,0.853228
276,12.300000,6.933333,8.761667,0.000000,0.859635
277,12.300000,6.966667,8.736333,0.000000,0.856928
278,12.300000,6.966667,8.770667,0.000000,0.863668
279,12.300000,6.933333,8.729000,0.000000,0.866956
280,12.300000,6.866667,8.741667,0.000000,0.880216
281,12.300000,6.966667,8.701667,0.000000,0.866317
282,12.300000,6.800000,8.739667,0.000000,0.893629
283,12.300000,6.766667,8.742000,0.000000,0.871289
284,12.300000,6.800000,8.734667,0.000000,0.862631
285,12.333333,6.900000,8.755333,0.000000,0.867403
286,12.333333,6.866667,8.728667,0.000000,0.881734
287,12.333333,6.900000,8.724667,0.000000,0.879583
288,12.333333,6.933333,8.742667,0.000000,0.855898
289,12.333333,6.933333,8.760333,0.000000,0.855828
290,12.333333,6.900000,8.744000,0.000000,0.879572
291,12.333333,7.000000,8.749333,0.000000,0.869026
292,12.333333,6.900000,8.717333,0.000000,0.874713
293,12.333333,6.933333,8.743667,0.000000,0.871560
294,12.333333,6.900000,8.767000,0.000000,0.866447
295,12.333333,7.000000,8.739333,0.000000,0.857152
296,12.333333,7.000000,8.721000,0.000000,0.870872
297,12.333333,6.933333,8.751667,0.000000,0.858437
298,12.333333,6.866667,8.736000,0.000000,0.864730
299,12.333333,6.866667,8.711000,0.000000,0.873837
300,12.333333,6.933333,8.730333,0.000000,0.870031
301,12.333333,6.900000,8.755667,0.000000,0.878735
302,12.333333,6.800000,8.713333,0.000000,0.858670
303,12.333333,6.900000,8.736333,0.000000,0.860656
304,12.333333,6.900000,8.724333,0.000000,0.866281
305,12.333333,6.866667,8.706667,0.000000,0.865721
306,12.333333,6.900000,8.721333,0.000000,0.873226
307,12.333333,6.766667,8.715000,0.000000,0.854716
308,12.333333,6.900000,8.717333,0.000000,0.863406
309,12.333333,7.000000,8.747000,0.000000,0.858276
310,12.333333,6.900000,8.731333,0.000000,0.867400
311,12.333333,6.933333,8.724333,0.000000,0.873385
312,12.333333,6.900000,8.719667,0.000000,0.860568
313,12.333333,6.933333,8.724000,0.000000,0.841311
314,12.333333,6.966667,8.728333,0.000000,0.885300
315,12.333333,6.933333,8.758667,0.000000,0.873689
316,12.333333,6.900000,8.731333,0.000000,0.858813
317,12.333333,6.866667,8.727333,0.000000,0.857139
318,12.333333,6.933333,8.723333,0.000000,0.882562
319,12.333333,6.866667,8.754000,0.000000,0.880565
320,12.333333,6.866667,8.739000,0.000000,0.862076
321,12.333333,7.000000,8.740000,0.000000,0.882970
322,12.333333,6.866667,8.723667,0.000000,0.855773
323,12.333333,6.933333,8.704333,0.000000,0.858166
324,12.333333,6.933333,8.746667,0.000000,0.843664
325,12.333333,6.900000,8.716000,0.000000,0.873113
326,12.333333,6.900000,8.743667,0.000000,0.882811
327,12.333333,6.933333,8.762000,0.000000,0.910899
328,12.333333,6.933333,8.713000,0.000000,0.857236
329,12.333333,6.900000,8.768333,0.000000,0.884250
330,12.333333,6.966667,8.738667,0.000000,0.862526
331,12.333333,6.900000,8.756333,0.000000,0.862497
332,12.333333,6.900000,8.713667,0.000000,0.884257
333,12.333333,6.866667,8.719667,0.000000,0.861464
334,12.333333,6.900000,8.719667,0.000000,0.853897
335,12.333333,6.866667,8.724333,0.000000,0.856140
336,12.333333,6.866667,8.739667,0.000000,0.853988
337,12.333333,6.966667,8.728333,0.000000,0.857138
338,12.333333,6.866667,8.735000,0.000000,0.874755
339,12.366667,6.900000,8.749667,0.000000,0.885589
340,12.366667,6.900000,8.736333,0.000000,0.857394
341,12.366667,7.000000,8.761000,0.000000,0.856878
342,12.366667,6.800000,8.707667,0.000000,0.869351
343,12.366667,6.966667,8.744000,0.000000,0.865998
344,12.366667,6.900000,8.752667,0.000000,0.849577
345,12.366667,6.966667,8.738667,0.000000,0.876300
346,12.366667,6.900000,8.712000,0.000000,0.888240
347,12.366667,6.900000,8.740000,0.000000,0.871334
348,12.366667,6.933333,8.736333,0.000000,0.857515
349,12.366667,6.933333,8.729667,0.000000,0.875612
350,12.366667,6.933333,8.741000,0.000000,0.866338
351,12.366667,6.900000,8.727667,0.000000,0.865060
352,12.366667,6.900000,8.752667,0.000000,0.881117
353,12.366667,6.966667,8.741000,0.000000,0.853440
354,12.366667,6.900000,8.726333,0.000000,0.870310
355,12.366667,6.900000,8.753000,0.000000,0.863502
356,12.366667,6.933333,8.734667,0.000000,0.879041
357,12.366667,6.900000,8.725667,0.000000,0.887393
358,12.366667,6.866667,8.720667,0.000000,0.859635
359,12.366667,6.900000,8.721000,0.000000,0.869452
360,12.366667,6.900000,8.750667,0.000000,0.857995
361,12.366667,6.933333,8.734667,0.000000,0.863713
362,12.366667,6.933333,8.770000,0.000000,0.844110
363,12.366667,6.933333,8.725333,0.000000,0.873439
364,12.366667,6.900000,8.719667,0.000000,0.849452
365,12.366667,7.000000,8.751667,0.000000,0.869677
366,12.366667,6.933333,8.738333,0.000000,0.844943
367,12.366667,6.933333,8.752667,0.000000,0.854470
368,12.366667,6.866667,8.710333,0.000000,0.853119
369,12.366667,6.833333,8.734333,0.000000,0.871258
370,12.366667,6.800000,8.729667,0.000000,0.881818
371,12.366667,6.966667,8.748667,0.000000,0.858069
372,12.366667,6.933333,8.702333,0.000000,0.868773
373,12.366667,6.866667,8.738000,0.000000,0.856645
374,12.366667,6.900000,8.738667,0.000000,0.876102
375,12.366667,6.933333,8.759667,0.000000,0.872749
376,12.366667,6.866667,8.731667,0.000000,0.855354
377,12.366667,6.866667,8.744333,0.000000,0.882656
378,12.366667,6.866667,8.726333,0.000000,0.871587
379,12.366667,6.966667,8.722667,0.000000,0.865849
380,12.366667,7.000000,8.718000,0.000000,0.857813
381,12.366667,6.800000,8.743000,0.000000,0.875949
382,12.366667,6.966667,8.727667,0.000000,0.855217
383,12.366667,6.966667,8.734667,0.000000,0.846685
384,12.366667,6.866667,8.704000,0.000000,0.860758
385,12.366667,6.933333,8.753000,0.000000,0.850627
386,12.366667,6.933333,8.747000,0.000000,0.869872
387,12.366667,6.900000,8.739000,0.000000,0.868812
388,12.366667,6.933333,8.761667,0.000000,0.862071
389,12.366667,6.933333,8.741667,0.000000,0.854865
390,12.366667,6.900000,8.734000,0.000000,0.875403
391,12.366667,6.966667,8.758667,0.000000,0.851009
392,12.366667,6.900000,8.751333,0.000000,0.866520
393,12.366667,6.933333,8.761333,0.000000,0.877156
394,12.366667,6.900000,8.735667,0.000000,0.871753
395,12.366667,6.933333,8.749000,0.000000,0.844303
396,12.366667,6.900000,8.722333,0.000000,0.867462
397,12.366667,6.900000,8.728333,0.000000,0.858795
398,12.366667,6.900000,8.733667,0.000000,0.869791
399,12.366667,6.800000,8.720333,0.000000,0.890871
400,12.366667,6.966667,8.744000,0.000000,0.852039
401,12.366667,6.933333,8.758667,0.000000,0.868618
402,12.366667,6.933333,8.731333,0.000000,0.861640
403,12.366667,6.933333,8.733333,0.000000,0.858848
404,12.366667,6.900000,8.769667,0.000000,0.866621
405,12.366667,6.966667,8.743333,0.000000,0.862008
406,12.366667,6.866667,8.738333,0.000000,0.856387
407,12.366667,6.866667,8.762000,0.000000,0.897216
408,12.366667,6.833333,8.732000,0.000000,0.877103
409,12.366667,6.966667,8.709333,0.000000,0.862547
410,12.400000,7.033333,8.783667,0.000000,0.857935
411,12.400000,6.966667,8.733667,0.000000,0.865305
412,12.433333,6.833333,8.694667,0.000000,0.866915
413,12.433333,6.833333,8.751333,0.000000,0.870692
414,12.433333,6.900000,8.726667,0.000000,0.865931
415,12.433333,6.866667,8.739667,0.000000,0.842519
416,12.433333,6.833333,8.721000,0.000000,0.872495
417,12.433333,6.966667,8.750000,0.000000,0.843791
418,12.433333,6.966667,8.730333,0.000000,0.868420
419,12.433333,6.833333,8.759000,0.000000,0.857634
420,12.433333,6.900000,8.747000,0.000000,0.866759
421,12.433333,6.966667,8.747333,0.000000,0.875445
422,12.433333,6.900000,8.709000,0.000000,0.875686
423,12.433333,7.000000,8.740667,0.000000,0.857003
424,12.433333,6.766667,8.720333,0.000000,0.872719
425,12.433333,6.833333,8.742333,0.000000,0.881327
426,12.433333,6.800000,8.722000,0.000000,0.887238
427,12.433333,6.866667,8.741000,0.000000,0.871330
428,12.433333,7.000000,8.760333,0.000000,0.875644
429,12.433333,6.866667,8.720333,0.000000,0.880502
430,12.433333,6.933333,8.742000,0.000000,0.865323
431,12.466667,6.766667,8.718667,0.000000,0.877656
432,12.466667,6.800000,8.715333,0.000000,0.861212
433,12.466667,6.866667,8.733333,0.000000,0.880482
434,12.466667,6.866667,8.743667,0.000000,0.858448
435,12.466667,6.833333,8.758000,0.000000,0.876990
436,12.466667,6.866667,8.745333,0.000000,0.849644
437,12.466667,6.833333,8.728667,0.000000,0.864794
438,12.466667,6.900000,8.745667,0.000000,0.853861
439,12.466667,6.966667,8.755333,0.000000,0.841639
440,12.466667,6.866667,8.742333,0.000000,0.842294
441,12.466667,6.933333,8.723000,0.000000,0.851097
442,12.466667,6.866667,8.735000,0.000000,0.880989
443,12.466667,6.933333,8.733333,0.000000,0.860985
444,12.466667,6.800000,8.745333,0.000000,0.881036
445,12.466667,6.866667,8.742333,0.000000,0.875831
446,12.466667,6.900000,8.733667,0.000000,0.857841
447,12.466667,6.966667,8.711333,0.000000,0.858499
448,12.466667,6.866667,8.719667,0.000000,0.854539
449,12.466667,6.933333,8.740667,0.000000,0.863057
450,12.466667,6.966667,8.757000,0.000000,0.870422
451,12.466667,6.933333,8.732667,0.000000,0.871174
452,12.466667,6.900000,8.744667,0.000000,0.859347
453,12.466667,6.866667,8.715667,0.000000,0.865610
454,12.466667,6.866667,8.721667,0.000000,0.879139
455,12.466667,6.933333,8.726333,0.000000,0.872994
456,12.466667,6.800000,8.708000,0.000000,0.872094
457,12.466667,6.800000,8.730667,0.000000,0.857219
458,12.466667,6.966667,8.740000,0.000000,0.864284
459,12.466667,6.866667,8.751333,0.000000,0.883262
460,12.466667,6.866667,8.729333,0.000000,0.862418
461,12.466667,6.966667,8.740000,0.000000,0.859263
462,12.466667,6.900000,8.763667,0.000000,0.870877
463,12.466667,6.866667,8.714667,0.000000,0.857659
464,12.466667,6.933333,8.750000,0.000000,0.858751
465,12.466667,6.966667,8.746667,0.000000,0.854029
466,12.466667,6.866667,8.723667,0.000000,0.871346
467,12.466667,6.866667,8.713667,0.000000,0.884435
468,12.466667,6.900000,8.717667,0.000000,0.858075
469,12.466667,6.933333,8.710000,0.000000,0.860663
470,12.466667,6.933333,8.722333,0.000000,0.850543
471,12.466667,6.900000,8.742333,0.000000,0.860252
472,12.466667,6.800000,8.716333,0.000000,0.861502
473,12.466667,6.966667,8.724667,0.000000,0.872289
474,12.466667,6.900000,8.730667,0.000000,0.861684
475,12.466667,6.866667,8.778667,0.000000,0.865086
476,12.466667,6.800000,8.700667,0.000000,0.871548
477,12.466667,6.933333,8.730333,0.000000,0.862349
478,12.466667,6.833333,8.720667,0.000000,0.861856
479,12.466667,6.866667,8.706333,0.000000,0.857809
480,12.466667,6.900000,8.739667,0.000000,0.892678
481,12.466667,7.000000,8.764333,0.000000,0.838443
482,12.466667,6.900000,8.744333,0.000000,0.871929
483,12.466667,6.900000,8.735667,0.000000,0.871690
484,12.466667,6.833333,8.721667,0.000000,0.874316
485,12.466667,6.933333,8.720667,0.000000,0.878857
486,12.466667,6.866667,8.759333,0.000000,0.871761
487,12.466667,6.900000,8.753000,0.000000,0.870990
488,12.466667,6.800000,8.707667,0.000000,0.874570
489,12.466667,6.833333,8.719667,0.000000,0.895846
490,12.466667,6.900000,8.730333,0.000000,0.870560
491,12.466667,6.866667,8.739000,0.000000,0.870436
492,12.466667,6.966667,8.733000,0.000000,0.867200
493,12.466667,6.966667,8.757333,0.000000,0.850769
494,12.466667,6.900000,8.727000,0.000000,0.882667
495,12.466667,6.966667,8.763000,0.000000,0.860549
496,12.466667,6.833333,8.732667,0.000000,0.857848
497,12.466667,6.933333,8.740000,0.000000,0.875656
498,12.466667,6.833333,8.757333,0.000000,0.873459
499,12.466667,6.900000,8.759667,0.000000,0.885361
500,12.466667,6.966667,8.723000,0.000000,0.871298
BestSdev: 0.172207, Time: 17m57.137932717s