gen,best,worst,mean,rep,sdev
1,10.733333,7.033333,8.757333,0.000000,0.863531
2,10.933333,7.066667,8.737333,0.000000,0.839114
3,11.033333,7.000000,8.753333,0.000000,0.854973
4,11.066667,7.000000,8.718000,0.000000,0.869791
5,11.100000,7.000000,8.713333,0.000000,0.875529
6,11.133333,6.966667,8.732000,0.000000,0.881165
7,11.166667,6.900000,8.755333,0.000000,0.847964
8,11.233333,6.933333,8.707333,0.000000,0.834044
9,11.233333,7.000000,8.730667,0.000000,0.830181
10,11.266667,7.000000,8.766667,0.000000,0.869824
11,11.333333,7.000000,8.738667,0.000000,0.864990
12,11.400000,6.966667,8.747333,0.000000,0.846673
13,11.400000,6.966667,8.756667,0.000000,0.883981
14,11.400000,7.000000,8.710000,0.000000,0.864987
15,11.433333,7.033333,8.788667,0.000000,0.819738
16,11.433333,6.933333,8.743333,0.000000,0.873221
17,11.466667,7.033333,8.724000,0.000000,0.859336
18,11.466667,6.933333,8.716667,0.000000,0.885393
19,11.533333,7.133333,8.716000,0.000000,0.867371
20,11.600000,7.000000,8.783333,0.000000,0.873709
BestSdev: 0.214858, Time: 21.131204294s