gen,best,worst,mean,rep,sdev
1,11.400000,6.566667,8.735600,0.000000,0.871317
2,11.566667,6.633333,8.739267,0.000000,0.865373
3,11.733333,6.600000,8.734333,0.000000,0.873041
4,11.833333,6.733333,8.745067,0.000000,0.866659
5,11.900000,6.600000,8.735667,0.000000,0.874977
6,11.966667,6.433333,8.727533,0.033333,0.867049
7,12.000000,6.633333,8.725133,0.000000,0.880217
8,12.000000,6.700000,8.728267,0.000000,0.868789
9,12.000000,6.600000,8.735400,0.000000,0.867718
10,12.000000,6.533333,8.727133,0.000000,0.874715
11,12.000000,6.700000,8.725400,0.000000,0.871743
12,12.000000,6.533333,8.731733,0.000000,0.869359
13,12.000000,6.600000,8.748800,0.000000,0.873214
14,12.000000,6.666667,8.741533,0.000000,0.865285
15,12.000000,6.566667,8.735467,0.033333,0.873108
16,12.033333,6.666667,8.733733,0.000000,0.870744
17,12.033333,6.500000,8.735533,0.033333,0.868488
18,12.033333,6.733333,8.744067,0.000000,0.858037
19,12.033333,6.633333,8.732333,0.000000,0.872593
20,12.066667,6.300000,8.729067,0.000000,0.875073
21,12.066667,6.700000,8.739333,0.000000,0.873076
22,12.066667,6.666667,8.746200,0.000000,0.877441
23,12.066667,6.766667,8.740800,0.000000,0.862186
24,12.066667,6.700000,8.727400,0.000000,0.873649
25,12.100000,6.666667,8.743800,0.000000,0.869976
26,12.100000,6.500000,8.740667,0.000000,0.874294
27,12.100000,6.500000,8.736800,0.000000,0.872019
28,12.100000,6.666667,8.746667,0.000000,0.879302
29,12.100000,6.600000,8.734800,0.000000,0.868731
30,12.100000,6.633333,8.723467,0.000000,0.864340
31,12.100000,6.433333,8.751600,0.000000,0.869582
32,12.133333,6.566667,8.746333,0.000000,0.877895
33,12.133333,6.800000,8.736200,0.000000,0.870067
34,12.133333,6.566667,8.726000,0.000000,0.871065
35,12.133333,6.566667,8.742133,0.000000,0.873138
36,12.133333,6.533333,8.741467,0.000000,0.873483
37,12.133333,6.466667,8.734533,0.000000,0.877592
38,12.166667,6.633333,8.753533,0.000000,0.881417
39,12.166667,6.566667,8.729667,0.000000,0.876661
40,12.166667,6.533333,8.733600,0.000000,0.872491
41,12.200000,6.400000,8.726533,0.000000,0.875651
42,12.200000,6.600000,8.740400,0.000000,0.871433
43,12.200000,6.533333,8.743533,0.000000,0.877539
44,12.200000,6.533333,8.723733,0.033333,0.870979
45,12.233333,6.566667,8.753400,0.000000,0.877490
46,12.266667,6.666667,8.734733,0.000000,0.874630
47,12.300000,6.566667,8.729933,0.000000,0.868973
48,12.300000,6.533333,8.746467,0.000000,0.879466
49,12.333333,6.633333,8.748067,0.000000,0.864109
50,12.333333,6.700000,8.737267,0.000000,0.869013
51,12.333333,6.633333,8.734667,0.000000,0.870793
52,12.333333,6.566667,8.731267,0.000000,0.878342
53,12.333333,6.500000,8.746733,0.000000,0.863511
54,12.333333,6.700000,8.718733,0.000000,0.868428
55,12.333333,6.566667,8.743000,0.000000,0.874250
56,12.333333,6.566667,8.739067,0.000000,0.864961
57,12.333333,6.666667,8.728667,0.000000,0.866293
58,12.333333,6.600000,8.747800,0.000000,0.868769
59,12.333333,6.600000,8.727933,0.000000,0.869619
60,12.333333,6.600000,8.735467,0.000000,0.877187
61,12.333333,6.633333,8.741533,0.000000,0.869103
62,12.333333,6.500000,8.734733,0.000000,0.869160
63,12.366667,6.500000,8.728067,0.000000,0.874079
64,12.366667,6.600000,8.734867,0.000000,0.866645
65,12.366667,6.666667,8.729600,0.000000,0.861686
66,12.366667,6.633333,8.732267,0.033333,0.872922
67,12.366667,6.466667,8.732533,0.000000,0.876947
68,12.366667,6.566667,8.736200,0.000000,0.864902
69,12.400000,6.566667,8.742600,0.000000,0.880854
70,12.400000,6.700000,8.738133,0.000000,0.875210
71,12.400000,6.500000,8.744267,0.000000,0.868717
72,12.400000,6.600000,8.732000,0.000000,0.864308
73,12.400000,6.733333,8.744000,0.000000,0.881665
74,12.400000,6.666667,8.725200,0.000000,0.861999
75,12.400000,6.666667,8.739467,0.000000,0.865386
76,12.400000,6.400000,8.731467,0.000000,0.879368
77,12.400000,6.433333,8.754800,0.000000,0.882696
78,12.400000,6.500000,8.733467,0.000000,0.872750
79,12.433333,6.600000,8.735200,0.000000,0.868893
80,12.433333,6.666667,8.748267,0.000000,0.871719
81,12.433333,6.566667,8.745667,0.000000,0.881223
82,12.433333,6.366667,8.744400,0.000000,0.874274
83,12.433333,6.566667,8.743800,0.000000,0.876444
84,12.433333,6.600000,8.725533,0.000000,0.862023
85,12.433333,6.500000,8.744533,0.000000,0.876780
86,12.433333,6.500000,8.732067,0.000000,0.873108
87,12.433333,6.400000,8.737667,0.000000,0.876263
88,12.433333,6.600000,8.740067,0.000000,0.874898
89,12.433333,6.533333,8.733067,0.000000,0.873885
90,12.433333,6.566667,8.719533,0.000000,0.864715
91,12.433333,6.600000,8.732400,0.000000,0.870778
92,12.433333,6.533333,8.734067,0.033333,0.866062
93,12.433333,6.500000,8.723267,0.000000,0.870679
94,12.433333,6.733333,8.733867,0.000000,0.874109
95,12.466667,6.600000,8.732267,0.000000,0.869381
96,12.466667,6.633333,8.734067,0.000000,0.867209
97,12.466667,6.600000,8.744267,0.000000,0.859491
98,12.466667,6.600000,8.743000,0.000000,0.871882
99,12.466667,6.600000,8.716533,0.000000,0.871281
100,12.466667,6.533333,8.728667,0.000000,0.873269
101,12.466667,6.700000,8.749533,0.000000,0.873198
102,12.466667,6.566667,8.741600,0.000000,0.876290
103,12.466667,6.666667,8.743600,0.000000,0.866770
104,12.466667,6.500000,8.744667,0.000000,0.874325
105,12.466667,6.500000,8.737000,0.000000,0.877272
106,12.466667,6.600000,8.727400,0.000000,0.873625
107,12.466667,6.633333,8.742333,0.000000,0.876913
108,12.466667,6.466667,8.732800,0.000000,0.879757
109,12.466667,6.533333,8.731533,0.000000,0.873005
110,12.466667,6.366667,8.734533,0.000000,0.871938
111,12.466667,6.566667,8.741067,0.000000,0.869767
112,12.466667,6.466667,8.733133,0.000000,0.875316
113,12.466667,6.666667,8.734733,0.000000,0.873137
114,12.466667,6.366667,8.735800,0.000000,0.872806
115,12.466667,6.566667,8.743133,0.000000,0.880152
116,12.466667,6.600000,8.735667,0.000000,0.863740
117,12.466667,6.566667,8.730867,0.000000,0.868648
118,12.466667,6.633333,8.725267,0.033333,0.860162
119,12.466667,6.633333,8.734667,0.000000,0.876092
120,12.466667,6.500000,8.735333,0.000000,0.882027
121,12.466667,6.600000,8.731133,0.000000,0.871820
122,12.466667,6.633333,8.736067,0.000000,0.870142
123,12.466667,6.666667,8.730067,0.000000,0.878222
124,12.466667,6.633333,8.724933,0.000000,0.869397
125,12.466667,6.533333,8.724267,0.000000,0.870166
126,12.466667,6.566667,8.738200,0.000000,0.870472
127,12.466667,6.600000,8.740000,0.000000,0.879542
128,12.466667,6.666667,8.740467,0.000000,0.870876
129,12.466667,6.600000,8.737200,0.000000,0.867403
130,12.466667,6.600000,8.733133,0.000000,0.867992
131,12.466667,6.533333,8.726000,0.000000,0.866361
132,12.466667,6.500000,8.719933,0.000000,0.873499
133,12.466667,6.500000,8.737800,0.000000,0.880423
134,12.466667,6.500000,8.728467,0.000000,0.873138
135,12.466667,6.633333,8.724733,0.000000,0.869111
136,12.466667,6.566667,8.728000,0.000000,0.872233
137,12.500000,6.533333,8.733000,0.000000,0.872034
138,12.500000,6.533333,8.728533,0.000000,0.867809
139,12.500000,6.466667,8.738467,0.000000,0.872365
140,12.500000,6.633333,8.749200,0.000000,0.880421
141,12.500000,6.500000,8.731333,0.000000,0.871791
142,12.500000,6.500000,8.741733,0.000000,0.873075
143,12.500000,6.400000,8.730133,0.000000,0.871532
144,12.500000,6.500000,8.736200,0.000000,0.874629
145,12.500000,6.500000,8.729800,0.000000,0.872605
146,12.500000,6.466667,8.726467,0.000000,0.854995
147,12.500000,6.533333,8.727933,0.000000,0.870961
148,12.500000,6.500000,8.712267,0.000000,0.865195
149,12.500000,6.566667,8.738933,0.000000,0.868006
150,12.500000,6.600000,8.737467,0.000000,0.872279
151,12.500000,6.600000,8.742533,0.000000,0.873205
152,12.500000,6.600000,8.736733,0.000000,0.872531
153,12.500000,6.533333,8.736867,0.000000,0.878251
154,12.500000,6.433333,8.733067,0.033333,0.879863
155,12.500000,6.500000,8.741533,0.000000,0.874370
156,12.500000,6.666667,8.731867,0.000000,0.863015
157,12.500000,6.666667,8.723533,0.000000,0.869021
158,12.500000,6.566667,8.728400,0.000000,0.877489
159,12.500000,6.633333,8.743933,0.000000,0.870784
160,12.500000,6.533333,8.733467,0.000000,0.872138
161,12.500000,6.633333,8.728467,0.000000,0.872079
162,12.500000,6.633333,8.718600,0.000000,0.871511
163,12.500000,6.433333,8.743000,0.000000,0.872354
164,12.500000,6.566667,8.727000,0.000000,0.872351
165,12.500000,6.466667,8.737400,0.000000,0.877458
166,12.500000,6.500000,8.737400,0.000000,0.872917
167,12.500000,6.600000,8.722000,0.000000,0.876951
168,12.533333,6.500000,8.731933,0.000000,0.867423
169,12.533333,6.566667,8.741867,0.000000,0.873534
170,12.533333,6.333333,8.738533,0.000000,0.873977
171,12.533333,6.633333,8.745800,0.000000,0.872755
172,12.533333,6.533333,8.722533,0.000000,0.878630
173,12.533333,6.566667,8.741400,0.000000,0.869525
174,12.533333,6.633333,8.731267,0.000000,0.885754
175,12.533333,6.600000,8.748267,0.000000,0.882170
176,12.533333,6.733333,8.740067,0.000000,0.873460
177,12.533333,6.666667,8.725933,0.000000,0.865455
178,12.533333,6.500000,8.729667,0.033333,0.870821
179,12.533333,6.633333,8.735600,0.000000,0.865990
180,12.533333,6.500000,8.731267,0.000000,0.872567
181,12.533333,6.500000,8.728467,0.000000,0.870974
182,12.533333,6.733333,8.735067,0.000000,0.875118
183,12.533333,6.533333,8.747733,0.000000,0.870007
184,12.533333,6.566667,8.732800,0.000000,0.870789
185,12.566667,6.700000,8.730067,0.033333,0.860970
186,12.566667,6.600000,8.730933,0.000000,0.872763
187,12.566667,6.500000,8.732267,0.000000,0.871935
188,12.566667,6.600000,8.738600,0.000000,0.864983
189,12.566667,6.566667,8.740067,0.000000,0.878677
190,12.566667,6.566667,8.737333,0.000000,0.873445
191,12.566667,6.433333,8.743600,0.000000,0.872512
192,12.566667,6.600000,8.729600,0.000000,0.867735
193,12.566667,6.400000,8.740067,0.000000,0.878232
194,12.600000,6.566667,8.745067,0.000000,0.873283
195,12.600000,6.566667,8.730133,0.000000,0.872883
196,12.600000,6.333333,8.726267,0.000000,0.871993
197,12.600000,6.666667,8.740667,0.000000,0.867104
198,12.600000,6.733333,8.743800,0.033333,0.872116
199,12.633333,6.466667,8.732200,0.033333,0.875873
200,12.633333,6.766667,8.726467,0.000000,0.865711
BestSdev: 0.201830, Time: 25m52.470568965s