gen,best,worst,mean,rep,sdev
1,11.400000,6.666667,8.750800,0.000000,0.868742
2,11.600000,6.466667,8.728400,0.000000,0.865102
3,11.733333,6.566667,8.731933,0.000000,0.864554
4,11.933333,6.566667,8.735133,0.000000,0.872573
5,11.966667,6.566667,8.728133,0.000000,0.868456
6,12.033333,6.566667,8.728867,0.000000,0.872904
7,12.066667,6.466667,8.735133,0.000000,0.876388
8,12.066667,6.566667,8.738933,0.000000,0.884770
9,12.100000,6.566667,8.731400,0.000000,0.875795
10,12.100000,6.733333,8.740733,0.000000,0.873061
11,12.100000,6.600000,8.740267,0.033333,0.860203
12,12.133333,6.366667,8.740467,0.033333,0.868705
13,12.166667,6.700000,8.740533,0.000000,0.869322
14,12.200000,6.666667,8.732600,0.000000,0.864630
15,12.200000,6.500000,8.721200,0.000000,0.868235
16,12.200000,6.533333,8.713400,0.000000,0.872390
17,12.200000,6.500000,8.728733,0.000000,0.873828
18,12.200000,6.533333,8.727267,0.000000,0.874881
19,12.200000,6.566667,8.737467,0.000000,0.874507
20,12.200000,6.733333,8.741000,0.000000,0.870824
21,12.200000,6.600000,8.730867,0.033333,0.875342
22,12.233333,6.600000,8.722667,0.000000,0.869248
23,12.233333,6.500000,8.724800,0.000000,0.867822
24,12.233333,6.600000,8.726400,0.000000,0.868731
25,12.233333,6.466667,8.725533,0.000000,0.873211
26,12.233333,6.233333,8.727067,0.000000,0.865098
27,12.233333,6.633333,8.730133,0.000000,0.868915
28,12.233333,6.533333,8.729467,0.000000,0.869957
29,12.300000,6.600000,8.730800,0.033333,0.878975
30,12.300000,6.600000,8.720533,0.000000,0.873430
31,12.300000,6.666667,8.738533,0.000000,0.864466
32,12.300000,6.533333,8.746933,0.000000,0.872274
33,12.300000,6.700000,8.742267,0.000000,0.868204
34,12.300000,6.666667,8.731800,0.000000,0.872575
35,12.300000,6.666667,8.736400,0.000000,0.867685
36,12.300000,6.500000,8.725600,0.000000,0.870023
37,12.300000,6.533333,8.731933,0.000000,0.882699
38,12.300000,6.600000,8.746600,0.000000,0.865284
39,12.300000,6.600000,8.729867,0.000000,0.865016
40,12.300000,6.666667,8.733733,0.000000,0.861800
41,12.300000,6.600000,8.731000,0.000000,0.861943
42,12.300000,6.500000,8.722800,0.000000,0.872720
43,12.300000,6.533333,8.741400,0.000000,0.873546
44,12.333333,6.700000,8.738200,0.000000,0.866693
45,12.366667,6.666667,8.716733,0.000000,0.874071
46,12.366667,6.533333,8.733533,0.000000,0.865577
47,12.366667,6.600000,8.745200,0.000000,0.866418
48,12.366667,6.566667,8.738200,0.000000,0.878293
49,12.366667,6.666667,8.740600,0.000000,0.867965
50,12.366667,6.666667,8.743333,0.000000,0.878795
51,12.366667,6.500000,8.731333,0.000000,0.866433
52,12.366667,6.600000,8.734667,0.000000,0.871006
53,12.400000,6.533333,8.725867,0.033333,0.874711
54,12.400000,6.633333,8.733933,0.000000,0.873064
55,12.400000,6.433333,8.731467,0.000000,0.879445
56,12.433333,6.533333,8.733200,0.000000,0.881070
57,12.433333,6.700000,8.743533,0.000000,0.872703
58,12.433333,6.600000,8.742600,0.000000,0.873972
59,12.433333,6.533333,8.737400,0.000000,0.868741
60,12.466667,6.566667,8.744333,0.000000,0.873206
61,12.466667,6.633333,8.734533,0.000000,0.873520
62,12.466667,6.633333,8.730133,0.033333,0.866134
63,12.466667,6.566667,8.741533,0.000000,0.871744
64,12.466667,6.566667,8.732067,0.000000,0.872392
65,12.500000,6.500000,8.743733,0.000000,0.862846
66,12.500000,6.800000,8.731733,0.000000,0.872294
67,12.500000,6.566667,8.728467,0.000000,0.873686
68,12.500000,6.766667,8.734867,0.000000,0.863946
69,12.500000,6.566667,8.739200,0.000000,0.869837
70,12.500000,6.533333,8.743067,0.000000,0.875346
71,12.500000,6.666667,8.741867,0.000000,0.866907
72,12.500000,6.500000,8.727533,0.000000,0.876779
73,12.500000,6.700000,8.735267,0.033333,0.873803
74,12.500000,6.600000,8.733667,0.000000,0.876759
75,12.500000,6.533333,8.722600,0.000000,0.868676
76,12.500000,6.700000,8.737733,0.000000,0.868512
77,12.500000,6.500000,8.735600,0.000000,0.881535
78,12.500000,6.533333,8.729067,0.033333,0.872486
79,12.500000,6.466667,8.738200,0.000000,0.870469
80,12.500000,6.666667,8.729267,0.000000,0.873879
81,12.533333,6.533333,8.740667,0.000000,0.878331
82,12.533333,6.533333,8.753800,0.000000,0.868790
83,12.533333,6.533333,8.728200,0.000000,0.864450
84,12.533333,6.600000,8.743267,0.000000,0.872857
85,12.566667,6.733333,8.732667,0.000000,0.875397
86,12.566667,6.566667,8.745333,0.000000,0.868990
87,12.566667,6.400000,8.734800,0.033333,0.875745
88,12.566667,6.533333,8.737933,0.000000,0.871659
89,12.566667,6.566667,8.733400,0.000000,0.878803
90,12.566667,6.633333,8.727000,0.033333,0.872758
91,12.566667,6.566667,8.733400,0.000000,0.866747
92,12.566667,6.566667,8.723267,0.000000,0.871486
93,12.566667,6.633333,8.734600,0.000000,0.876287
94,12.566667,6.433333,8.741667,0.000000,0.874969
95,12.600000,6.566667,8.734600,0.000000,0.874134
96,12.600000,6.633333,8.741000,0.000000,0.867729
97,12.600000,6.600000,8.722867,0.000000,0.866897
98,12.600000,6.366667,8.731933,0.033333,0.877889
99,12.600000,6.566667,8.715133,0.000000,0.864377
100,12.600000,6.666667,8.738200,0.000000,0.877576
101,12.633333,6.600000,8.757800,0.000000,0.873130
102,12.633333,6.633333,8.737467,0.000000,0.862725
103,12.633333,6.666667,8.744667,0.000000,0.863663
104,12.633333,6.466667,8.733400,0.000000,0.879695
105,12.633333,6.466667,8.734933,0.000000,0.871593
106,12.633333,6.600000,8.728000,0.000000,0.870204
107,12.633333,6.566667,8.735400,0.033333,0.879210
108,12.633333,6.566667,8.742800,0.000000,0.867780
109,12.633333,6.500000,8.726933,0.000000,0.871733
110,12.633333,6.666667,8.743933,0.000000,0.880046
111,12.666667,6.533333,8.737400,0.066667,0.883376
112,12.666667,6.533333,8.721333,0.000000,0.868895
113,12.700000,6.666667,8.735067,0.000000,0.865809
114,12.700000,6.466667,8.723467,0.000000,0.872159
115,12.733333,6.666667,8.740200,0.033333,0.873631
116,12.733333,6.566667,8.732400,0.000000,0.874606
117,12.733333,6.600000,8.740933,0.000000,0.874612
118,12.733333,6.800000,8.728400,0.000000,0.862733
119,12.733333,6.600000,8.743133,0.000000,0.870125
120,12.733333,6.466667,8.740733,0.000000,0.876752
121,12.733333,6.600000,8.733400,0.000000,0.874383
122,12.733333,6.566667,8.738067,0.000000,0.865720
123,12.766667,6.566667,8.730667,0.000000,0.876791
124,12.766667,6.666667,8.741200,0.000000,0.881447
125,12.766667,6.600000,8.746733,0.000000,0.865329
126,12.766667,6.766667,8.757667,0.000000,0.881622
127,12.800000,6.600000,8.742333,0.000000,0.883088
128,12.800000,6.466667,8.732333,0.000000,0.871982
129,12.800000,6.533333,8.735267,0.000000,0.876198
130,12.800000,6.533333,8.742800,0.000000,0.871063
131,12.800000,6.600000,8.730067,0.000000,0.878356
132,12.800000,6.666667,8.732733,0.000000,0.873367
133,12.800000,6.600000,8.737933,0.000000,0.866616
134,12.800000,6.666667,8.746800,0.000000,0.871384
135,12.800000,6.666667,8.742867,0.000000,0.864262
136,12.800000,6.533333,8.724467,0.000000,0.873828
137,12.833333,6.566667,8.732800,0.000000,0.869707
138,12.833333,6.600000,8.734667,0.000000,0.873562
139,12.833333,6.533333,8.747333,0.000000,0.875370
140,12.833333,6.700000,8.721333,0.000000,0.867672
141,12.866667,6.600000,8.748933,0.000000,0.863577
142,12.866667,6.600000,8.735067,0.000000,0.873462
143,12.866667,6.666667,8.748333,0.000000,0.873135
144,12.866667,6.433333,8.730733,0.000000,0.871402
145,12.866667,6.600000,8.729533,0.000000,0.870714
146,12.866667,6.600000,8.739867,0.000000,0.880858
147,12.866667,6.433333,8.732133,0.000000,0.870602
148,12.866667,6.700000,8.730200,0.033333,0.871682
149,12.866667,6.466667,8.730133,0.000000,0.868299
150,12.866667,6.633333,8.743600,0.000000,0.865660
151,12.866667,6.600000,8.727600,0.000000,0.868812
152,12.866667,6.500000,8.730933,0.000000,0.869451
153,12.866667,6.666667,8.745400,0.000000,0.870021
154,12.866667,6.566667,8.730800,0.000000,0.867543
155,12.866667,6.433333,8.731000,0.000000,0.871375
156,12.866667,6.600000,8.734400,0.000000,0.865154
157,12.866667,6.500000,8.725667,0.000000,0.864212
158,12.866667,6.600000,8.724467,0.000000,0.868937
159,12.866667,6.433333,8.731067,0.000000,0.871972
160,12.866667,6.600000,8.729800,0.000000,0.865049
161,12.866667,6.466667,8.726733,0.000000,0.867772
162,12.866667,6.466667,8.735133,0.000000,0.874441
163,12.866667,6.500000,8.736667,0.000000,0.872686
164,12.866667,6.533333,8.741267,0.000000,0.877921
165,12.866667,6.533333,8.720533,0.000000,0.867203
166,12.866667,6.633333,8.738133,0.000000,0.869572
167,12.866667,6.400000,8.732467,0.000000,0.871936
168,12.866667,6.600000,8.734800,0.000000,0.874954
169,12.866667,6.766667,8.733867,0.000000,0.867257
170,12.866667,6.566667,8.732333,0.000000,0.888927
171,12.866667,6.400000,8.743133,0.000000,0.874854
172,12.866667,6.500000,8.727867,0.000000,0.870926
173,12.866667,6.600000,8.734867,0.000000,0.871531
174,12.866667,6.366667,8.738133,0.000000,0.869236
175,12.866667,6.466667,8.723067,0.000000,0.870790
176,12.866667,6.633333,8.737133,0.000000,0.874651
177,12.866667,6.500000,8.727200,0.000000,0.880550
178,12.866667,6.733333,8.737867,0.000000,0.857648
179,12.866667,6.533333,8.722600,0.000000,0.870235
180,12.866667,6.666667,8.741267,0.000000,0.880271
181,12.900000,6.566667,8.730133,0.000000,0.877384
182,12.900000,6.533333,8.744467,0.000000,0.862205
183,12.900000,6.600000,8.727400,0.000000,0.862320
184,12.900000,6.566667,8.733733,0.000000,0.874442
185,12.900000,6.566667,8.742400,0.000000,0.878260
186,12.900000,6.500000,8.728133,0.000000,0.866183
187,12.900000,6.500000,8.745400,0.000000,0.873016
188,12.900000,6.600000,8.731000,0.000000,0.865647
189,12.900000,6.466667,8.737200,0.000000,0.864647
190,12.900000,6.433333,8.730333,0.000000,0.872683
191,12.900000,6.666667,8.735533,0.000000,0.872949
192,12.900000,6.533333,8.735933,0.000000,0.872437
193,12.900000,6.333333,8.741000,0.033333,0.877735
194,12.900000,6.700000,8.734267,0.000000,0.870345
195,12.900000,6.500000,8.716600,0.000000,0.869410
196,12.900000,6.700000,8.731733,0.033333,0.872685
197,12.900000,6.766667,8.733000,0.000000,0.876915
198,12.900000,6.566667,8.733067,0.000000,0.863528
199,12.900000,6.633333,8.742267,0.000000,0.874829
200,12.900000,6.566667,8.738600,0.000000,0.867381
201,12.933333,6.600000,8.732800,0.033333,0.874416
202,12.933333,6.400000,8.737800,0.000000,0.873293
203,12.933333,6.566667,8.735733,0.000000,0.869776
204,12.933333,6.666667,8.728067,0.000000,0.863218
205,12.933333,6.466667,8.729333,0.000000,0.867228
206,12.933333,6.733333,8.732933,0.000000,0.866180
207,12.933333,6.666667,8.745067,0.000000,0.872707
208,12.933333,6.666667,8.736133,0.000000,0.867515
209,12.933333,6.633333,8.733400,0.000000,0.871446
210,12.933333,6.433333,8.718467,0.000000,0.880235
211,12.933333,6.433333,8.733267,0.000000,0.857977
212,12.933333,6.566667,8.732067,0.000000,0.871846
213,12.933333,6.633333,8.727733,0.000000,0.864898
214,12.933333,6.600000,8.732533,0.000000,0.871277
215,12.933333,6.466667,8.729933,0.000000,0.875649
216,12.933333,6.600000,8.734400,0.000000,0.865792
217,12.933333,6.433333,8.721933,0.000000,0.875768
218,12.933333,6.666667,8.728733,0.000000,0.866502
219,12.933333,6.500000,8.737267,0.000000,0.873917
220,12.933333,6.466667,8.739067,0.000000,0.876208
221,12.933333,6.633333,8.738200,0.000000,0.866805
222,12.933333,6.666667,8.738400,0.000000,0.868203
223,12.933333,6.566667,8.736733,0.000000,0.865605
224,12.933333,6.433333,8.725133,0.000000,0.869611
225,12.933333,6.633333,8.730800,0.000000,0.867762
226,12.933333,6.566667,8.731533,0.000000,0.877189
227,12.933333,6.566667,8.733800,0.000000,0.874255
228,12.933333,6.666667,8.735400,0.000000,0.877163
229,12.933333,6.600000,8.736333,0.000000,0.871645
230,12.933333,6.533333,8.733133,0.000000,0.877062
231,12.933333,6.566667,8.728333,0.033333,0.871793
232,12.933333,6.566667,8.739533,0.000000,0.866101
233,12.933333,6.566667,8.737267,0.000000,0.871841
234,12.933333,6.566667,8.735200,0.033333,0.866880
235,12.933333,6.633333,8.747000,0.000000,0.875677
236,12.933333,6.600000,8.731533,0.000000,0.871612
237,12.933333,6.466667,8.729333,0.033333,0.870298
238,12.933333,6.666667,8.736867,0.000000,0.872983
239,12.933333,6.466667,8.729933,0.000000,0.870096
240,12.933333,6.633333,8.730933,0.000000,0.867201
241,12.933333,6.600000,8.731600,0.000000,0.866272
242,12.933333,6.633333,8.728333,0.000000,0.871026
243,12.933333,6.533333,8.713133,0.000000,0.876003
244,12.933333,6.533333,8.730200,0.000000,0.865341
245,12.933333,6.733333,8.738000,0.000000,0.871496
246,12.933333,6.466667,8.723000,0.000000,0.877602
247,12.933333,6.666667,8.755133,0.000000,0.880385
248,12.933333,6.633333,8.748133,0.000000,0.870434
249,12.933333,6.566667,8.726800,0.000000,0.865919
250,12.933333,6.433333,8.736133,0.000000,0.877600
251,12.933333,6.600000,8.730200,0.000000,0.875769
252,12.933333,6.400000,8.722333,0.000000,0.860583
253,12.933333,6.533333,8.736533,0.000000,0.871517
254,12.933333,6.433333,8.729600,0.033333,0.878157
255,12.933333,6.633333,8.721133,0.000000,0.870154
256,12.933333,6.633333,8.739533,0.000000,0.873316
257,12.933333,6.633333,8.747133,0.000000,0.871415
258,12.933333,6.466667,8.729400,0.000000,0.875564
259,12.933333,6.600000,8.726867,0.000000,0.865182
260,12.933333,6.733333,8.756067,0.000000,0.869718
261,12.933333,6.566667,8.735267,0.000000,0.870675
262,12.933333,6.566667,8.732867,0.000000,0.867252
263,12.933333,6.500000,8.726667,0.000000,0.874984
264,12.933333,6.666667,8.734467,0.000000,0.867665
265,12.933333,6.666667,8.730733,0.033333,0.871651
266,12.933333,6.600000,8.740267,0.000000,0.870731
267,12.933333,6.500000,8.737600,0.000000,0.867421
268,12.933333,6.633333,8.739267,0.033333,0.868547
269,12.933333,6.533333,8.725667,0.000000,0.877213
270,12.933333,6.633333,8.739000,0.000000,0.874099
271,12.966667,6.566667,8.730200,0.000000,0.873959
272,12.966667,6.566667,8.739400,0.000000,0.871197
273,12.966667,6.600000,8.733800,0.000000,0.881528
274,12.966667,6.666667,8.736533,0.000000,0.874294
275,12.966667,6.533333,8.727267,0.000000,0.861321
276,12.966667,6.466667,8.724867,0.000000,0.875505
277,12.966667,6.633333,8.729133,0.000000,0.859158
278,12.966667,6.633333,8.745533,0.000000,0.872699
279,12.966667,6.400000,8.727400,0.000000,0.866954
280,12.966667,6.600000,8.733400,0.000000,0.872718
281,12.966667,6.566667,8.746267,0.000000,0.872995
282,12.966667,6.666667,8.744267,0.000000,0.866407
283,12.966667,6.666667,8.728800,0.033333,0.874154
284,12.966667,6.500000,8.739933,0.000000,0.868045
285,12.966667,6.533333,8.713733,0.000000,0.870798
286,12.966667,6.700000,8.728467,0.000000,0.873061
287,12.966667,6.500000,8.720267,0.000000,0.866948
288,12.966667,6.666667,8.735933,0.000000,0.866891
289,12.966667,6.433333,8.743000,0.000000,0.876625
290,12.966667,6.466667,8.729000,0.000000,0.876527
291,12.966667,6.533333,8.741067,0.000000,0.875601
292,13.000000,6.566667,8.732800,0.000000,0.875951
293,13.000000,6.700000,8.729067,0.000000,0.868927
294,13.000000,6.533333,8.732200,0.000000,0.874203
295,13.000000,6.666667,8.723933,0.000000,0.876486
296,13.000000,6.733333,8.731533,0.000000,0.866676
297,13.000000,6.633333,8.742867,0.000000,0.880865
298,13.000000,6.500000,8.725800,0.000000,0.880340
299,13.000000,6.666667,8.751400,0.000000,0.867289
300,13.000000,6.666667,8.729467,0.000000,0.871180
301,13.000000,6.600000,8.735733,0.000000,0.878603
302,13.000000,6.433333,8.721800,0.000000,0.871275
303,13.000000,6.500000,8.742067,0.000000,0.881050
304,13.000000,6.566667,8.735733,0.000000,0.870634
305,13.000000,6.766667,8.759600,0.000000,0.878394
306,13.000000,6.600000,8.727800,0.000000,0.868708
307,13.000000,6.533333,8.723133,0.000000,0.866269
308,13.000000,6.633333,8.729933,0.000000,0.863145
309,13.000000,6.600000,8.723067,0.000000,0.861235
310,13.000000,6.600000,8.735600,0.000000,0.873731
311,13.000000,6.733333,8.739333,0.000000,0.875656
312,13.000000,6.566667,8.737133,0.000000,0.862724
313,13.000000,6.566667,8.726667,0.000000,0.878996
314,13.000000,6.566667,8.730800,0.000000,0.867056
315,13.000000,6.666667,8.728600,0.000000,0.866242
316,13.000000,6.500000,8.721533,0.000000,0.871287
317,13.000000,6.500000,8.740933,0.000000,0.870339
318,13.000000,6.500000,8.734467,0.000000,0.868048
319,13.000000,6.566667,8.742600,0.000000,0.888070
320,13.000000,6.500000,8.722067,0.000000,0.872383
321,13.000000,6.666667,8.729533,0.033333,0.875196
322,13.000000,6.633333,8.737800,0.000000,0.876657
323,13.000000,6.700000,8.733333,0.000000,0.873308
324,13.000000,6.633333,8.722200,0.000000,0.869778
325,13.000000,6.566667,8.736467,0.000000,0.883788
326,13.000000,6.600000,8.727200,0.000000,0.871248
327,13.000000,6.433333,8.718867,0.000000,0.873629
328,13.000000,6.433333,8.724067,0.000000,0.872233
329,13.000000,6.566667,8.733000,0.000000,0.868520
330,13.000000,6.533333,8.743067,0.000000,0.877545
331,13.000000,6.566667,8.741533,0.000000,0.869805
332,13.000000,6.566667,8.736067,0.000000,0.867145
333,13.000000,6.600000,8.728533,0.000000,0.869906
334,13.000000,6.500000,8.736000,0.000000,0.871834
335,13.000000,6.400000,8.727400,0.000000,0.877922
336,13.000000,6.533333,8.728200,0.000000,0.877256
337,13.000000,6.400000,8.734800,0.000000,0.870140
338,13.000000,6.533333,8.716533,0.000000,0.872630
339,13.000000,6.600000,8.728533,0.000000,0.877260
340,13.000000,6.733333,8.738933,0.000000,0.873799
341,13.000000,6.566667,8.732000,0.000000,0.870830
342,13.000000,6.466667,8.751467,0.000000,0.868726
343,13.000000,6.466667,8.744667,0.000000,0.864268
344,13.000000,6.566667,8.733333,0.000000,0.869458
345,13.000000,6.600000,8.737867,0.000000,0.869003
346,13.000000,6.566667,8.718000,0.000000,0.870476
347,13.000000,6.700000,8.735333,0.000000,0.867390
348,13.000000,6.533333,8.740733,0.000000,0.870916
349,13.000000,6.600000,8.743467,0.033333,0.867946
350,13.000000,6.633333,8.737267,0.000000,0.862832
351,13.000000,6.633333,8.737333,0.000000,0.879952
352,13.000000,6.766667,8.731667,0.000000,0.873834
353,13.000000,6.533333,8.733733,0.000000,0.872107
354,13.000000,6.633333,8.737467,0.000000,0.873783
355,13.000000,6.566667,8.738533,0.000000,0.874026
356,13.000000,6.466667,8.735667,0.033333,0.875210
357,13.000000,6.666667,8.738733,0.000000,0.866304
358,13.000000,6.600000,8.740933,0.000000,0.871178
359,13.000000,6.466667,8.737067,0.000000,0.870537
360,13.000000,6.733333,8.745400,0.000000,0.866876
361,13.000000,6.666667,8.726333,0.000000,0.869252
362,13.000000,6.433333,8.730867,0.000000,0.875811
363,13.000000,6.666667,8.734933,0.000000,0.866879
364,13.000000,6.600000,8.740533,0.000000,0.875729
365,13.000000,6.633333,8.741867,0.000000,0.868705
366,13.000000,6.700000,8.732467,0.033333,0.876647
367,13.000000,6.633333,8.750467,0.000000,0.873616
368,13.000000,6.433333,8.727467,0.000000,0.877736
369,13.000000,6.666667,8.739333,0.000000,0.868566
370,13.000000,6.533333,8.725600,0.000000,0.870174
371,13.000000,6.600000,8.734067,0.000000,0.872734
372,13.000000,6.466667,8.738200,0.000000,0.868617
373,13.000000,6.433333,8.728200,0.000000,0.864819
374,13.000000,6.666667,8.730800,0.000000,0.872726
375,13.000000,6.533333,8.727600,0.000000,0.868753
376,13.000000,6.366667,8.726600,0.000000,0.871916
377,13.000000,6.500000,8.720733,0.000000,0.867013
378,13.000000,6.433333,8.733000,0.000000,0.867645
379,13.000000,6.733333,8.749067,0.000000,0.874823
380,13.000000,6.533333,8.743200,0.033333,0.868236
381,13.000000,6.533333,8.732600,0.000000,0.869271
382,13.000000,6.533333,8.746467,0.000000,0.868935
383,13.000000,6.533333,8.719400,0.000000,0.871405
384,13.000000,6.666667,8.732400,0.033333,0.865576
385,13.000000,6.533333,8.724533,0.000000,0.870093
386,13.000000,6.533333,8.733400,0.000000,0.877024
387,13.000000,6.600000,8.724400,0.000000,0.865583
388,13.000000,6.666667,8.730733,0.000000,0.868677
389,13.000000,6.600000,8.748067,0.000000,0.871760
390,13.000000,6.600000,8.736800,0.000000,0.868627
391,13.000000,6.600000,8.740333,0.000000,0.865932
392,13.000000,6.566667,8.724667,0.033333,0.871967
393,13.000000,6.500000,8.728733,0.000000,0.869841
394,13.000000,6.700000,8.724667,0.033333,0.869218
395,13.000000,6.666667,8.735933,0.000000,0.868304
396,13.000000,6.466667,8.730267,0.000000,0.875619
397,13.000000,6.366667,8.735600,0.000000,0.875272
398,13.000000,6.600000,8.730400,0.000000,0.870960
399,13.000000,6.633333,8.734000,0.000000,0.864980
400,13.000000,6.633333,8.739400,0.000000,0.879017
401,13.000000,6.500000,8.726467,0.000000,0.873000
402,13.000000,6.566667,8.736867,0.000000,0.864373
403,13.000000,6.433333,8.721533,0.000000,0.860954
404,13.000000,6.400000,8.717600,0.000000,0.869159
405,13.000000,6.500000,8.730133,0.000000,0.865523
406,13.000000,6.533333,8.734133,0.000000,0.878499
407,13.000000,6.600000,8.733600,0.000000,0.866417
408,13.000000,6.600000,8.727600,0.000000,0.875849
409,13.000000,6.533333,8.737400,0.000000,0.871969
410,13.000000,6.433333,8.728733,0.000000,0.874913
411,13.000000,6.600000,8.742467,0.000000,0.876719
412,13.000000,6.533333,8.738200,0.000000,0.875389
413,13.000000,6.500000,8.733333,0.000000,0.867854
414,13.000000,6.800000,8.726600,0.000000,0.859850
415,13.000000,6.500000,8.743333,0.000000,0.867274
416,13.000000,6.633333,8.728000,0.000000,0.863906
417,13.000000,6.500000,8.725800,0.000000,0.871399
418,13.000000,6.566667,8.743133,0.000000,0.873600
419,13.000000,6.533333,8.735333,0.000000,0.873184
420,13.000000,6.600000,8.724267,0.000000,0.877453
421,13.000000,6.500000,8.735467,0.000000,0.873094
422,13.000000,6.600000,8.737000,0.000000,0.874120
423,13.000000,6.500000,8.724333,0.000000,0.873345
424,13.000000,6.533333,8.735267,0.033333,0.873687
425,13.000000,6.633333,8.724933,0.000000,0.865009
426,13.000000,6.733333,8.723467,0.000000,0.873937
427,13.000000,6.700000,8.738667,0.000000,0.875720
428,13.000000,6.500000,8.737733,0.000000,0.878669
429,13.000000,6.666667,8.732733,0.000000,0.861842
430,13.000000,6.666667,8.737533,0.000000,0.871537
431,13.000000,6.533333,8.734200,0.000000,0.877859
432,13.000000,6.533333,8.720467,0.000000,0.871809
433,13.000000,6.600000,8.731200,0.000000,0.875037
434,13.000000,6.733333,8.747667,0.000000,0.871562
435,13.000000,6.500000,8.735800,0.000000,0.877684
436,13.000000,6.533333,8.728400,0.000000,0.870262
437,13.000000,6.533333,8.726800,0.000000,0.868875
438,13.000000,6.566667,8.743400,0.000000,0.873105
439,13.000000,6.666667,8.733867,0.000000,0.864650
440,13.000000,6.566667,8.744800,0.000000,0.877035
441,13.000000,6.566667,8.734867,0.000000,0.870359
442,13.000000,6.666667,8.725800,0.000000,0.872258
443,13.000000,6.700000,8.741067,0.000000,0.863574
444,13.000000,6.533333,8.729667,0.000000,0.879408
445,13.000000,6.700000,8.739667,0.000000,0.874685
446,13.000000,6.566667,8.737600,0.000000,0.867089
447,13.000000,6.600000,8.738267,0.000000,0.876492
448,13.000000,6.500000,8.724333,0.000000,0.871564
449,13.000000,6.633333,8.735733,0.000000,0.873598
450,13.000000,6.533333,8.720000,0.000000,0.866082
451,13.000000,6.400000,8.726533,0.000000,0.875223
452,13.000000,6.666667,8.733800,0.000000,0.874741
453,13.000000,6.600000,8.739800,0.000000,0.865874
454,13.000000,6.533333,8.728000,0.000000,0.874911
455,13.000000,6.700000,8.737800,0.000000,0.873719
456,13.000000,6.466667,8.733800,0.000000,0.876370
457,13.000000,6.766667,8.742067,0.000000,0.866068
458,13.000000,6.600000,8.739667,0.000000,0.875107
459,13.000000,6.633333,8.731733,0.000000,0.868146
460,13.000000,6.533333,8.720867,0.000000,0.870355
461,13.000000,6.666667,8.740600,0.000000,0.866112
462,13.000000,6.466667,8.723000,0.033333,0.875168
463,13.000000,6.700000,8.730867,0.000000,0.876272
464,13.000000,6.566667,8.738400,0.000000,0.876953
465,13.000000,6.633333,8.739067,0.000000,0.878793
466,13.000000,6.633333,8.726533,0.000000,0.867942
467,13.000000,6.766667,8.736733,0.000000,0.870481
468,13.000000,6.666667,8.738533,0.000000,0.864705
469,13.000000,6.600000,8.735867,0.000000,0.870300
470,13.000000,6.600000,8.722067,0.000000,0.859343
471,13.000000,6.633333,8.721400,0.000000,0.872163
472,13.000000,6.733333,8.734133,0.033333,0.870702
473,13.000000,6.400000,8.729600,0.000000,0.866750
474,13.000000,6.600000,8.739000,0.000000,0.867102
475,13.000000,6.566667,8.731333,0.000000,0.874798
476,13.000000,6.666667,8.731933,0.000000,0.863457
477,13.000000,6.700000,8.726400,0.000000,0.872597
478,13.000000,6.700000,8.729667,0.000000,0.875613
479,13.000000,6.733333,8.732733,0.000000,0.863088
480,13.000000,6.766667,8.732800,0.000000,0.872284
481,13.000000,6.433333,8.727867,0.000000,0.870561
482,13.000000,6.600000,8.728933,0.000000,0.874833
483,13.000000,6.433333,8.722600,0.000000,0.866221
484,13.000000,6.566667,8.732867,0.000000,0.879302
485,13.000000,6.533333,8.739333,0.000000,0.871401
486,13.000000,6.633333,8.732733,0.000000,0.867416
487,13.000000,6.700000,8.732933,0.000000,0.867428
488,13.000000,6.433333,8.724800,0.000000,0.873012
489,13.000000,6.566667,8.729600,0.000000,0.881643
490,13.000000,6.633333,8.726733,0.000000,0.873139
491,13.000000,6.566667,8.737400,0.000000,0.864227
492,13.000000,6.600000,8.734267,0.000000,0.883312
493,13.000000,6.600000,8.728267,0.000000,0.867901
494,13.000000,6.666667,8.729067,0.000000,0.873991
495,13.000000,6.466667,8.741933,0.000000,0.868572
496,13.000000,6.633333,8.746867,0.000000,0.874808
497,13.000000,6.566667,8.742200,0.000000,0.867803
498,13.000000,6.600000,8.742267,0.000000,0.871157
499,13.000000,6.633333,8.734800,0.000000,0.869589
500,13.000000,6.600000,8.731600,0.000000,0.865161
BestSdev: 0.265751, Time: 1h10m28.370823164s