gen,best,worst,mean,rep,sdev
1,10.800000,7.000000,8.782000,0.000000,0.869704
2,11.000000,6.900000,8.730667,0.000000,0.859928
3,11.033333,6.966667,8.752667,0.000000,0.886263
4,11.066667,7.100000,8.744000,0.000000,0.865863
5,11.066667,6.900000,8.710667,0.000000,0.853358
6,11.100000,6.966667,8.712000,0.000000,0.848416
7,11.100000,7.000000,8.703333,0.000000,0.861176
8,11.133333,6.933333,8.758000,0.000000,0.841596
9,11.166667,7.066667,8.742667,0.000000,0.882611
10,11.200000,6.966667,8.728667,0.000000,0.863971
11,11.266667,6.900000,8.676000,0.000000,0.855373
12,11.300000,6.966667,8.731333,0.000000,0.829866
13,11.300000,7.000000,8.760667,0.000000,0.875925
14,11.300000,6.966667,8.780000,0.000000,0.877817
15,11.333333,6.933333,8.722000,0.000000,0.874647
16,11.366667,6.933333,8.776000,0.000000,0.872840
17,11.366667,7.066667,8.726667,0.000000,0.877978
18,11.400000,6.966667,8.754667,0.000000,0.868588
19,11.433333,7.033333,8.718667,0.000000,0.851827
20,11.433333,7.033333,8.740000,0.000000,0.862803
21,11.500000,7.033333,8.742000,0.000000,0.887374
22,11.500000,6.833333,8.748000,0.000000,0.879302
23,11.566667,7.033333,8.706000,0.000000,0.863302
24,11.600000,6.966667,8.720000,0.000000,0.859604
25,11.600000,7.000000,8.757333,0.000000,0.877058
26,11.633333,7.000000,8.755333,0.000000,0.869958
27,11.666667,6.933333,8.701333,0.000000,0.845297
28,11.666667,7.033333,8.718667,0.000000,0.862705
29,11.666667,7.000000,8.722000,0.000000,0.838957
30,11.666667,6.966667,8.690667,0.000000,0.849333
31,11.666667,6.966667,8.732667,0.000000,0.841152
32,11.666667,6.966667,8.704667,0.000000,0.858653
33,11.666667,6.833333,8.723333,0.000000,0.876830
34,11.666667,7.033333,8.752667,0.000000,0.868337
35,11.700000,6.933333,8.719333,0.000000,0.877587
36,11.733333,6.966667,8.717333,0.000000,0.842396
37,11.733333,6.966667,8.731333,0.000000,0.860677
38,11.766667,6.966667,8.704667,0.000000,0.837432
39,11.766667,7.033333,8.722667,0.000000,0.863886
40,11.766667,7.033333,8.742000,0.000000,0.835150
41,11.800000,7.033333,8.734667,0.000000,0.851138
42,11.800000,7.000000,8.701333,0.000000,0.855893
43,11.800000,6.966667,8.750000,0.000000,0.849243
44,11.833333,7.000000,8.744667,0.000000,0.862486
45,11.900000,6.933333,8.732667,0.000000,0.879392
46,11.900000,6.966667,8.744000,0.000000,0.864589
47,11.900000,6.933333,8.746667,0.000000,0.858877
48,11.900000,7.000000,8.704000,0.000000,0.867531
49,11.900000,7.033333,8.793333,0.000000,0.876969
50,11.900000,7.000000,8.732667,0.000000,0.857711
51,11.900000,6.933333,8.749333,0.000000,0.846119
52,11.900000,7.000000,8.748667,0.000000,0.896247
53,11.900000,6.966667,8.704000,0.000000,0.834387
54,11.900000,6.833333,8.708000,0.000000,0.871331
55,11.900000,7.066667,8.734000,0.000000,0.852111
56,11.933333,7.000000,8.723333,0.000000,0.851704
57,11.933333,6.966667,8.704667,0.000000,0.852445
58,11.933333,7.000000,8.725333,0.000000,0.846299
59,11.933333,7.066667,8.744667,0.000000,0.851637
60,11.966667,7.000000,8.728000,0.000000,0.866424
61,11.966667,6.966667,8.742000,0.000000,0.877471
62,12.000000,7.000000,8.737333,0.000000,0.837909
63,12.000000,6.933333,8.749333,0.000000,0.862239
64,12.033333,7.000000,8.792667,0.000000,0.864670
65,12.033333,7.000000,8.688000,0.000000,0.847372
66,12.066667,6.833333,8.686667,0.000000,0.866798
67,12.100000,6.900000,8.730000,0.000000,0.864976
68,12.100000,6.966667,8.721333,0.000000,0.864269
69,12.100000,7.033333,8.772667,0.000000,0.848915
70,12.100000,7.066667,8.752000,0.000000,0.838187
71,12.100000,6.933333,8.718000,0.000000,0.845204
72,12.100000,6.900000,8.749333,0.000000,0.858577
73,12.100000,6.966667,8.754000,0.000000,0.874185
74,12.100000,6.966667,8.744000,0.000000,0.844800
75,12.100000,7.033333,8.688000,0.000000,0.856640
76,12.100000,7.100000,8.714667,0.000000,0.830313
77,12.100000,7.000000,8.748667,0.000000,0.839743
78,12.100000,7.033333,8.716667,0.000000,0.856565
79,12.133333,6.966667,8.735333,0.000000,0.883055
80,12.133333,7.000000,8.728667,0.000000,0.864508
81,12.133333,6.933333,8.722000,0.000000,0.861316
82,12.133333,7.033333,8.749333,0.000000,0.851351
83,12.133333,7.000000,8.714000,0.000000,0.850374
84,12.133333,7.033333,8.782000,0.000000,0.872761
85,12.133333,6.966667,8.758667,0.000000,0.848125
86,12.133333,7.066667,8.734000,0.000000,0.863450
87,12.133333,7.000000,8.719333,0.000000,0.878080
88,12.133333,6.966667,8.723333,0.000000,0.839631
89,12.133333,7.000000,8.734667,0.000000,0.854086
90,12.133333,7.133333,8.757333,0.000000,0.822926
91,12.133333,6.766667,8.710667,0.000000,0.862485
92,12.133333,7.000000,8.723333,0.000000,0.875449
93,12.133333,6.933333,8.762000,0.000000,0.853899
94,12.133333,6.866667,8.738000,0.000000,0.874896
95,12.133333,6.900000,8.713333,0.000000,0.879700
96,12.133333,7.033333,8.781333,0.000000,0.855281
97,12.133333,6.966667,8.733333,0.000000,0.855464
98,12.133333,6.966667,8.713333,0.000000,0.852235
99,12.133333,6.900000,8.763333,0.000000,0.887922
100,12.133333,7.000000,8.768667,0.000000,0.873589
101,12.133333,6.900000,8.704667,0.000000,0.868511
102,12.133333,6.933333,8.708000,0.000000,0.868154
103,12.133333,6.933333,8.723333,0.000000,0.843020
104,12.133333,6.966667,8.717333,0.000000,0.841921
105,12.133333,6.933333,8.769333,0.000000,0.858188
106,12.133333,6.966667,8.762000,0.000000,0.891469
107,12.133333,7.000000,8.686667,0.000000,0.837146
108,12.133333,6.933333,8.723333,0.000000,0.848566
109,12.133333,7.033333,8.728000,0.000000,0.831777
110,12.133333,7.033333,8.753333,0.000000,0.851911
111,12.133333,7.000000,8.696000,0.000000,0.834605
112,12.133333,6.966667,8.752000,0.000000,0.854783
113,12.133333,7.000000,8.744667,0.000000,0.868690
114,12.133333,7.000000,8.698667,0.000000,0.838948
115,12.133333,7.000000,8.780667,0.000000,0.882300
116,12.166667,6.966667,8.742667,0.000000,0.848352
117,12.166667,6.933333,8.729333,0.000000,0.867707
118,12.166667,6.933333,8.698667,0.000000,0.881150
119,12.200000,6.900000,8.706000,0.000000,0.869106
120,12.200000,7.000000,8.699333,0.000000,0.855965
121,12.200000,7.033333,8.742667,0.000000,0.835687
122,12.200000,7.033333,8.748000,0.000000,0.855230
123,12.200000,7.000000,8.731333,0.000000,0.875973
124,12.200000,7.033333,8.708667,0.000000,0.840002
125,12.200000,6.966667,8.739333,0.000000,0.842960
126,12.200000,6.966667,8.742667,0.000000,0.867048
127,12.200000,6.966667,8.732000,0.000000,0.851304
128,12.200000,6.966667,8.738000,0.000000,0.853913
129,12.200000,7.033333,8.728667,0.000000,0.859410
130,12.200000,6.966667,8.700000,0.000000,0.891451
131,12.200000,6.966667,8.726667,0.000000,0.855312
132,12.200000,6.966667,8.731333,0.000000,0.849245
133,12.200000,6.933333,8.708000,0.000000,0.843951
134,12.200000,6.933333,8.744667,0.000000,0.850296
135,12.200000,6.966667,8.710000,0.000000,0.860083
136,12.200000,7.000000,8.763333,0.000000,0.861247
137,12.200000,6.933333,8.736667,0.000000,0.851695
138,12.200000,7.000000,8.726667,0.000000,0.836049
139,12.200000,6.866667,8.755333,0.000000,0.870659
140,12.200000,6.900000,8.728667,0.000000,0.856441
141,12.200000,7.000000,8.693333,0.000000,0.838003
142,12.200000,7.066667,8.733333,0.000000,0.844701
143,12.200000,7.033333,8.707333,0.000000,0.842313
144,12.200000,7.000000,8.726667,0.000000,0.852889
145,12.200000,6.966667,8.739333,0.000000,0.867820
146,12.200000,7.033333,8.702667,0.000000,0.836963
147,12.200000,6.900000,8.757333,0.000000,0.875705
148,12.200000,6.900000,8.740667,0.000000,0.864644
149,12.200000,6.966667,8.746667,0.000000,0.865724
150,12.200000,7.033333,8.729333,0.000000,0.853216
151,12.200000,7.033333,8.705333,0.000000,0.861429
152,12.200000,6.900000,8.712667,0.000000,0.870015
153,12.200000,7.000000,8.772000,0.000000,0.875830
154,12.200000,7.033333,8.718000,0.000000,0.845556
155,12.200000,7.000000,8.770000,0.000000,0.851649
156,12.200000,7.000000,8.694667,0.000000,0.852930
157,12.200000,7.000000,8.730000,0.000000,0.854535
158,12.200000,6.966667,8.741333,0.000000,0.855262
159,12.200000,6.966667,8.749333,0.000000,0.875526
160,12.200000,6.900000,8.684000,0.000000,0.847695
161,12.200000,7.000000,8.731333,0.000000,0.858198
162,12.200000,7.100000,8.742667,0.000000,0.844634
163,12.200000,7.066667,8.733333,0.000000,0.856483
164,12.200000,7.000000,8.712000,0.000000,0.848466
165,12.200000,6.866667,8.701333,0.000000,0.871764
166,12.200000,6.900000,8.732667,0.000000,0.830873
167,12.200000,6.866667,8.738000,0.000000,0.852634
168,12.200000,7.033333,8.740000,0.000000,0.867908
169,12.200000,6.966667,8.706667,0.000000,0.872390
170,12.200000,6.966667,8.728667,0.000000,0.840906
171,12.200000,6.966667,8.746000,0.000000,0.859582
172,12.200000,7.000000,8.710667,0.000000,0.859082
173,12.200000,6.966667,8.718000,0.000000,0.869313
174,12.200000,7.000000,8.732667,0.000000,0.861908
175,12.200000,7.000000,8.766667,0.000000,0.869626
176,12.200000,6.966667,8.742667,0.000000,0.873151
177,12.200000,7.066667,8.718000,0.000000,0.852053
178,12.200000,6.966667,8.764667,0.000000,0.861054
179,12.200000,6.966667,8.706667,0.000000,0.832518
180,12.200000,7.033333,8.732000,0.000000,0.837281
181,12.200000,6.933333,8.764000,0.000000,0.866902
182,12.200000,7.033333,8.716000,0.000000,0.860720
183,12.200000,7.033333,8.678667,0.000000,0.845468
184,12.200000,6.933333,8.707333,0.000000,0.866138
185,12.200000,7.066667,8.770667,0.000000,0.869113
186,12.200000,6.966667,8.728667,0.000000,0.876264
187,12.200000,7.100000,8.744667,0.000000,0.850813
188,12.200000,7.066667,8.739333,0.000000,0.838932
189,12.200000,7.000000,8.735333,0.000000,0.867886
190,12.200000,7.000000,8.733333,0.000000,0.862655
191,12.200000,7.100000,8.752667,0.000000,0.856435
192,12.200000,6.900000,8.734000,0.000000,0.870015
193,12.200000,6.933333,8.742667,0.000000,0.846113
194,12.200000,7.100000,8.752000,0.000000,0.851187
195,12.233333,6.933333,8.726000,0.000000,0.884284
196,12.233333,7.033333,8.746000,0.000000,0.853266
197,12.233333,6.966667,8.762667,0.000000,0.846598
198,12.233333,6.900000,8.728000,0.000000,0.869426
199,12.233333,7.033333,8.750667,0.000000,0.824661
200,12.233333,7.100000,8.749333,0.000000,0.860026
BestSdev: 0.316283, Time: 4m2.207714082s