gen,best,worst,mean,rep,sdev
1,11.533333,6.633333,8.732400,0.000000,0.878308
2,11.600000,6.533333,8.728400,0.000000,0.875189
3,11.666667,6.566667,8.727667,0.000000,0.869102
4,11.900000,6.700000,8.732933,0.000000,0.864616
5,12.100000,6.666667,8.735600,0.000000,0.880049
6,12.100000,6.566667,8.723600,0.000000,0.873065
7,12.100000,6.600000,8.732600,0.000000,0.873596
8,12.100000,6.633333,8.737933,0.000000,0.865190
9,12.100000,6.666667,8.744733,0.000000,0.878224
10,12.100000,6.400000,8.718667,0.000000,0.871978
11,12.133333,6.633333,8.726667,0.000000,0.868868
12,12.133333,6.700000,8.742200,0.000000,0.866639
13,12.133333,6.466667,8.727867,0.000000,0.869206
14,12.133333,6.600000,8.730200,0.000000,0.863942
15,12.166667,6.533333,8.733333,0.033333,0.872445
16,12.200000,6.600000,8.728533,0.000000,0.865841
17,12.200000,6.533333,8.736133,0.000000,0.872203
18,12.200000,6.466667,8.732333,0.000000,0.877731
19,12.200000,6.533333,8.737267,0.000000,0.868552
20,12.200000,6.433333,8.740467,0.033333,0.873361
21,12.200000,6.433333,8.736667,0.000000,0.870009
22,12.200000,6.800000,8.746600,0.000000,0.868717
23,12.200000,6.433333,8.725467,0.000000,0.869187
24,12.200000,6.666667,8.737200,0.000000,0.862366
25,12.233333,6.666667,8.734733,0.033333,0.866827
26,12.233333,6.566667,8.721200,0.000000,0.862176
27,12.233333,6.466667,8.725067,0.000000,0.865700
28,12.233333,6.800000,8.727267,0.000000,0.869548
29,12.233333,6.533333,8.739933,0.033333,0.867342
30,12.233333,6.566667,8.726800,0.000000,0.876442
31,12.233333,6.600000,8.735000,0.000000,0.869772
32,12.233333,6.666667,8.728733,0.000000,0.872594
33,12.233333,6.600000,8.736733,0.000000,0.874461
34,12.233333,6.500000,8.730467,0.000000,0.876215
35,12.233333,6.666667,8.727267,0.000000,0.874357
36,12.266667,6.500000,8.721133,0.000000,0.863325
37,12.266667,6.633333,8.730467,0.000000,0.864447
38,12.266667,6.600000,8.716600,0.000000,0.876913
39,12.266667,6.433333,8.729000,0.000000,0.876625
40,12.266667,6.433333,8.725933,0.000000,0.880074
41,12.266667,6.666667,8.732800,0.000000,0.874308
42,12.266667,6.566667,8.736467,0.000000,0.879936
43,12.266667,6.733333,8.722467,0.000000,0.868636
44,12.266667,6.666667,8.738400,0.000000,0.880745
45,12.266667,6.500000,8.735867,0.000000,0.873275
46,12.300000,6.600000,8.737733,0.000000,0.883641
47,12.300000,6.600000,8.727600,0.000000,0.865527
48,12.300000,6.600000,8.726067,0.000000,0.872986
49,12.300000,6.700000,8.730867,0.000000,0.874756
50,12.333333,6.666667,8.737133,0.000000,0.871276
BestSdev: 0.163165, Time: 8m58.348781265s