gen,best,worst,mean,rep,sdev
1,10.766667,6.966667,8.772667,0.000000,0.860714
2,11.000000,7.000000,8.745333,0.000000,0.865625
3,11.066667,7.033333,8.715333,0.000000,0.869103
4,11.100000,7.066667,8.751333,0.000000,0.843561
5,11.133333,7.033333,8.721333,0.000000,0.849897
6,11.133333,7.000000,8.738000,0.000000,0.883061
7,11.133333,7.000000,8.722667,0.000000,0.856110
8,11.133333,7.033333,8.751333,0.000000,0.860270
9,11.200000,7.033333,8.744667,0.000000,0.867081
10,11.200000,6.966667,8.733333,0.000000,0.845103
11,11.233333,7.000000,8.735333,0.000000,0.853636
12,11.366667,7.033333,8.733333,0.000000,0.842323
13,11.400000,6.966667,8.769333,0.000000,0.855202
14,11.400000,6.933333,8.705333,0.000000,0.860281
15,11.433333,7.033333,8.728667,0.000000,0.845368
16,11.433333,6.866667,8.697333,0.000000,0.854545
17,11.433333,7.000000,8.744667,0.000000,0.859205
18,11.433333,7.033333,8.686667,0.000000,0.834780
19,11.466667,6.966667,8.703333,0.000000,0.866304
20,11.566667,6.866667,8.716667,0.000000,0.867305
21,11.566667,7.033333,8.757333,0.000000,0.865852
22,11.566667,6.966667,8.736667,0.000000,0.875539
23,11.633333,6.933333,8.740667,0.000000,0.864665
24,11.633333,6.933333,8.760000,0.000000,0.862781
25,11.633333,7.033333,8.754000,0.000000,0.881881
26,11.633333,6.933333,8.738000,0.000000,0.855468
27,11.633333,7.100000,8.752667,0.000000,0.829925
28,11.666667,7.033333,8.739333,0.000000,0.854520
29,11.700000,7.033333,8.698667,0.000000,0.867768
30,11.766667,7.000000,8.771333,0.000000,0.869985
31,11.766667,7.033333,8.745333,0.000000,0.857408
32,11.766667,6.933333,8.737333,0.000000,0.868252
33,11.800000,6.933333,8.696667,0.000000,0.870308
34,11.800000,6.966667,8.725333,0.000000,0.843249
35,11.866667,7.100000,8.750000,0.000000,0.853202
36,11.866667,6.900000,8.717333,0.000000,0.859427
37,11.866667,6.966667,8.734667,0.000000,0.883745
38,11.900000,7.033333,8.742000,0.000000,0.865122
39,11.900000,6.966667,8.728000,0.000000,0.874007
40,11.933333,7.033333,8.752667,0.000000,0.848396
41,11.933333,6.966667,8.733333,0.000000,0.890171
42,11.933333,6.933333,8.720000,0.000000,0.870524
43,11.933333,6.933333,8.746000,0.000000,0.879614
44,11.933333,7.000000,8.713333,0.000000,0.856936
45,11.966667,7.000000,8.736667,0.000000,0.872995
46,11.966667,7.066667,8.739333,0.000000,0.829530
47,11.966667,6.933333,8.754000,0.000000,0.886864
48,11.966667,7.066667,8.704000,0.000000,0.848543
49,11.966667,6.966667,8.740667,0.000000,0.876876
50,12.000000,6.966667,8.739333,0.000000,0.868215
BestSdev: 0.320642, Time: 57.500867661s