gen,best,worst,mean,rep,sdev
1,11.100000,6.800000,8.735333,0.000000,0.873058
2,11.200000,6.766667,8.726167,0.000000,0.876213
3,11.300000,6.800000,8.735333,0.000000,0.867716
4,11.466667,6.833333,8.732000,0.000000,0.868498
5,11.600000,6.800000,8.728333,0.000000,0.881009
6,11.700000,6.700000,8.722500,0.000000,0.869488
7,11.766667,6.733333,8.743000,0.000000,0.856730
8,11.766667,6.733333,8.728333,0.000000,0.872058
9,11.833333,6.800000,8.723833,0.000000,0.858705
10,11.900000,6.766667,8.737667,0.000000,0.864782
11,11.966667,6.666667,8.741333,0.000000,0.876287
12,11.966667,6.833333,8.744000,0.000000,0.880093
13,11.966667,6.666667,8.731167,0.000000,0.868053
14,11.966667,6.733333,8.726833,0.000000,0.871433
15,12.000000,6.800000,8.745500,0.000000,0.871304
16,12.000000,6.766667,8.692667,0.000000,0.868403
17,12.000000,6.800000,8.729000,0.000000,0.877148
18,12.000000,6.633333,8.719500,0.000000,0.881655
19,12.000000,6.866667,8.739333,0.000000,0.876576
20,12.033333,6.900000,8.738333,0.000000,0.873737
21,12.033333,6.866667,8.738000,0.000000,0.862322
22,12.033333,6.833333,8.750667,0.000000,0.864961
23,12.033333,6.933333,8.746833,0.000000,0.875357
24,12.033333,6.866667,8.749667,0.000000,0.874806
25,12.033333,6.700000,8.729833,0.000000,0.866534
26,12.033333,6.833333,8.736333,0.000000,0.866874
27,12.066667,6.800000,8.726333,0.000000,0.864731
28,12.066667,6.733333,8.741167,0.000000,0.873648
29,12.066667,6.800000,8.728333,0.000000,0.870825
30,12.066667,6.700000,8.729333,0.000000,0.866483
31,12.066667,6.800000,8.738000,0.000000,0.866529
32,12.100000,6.833333,8.736000,0.000000,0.866480
33,12.100000,6.666667,8.720833,0.000000,0.866878
34,12.100000,6.666667,8.737167,0.000000,0.875407
35,12.100000,6.900000,8.725833,0.000000,0.858122
36,12.100000,6.900000,8.744333,0.000000,0.860167
37,12.100000,6.766667,8.728167,0.000000,0.872272
38,12.100000,6.866667,8.750000,0.000000,0.871370
39,12.100000,6.733333,8.739167,0.000000,0.875913
40,12.100000,6.800000,8.738500,0.000000,0.854316
41,12.100000,6.833333,8.730667,0.000000,0.868308
42,12.100000,6.666667,8.734000,0.000000,0.880886
43,12.133333,6.866667,8.743667,0.000000,0.876775
44,12.133333,6.833333,8.738833,0.000000,0.861941
45,12.133333,6.833333,8.732667,0.000000,0.864837
46,12.133333,6.800000,8.728000,0.000000,0.872904
47,12.133333,6.766667,8.721667,0.000000,0.880983
48,12.133333,6.766667,8.737333,0.000000,0.873149
49,12.133333,6.800000,8.715000,0.000000,0.867024
50,12.133333,6.766667,8.723167,0.000000,0.865194
51,12.133333,6.900000,8.748833,0.000000,0.869825
52,12.133333,6.700000,8.733333,0.000000,0.873088
53,12.133333,6.600000,8.723333,0.000000,0.882232
54,12.133333,6.766667,8.708167,0.000000,0.863604
55,12.133333,6.766667,8.738333,0.000000,0.868551
56,12.133333,6.766667,8.738167,0.000000,0.866371
57,12.133333,6.833333,8.737167,0.000000,0.880689
58,12.133333,6.733333,8.726833,0.000000,0.852956
59,12.133333,6.733333,8.716167,0.000000,0.881675
60,12.133333,6.866667,8.741167,0.000000,0.875116
61,12.133333,6.766667,8.725000,0.000000,0.860115
62,12.133333,6.833333,8.724833,0.000000,0.866302
63,12.133333,6.933333,8.732667,0.000000,0.859897
64,12.133333,6.866667,8.729500,0.000000,0.860028
65,12.133333,6.733333,8.740000,0.000000,0.865632
66,12.133333,6.900000,8.747333,0.000000,0.861320
67,12.133333,6.766667,8.717667,0.000000,0.865258
68,12.133333,6.866667,8.742167,0.000000,0.868928
69,12.133333,6.733333,8.728500,0.000000,0.865388
70,12.133333,6.800000,8.718000,0.000000,0.864472
71,12.133333,6.866667,8.735333,0.000000,0.864723
72,12.133333,6.700000,8.720000,0.000000,0.872638
73,12.133333,6.933333,8.719333,0.000000,0.876385
74,12.133333,6.833333,8.721167,0.000000,0.856795
75,12.166667,6.666667,8.750333,0.000000,0.871046
76,12.166667,6.966667,8.748000,0.000000,0.871342
77,12.166667,6.866667,8.720167,0.000000,0.868208
78,12.166667,6.800000,8.731333,0.000000,0.877183
79,12.166667,6.866667,8.743333,0.000000,0.866720
80,12.166667,6.733333,8.741000,0.000000,0.866976
81,12.166667,6.800000,8.723000,0.000000,0.852878
82,12.166667,6.800000,8.752667,0.000000,0.865344
83,12.166667,6.933333,8.740833,0.000000,0.864227
84,12.166667,6.800000,8.744500,0.000000,0.868998
85,12.166667,6.833333,8.720333,0.000000,0.875862
86,12.166667,6.900000,8.752000,0.000000,0.878522
87,12.166667,6.866667,8.732500,0.000000,0.871774
88,12.200000,6.700000,8.731500,0.000000,0.875025
89,12.200000,6.866667,8.754333,0.000000,0.870021
90,12.200000,6.766667,8.722500,0.000000,0.853348
91,12.200000,6.833333,8.741333,0.000000,0.888570
92,12.200000,6.766667,8.749667,0.000000,0.872822
93,12.200000,6.800000,8.730833,0.000000,0.870756
94,12.200000,6.866667,8.743167,0.000000,0.855410
95,12.200000,6.866667,8.717333,0.000000,0.868680
96,12.200000,6.933333,8.730167,0.000000,0.859023
97,12.200000,6.866667,8.729500,0.000000,0.861089
98,12.200000,6.833333,8.735000,0.000000,0.867761
99,12.200000,6.900000,8.729333,0.000000,0.868848
100,12.200000,6.933333,8.722500,0.000000,0.872548
101,12.200000,6.766667,8.733500,0.000000,0.867742
102,12.200000,6.866667,8.732833,0.000000,0.865753
103,12.200000,6.866667,8.736000,0.000000,0.871893
104,12.233333,6.800000,8.723667,0.000000,0.861809
105,12.233333,6.800000,8.738167,0.000000,0.873203
106,12.266667,6.766667,8.731667,0.000000,0.860040
107,12.266667,6.866667,8.712833,0.000000,0.864877
108,12.266667,6.800000,8.708333,0.000000,0.873625
109,12.266667,6.900000,8.728167,0.000000,0.877621
110,12.266667,6.766667,8.755500,0.000000,0.868449
111,12.266667,6.900000,8.733333,0.000000,0.864396
112,12.266667,6.500000,8.746167,0.000000,0.871648
113,12.266667,6.900000,8.736833,0.000000,0.873773
114,12.266667,6.833333,8.727167,0.000000,0.865301
115,12.266667,6.933333,8.724667,0.000000,0.867334
116,12.266667,6.900000,8.734167,0.000000,0.870819
117,12.266667,6.600000,8.730167,0.000000,0.874713
118,12.266667,6.766667,8.723667,0.000000,0.882106
119,12.266667,6.766667,8.731000,0.000000,0.881403
120,12.266667,6.866667,8.724667,0.000000,0.870472
121,12.266667,6.766667,8.764000,0.000000,0.875202
122,12.266667,6.766667,8.723000,0.000000,0.873830
123,12.266667,6.933333,8.733333,0.000000,0.880853
124,12.266667,6.700000,8.718500,0.000000,0.871067
125,12.266667,6.733333,8.738167,0.000000,0.870130
126,12.300000,6.800000,8.738500,0.000000,0.876361
127,12.300000,7.000000,8.736333,0.000000,0.862317
128,12.300000,6.800000,8.733000,0.000000,0.866628
129,12.300000,6.733333,8.734667,0.000000,0.880460
130,12.300000,6.866667,8.729833,0.000000,0.862162
131,12.300000,6.733333,8.729667,0.000000,0.870933
132,12.300000,6.666667,8.726333,0.000000,0.865740
133,12.366667,6.933333,8.731333,0.000000,0.867784
134,12.366667,6.800000,8.747167,0.000000,0.872216
135,12.366667,6.900000,8.730500,0.000000,0.880367
136,12.366667,6.766667,8.741167,0.000000,0.882009
137,12.366667,6.800000,8.746833,0.000000,0.880016
138,12.366667,6.766667,8.730000,0.000000,0.878488
139,12.366667,6.800000,8.726833,0.000000,0.865310
140,12.366667,6.866667,8.724667,0.000000,0.874272
141,12.366667,6.733333,8.740667,0.000000,0.862597
142,12.400000,6.833333,8.746500,0.000000,0.862972
143,12.433333,7.000000,8.751000,0.000000,0.864871
144,12.433333,6.800000,8.731833,0.000000,0.863537
145,12.433333,6.866667,8.720000,0.000000,0.866883
146,12.433333,6.766667,8.733167,0.033333,0.872514
147,12.433333,6.766667,8.725167,0.000000,0.864189
148,12.433333,6.866667,8.714333,0.000000,0.868800
149,12.433333,6.733333,8.731000,0.000000,0.863488
150,12.433333,6.833333,8.728667,0.000000,0.868218
151,12.433333,6.733333,8.745167,0.000000,0.874340
152,12.433333,6.766667,8.726000,0.000000,0.852702
153,12.433333,6.833333,8.732667,0.000000,0.860700
154,12.433333,6.833333,8.740833,0.000000,0.881054
155,12.433333,6.833333,8.725000,0.000000,0.878504
156,12.433333,6.900000,8.757167,0.000000,0.873303
157,12.433333,6.800000,8.718500,0.000000,0.868298
158,12.433333,6.600000,8.719500,0.000000,0.878582
159,12.433333,6.733333,8.737167,0.000000,0.871609
160,12.433333,6.733333,8.732333,0.000000,0.856526
161,12.433333,6.733333,8.726667,0.000000,0.868448
162,12.433333,6.800000,8.713000,0.000000,0.868054
163,12.433333,6.700000,8.743000,0.000000,0.853531
164,12.433333,6.833333,8.736833,0.000000,0.873947
165,12.433333,6.800000,8.741833,0.000000,0.870725
166,12.433333,6.900000,8.724000,0.000000,0.862947
167,12.466667,6.833333,8.731167,0.000000,0.880430
168,12.466667,6.766667,8.735000,0.000000,0.874667
169,12.466667,6.666667,8.733667,0.000000,0.869943
170,12.466667,6.866667,8.745333,0.000000,0.857785
171,12.466667,6.866667,8.717667,0.000000,0.860836
172,12.466667,6.966667,8.738000,0.000000,0.856400
173,12.466667,6.733333,8.742500,0.000000,0.866179
174,12.466667,6.833333,8.716500,0.000000,0.869731
175,12.466667,6.833333,8.716500,0.000000,0.850663
176,12.466667,6.766667,8.739833,0.000000,0.876998
177,12.466667,6.800000,8.730500,0.000000,0.873839
178,12.466667,6.833333,8.719167,0.000000,0.875175
179,12.466667,6.866667,8.737667,0.000000,0.874932
180,12.466667,6.900000,8.720167,0.000000,0.867659
181,12.466667,6.966667,8.741000,0.000000,0.863379
182,12.466667,6.900000,8.739000,0.000000,0.875821
183,12.466667,6.900000,8.732833,0.000000,0.863478
184,12.466667,6.700000,8.745333,0.000000,0.889124
185,12.466667,6.833333,8.753833,0.000000,0.867259
186,12.466667,6.700000,8.737167,0.000000,0.880652
187,12.466667,6.700000,8.716500,0.000000,0.869887
188,12.466667,6.633333,8.744500,0.000000,0.883470
189,12.466667,6.733333,8.725500,0.000000,0.891091
190,12.466667,6.733333,8.752500,0.000000,0.877461
191,12.466667,6.633333,8.721667,0.000000,0.873806
192,12.466667,6.833333,8.703500,0.000000,0.866939
193,12.466667,6.866667,8.734000,0.000000,0.877341
194,12.466667,6.833333,8.728000,0.000000,0.859529
195,12.466667,6.800000,8.706000,0.000000,0.864024
196,12.466667,6.933333,8.750333,0.000000,0.875115
197,12.466667,6.766667,8.735333,0.000000,0.875387
198,12.466667,6.766667,8.721500,0.000000,0.875687
199,12.466667,6.800000,8.733333,0.000000,0.861168
200,12.466667,6.733333,8.724000,0.000000,0.866009
201,12.466667,6.666667,8.735333,0.000000,0.870262
202,12.466667,6.766667,8.727167,0.000000,0.867835
203,12.466667,6.766667,8.731000,0.000000,0.871562
204,12.466667,6.833333,8.737833,0.000000,0.873661
205,12.466667,6.900000,8.730833,0.000000,0.874622
206,12.466667,6.833333,8.726667,0.000000,0.870335
207,12.466667,6.833333,8.737000,0.000000,0.870624
208,12.466667,6.866667,8.719500,0.000000,0.862848
209,12.466667,6.800000,8.739333,0.000000,0.880444
210,12.466667,6.633333,8.732667,0.000000,0.891987
211,12.466667,6.866667,8.709333,0.000000,0.866640
212,12.466667,6.900000,8.737167,0.000000,0.866339
213,12.466667,6.900000,8.733500,0.000000,0.864656
214,12.466667,6.766667,8.716000,0.000000,0.860138
215,12.466667,6.833333,8.729833,0.000000,0.854716
216,12.466667,6.800000,8.744000,0.000000,0.874482
217,12.466667,6.800000,8.739333,0.000000,0.865945
218,12.466667,6.833333,8.738500,0.000000,0.875470
219,12.466667,6.966667,8.721333,0.000000,0.872511
220,12.466667,6.766667,8.740667,0.000000,0.865635
221,12.466667,6.733333,8.740500,0.000000,0.880057
222,12.466667,6.766667,8.737667,0.000000,0.880083
223,12.466667,6.800000,8.753167,0.000000,0.865345
224,12.466667,6.833333,8.722000,0.000000,0.877246
225,12.466667,6.666667,8.704000,0.000000,0.869076
226,12.466667,6.666667,8.744667,0.000000,0.882283
227,12.466667,6.866667,8.733833,0.000000,0.856544
228,12.466667,6.900000,8.740833,0.000000,0.866067
229,12.466667,6.733333,8.721000,0.000000,0.884858
230,12.466667,6.900000,8.724167,0.000000,0.867852
231,12.466667,6.733333,8.728000,0.000000,0.855467
232,12.466667,6.666667,8.731667,0.000000,0.870479
233,12.466667,6.766667,8.737167,0.000000,0.861710
234,12.466667,6.833333,8.737667,0.000000,0.858285
235,12.466667,6.666667,8.721167,0.000000,0.871857
236,12.466667,6.733333,8.734000,0.000000,0.876858
237,12.466667,6.866667,8.741167,0.000000,0.862898
238,12.466667,6.800000,8.734333,0.000000,0.864399
239,12.466667,6.800000,8.729333,0.000000,0.863703
240,12.466667,6.800000,8.728667,0.000000,0.865657
241,12.466667,6.833333,8.755333,0.000000,0.877903
242,12.466667,6.733333,8.717500,0.000000,0.864096
243,12.466667,6.900000,8.747333,0.000000,0.873462
244,12.466667,6.900000,8.734500,0.000000,0.866100
245,12.466667,6.766667,8.720833,0.000000,0.867303
246,12.466667,6.766667,8.739333,0.000000,0.881132
247,12.466667,6.800000,8.735500,0.000000,0.874127
248,12.466667,6.666667,8.748333,0.000000,0.870619
249,12.466667,6.933333,8.736000,0.000000,0.870044
250,12.466667,6.866667,8.731500,0.000000,0.870353
251,12.466667,6.866667,8.738333,0.000000,0.874314
252,12.466667,6.733333,8.720667,0.000000,0.861377
253,12.500000,6.800000,8.710667,0.000000,0.873855
254,12.500000,6.833333,8.722333,0.000000,0.868066
255,12.500000,6.833333,8.739000,0.000000,0.874402
256,12.500000,6.600000,8.737167,0.000000,0.874451
257,12.500000,6.766667,8.747667,0.000000,0.861374
258,12.500000,6.766667,8.725833,0.000000,0.869815
259,12.500000,6.700000,8.735500,0.000000,0.885689
260,12.500000,6.800000,8.746000,0.000000,0.868299
261,12.500000,6.766667,8.732333,0.000000,0.869007
262,12.500000,6.800000,8.741000,0.000000,0.858671
263,12.500000,6.766667,8.738167,0.000000,0.872288
264,12.500000,6.933333,8.742500,0.000000,0.874375
265,12.500000,6.733333,8.740000,0.000000,0.882581
266,12.500000,6.666667,8.762833,0.000000,0.870404
267,12.500000,6.833333,8.737667,0.000000,0.864850
268,12.500000,6.833333,8.731333,0.000000,0.865755
269,12.533333,6.733333,8.719667,0.000000,0.868644
270,12.533333,6.833333,8.733667,0.000000,0.861990
271,12.533333,6.866667,8.742667,0.000000,0.863921
272,12.533333,6.766667,8.743333,0.000000,0.858275
273,12.533333,6.700000,8.738333,0.000000,0.868953
274,12.533333,6.866667,8.739500,0.000000,0.861469
275,12.533333,6.833333,8.743333,0.000000,0.866294
276,12.533333,6.833333,8.753833,0.000000,0.851757
277,12.533333,6.833333,8.731500,0.000000,0.872243
278,12.533333,6.833333,8.760000,0.000000,0.854596
279,12.533333,6.766667,8.729667,0.000000,0.862846
280,12.533333,6.533333,8.732667,0.000000,0.871716
281,12.533333,6.766667,8.723500,0.000000,0.851574
282,12.533333,6.766667,8.737500,0.000000,0.868830
283,12.533333,6.866667,8.731500,0.000000,0.876043
284,12.533333,6.833333,8.739667,0.000000,0.868898
285,12.533333,6.866667,8.736333,0.000000,0.864409
286,12.533333,6.900000,8.730667,0.000000,0.859850
287,12.533333,6.733333,8.729167,0.000000,0.876217
288,12.533333,6.600000,8.754000,0.000000,0.875530
289,12.533333,6.833333,8.741500,0.000000,0.873948
290,12.533333,6.866667,8.743000,0.000000,0.870116
291,12.533333,6.800000,8.723000,0.000000,0.858495
292,12.533333,6.766667,8.729333,0.000000,0.867745
293,12.533333,6.833333,8.731667,0.000000,0.870055
294,12.533333,6.733333,8.730667,0.000000,0.877872
295,12.533333,6.833333,8.742167,0.000000,0.851436
296,12.533333,6.766667,8.710333,0.000000,0.874232
297,12.533333,6.733333,8.738333,0.000000,0.884156
298,12.533333,6.733333,8.721500,0.000000,0.874592
299,12.533333,6.866667,8.745667,0.000000,0.860469
300,12.533333,6.900000,8.750667,0.000000,0.862688
301,12.533333,6.800000,8.743333,0.000000,0.866935
302,12.533333,6.833333,8.747500,0.000000,0.867295
303,12.533333,6.700000,8.737333,0.000000,0.871487
304,12.533333,6.833333,8.750667,0.000000,0.874026
305,12.533333,6.800000,8.722667,0.000000,0.872211
306,12.533333,6.700000,8.742167,0.000000,0.867880
307,12.533333,6.766667,8.727167,0.000000,0.864733
308,12.533333,6.866667,8.721667,0.000000,0.859580
309,12.533333,6.800000,8.708833,0.000000,0.873772
310,12.533333,6.800000,8.725500,0.000000,0.880159
311,12.533333,6.766667,8.735667,0.000000,0.879688
312,12.533333,6.766667,8.726000,0.000000,0.867148
313,12.533333,6.733333,8.727333,0.000000,0.861827
314,12.533333,6.633333,8.735667,0.000000,0.873806
315,12.533333,6.700000,8.728333,0.000000,0.849429
316,12.533333,6.733333,8.732667,0.000000,0.869396
317,12.533333,6.766667,8.741833,0.000000,0.862288
318,12.533333,6.766667,8.744500,0.000000,0.862522
319,12.533333,6.733333,8.737667,0.000000,0.874786
320,12.533333,6.900000,8.722500,0.000000,0.884725
321,12.533333,6.833333,8.731333,0.000000,0.873755
322,12.533333,6.766667,8.733167,0.000000,0.858428
323,12.533333,6.933333,8.740667,0.000000,0.856181
324,12.533333,6.766667,8.745333,0.000000,0.871717
325,12.533333,6.966667,8.745667,0.000000,0.858165
326,12.533333,6.733333,8.742000,0.000000,0.869394
327,12.566667,6.866667,8.751833,0.000000,0.885396
328,12.566667,6.800000,8.733833,0.000000,0.866983
329,12.566667,6.800000,8.746333,0.000000,0.894644
330,12.566667,6.833333,8.719667,0.000000,0.874663
331,12.566667,6.833333,8.749000,0.000000,0.862954
332,12.566667,6.733333,8.711167,0.000000,0.863737
333,12.566667,6.766667,8.736667,0.000000,0.872298
334,12.566667,6.833333,8.743667,0.000000,0.869964
335,12.566667,6.866667,8.746333,0.000000,0.857564
336,12.566667,6.866667,8.723167,0.000000,0.860301
337,12.566667,6.800000,8.726000,0.000000,0.859276
338,12.566667,6.633333,8.742500,0.000000,0.881636
339,12.566667,6.733333,8.744667,0.000000,0.864845
340,12.566667,6.833333,8.717500,0.000000,0.876554
341,12.600000,6.866667,8.726000,0.000000,0.867093
342,12.600000,6.933333,8.730500,0.000000,0.880467
343,12.600000,6.800000,8.732000,0.000000,0.878874
344,12.600000,6.833333,8.735167,0.000000,0.868335
345,12.600000,6.866667,8.741833,0.000000,0.868107
346,12.600000,6.800000,8.731333,0.000000,0.874506
347,12.600000,6.733333,8.746667,0.000000,0.874031
348,12.600000,6.766667,8.726167,0.000000,0.874679
349,12.600000,6.866667,8.736167,0.000000,0.878439
350,12.600000,6.900000,8.742500,0.000000,0.865375
351,12.600000,6.833333,8.741833,0.000000,0.873224
352,12.600000,6.766667,8.741833,0.000000,0.871571
353,12.600000,6.766667,8.731333,0.000000,0.873716
354,12.600000,6.866667,8.727167,0.000000,0.878864
355,12.600000,6.800000,8.740333,0.000000,0.869551
356,12.600000,6.800000,8.722667,0.000000,0.876794
357,12.600000,6.666667,8.742500,0.000000,0.864382
358,12.600000,6.666667,8.720667,0.000000,0.861299
359,12.600000,6.700000,8.733000,0.000000,0.875190
360,12.600000,6.800000,8.721333,0.000000,0.871754
361,12.600000,6.933333,8.737833,0.000000,0.850118
362,12.600000,6.833333,8.740333,0.000000,0.869319
363,12.600000,6.733333,8.716500,0.000000,0.873692
364,12.600000,6.700000,8.729333,0.000000,0.878029
365,12.600000,6.733333,8.740833,0.033333,0.878497
366,12.600000,6.666667,8.718667,0.000000,0.861520
367,12.600000,6.866667,8.743000,0.000000,0.870925
368,12.600000,6.866667,8.727333,0.000000,0.861902
369,12.600000,6.733333,8.716000,0.000000,0.857794
370,12.600000,6.766667,8.706833,0.000000,0.881253
371,12.633333,6.666667,8.729333,0.000000,0.876476
372,12.633333,6.766667,8.743833,0.000000,0.868522
373,12.633333,6.866667,8.722833,0.000000,0.853529
374,12.633333,6.600000,8.723500,0.000000,0.876207
375,12.633333,6.800000,8.733000,0.000000,0.868551
376,12.633333,6.833333,8.749667,0.000000,0.878700
377,12.633333,6.866667,8.736000,0.000000,0.861077
378,12.633333,6.666667,8.721333,0.000000,0.874975
379,12.633333,6.700000,8.740333,0.000000,0.865927
380,12.633333,6.700000,8.744000,0.000000,0.870762
381,12.633333,6.733333,8.723167,0.000000,0.868489
382,12.633333,6.933333,8.744333,0.000000,0.860919
383,12.666667,6.666667,8.755167,0.000000,0.866773
384,12.666667,6.766667,8.720167,0.000000,0.878126
385,12.666667,6.933333,8.720167,0.000000,0.846464
386,12.666667,6.800000,8.719500,0.000000,0.877330
387,12.666667,6.833333,8.725667,0.000000,0.868070
388,12.666667,6.800000,8.743833,0.000000,0.867074
389,12.666667,6.866667,8.741333,0.000000,0.856505
390,12.666667,6.833333,8.738500,0.000000,0.879491
391,12.666667,6.766667,8.720333,0.000000,0.883980
392,12.666667,6.766667,8.741167,0.000000,0.882700
393,12.666667,6.900000,8.736167,0.000000,0.862228
394,12.666667,6.766667,8.736000,0.000000,0.876765
395,12.666667,6.800000,8.730667,0.000000,0.874569
396,12.666667,6.766667,8.713500,0.000000,0.864572
397,12.666667,6.866667,8.736500,0.000000,0.868902
398,12.666667,6.833333,8.716667,0.000000,0.864934
399,12.666667,6.766667,8.740167,0.000000,0.870879
400,12.666667,6.733333,8.734500,0.000000,0.858825
401,12.666667,6.833333,8.726333,0.000000,0.860140
402,12.666667,6.766667,8.731000,0.000000,0.854924
403,12.700000,6.933333,8.734833,0.000000,0.874813
404,12.700000,6.833333,8.738667,0.000000,0.876051
405,12.700000,6.766667,8.728667,0.000000,0.862788
406,12.700000,6.733333,8.735500,0.000000,0.869036
407,12.700000,6.833333,8.742833,0.000000,0.870206
408,12.700000,6.800000,8.733833,0.000000,0.858901
409,12.700000,6.600000,8.731333,0.000000,0.874807
410,12.700000,6.800000,8.726000,0.000000,0.865671
411,12.700000,6.733333,8.729667,0.000000,0.879942
412,12.700000,6.833333,8.742000,0.000000,0.852673
413,12.700000,6.766667,8.707667,0.000000,0.871168
414,12.700000,6.833333,8.751667,0.000000,0.853476
415,12.700000,6.733333,8.739167,0.000000,0.862648
416,12.700000,6.800000,8.718333,0.000000,0.872524
417,12.700000,6.800000,8.733667,0.000000,0.868676
418,12.700000,6.766667,8.726667,0.000000,0.861426
419,12.700000,6.900000,8.729000,0.000000,0.856286
420,12.700000,6.766667,8.728333,0.000000,0.872020
421,12.700000,6.833333,8.745500,0.000000,0.875315
422,12.700000,6.833333,8.737833,0.000000,0.854673
423,12.700000,6.766667,8.728833,0.000000,0.868823
424,12.700000,6.800000,8.745167,0.000000,0.875320
425,12.700000,6.666667,8.727000,0.000000,0.854769
426,12.700000,6.900000,8.736333,0.000000,0.889238
427,12.700000,6.766667,8.748000,0.000000,0.872605
428,12.700000,6.766667,8.753833,0.000000,0.867963
429,12.700000,6.800000,8.728333,0.000000,0.852369
430,12.733333,6.800000,8.739833,0.000000,0.865151
431,12.733333,6.800000,8.731833,0.000000,0.866532
432,12.733333,6.733333,8.756000,0.000000,0.876276
433,12.733333,6.766667,8.728333,0.000000,0.858071
434,12.733333,6.766667,8.731500,0.000000,0.860440
435,12.733333,6.700000,8.729833,0.000000,0.872637
436,12.733333,6.766667,8.729500,0.000000,0.865824
437,12.733333,6.866667,8.728333,0.000000,0.871525
438,12.733333,6.766667,8.710667,0.000000,0.864731
439,12.733333,6.900000,8.731167,0.000000,0.859595
440,12.733333,6.900000,8.745833,0.000000,0.875145
441,12.733333,6.766667,8.724500,0.000000,0.866022
442,12.733333,6.733333,8.718333,0.000000,0.861962
443,12.733333,6.666667,8.721667,0.000000,0.871845
444,12.733333,6.800000,8.738500,0.000000,0.874699
445,12.733333,6.800000,8.761500,0.000000,0.892317
446,12.733333,6.866667,8.721500,0.000000,0.866131
447,12.733333,6.766667,8.750833,0.000000,0.875258
448,12.733333,6.800000,8.745833,0.000000,0.878769
449,12.733333,6.866667,8.727167,0.000000,0.866443
450,12.733333,6.800000,8.724667,0.000000,0.859820
451,12.733333,6.700000,8.738833,0.000000,0.871178
452,12.733333,6.866667,8.742833,0.000000,0.873311
453,12.733333,6.800000,8.727333,0.000000,0.880997
454,12.733333,6.833333,8.727333,0.000000,0.865278
455,12.733333,6.933333,8.733500,0.000000,0.847014
456,12.733333,6.833333,8.735333,0.000000,0.880168
457,12.733333,6.866667,8.742000,0.000000,0.879321
458,12.733333,6.700000,8.737833,0.000000,0.870639
459,12.766667,6.900000,8.744500,0.000000,0.876358
460,12.766667,6.866667,8.720333,0.000000,0.879011
461,12.766667,6.666667,8.749333,0.000000,0.870746
462,12.766667,6.700000,8.726833,0.000000,0.868497
463,12.766667,6.833333,8.740167,0.000000,0.873733
464,12.766667,6.833333,8.722500,0.000000,0.878029
465,12.766667,6.833333,8.728667,0.000000,0.859486
466,12.766667,6.833333,8.729000,0.000000,0.860170
467,12.766667,6.733333,8.731167,0.000000,0.884019
468,12.766667,6.833333,8.730500,0.000000,0.884855
469,12.766667,6.700000,8.727000,0.000000,0.874559
470,12.766667,6.666667,8.733167,0.000000,0.863478
471,12.766667,6.833333,8.730167,0.000000,0.873797
472,12.766667,6.833333,8.729167,0.000000,0.873339
473,12.766667,6.900000,8.719000,0.000000,0.876781
474,12.766667,6.700000,8.747000,0.000000,0.867134
475,12.766667,6.833333,8.742000,0.000000,0.860165
476,12.766667,6.733333,8.743000,0.000000,0.868947
477,12.766667,6.766667,8.736667,0.000000,0.867356
478,12.766667,6.933333,8.733333,0.000000,0.853557
479,12.766667,6.800000,8.756500,0.000000,0.872212
480,12.766667,6.833333,8.750500,0.000000,0.857931
481,12.766667,6.700000,8.739833,0.000000,0.865196
482,12.766667,6.866667,8.717667,0.000000,0.880987
483,12.766667,6.933333,8.747333,0.000000,0.856080
484,12.766667,6.833333,8.719833,0.000000,0.875032
485,12.766667,6.666667,8.735333,0.000000,0.871862
486,12.766667,6.866667,8.731167,0.000000,0.867528
487,12.766667,6.800000,8.741167,0.000000,0.875303
488,12.766667,6.700000,8.736333,0.000000,0.869844
489,12.766667,6.700000,8.730000,0.000000,0.870878
490,12.766667,6.800000,8.735333,0.000000,0.869448
491,12.766667,6.733333,8.721167,0.000000,0.872010
492,12.766667,6.800000,8.703167,0.000000,0.871769
493,12.766667,6.766667,8.706500,0.000000,0.881045
494,12.766667,6.766667,8.738500,0.033333,0.869947
495,12.766667,6.866667,8.752167,0.000000,0.859762
496,12.800000,6.900000,8.738833,0.000000,0.852781
497,12.800000,6.833333,8.735000,0.000000,0.865829
498,12.833333,6.933333,8.724000,0.000000,0.874868
499,12.833333,6.766667,8.728500,0.000000,0.860561
500,12.833333,6.833333,8.737667,0.000000,0.858761
BestSdev: 0.249573, Time: 38m56.625491984s