gen,best,worst,mean,rep,sdev
1,11.066667,6.900000,8.736000,0.000000,0.872914
2,11.200000,6.966667,8.726667,0.000000,0.865159
3,11.233333,6.900000,8.747667,0.000000,0.891837
4,11.300000,6.933333,8.738000,0.000000,0.867906
5,11.333333,6.933333,8.746333,0.000000,0.865701
6,11.500000,6.833333,8.737333,0.000000,0.877749
7,11.633333,6.900000,8.715333,0.000000,0.860635
8,11.700000,6.900000,8.759000,0.000000,0.879154
9,11.733333,6.866667,8.745667,0.000000,0.881365
10,11.766667,6.900000,8.719000,0.000000,0.860283
11,11.833333,6.933333,8.749000,0.000000,0.888172
12,11.833333,6.833333,8.738000,0.000000,0.897807
13,11.866667,6.966667,8.736000,0.000000,0.849126
14,11.933333,6.866667,8.744667,0.000000,0.876848
15,11.933333,6.900000,8.732000,0.000000,0.864460
16,11.933333,6.900000,8.729000,0.000000,0.861494
17,11.933333,6.933333,8.746333,0.000000,0.864976
18,11.966667,6.833333,8.712667,0.000000,0.888823
19,12.033333,6.933333,8.747667,0.000000,0.857175
20,12.033333,6.733333,8.700333,0.000000,0.864895
21,12.033333,6.933333,8.738000,0.000000,0.852450
22,12.033333,6.966667,8.719667,0.000000,0.862133
23,12.033333,6.800000,8.730000,0.000000,0.851125
24,12.033333,6.900000,8.744333,0.000000,0.882960
25,12.033333,6.900000,8.720333,0.000000,0.880817
26,12.033333,6.966667,8.747667,0.000000,0.844799
27,12.066667,6.933333,8.745000,0.000000,0.863114
28,12.066667,7.000000,8.724667,0.000000,0.861961
29,12.066667,6.900000,8.724000,0.000000,0.875849
30,12.100000,6.966667,8.742667,0.000000,0.843309
31,12.100000,6.900000,8.725667,0.000000,0.860513
32,12.100000,6.866667,8.712667,0.000000,0.864312
33,12.100000,6.833333,8.729667,0.000000,0.870216
34,12.100000,6.966667,8.727333,0.000000,0.846270
35,12.100000,6.800000,8.738667,0.000000,0.875688
36,12.100000,6.900000,8.724333,0.000000,0.863426
37,12.100000,6.866667,8.724333,0.000000,0.883235
38,12.100000,6.933333,8.746333,0.000000,0.859265
39,12.100000,6.800000,8.716667,0.000000,0.889363
40,12.100000,6.933333,8.718333,0.000000,0.859459
41,12.133333,6.933333,8.756000,0.000000,0.880926
42,12.133333,6.933333,8.736000,0.000000,0.870153
43,12.133333,6.966667,8.751333,0.000000,0.872772
44,12.133333,6.866667,8.728667,0.000000,0.880779
45,12.133333,6.933333,8.715333,0.000000,0.858920
46,12.133333,6.766667,8.728000,0.000000,0.868248
47,12.133333,6.933333,8.718000,0.000000,0.867342
48,12.133333,6.933333,8.739000,0.000000,0.860712
49,12.133333,6.933333,8.755000,0.000000,0.852584
50,12.133333,6.900000,8.727333,0.000000,0.867824
BestSdev: 0.275839, Time: 1m43.57508926s