gen,best,worst,mean,rep,sdev
1,11.066667,6.766667,8.743333,0.000000,0.854910
2,11.400000,6.866667,8.712000,0.000000,0.851045
3,11.566667,6.866667,8.741333,0.000000,0.886561
4,11.600000,6.866667,8.732167,0.000000,0.875856
5,11.633333,6.866667,8.736500,0.000000,0.869356
6,11.633333,6.733333,8.745833,0.000000,0.862169
7,11.633333,6.900000,8.747500,0.000000,0.872195
8,11.633333,6.700000,8.728833,0.000000,0.872315
9,11.633333,6.733333,8.734000,0.000000,0.878402
10,11.733333,6.900000,8.740000,0.000000,0.856789
11,11.833333,6.833333,8.726333,0.000000,0.856431
12,11.933333,6.766667,8.743000,0.000000,0.866778
13,11.966667,6.733333,8.723500,0.000000,0.871152
14,12.000000,6.666667,8.748667,0.000000,0.877627
15,12.000000,6.833333,8.717167,0.000000,0.863608
16,12.033333,6.733333,8.725000,0.000000,0.863189
17,12.033333,6.766667,8.740667,0.000000,0.865249
18,12.033333,6.666667,8.755000,0.000000,0.870554
19,12.033333,6.833333,8.713167,0.000000,0.873292
20,12.033333,6.800000,8.747500,0.000000,0.868823
21,12.033333,6.700000,8.724667,0.000000,0.868298
22,12.033333,6.700000,8.726500,0.000000,0.874366
23,12.033333,6.833333,8.734000,0.000000,0.867693
24,12.033333,6.766667,8.742333,0.000000,0.870324
25,12.033333,6.866667,8.728000,0.000000,0.855897
26,12.033333,6.933333,8.731833,0.000000,0.865732
27,12.033333,6.766667,8.741833,0.000000,0.868584
28,12.033333,6.800000,8.747333,0.000000,0.878342
29,12.066667,6.900000,8.728000,0.000000,0.870073
30,12.066667,6.866667,8.725833,0.000000,0.873770
31,12.100000,6.700000,8.735667,0.000000,0.886741
32,12.100000,6.800000,8.745167,0.000000,0.876513
33,12.100000,6.733333,8.738333,0.000000,0.866076
34,12.100000,6.733333,8.731333,0.000000,0.857922
35,12.133333,6.733333,8.723167,0.000000,0.872440
36,12.133333,6.766667,8.730000,0.000000,0.864782
37,12.133333,6.833333,8.743000,0.000000,0.858471
38,12.133333,6.766667,8.720667,0.000000,0.851543
39,12.133333,6.866667,8.739333,0.000000,0.864353
40,12.133333,6.866667,8.747667,0.000000,0.865611
41,12.133333,6.733333,8.729833,0.000000,0.885088
42,12.133333,6.766667,8.736667,0.000000,0.873799
43,12.133333,6.866667,8.745000,0.000000,0.873364
44,12.166667,6.766667,8.702167,0.000000,0.859191
45,12.166667,6.866667,8.737000,0.000000,0.851381
46,12.166667,6.733333,8.735167,0.000000,0.876042
47,12.166667,6.566667,8.722333,0.000000,0.865922
48,12.166667,6.900000,8.742000,0.000000,0.862576
49,12.166667,6.900000,8.725833,0.000000,0.862673
50,12.166667,6.833333,8.744167,0.000000,0.881416
51,12.166667,6.866667,8.723667,0.000000,0.871167
52,12.166667,6.800000,8.739167,0.000000,0.872619
53,12.166667,6.766667,8.747167,0.000000,0.867351
54,12.166667,6.900000,8.739833,0.000000,0.860658
55,12.166667,6.833333,8.735167,0.000000,0.856492
56,12.166667,6.900000,8.739667,0.000000,0.873648
57,12.166667,6.700000,8.738500,0.000000,0.872687
58,12.166667,6.900000,8.731333,0.000000,0.877242
59,12.166667,6.700000,8.717500,0.000000,0.865254
60,12.166667,6.800000,8.753167,0.000000,0.873326
61,12.166667,6.766667,8.732667,0.000000,0.865662
62,12.166667,6.833333,8.724167,0.000000,0.870313
63,12.166667,6.700000,8.736000,0.000000,0.880264
64,12.166667,6.866667,8.732500,0.000000,0.865382
65,12.166667,6.766667,8.727667,0.000000,0.866701
66,12.166667,6.733333,8.733500,0.000000,0.869548
67,12.166667,6.800000,8.746167,0.000000,0.870704
68,12.166667,6.900000,8.733500,0.000000,0.867556
69,12.166667,6.833333,8.738000,0.000000,0.863919
70,12.166667,6.766667,8.723833,0.000000,0.865196
71,12.166667,6.833333,8.725000,0.000000,0.855029
72,12.166667,6.833333,8.725167,0.000000,0.874665
73,12.200000,6.900000,8.749500,0.000000,0.868978
74,12.200000,6.866667,8.717667,0.000000,0.870407
75,12.200000,6.666667,8.745500,0.000000,0.883228
76,12.200000,6.766667,8.745500,0.000000,0.875280
77,12.200000,6.733333,8.757833,0.000000,0.875458
78,12.200000,6.766667,8.724667,0.000000,0.875635
79,12.200000,6.800000,8.733000,0.000000,0.877284
80,12.200000,6.833333,8.750500,0.000000,0.863939
81,12.200000,6.766667,8.741833,0.000000,0.859400
82,12.200000,6.733333,8.725833,0.000000,0.857897
83,12.200000,6.766667,8.717167,0.000000,0.870100
84,12.200000,6.800000,8.730667,0.000000,0.869942
85,12.233333,6.766667,8.741667,0.000000,0.869891
86,12.233333,6.733333,8.742000,0.000000,0.871589
87,12.233333,6.800000,8.722333,0.000000,0.873448
88,12.233333,6.766667,8.718167,0.000000,0.868894
89,12.233333,6.866667,8.734833,0.000000,0.866186
90,12.233333,6.866667,8.742500,0.000000,0.870711
91,12.233333,6.833333,8.736167,0.000000,0.846680
92,12.233333,6.733333,8.722833,0.000000,0.860755
93,12.233333,6.666667,8.720667,0.000000,0.870847
94,12.233333,6.700000,8.732500,0.000000,0.863992
95,12.233333,6.933333,8.725333,0.000000,0.858821
96,12.233333,6.800000,8.712500,0.000000,0.863759
97,12.233333,6.766667,8.721667,0.000000,0.857582
98,12.233333,6.733333,8.724167,0.000000,0.871672
99,12.233333,6.833333,8.747833,0.000000,0.867863
100,12.233333,6.666667,8.729167,0.000000,0.879739
101,12.233333,6.866667,8.730333,0.000000,0.872582
102,12.233333,6.833333,8.730500,0.000000,0.870385
103,12.233333,6.866667,8.726167,0.000000,0.864166
104,12.233333,6.833333,8.718167,0.000000,0.861331
105,12.266667,6.633333,8.729000,0.000000,0.864909
106,12.266667,6.766667,8.733667,0.000000,0.862035
107,12.266667,6.900000,8.740167,0.000000,0.865493
108,12.266667,6.833333,8.753333,0.000000,0.871316
109,12.266667,6.766667,8.741167,0.000000,0.862691
110,12.266667,6.766667,8.738000,0.000000,0.874646
111,12.300000,6.866667,8.735333,0.000000,0.869405
112,12.300000,6.733333,8.730333,0.000000,0.861093
113,12.300000,6.800000,8.749333,0.000000,0.869312
114,12.333333,6.800000,8.708167,0.000000,0.875403
115,12.333333,6.766667,8.721333,0.000000,0.876164
116,12.333333,6.933333,8.731500,0.000000,0.868480
117,12.333333,6.866667,8.735167,0.000000,0.874449
118,12.333333,6.833333,8.726833,0.000000,0.864125
119,12.333333,6.800000,8.721833,0.000000,0.861693
120,12.333333,6.900000,8.736833,0.000000,0.862282
121,12.333333,6.766667,8.723833,0.000000,0.880508
122,12.333333,6.900000,8.733667,0.000000,0.863622
123,12.366667,6.833333,8.723167,0.000000,0.875607
124,12.366667,6.866667,8.740000,0.000000,0.856798
125,12.366667,6.866667,8.718667,0.000000,0.869098
126,12.366667,6.766667,8.722500,0.000000,0.863389
127,12.366667,6.866667,8.743667,0.000000,0.883104
128,12.366667,6.933333,8.709000,0.000000,0.855661
129,12.366667,6.700000,8.730333,0.000000,0.865166
130,12.366667,6.800000,8.749167,0.000000,0.880198
131,12.366667,6.900000,8.739667,0.000000,0.873674
132,12.366667,6.733333,8.742333,0.000000,0.876356
133,12.366667,6.800000,8.723333,0.000000,0.883673
134,12.366667,6.866667,8.733667,0.000000,0.886062
135,12.366667,6.833333,8.734833,0.000000,0.867087
136,12.366667,6.833333,8.725667,0.000000,0.876302
137,12.366667,6.633333,8.731667,0.000000,0.863150
138,12.366667,6.900000,8.710833,0.000000,0.860703
139,12.366667,6.766667,8.738500,0.000000,0.885524
140,12.366667,6.733333,8.735833,0.000000,0.865923
141,12.366667,6.800000,8.736500,0.000000,0.871311
142,12.366667,6.733333,8.729833,0.000000,0.857879
143,12.366667,6.900000,8.720500,0.000000,0.849771
144,12.366667,6.900000,8.704667,0.000000,0.869460
145,12.366667,6.766667,8.754667,0.000000,0.875848
146,12.366667,6.700000,8.735833,0.000000,0.863826
147,12.366667,6.733333,8.720000,0.000000,0.888938
148,12.366667,6.833333,8.749333,0.000000,0.869937
149,12.366667,6.866667,8.722833,0.000000,0.853409
150,12.366667,6.800000,8.722833,0.000000,0.865978
151,12.366667,6.866667,8.744500,0.000000,0.870355
152,12.400000,6.866667,8.741833,0.000000,0.878837
153,12.400000,6.733333,8.745000,0.000000,0.875893
154,12.400000,6.833333,8.748500,0.000000,0.885172
155,12.400000,6.766667,8.710500,0.000000,0.876543
156,12.400000,6.733333,8.743333,0.000000,0.864250
157,12.400000,6.866667,8.705333,0.000000,0.878241
158,12.400000,6.900000,8.721333,0.000000,0.865679
159,12.400000,6.766667,8.725333,0.000000,0.865236
160,12.400000,6.733333,8.710000,0.000000,0.874008
161,12.400000,6.900000,8.729667,0.000000,0.858985
162,12.400000,6.833333,8.725833,0.000000,0.872548
163,12.400000,6.733333,8.735500,0.000000,0.872737
164,12.433333,6.700000,8.733167,0.000000,0.874082
165,12.433333,6.733333,8.740500,0.000000,0.874824
166,12.433333,6.800000,8.735000,0.000000,0.856211
167,12.433333,6.833333,8.728167,0.000000,0.864429
168,12.433333,6.800000,8.720333,0.000000,0.855200
169,12.433333,6.766667,8.722333,0.033333,0.867122
170,12.433333,6.800000,8.757333,0.000000,0.875722
171,12.433333,6.733333,8.719500,0.000000,0.855029
172,12.433333,6.833333,8.753333,0.000000,0.857817
173,12.433333,6.900000,8.737167,0.000000,0.874572
174,12.433333,6.833333,8.727500,0.000000,0.869437
175,12.433333,6.833333,8.724667,0.000000,0.879183
176,12.433333,6.866667,8.727833,0.000000,0.870672
177,12.466667,6.833333,8.735333,0.000000,0.862916
178,12.466667,6.800000,8.748333,0.000000,0.878595
179,12.466667,6.766667,8.730833,0.000000,0.873847
180,12.500000,6.766667,8.727667,0.000000,0.880803
181,12.500000,6.766667,8.733333,0.000000,0.873694
182,12.500000,6.800000,8.724333,0.000000,0.881735
183,12.533333,6.800000,8.722167,0.000000,0.887108
184,12.533333,6.766667,8.762333,0.000000,0.887472
185,12.533333,6.733333,8.732500,0.000000,0.867665
186,12.533333,6.900000,8.718667,0.000000,0.869551
187,12.533333,6.766667,8.741333,0.000000,0.879282
188,12.533333,6.800000,8.725667,0.000000,0.862644
189,12.533333,6.833333,8.740333,0.000000,0.866116
190,12.533333,6.733333,8.730667,0.000000,0.871692
191,12.533333,6.700000,8.722833,0.000000,0.868884
192,12.533333,6.833333,8.732000,0.000000,0.872794
193,12.533333,6.800000,8.734500,0.000000,0.865965
194,12.533333,6.866667,8.745667,0.000000,0.861445
195,12.533333,6.866667,8.723500,0.000000,0.872024
196,12.533333,6.766667,8.742333,0.000000,0.874187
197,12.533333,6.733333,8.717167,0.000000,0.880782
198,12.533333,6.733333,8.712000,0.000000,0.856397
199,12.533333,6.866667,8.729833,0.000000,0.870373
200,12.533333,6.800000,8.746500,0.033333,0.874921
BestSdev: 0.220460, Time: 11m45.478857099s