gen,best,worst,mean,rep,sdev
1,10.233333,7.300000,8.710000,0.000000,0.823211
2,10.433333,7.200000,8.696667,0.000000,0.814973
3,10.633333,7.300000,8.718333,0.000000,0.836588
4,11.000000,7.066667,8.701667,0.000000,0.898551
5,11.066667,7.200000,8.691667,0.000000,0.846740
6,11.066667,7.266667,8.708333,0.000000,0.836633
7,11.133333,7.066667,8.710000,0.000000,0.808830
8,11.133333,7.333333,8.715000,0.000000,0.834796
9,11.133333,7.200000,8.746667,0.000000,0.852649
10,11.133333,7.333333,8.730000,0.000000,0.794962
11,11.133333,7.200000,8.735000,0.000000,0.867268
12,11.166667,7.466667,8.723333,0.000000,0.820715
13,11.233333,7.233333,8.706667,0.000000,0.848054
14,11.233333,7.300000,8.745000,0.000000,0.856622
15,11.333333,7.233333,8.755000,0.000000,0.869593
16,11.366667,7.300000,8.703333,0.000000,0.876250
17,11.366667,7.233333,8.695000,0.000000,0.809064
18,11.400000,7.366667,8.750000,0.000000,0.812416
19,11.466667,7.300000,8.718333,0.000000,0.829410
20,11.466667,7.266667,8.706667,0.000000,0.876180
21,11.466667,7.333333,8.781667,0.000000,0.840914
22,11.466667,7.266667,8.745000,0.000000,0.831695
23,11.466667,7.200000,8.748333,0.000000,0.888178
24,11.466667,7.300000,8.723333,0.000000,0.805164
25,11.466667,7.333333,8.740000,0.000000,0.806983
26,11.466667,7.133333,8.698333,0.000000,0.835445
27,11.466667,7.400000,8.755000,0.000000,0.803543
28,11.466667,7.333333,8.755000,0.000000,0.859804
29,11.500000,7.400000,8.783333,0.000000,0.822788
30,11.500000,7.266667,8.741667,0.000000,0.835853
31,11.500000,7.333333,8.773333,0.000000,0.807008
32,11.500000,7.300000,8.760000,0.000000,0.806433
33,11.533333,7.133333,8.713333,0.000000,0.870887
34,11.533333,7.133333,8.723333,0.000000,0.865109
35,11.533333,7.300000,8.720000,0.000000,0.812502
36,11.533333,7.100000,8.690000,0.000000,0.861144
37,11.566667,7.333333,8.736667,0.000000,0.810633
38,11.566667,7.233333,8.710000,0.000000,0.801001
39,11.566667,7.300000,8.755000,0.000000,0.874045
40,11.566667,7.266667,8.723333,0.000000,0.808061
41,11.566667,7.333333,8.760000,0.000000,0.814321
42,11.566667,7.200000,8.670000,0.000000,0.792239
43,11.600000,7.433333,8.786667,0.000000,0.830828
44,11.600000,7.300000,8.766667,0.000000,0.821454
45,11.600000,7.233333,8.755000,0.000000,0.839658
46,11.600000,7.300000,8.750000,0.000000,0.854917
47,11.600000,7.200000,8.693333,0.000000,0.857861
48,11.600000,7.366667,8.750000,0.000000,0.829493
49,11.600000,7.466667,8.751667,0.000000,0.801039
50,11.600000,7.366667,8.740000,0.000000,0.819997
51,11.600000,7.433333,8.800000,0.000000,0.833586
52,11.600000,7.333333,8.728333,0.000000,0.794640
53,11.600000,7.400000,8.725000,0.000000,0.822569
54,11.600000,7.200000,8.743333,0.000000,0.840406
55,11.633333,7.300000,8.740000,0.000000,0.845229
56,11.633333,7.333333,8.773333,0.000000,0.813994
57,11.633333,7.133333,8.683333,0.000000,0.863941
58,11.666667,7.333333,8.736667,0.000000,0.843902
59,11.666667,7.333333,8.723333,0.000000,0.814362
60,11.666667,7.500000,8.808333,0.000000,0.825215
61,11.666667,7.333333,8.705000,0.000000,0.785056
62,11.700000,7.133333,8.648333,0.000000,0.866426
63,11.700000,7.300000,8.720000,0.000000,0.858236
64,11.700000,7.433333,8.766667,0.000000,0.824226
65,11.700000,7.200000,8.693333,0.000000,0.849196
66,11.700000,7.366667,8.741667,0.000000,0.810957
67,11.733333,7.433333,8.786667,0.000000,0.819285
68,11.733333,7.266667,8.751667,0.000000,0.858569
69,11.733333,7.133333,8.736667,0.000000,0.819627
70,11.733333,7.166667,8.705000,0.000000,0.857071
71,11.733333,7.233333,8.766667,0.000000,0.849148
72,11.733333,7.400000,8.751667,0.000000,0.843493
73,11.733333,7.333333,8.680000,0.000000,0.830729
74,11.733333,7.266667,8.713333,0.000000,0.826430
75,11.733333,7.300000,8.756667,0.000000,0.805639
76,11.733333,7.200000,8.733333,0.000000,0.846726
77,11.766667,7.300000,8.691667,0.000000,0.827053
78,11.766667,7.300000,8.731667,0.000000,0.842463
79,11.766667,7.166667,8.746667,0.000000,0.849198
80,11.766667,7.033333,8.663333,0.000000,0.870008
81,11.766667,7.233333,8.731667,0.000000,0.838129
82,11.800000,7.266667,8.710000,0.000000,0.840440
83,11.800000,7.200000,8.723333,0.000000,0.841930
84,11.800000,7.300000,8.736667,0.000000,0.844680
85,11.833333,7.166667,8.726667,0.000000,0.848951
86,11.833333,7.300000,8.728333,0.000000,0.852731
87,11.833333,7.266667,8.720000,0.000000,0.809542
88,11.833333,7.333333,8.756667,0.000000,0.824540
89,11.833333,7.300000,8.781667,0.000000,0.852289
90,11.833333,7.300000,8.735000,0.000000,0.825932
91,11.833333,7.200000,8.796667,0.000000,0.861502
92,11.866667,7.200000,8.708333,0.000000,0.835403
93,11.933333,7.300000,8.763333,0.000000,0.848720
94,11.933333,7.300000,8.726667,0.000000,0.822439
95,11.933333,7.200000,8.741667,0.000000,0.847225
96,11.933333,7.133333,8.678333,0.000000,0.887805
97,11.933333,7.333333,8.748333,0.000000,0.859882
98,11.933333,7.266667,8.763333,0.000000,0.839355
99,11.933333,7.133333,8.756667,0.000000,0.857050
100,11.933333,7.233333,8.733333,0.000000,0.858572
101,11.933333,7.300000,8.765000,0.000000,0.823520
102,11.933333,7.400000,8.748333,0.000000,0.806647
103,11.933333,7.266667,8.693333,0.000000,0.861931
104,11.933333,7.333333,8.758333,0.000000,0.835960
105,11.933333,7.166667,8.718333,0.000000,0.841366
106,11.933333,7.233333,8.733333,0.000000,0.839501
107,11.933333,7.200000,8.723333,0.000000,0.865936
108,11.933333,7.333333,8.826667,0.000000,0.850947
109,11.933333,7.433333,8.798333,0.000000,0.859181
110,11.933333,7.233333,8.753333,0.000000,0.828043
111,11.966667,7.333333,8.780000,0.000000,0.867863
112,12.000000,7.133333,8.738333,0.000000,0.881461
113,12.000000,7.333333,8.770000,0.000000,0.861530
114,12.000000,7.233333,8.731667,0.000000,0.856845
115,12.000000,7.300000,8.723333,0.000000,0.833331
116,12.000000,7.433333,8.761667,0.000000,0.837307
117,12.000000,7.133333,8.750000,0.000000,0.839059
118,12.000000,7.333333,8.768333,0.000000,0.853545
119,12.000000,7.333333,8.758333,0.000000,0.832507
120,12.000000,7.366667,8.738333,0.000000,0.802201
121,12.000000,7.166667,8.690000,0.000000,0.878125
122,12.000000,7.233333,8.733333,0.000000,0.822368
123,12.000000,7.200000,8.720000,0.000000,0.868724
124,12.000000,7.366667,8.708333,0.000000,0.814867
125,12.000000,7.233333,8.726667,0.000000,0.857669
126,12.000000,7.166667,8.793333,0.000000,0.891954
127,12.000000,7.333333,8.726667,0.000000,0.849601
128,12.000000,7.300000,8.776667,0.000000,0.859513
129,12.000000,7.100000,8.691667,0.000000,0.851154
130,12.000000,7.166667,8.713333,0.000000,0.865920
131,12.000000,7.400000,8.730000,0.000000,0.805320
132,12.000000,7.300000,8.738333,0.000000,0.855525
133,12.000000,7.400000,8.801667,0.000000,0.818064
134,12.000000,7.400000,8.768333,0.000000,0.816333
135,12.000000,7.166667,8.718333,0.000000,0.877718
136,12.000000,7.200000,8.738333,0.000000,0.846548
137,12.000000,7.233333,8.701667,0.000000,0.818726
138,12.000000,7.266667,8.745000,0.000000,0.878293
139,12.000000,7.300000,8.788333,0.000000,0.848941
140,12.000000,7.266667,8.755000,0.000000,0.823263
141,12.000000,7.266667,8.733333,0.000000,0.822949
142,12.000000,7.300000,8.715000,0.000000,0.786157
143,12.000000,7.233333,8.676667,0.000000,0.826471
144,12.000000,7.100000,8.685000,0.000000,0.825632
145,12.000000,7.233333,8.750000,0.000000,0.872107
146,12.000000,7.400000,8.783333,0.000000,0.836414
147,12.000000,7.333333,8.706667,0.000000,0.849320
148,12.000000,7.166667,8.678333,0.000000,0.823546
149,12.000000,7.100000,8.698333,0.000000,0.796014
150,12.000000,7.333333,8.698333,0.000000,0.814357
151,12.000000,7.366667,8.776667,0.000000,0.805115
152,12.000000,7.300000,8.753333,0.000000,0.835221
153,12.000000,7.333333,8.741667,0.000000,0.824987
154,12.033333,7.333333,8.770000,0.000000,0.873811
155,12.033333,7.233333,8.761667,0.000000,0.867260
156,12.033333,7.200000,8.736667,0.000000,0.888302
157,12.033333,7.233333,8.703333,0.000000,0.848425
158,12.033333,7.266667,8.795000,0.000000,0.844292
159,12.033333,7.333333,8.758333,0.000000,0.839557
160,12.033333,7.300000,8.718333,0.000000,0.848910
161,12.033333,7.133333,8.673333,0.000000,0.829646
162,12.033333,7.233333,8.683333,0.000000,0.825872
163,12.033333,7.433333,8.693333,0.000000,0.825173
164,12.033333,7.333333,8.835000,0.000000,0.845990
165,12.033333,7.200000,8.740000,0.000000,0.836272
166,12.033333,7.266667,8.696667,0.000000,0.805319
167,12.033333,7.166667,8.680000,0.000000,0.842274
168,12.033333,7.133333,8.708333,0.000000,0.826405
169,12.033333,7.366667,8.716667,0.000000,0.843259
170,12.033333,7.300000,8.733333,0.000000,0.815631
171,12.033333,7.200000,8.755000,0.000000,0.895749
172,12.033333,7.166667,8.743333,0.000000,0.865298
173,12.033333,7.266667,8.731667,0.000000,0.857142
174,12.033333,7.366667,8.696667,0.000000,0.808420
175,12.033333,7.300000,8.743333,0.000000,0.838816
176,12.033333,7.366667,8.750000,0.000000,0.820852
177,12.033333,7.200000,8.708333,0.000000,0.866747
178,12.033333,7.200000,8.728333,0.000000,0.845387
179,12.033333,7.266667,8.696667,0.000000,0.819809
180,12.033333,7.266667,8.748333,0.000000,0.821783
181,12.033333,7.200000,8.661667,0.000000,0.874439
182,12.033333,7.333333,8.726667,0.000000,0.807078
183,12.033333,7.433333,8.755000,0.000000,0.798710
184,12.033333,7.200000,8.695000,0.000000,0.836963
185,12.033333,7.266667,8.786667,0.000000,0.853284
186,12.033333,7.333333,8.746667,0.000000,0.855807
187,12.033333,7.366667,8.728333,0.000000,0.817218
188,12.033333,7.133333,8.715000,0.000000,0.879954
189,12.033333,7.266667,8.688333,0.000000,0.815007
190,12.033333,7.300000,8.753333,0.000000,0.840207
191,12.033333,7.466667,8.790000,0.000000,0.819717
192,12.033333,7.233333,8.718333,0.000000,0.831356
193,12.033333,7.300000,8.748333,0.000000,0.834040
194,12.033333,7.133333,8.700000,0.000000,0.878007
195,12.033333,7.300000,8.785000,0.000000,0.859534
196,12.033333,7.400000,8.773333,0.000000,0.804852
197,12.033333,7.233333,8.716667,0.000000,0.832789
198,12.033333,7.233333,8.750000,0.000000,0.865111
199,12.033333,7.166667,8.685000,0.000000,0.835387
200,12.033333,7.200000,8.733333,0.000000,0.864269
201,12.033333,7.233333,8.705000,0.000000,0.830645
202,12.033333,7.300000,8.770000,0.000000,0.873493
203,12.033333,7.300000,8.740000,0.000000,0.813089
204,12.033333,7.266667,8.771667,0.000000,0.837771
205,12.033333,7.433333,8.761667,0.000000,0.814975
206,12.033333,7.266667,8.755000,0.000000,0.845560
207,12.033333,7.366667,8.750000,0.000000,0.827305
208,12.033333,7.466667,8.813333,0.000000,0.848653
209,12.033333,7.166667,8.728333,0.000000,0.854709
210,12.033333,7.233333,8.686667,0.000000,0.851771
211,12.033333,7.233333,8.766667,0.000000,0.825160
212,12.033333,7.233333,8.786667,0.000000,0.874121
213,12.033333,7.166667,8.715000,0.000000,0.880689
214,12.033333,7.266667,8.733333,0.000000,0.840682
215,12.033333,7.200000,8.706667,0.000000,0.834999
216,12.033333,7.166667,8.673333,0.000000,0.850903
217,12.033333,7.033333,8.721667,0.000000,0.870236
218,12.066667,7.366667,8.741667,0.000000,0.882564
219,12.066667,7.300000,8.745000,0.000000,0.826250
220,12.066667,7.166667,8.716667,0.000000,0.832500
221,12.066667,7.333333,8.725000,0.000000,0.854051
222,12.066667,7.266667,8.731667,0.000000,0.815233
223,12.066667,7.266667,8.698333,0.000000,0.840648
224,12.066667,7.200000,8.696667,0.000000,0.863317
225,12.066667,7.166667,8.716667,0.000000,0.852324
226,12.066667,7.166667,8.676667,0.000000,0.834875
227,12.100000,7.366667,8.750000,0.000000,0.844917
228,12.100000,7.166667,8.726667,0.000000,0.860437
229,12.100000,7.266667,8.743333,0.000000,0.848382
230,12.100000,7.166667,8.661667,0.000000,0.802419
231,12.100000,7.300000,8.753333,0.000000,0.827760
232,12.100000,7.300000,8.741667,0.000000,0.819009
233,12.100000,7.366667,8.778333,0.000000,0.820883
234,12.100000,7.166667,8.721667,0.000000,0.838305
235,12.100000,7.133333,8.743333,0.000000,0.877871
236,12.100000,7.166667,8.688333,0.000000,0.870043
237,12.100000,7.200000,8.715000,0.000000,0.833409
238,12.100000,7.366667,8.791667,0.000000,0.861902
239,12.100000,7.166667,8.728333,0.000000,0.855570
240,12.100000,7.200000,8.666667,0.000000,0.845816
241,12.100000,7.233333,8.673333,0.000000,0.814243
242,12.100000,7.333333,8.691667,0.000000,0.807690
243,12.100000,7.400000,8.770000,0.000000,0.833089
244,12.100000,7.400000,8.780000,0.000000,0.791647
245,12.100000,7.166667,8.696667,0.000000,0.861632
246,12.100000,7.233333,8.735000,0.000000,0.831297
247,12.100000,7.266667,8.746667,0.000000,0.876728
248,12.100000,7.333333,8.730000,0.000000,0.838434
249,12.100000,7.400000,8.721667,0.000000,0.797682
250,12.100000,7.166667,8.720000,0.000000,0.853571
251,12.100000,7.500000,8.800000,0.000000,0.805468
252,12.100000,7.200000,8.723333,0.000000,0.820794
253,12.100000,7.200000,8.731667,0.000000,0.820507
254,12.100000,7.266667,8.728333,0.000000,0.814135
255,12.100000,7.266667,8.793333,0.000000,0.832164
256,12.100000,7.066667,8.683333,0.000000,0.907416
257,12.100000,7.233333,8.696667,0.000000,0.865137
258,12.100000,7.300000,8.713333,0.000000,0.827081
259,12.100000,7.233333,8.713333,0.000000,0.845210
260,12.100000,7.333333,8.785000,0.000000,0.838521
261,12.100000,7.233333,8.711667,0.000000,0.792004
262,12.100000,7.166667,8.678333,0.000000,0.848942
263,12.100000,7.233333,8.723333,0.000000,0.847426
264,12.100000,7.266667,8.686667,0.000000,0.800983
265,12.100000,7.233333,8.756667,0.000000,0.858240
266,12.100000,7.266667,8.795000,0.000000,0.860189
267,12.100000,7.400000,8.725000,0.000000,0.816475
268,12.100000,7.333333,8.751667,0.000000,0.843963
269,12.100000,7.066667,8.701667,0.000000,0.852901
270,12.100000,7.333333,8.731667,0.000000,0.864142
271,12.100000,7.133333,8.725000,0.000000,0.843072
272,12.100000,7.466667,8.755000,0.000000,0.795318
273,12.100000,7.466667,8.716667,0.000000,0.799273
274,12.100000,7.400000,8.743333,0.000000,0.782530
275,12.100000,7.333333,8.755000,0.000000,0.837036
276,12.100000,7.266667,8.726667,0.000000,0.795090
277,12.100000,7.200000,8.745000,0.000000,0.843417
278,12.100000,7.233333,8.721667,0.000000,0.807482
279,12.133333,7.300000,8.753333,0.000000,0.853501
280,12.133333,7.333333,8.731667,0.000000,0.846181
281,12.133333,7.233333,8.691667,0.000000,0.866049
282,12.133333,7.266667,8.803333,0.000000,0.851461
283,12.133333,7.133333,8.665000,0.000000,0.815678
284,12.133333,7.333333,8.701667,0.000000,0.790893
285,12.133333,7.266667,8.720000,0.000000,0.850839
286,12.133333,7.333333,8.753333,0.000000,0.824812
287,12.133333,7.233333,8.648333,0.000000,0.813865
288,12.133333,7.433333,8.776667,0.000000,0.809652
289,12.133333,7.266667,8.691667,0.000000,0.835333
290,12.133333,7.333333,8.766667,0.000000,0.828917
291,12.133333,7.266667,8.726667,0.000000,0.849074
292,12.133333,7.300000,8.776667,0.000000,0.840129
293,12.133333,7.233333,8.708333,0.000000,0.847820
294,12.133333,7.233333,8.741667,0.000000,0.861324
295,12.133333,7.400000,8.745000,0.000000,0.808208
296,12.133333,7.166667,8.765000,0.000000,0.863634
297,12.133333,7.166667,8.690000,0.000000,0.835937
298,12.133333,7.400000,8.756667,0.000000,0.808367
299,12.133333,7.166667,8.701667,0.000000,0.864501
300,12.133333,7.366667,8.745000,0.000000,0.838988
301,12.133333,7.200000,8.748333,0.000000,0.815514
302,12.133333,7.166667,8.728333,0.000000,0.859243
303,12.133333,7.200000,8.685000,0.000000,0.839648
304,12.133333,7.200000,8.771667,0.000000,0.866089
305,12.133333,7.133333,8.738333,0.000000,0.855607
306,12.133333,7.233333,8.676667,0.000000,0.786497
307,12.133333,7.200000,8.685000,0.000000,0.824547
308,12.133333,7.333333,8.703333,0.000000,0.826728
309,12.133333,7.300000,8.705000,0.000000,0.814941
310,12.133333,7.266667,8.758333,0.000000,0.848237
311,12.133333,7.266667,8.658333,0.000000,0.823820
312,12.133333,7.400000,8.743333,0.000000,0.839633
313,12.133333,7.333333,8.756667,0.000000,0.856675
314,12.133333,7.166667,8.756667,0.000000,0.856803
315,12.133333,7.200000,8.713333,0.000000,0.876439
316,12.133333,7.233333,8.758333,0.000000,0.883087
317,12.133333,7.300000,8.730000,0.000000,0.884172
318,12.133333,7.200000,8.761667,0.000000,0.866607
319,12.133333,7.100000,8.678333,0.000000,0.858891
320,12.133333,7.266667,8.775000,0.000000,0.833125
321,12.133333,7.166667,8.665000,0.000000,0.874892
322,12.133333,7.233333,8.670000,0.000000,0.796747
323,12.133333,7.333333,8.723333,0.000000,0.836590
324,12.133333,7.433333,8.741667,0.000000,0.822702
325,12.133333,7.366667,8.796667,0.000000,0.853058
326,12.133333,7.233333,8.693333,0.000000,0.812424
327,12.133333,7.300000,8.718333,0.000000,0.873102
328,12.133333,7.333333,8.725000,0.000000,0.792709
329,12.133333,7.333333,8.726667,0.000000,0.824697
330,12.133333,7.266667,8.750000,0.000000,0.817819
331,12.133333,7.266667,8.771667,0.000000,0.885902
332,12.133333,7.300000,8.733333,0.000000,0.822565
333,12.133333,7.133333,8.676667,0.000000,0.886342
334,12.133333,7.333333,8.730000,0.000000,0.814487
335,12.133333,7.233333,8.678333,0.000000,0.784826
336,12.133333,7.433333,8.698333,0.000000,0.829253
337,12.133333,7.266667,8.741667,0.000000,0.836906
338,12.133333,7.333333,8.706667,0.000000,0.805548
339,12.133333,7.133333,8.743333,0.000000,0.836608
340,12.133333,7.300000,8.725000,0.000000,0.833603
341,12.133333,7.300000,8.721667,0.000000,0.838274
342,12.133333,7.233333,8.720000,0.000000,0.832485
343,12.133333,7.133333,8.616667,0.000000,0.840474
344,12.133333,7.333333,8.781667,0.000000,0.822172
345,12.133333,7.266667,8.735000,0.000000,0.833433
346,12.133333,7.233333,8.781667,0.000000,0.864886
347,12.133333,7.233333,8.716667,0.000000,0.828162
348,12.133333,7.233333,8.793333,0.000000,0.819734
349,12.133333,7.166667,8.708333,0.000000,0.841003
350,12.133333,7.300000,8.790000,0.000000,0.845810
351,12.133333,7.333333,8.756667,0.000000,0.856830
352,12.133333,7.233333,8.736667,0.000000,0.841603
353,12.133333,7.466667,8.746667,0.000000,0.814047
354,12.133333,7.233333,8.718333,0.000000,0.809825
355,12.133333,7.400000,8.731667,0.000000,0.814650
356,12.133333,7.200000,8.710000,0.000000,0.859667
357,12.133333,7.200000,8.696667,0.000000,0.836165
358,12.133333,7.266667,8.676667,0.000000,0.814689
359,12.133333,7.133333,8.726667,0.000000,0.902727
360,12.133333,7.300000,8.660000,0.000000,0.797728
361,12.133333,7.233333,8.721667,0.000000,0.850537
362,12.133333,7.200000,8.675000,0.000000,0.848884
363,12.133333,7.200000,8.686667,0.000000,0.816055
364,12.133333,7.300000,8.796667,0.000000,0.840673
365,12.133333,7.233333,8.711667,0.000000,0.800345
366,12.133333,7.233333,8.693333,0.000000,0.818926
367,12.133333,7.200000,8.776667,0.000000,0.832938
368,12.133333,7.166667,8.708333,0.000000,0.849856
369,12.133333,7.400000,8.771667,0.000000,0.821824
370,12.133333,7.233333,8.763333,0.000000,0.856442
371,12.133333,7.266667,8.673333,0.000000,0.844377
372,12.133333,7.300000,8.713333,0.000000,0.825810
373,12.133333,7.233333,8.701667,0.000000,0.836256
374,12.133333,7.266667,8.720000,0.000000,0.870645
375,12.133333,7.433333,8.766667,0.000000,0.826863
376,12.133333,7.066667,8.741667,0.000000,0.867181
377,12.133333,7.300000,8.723333,0.000000,0.868874
378,12.133333,7.266667,8.738333,0.000000,0.852403
379,12.133333,7.266667,8.733333,0.000000,0.840088
380,12.133333,7.366667,8.686667,0.000000,0.809549
381,12.133333,7.300000,8.741667,0.000000,0.830635
382,12.133333,7.366667,8.736667,0.000000,0.812196
383,12.133333,7.233333,8.770000,0.000000,0.872678
384,12.133333,7.233333,8.765000,0.000000,0.841067
385,12.133333,7.233333,8.773333,0.000000,0.878544
386,12.133333,7.166667,8.760000,0.000000,0.875152
387,12.133333,7.266667,8.720000,0.000000,0.841573
388,12.133333,7.233333,8.771667,0.000000,0.882941
389,12.133333,7.433333,8.725000,0.000000,0.791148
390,12.133333,7.433333,8.793333,0.000000,0.849742
391,12.133333,7.300000,8.758333,0.000000,0.806181
392,12.133333,7.233333,8.746667,0.000000,0.836064
393,12.133333,7.200000,8.763333,0.000000,0.837339
394,12.133333,7.300000,8.698333,0.000000,0.801681
395,12.133333,7.233333,8.740000,0.000000,0.845096
396,12.133333,7.300000,8.756667,0.000000,0.850048
397,12.133333,7.400000,8.765000,0.000000,0.848279
398,12.133333,7.200000,8.688333,0.000000,0.848014
399,12.133333,7.166667,8.691667,0.000000,0.853765
400,12.133333,7.233333,8.755000,0.000000,0.850804
401,12.133333,7.033333,8.720000,0.000000,0.845892
402,12.133333,7.300000,8.801667,0.000000,0.842247
403,12.133333,7.233333,8.725000,0.000000,0.833362
404,12.133333,7.300000,8.741667,0.000000,0.836056
405,12.133333,7.433333,8.758333,0.000000,0.808923
406,12.133333,7.266667,8.693333,0.000000,0.852412
407,12.133333,7.233333,8.771667,0.000000,0.855703
408,12.133333,7.066667,8.705000,0.000000,0.859040
409,12.133333,7.300000,8.735000,0.000000,0.825133
410,12.133333,7.266667,8.740000,0.000000,0.849078
411,12.133333,7.200000,8.678333,0.000000,0.832818
412,12.133333,7.233333,8.688333,0.000000,0.840805
413,12.133333,7.433333,8.791667,0.000000,0.817944
414,12.133333,7.233333,8.763333,0.000000,0.859232
415,12.133333,7.133333,8.740000,0.000000,0.891745
416,12.133333,7.300000,8.733333,0.000000,0.862390
417,12.133333,7.200000,8.731667,0.000000,0.832738
418,12.133333,7.333333,8.720000,0.000000,0.827760
419,12.133333,7.166667,8.621667,0.000000,0.838017
420,12.133333,7.266667,8.776667,0.000000,0.872068
421,12.133333,7.233333,8.780000,0.000000,0.856796
422,12.133333,7.366667,8.806667,0.000000,0.861926
423,12.133333,7.266667,8.716667,0.000000,0.821166
424,12.133333,7.233333,8.800000,0.000000,0.898605
425,12.133333,7.200000,8.708333,0.000000,0.829756
426,12.133333,7.266667,8.741667,0.000000,0.810931
427,12.133333,7.233333,8.725000,0.000000,0.888136
428,12.133333,7.200000,8.693333,0.000000,0.863466
429,12.133333,7.333333,8.721667,0.000000,0.857860
430,12.133333,7.300000,8.765000,0.000000,0.833607
431,12.133333,7.166667,8.666667,0.000000,0.835861
432,12.133333,7.266667,8.755000,0.000000,0.824541
433,12.133333,7.166667,8.735000,0.000000,0.868989
434,12.133333,7.266667,8.711667,0.000000,0.806708
435,12.133333,7.300000,8.751667,0.000000,0.874396
436,12.133333,7.266667,8.760000,0.000000,0.845624
437,12.133333,7.400000,8.765000,0.000000,0.822133
438,12.133333,7.300000,8.693333,0.000000,0.827082
439,12.133333,7.200000,8.701667,0.000000,0.833325
440,12.133333,7.333333,8.731667,0.000000,0.858027
441,12.133333,7.300000,8.798333,0.000000,0.862848
442,12.133333,7.333333,8.773333,0.000000,0.817663
443,12.133333,7.500000,8.745000,0.000000,0.808087
444,12.133333,7.266667,8.726667,0.000000,0.817672
445,12.133333,7.333333,8.715000,0.000000,0.807414
446,12.133333,7.400000,8.768333,0.000000,0.815126
447,12.133333,7.300000,8.716667,0.000000,0.815412
448,12.133333,7.266667,8.760000,0.000000,0.829751
449,12.133333,7.200000,8.641667,0.000000,0.832665
450,12.133333,7.200000,8.698333,0.000000,0.841529
451,12.166667,7.366667,8.803333,0.000000,0.853024
452,12.166667,7.300000,8.730000,0.000000,0.842531
453,12.200000,7.233333,8.755000,0.000000,0.865768
454,12.200000,7.366667,8.716667,0.000000,0.837491
455,12.200000,7.333333,8.748333,0.000000,0.840592
456,12.200000,7.166667,8.741667,0.000000,0.849943
457,12.200000,7.233333,8.805000,0.000000,0.847615
458,12.200000,7.266667,8.763333,0.000000,0.827464
459,12.200000,7.200000,8.751667,0.000000,0.861090
460,12.200000,7.033333,8.715000,0.000000,0.884691
461,12.200000,7.400000,8.748333,0.000000,0.806304
462,12.200000,7.366667,8.791667,0.000000,0.825835
463,12.200000,7.333333,8.758333,0.000000,0.820932
464,12.200000,7.200000,8.711667,0.000000,0.877792
465,12.200000,7.300000,8.828333,0.000000,0.826672
466,12.200000,7.433333,8.751667,0.000000,0.861769
467,12.200000,7.300000,8.751667,0.000000,0.814828
468,12.233333,7.133333,8.690000,0.000000,0.867509
469,12.233333,7.100000,8.688333,0.000000,0.851205
470,12.233333,7.400000,8.765000,0.000000,0.865487
471,12.233333,7.200000,8.731667,0.000000,0.828097
472,12.233333,7.333333,8.798333,0.000000,0.844230
473,12.233333,7.166667,8.723333,0.000000,0.852934
474,12.233333,7.200000,8.721667,0.000000,0.874857
475,12.233333,7.366667,8.776667,0.000000,0.846050
476,12.233333,7.333333,8.720000,0.000000,0.798376
477,12.233333,7.233333,8.743333,0.000000,0.878317
478,12.233333,7.366667,8.728333,0.000000,0.821836
479,12.233333,7.266667,8.771667,0.000000,0.870943
480,12.233333,7.100000,8.658333,0.000000,0.851605
481,12.233333,7.333333,8.680000,0.000000,0.789195
482,12.233333,7.366667,8.750000,0.000000,0.818872
483,12.233333,7.266667,8.721667,0.000000,0.802389
484,12.233333,7.133333,8.738333,0.000000,0.875580
485,12.233333,7.300000,8.791667,0.000000,0.859323
486,12.233333,7.133333,8.773333,0.000000,0.859882
487,12.233333,7.266667,8.803333,0.000000,0.864139
488,12.233333,7.300000,8.703333,0.000000,0.817323
489,12.233333,7.200000,8.700000,0.000000,0.835408
490,12.233333,7.200000,8.766667,0.000000,0.827931
491,12.233333,7.266667,8.678333,0.000000,0.819892
492,12.233333,7.400000,8.776667,0.000000,0.865308
493,12.233333,7.366667,8.773333,0.000000,0.817670
494,12.233333,7.266667,8.756667,0.000000,0.852056
495,12.233333,7.233333,8.730000,0.000000,0.842744
496,12.233333,7.233333,8.710000,0.000000,0.815511
497,12.233333,7.233333,8.765000,0.000000,0.848556
498,12.233333,7.266667,8.748333,0.000000,0.843172
499,12.233333,7.233333,8.726667,0.000000,0.847791
500,12.233333,7.366667,8.746667,0.000000,0.828668
BestSdev: 0.260784, Time: 4m24.391716343s