gen,best,worst,mean,rep,sdev
1,11.466667,6.600000,8.725867,0.000000,0.868190
2,11.833333,6.633333,8.733067,0.000000,0.871634
3,11.933333,6.433333,8.739133,0.000000,0.882741
4,12.033333,6.666667,8.741200,0.000000,0.873158
5,12.033333,6.566667,8.736400,0.000000,0.876754
6,12.033333,6.466667,8.727667,0.000000,0.881052
7,12.066667,6.733333,8.719467,0.000000,0.871922
8,12.066667,6.566667,8.735000,0.000000,0.873015
9,12.066667,6.566667,8.728400,0.000000,0.869265
10,12.066667,6.466667,8.727933,0.000000,0.867682
11,12.100000,6.500000,8.731200,0.000000,0.872796
12,12.133333,6.600000,8.735600,0.000000,0.866503
13,12.133333,6.466667,8.744200,0.000000,0.865625
14,12.133333,6.500000,8.731800,0.000000,0.871105
15,12.133333,6.666667,8.738800,0.033333,0.867875
16,12.133333,6.466667,8.727933,0.000000,0.867235
17,12.133333,6.566667,8.734267,0.000000,0.874863
18,12.133333,6.600000,8.729267,0.000000,0.870407
19,12.133333,6.566667,8.729600,0.000000,0.867571
20,12.133333,6.466667,8.730067,0.000000,0.876474
21,12.133333,6.633333,8.740133,0.000000,0.867155
22,12.200000,6.466667,8.747200,0.000000,0.878553
23,12.200000,6.633333,8.744867,0.000000,0.874460
24,12.200000,6.633333,8.732800,0.000000,0.869624
25,12.200000,6.633333,8.737667,0.033333,0.871500
26,12.200000,6.500000,8.727400,0.000000,0.873261
27,12.200000,6.533333,8.722733,0.000000,0.871782
28,12.200000,6.466667,8.732933,0.000000,0.875684
29,12.200000,6.466667,8.721133,0.000000,0.872168
30,12.200000,6.400000,8.739467,0.033333,0.879931
31,12.200000,6.466667,8.734267,0.000000,0.866823
32,12.233333,6.700000,8.724467,0.000000,0.870849
33,12.233333,6.600000,8.733000,0.000000,0.874038
34,12.266667,6.633333,8.740933,0.000000,0.868182
35,12.266667,6.533333,8.743067,0.000000,0.871196
36,12.300000,6.666667,8.732133,0.000000,0.869872
37,12.333333,6.633333,8.729600,0.000000,0.861447
38,12.333333,6.733333,8.740200,0.000000,0.865009
39,12.333333,6.600000,8.740067,0.000000,0.866614
40,12.333333,6.500000,8.741467,0.000000,0.877372
41,12.333333,6.600000,8.745333,0.000000,0.877861
42,12.366667,6.733333,8.738000,0.000000,0.875311
43,12.366667,6.700000,8.731133,0.033333,0.871924
44,12.366667,6.600000,8.723600,0.000000,0.863588
45,12.366667,6.500000,8.723000,0.000000,0.868261
46,12.366667,6.600000,8.739333,0.000000,0.874934
47,12.366667,6.500000,8.731933,0.000000,0.872560
48,12.366667,6.566667,8.728800,0.000000,0.870625
49,12.366667,6.433333,8.728667,0.033333,0.871657
50,12.366667,6.800000,8.736733,0.000000,0.874990
51,12.366667,6.700000,8.740333,0.000000,0.868870
52,12.366667,6.566667,8.735867,0.000000,0.866697
53,12.366667,6.466667,8.738400,0.000000,0.870910
54,12.366667,6.500000,8.735467,0.000000,0.867325
55,12.366667,6.633333,8.727067,0.000000,0.877390
56,12.366667,6.400000,8.732533,0.000000,0.873802
57,12.366667,6.733333,8.733733,0.000000,0.870772
58,12.366667,6.666667,8.742067,0.000000,0.875402
59,12.366667,6.600000,8.739133,0.000000,0.874638
60,12.400000,6.633333,8.734267,0.000000,0.872531
61,12.400000,6.533333,8.748933,0.000000,0.873745
62,12.400000,6.533333,8.732333,0.000000,0.871954
63,12.433333,6.466667,8.738333,0.000000,0.874566
64,12.433333,6.566667,8.740333,0.000000,0.866594
65,12.433333,6.533333,8.728733,0.000000,0.873526
66,12.500000,6.466667,8.738867,0.000000,0.870506
67,12.533333,6.733333,8.740133,0.000000,0.877330
68,12.533333,6.566667,8.733733,0.000000,0.868858
69,12.533333,6.766667,8.723267,0.000000,0.866103
70,12.533333,6.633333,8.728867,0.000000,0.865274
71,12.566667,6.700000,8.734400,0.000000,0.870049
72,12.566667,6.566667,8.725000,0.000000,0.867121
73,12.566667,6.700000,8.725267,0.000000,0.873425
74,12.566667,6.633333,8.740800,0.033333,0.878033
75,12.566667,6.633333,8.731000,0.000000,0.872248
76,12.566667,6.633333,8.736533,0.000000,0.871400
77,12.566667,6.566667,8.735067,0.000000,0.879255
78,12.566667,6.600000,8.747733,0.000000,0.873485
79,12.566667,6.666667,8.744533,0.000000,0.875469
80,12.566667,6.666667,8.724467,0.000000,0.875817
81,12.566667,6.566667,8.718867,0.000000,0.873368
82,12.566667,6.666667,8.740067,0.000000,0.872704
83,12.566667,6.500000,8.736933,0.000000,0.874690
84,12.600000,6.566667,8.729333,0.000000,0.868454
85,12.633333,6.666667,8.737733,0.000000,0.882512
86,12.633333,6.333333,8.742733,0.000000,0.884639
87,12.633333,6.700000,8.747733,0.000000,0.874970
88,12.633333,6.466667,8.737267,0.000000,0.879378
89,12.633333,6.766667,8.737400,0.000000,0.878078
90,12.666667,6.433333,8.734133,0.000000,0.873890
91,12.666667,6.433333,8.722267,0.000000,0.871272
92,12.666667,6.533333,8.733533,0.000000,0.872198
93,12.666667,6.566667,8.737200,0.000000,0.868539
94,12.666667,6.600000,8.728267,0.000000,0.876015
95,12.666667,6.700000,8.738867,0.000000,0.872337
96,12.666667,6.500000,8.735133,0.000000,0.872897
97,12.666667,6.466667,8.728267,0.000000,0.868919
98,12.666667,6.533333,8.735333,0.000000,0.874445
99,12.700000,6.400000,8.740333,0.033333,0.874709
100,12.700000,6.466667,8.726467,0.000000,0.864117
101,12.700000,6.500000,8.725000,0.000000,0.873491
102,12.700000,6.433333,8.726133,0.000000,0.875475
103,12.700000,6.566667,8.738400,0.000000,0.870824
104,12.700000,6.700000,8.731733,0.000000,0.870750
105,12.700000,6.666667,8.728733,0.000000,0.871587
106,12.700000,6.366667,8.733867,0.000000,0.869728
107,12.700000,6.633333,8.746533,0.000000,0.877721
108,12.733333,6.500000,8.737600,0.000000,0.869647
109,12.733333,6.666667,8.719533,0.000000,0.866678
110,12.733333,6.633333,8.723667,0.000000,0.866260
111,12.733333,6.500000,8.735200,0.000000,0.866806
112,12.733333,6.600000,8.727733,0.000000,0.860039
113,12.733333,6.466667,8.734800,0.000000,0.875794
114,12.733333,6.600000,8.730733,0.000000,0.873208
115,12.733333,6.666667,8.736800,0.000000,0.870683
116,12.733333,6.666667,8.731600,0.000000,0.864943
117,12.733333,6.500000,8.734667,0.000000,0.874735
118,12.733333,6.533333,8.737400,0.000000,0.878470
119,12.733333,6.600000,8.724867,0.000000,0.869325
120,12.733333,6.633333,8.735200,0.000000,0.874207
121,12.733333,6.533333,8.739333,0.033333,0.872909
122,12.733333,6.566667,8.735333,0.000000,0.870718
123,12.733333,6.566667,8.727467,0.000000,0.866085
124,12.733333,6.500000,8.733000,0.033333,0.864842
125,12.766667,6.666667,8.729133,0.033333,0.874157
126,12.766667,6.533333,8.729000,0.000000,0.863418
127,12.766667,6.466667,8.736267,0.000000,0.876833
128,12.766667,6.633333,8.754133,0.000000,0.879059
129,12.766667,6.633333,8.726867,0.000000,0.864117
130,12.766667,6.700000,8.728467,0.000000,0.868033
131,12.766667,6.500000,8.732400,0.000000,0.870593
132,12.766667,6.433333,8.732000,0.000000,0.870015
133,12.766667,6.433333,8.732333,0.000000,0.878139
134,12.800000,6.533333,8.736600,0.000000,0.877819
135,12.800000,6.533333,8.741067,0.000000,0.870318
136,12.800000,6.600000,8.734400,0.000000,0.883172
137,12.800000,6.600000,8.728267,0.000000,0.870492
138,12.800000,6.600000,8.728400,0.000000,0.864487
139,12.800000,6.566667,8.737800,0.000000,0.869814
140,12.800000,6.566667,8.730800,0.000000,0.859189
141,12.800000,6.500000,8.741333,0.000000,0.871892
142,12.800000,6.566667,8.738800,0.000000,0.873167
143,12.800000,6.633333,8.723800,0.033333,0.874016
144,12.800000,6.533333,8.736933,0.000000,0.879464
145,12.800000,6.500000,8.738867,0.000000,0.876618
146,12.800000,6.600000,8.736733,0.000000,0.868248
147,12.800000,6.466667,8.736533,0.000000,0.877253
148,12.800000,6.600000,8.726733,0.000000,0.869865
149,12.800000,6.533333,8.740533,0.000000,0.872063
150,12.800000,6.466667,8.743667,0.000000,0.876844
151,12.800000,6.666667,8.739467,0.000000,0.866748
152,12.800000,6.733333,8.735267,0.000000,0.877028
153,12.800000,6.633333,8.734533,0.000000,0.881691
154,12.800000,6.433333,8.719200,0.000000,0.877397
155,12.800000,6.500000,8.731867,0.000000,0.870062
156,12.800000,6.566667,8.722333,0.000000,0.869061
157,12.800000,6.600000,8.731333,0.000000,0.862094
158,12.800000,6.633333,8.733867,0.000000,0.877165
159,12.800000,6.566667,8.737733,0.000000,0.874088
160,12.800000,6.533333,8.727733,0.000000,0.880056
161,12.833333,6.666667,8.735200,0.000000,0.873732
162,12.833333,6.600000,8.734400,0.000000,0.874798
163,12.833333,6.633333,8.746400,0.000000,0.869147
164,12.833333,6.600000,8.733000,0.000000,0.873142
165,12.833333,6.533333,8.731400,0.000000,0.867142
166,12.833333,6.466667,8.720333,0.000000,0.866396
167,12.833333,6.600000,8.724667,0.000000,0.879230
168,12.833333,6.366667,8.727667,0.033333,0.872358
169,12.833333,6.533333,8.740800,0.000000,0.873612
170,12.833333,6.633333,8.737133,0.033333,0.868480
171,12.833333,6.666667,8.746733,0.000000,0.869377
172,12.833333,6.633333,8.736667,0.000000,0.868387
173,12.833333,6.600000,8.746133,0.000000,0.865430
174,12.866667,6.600000,8.737667,0.000000,0.867954
175,12.866667,6.566667,8.742067,0.033333,0.874346
176,12.866667,6.566667,8.733467,0.000000,0.867209
177,12.866667,6.533333,8.734800,0.000000,0.871354
178,12.866667,6.566667,8.721200,0.033333,0.866798
179,12.866667,6.600000,8.747467,0.000000,0.867690
180,12.866667,6.433333,8.736800,0.000000,0.884659
181,12.866667,6.600000,8.732133,0.000000,0.873956
182,12.866667,6.633333,8.724533,0.000000,0.872337
183,12.866667,6.500000,8.725533,0.000000,0.878315
184,12.866667,6.466667,8.739533,0.000000,0.871807
185,12.866667,6.533333,8.734400,0.000000,0.874400
186,12.866667,6.566667,8.724200,0.000000,0.866806
187,12.866667,6.700000,8.743333,0.000000,0.874798
188,12.866667,6.500000,8.726533,0.033333,0.879817
189,12.866667,6.533333,8.733400,0.000000,0.874487
190,12.866667,6.500000,8.733133,0.000000,0.874974
191,12.866667,6.533333,8.742733,0.000000,0.868692
192,12.900000,6.600000,8.734867,0.000000,0.872173
193,12.900000,6.533333,8.729467,0.000000,0.874185
194,12.900000,6.600000,8.732867,0.000000,0.868274
195,12.900000,6.633333,8.744467,0.000000,0.867806
196,12.900000,6.633333,8.733333,0.000000,0.864226
197,12.900000,6.633333,8.729133,0.000000,0.877959
198,12.900000,6.666667,8.723333,0.000000,0.863602
199,12.900000,6.666667,8.743333,0.000000,0.874072
200,12.900000,6.666667,8.723067,0.000000,0.867423
BestSdev: 0.274934, Time: 39m7.421134112s