gen,best,worst,mean,rep,sdev
1,11.000000,6.900000,8.738667,0.000000,0.872813
2,11.066667,6.933333,8.764333,0.000000,0.847753
3,11.133333,6.900000,8.726667,0.000000,0.861048
4,11.233333,6.966667,8.742333,0.000000,0.858408
5,11.266667,6.933333,8.714000,0.000000,0.872157
6,11.333333,6.866667,8.705667,0.000000,0.876107
7,11.400000,6.966667,8.739667,0.000000,0.856064
8,11.433333,6.933333,8.756667,0.000000,0.855630
9,11.433333,6.966667,8.716333,0.000000,0.865254
10,11.500000,6.733333,8.700667,0.000000,0.868194
11,11.533333,6.933333,8.725000,0.000000,0.887498
12,11.600000,6.900000,8.746000,0.000000,0.865526
13,11.633333,6.966667,8.721000,0.000000,0.850819
14,11.666667,6.933333,8.741333,0.000000,0.856553
15,11.733333,6.866667,8.725667,0.000000,0.857143
16,11.733333,6.966667,8.736000,0.000000,0.850555
17,11.766667,6.800000,8.730000,0.000000,0.876487
18,11.800000,6.933333,8.755333,0.000000,0.848269
19,11.800000,6.866667,8.754667,0.000000,0.860772
20,11.800000,6.866667,8.707333,0.000000,0.889626
21,11.900000,6.866667,8.753000,0.000000,0.872389
22,11.900000,6.966667,8.722000,0.000000,0.854552
23,11.900000,6.866667,8.719333,0.000000,0.873649
24,11.933333,6.866667,8.713333,0.000000,0.881830
25,11.933333,7.000000,8.749333,0.000000,0.853318
26,11.933333,6.866667,8.760000,0.000000,0.876997
27,11.933333,6.866667,8.728000,0.000000,0.858069
28,11.933333,6.866667,8.721000,0.000000,0.877464
29,11.933333,6.800000,8.758333,0.000000,0.859939
30,11.933333,6.866667,8.706667,0.000000,0.856878
31,11.933333,6.900000,8.749000,0.000000,0.870862
32,11.933333,6.933333,8.730000,0.000000,0.889155
33,11.933333,6.933333,8.725667,0.000000,0.862016
34,11.933333,6.833333,8.745333,0.000000,0.854670
35,11.933333,6.966667,8.751000,0.000000,0.863787
36,11.933333,6.966667,8.750333,0.000000,0.864671
37,11.933333,6.800000,8.741333,0.000000,0.888749
38,11.966667,6.866667,8.739667,0.000000,0.867752
39,11.966667,6.933333,8.752000,0.000000,0.844702
40,11.966667,7.000000,8.747667,0.000000,0.867332
41,11.966667,6.866667,8.719333,0.000000,0.868997
42,12.000000,6.833333,8.721000,0.000000,0.864991
43,12.000000,6.800000,8.733000,0.000000,0.872135
44,12.000000,6.800000,8.704333,0.000000,0.872745
45,12.033333,6.933333,8.737667,0.000000,0.866925
46,12.033333,6.866667,8.751000,0.000000,0.864184
47,12.033333,6.900000,8.735000,0.000000,0.861927
48,12.033333,6.800000,8.714000,0.000000,0.876213
49,12.033333,6.866667,8.728333,0.000000,0.867822
50,12.033333,6.933333,8.737667,0.000000,0.878408
51,12.033333,6.933333,8.727000,0.000000,0.868066
52,12.066667,6.933333,8.737333,0.000000,0.880893
53,12.066667,6.933333,8.725333,0.000000,0.850590
54,12.066667,6.900000,8.716000,0.000000,0.851413
55,12.066667,6.833333,8.731667,0.000000,0.858910
56,12.066667,6.966667,8.734000,0.000000,0.857491
57,12.066667,6.900000,8.765333,0.000000,0.859412
58,12.066667,6.900000,8.722333,0.000000,0.872797
59,12.066667,6.900000,8.725667,0.000000,0.856807
60,12.066667,6.900000,8.737000,0.000000,0.871946
61,12.066667,6.866667,8.771333,0.000000,0.891524
62,12.066667,6.900000,8.733667,0.000000,0.856175
63,12.066667,6.933333,8.735333,0.000000,0.874472
64,12.066667,6.933333,8.751000,0.000000,0.861935
65,12.066667,6.833333,8.698667,0.000000,0.870048
66,12.066667,6.833333,8.715333,0.000000,0.852063
67,12.066667,6.900000,8.700000,0.000000,0.889965
68,12.066667,6.933333,8.740667,0.000000,0.872527
69,12.066667,6.833333,8.702000,0.000000,0.885706
70,12.066667,6.966667,8.721000,0.000000,0.869671
71,12.066667,6.866667,8.760333,0.000000,0.860323
72,12.066667,6.966667,8.722000,0.000000,0.867297
73,12.066667,6.933333,8.713333,0.000000,0.865703
74,12.066667,6.866667,8.729000,0.000000,0.850187
75,12.066667,6.800000,8.742333,0.000000,0.891009
76,12.066667,7.000000,8.727333,0.000000,0.863836
77,12.066667,6.866667,8.752667,0.000000,0.878677
78,12.066667,6.866667,8.742000,0.000000,0.884997
79,12.066667,6.933333,8.712333,0.000000,0.857543
80,12.066667,7.000000,8.758333,0.000000,0.881236
81,12.066667,6.800000,8.720000,0.000000,0.875462
82,12.066667,6.966667,8.737000,0.000000,0.884034
83,12.066667,6.933333,8.758667,0.000000,0.878667
84,12.066667,6.933333,8.749333,0.000000,0.869120
85,12.066667,6.900000,8.726333,0.000000,0.860832
86,12.066667,6.833333,8.718667,0.000000,0.888610
87,12.066667,6.833333,8.736667,0.000000,0.886253
88,12.066667,6.933333,8.716333,0.000000,0.868200
89,12.066667,6.933333,8.760333,0.000000,0.881670
90,12.066667,6.933333,8.747333,0.000000,0.861192
91,12.066667,6.800000,8.706667,0.000000,0.865155
92,12.066667,6.766667,8.750000,0.000000,0.873670
93,12.066667,6.900000,8.748333,0.000000,0.865741
94,12.100000,6.966667,8.741000,0.000000,0.875666
95,12.100000,6.966667,8.724000,0.000000,0.853118
96,12.100000,6.766667,8.749000,0.000000,0.874319
97,12.100000,6.966667,8.708333,0.000000,0.846532
98,12.100000,6.933333,8.716333,0.000000,0.855941
99,12.133333,6.866667,8.739667,0.000000,0.876591
100,12.133333,6.933333,8.747000,0.000000,0.875176
BestSdev: 0.248359, Time: 3m29.961010742s