gen,best,worst,mean,rep,sdev
1,10.833333,7.033333,8.742000,0.000000,0.878512
2,11.100000,7.100000,8.728000,0.000000,0.845571
3,11.166667,7.000000,8.705333,0.000000,0.886914
4,11.300000,7.000000,8.744000,0.000000,0.862564
5,11.300000,6.900000,8.704000,0.000000,0.861190
6,11.366667,7.066667,8.738000,0.000000,0.844512
7,11.400000,7.033333,8.769333,0.000000,0.863532
8,11.400000,6.966667,8.746000,0.000000,0.867536
9,11.400000,6.933333,8.722667,0.000000,0.865672
10,11.400000,6.833333,8.718667,0.000000,0.883055
11,11.400000,6.933333,8.754667,0.000000,0.874224
12,11.400000,7.000000,8.781333,0.000000,0.862167
13,11.433333,7.100000,8.755333,0.000000,0.837636
14,11.433333,7.000000,8.762000,0.000000,0.854512
15,11.433333,7.033333,8.777333,0.000000,0.842374
16,11.466667,7.033333,8.746000,0.000000,0.851861
17,11.466667,7.000000,8.734667,0.000000,0.862376
18,11.533333,7.000000,8.754000,0.000000,0.877099
19,11.533333,6.966667,8.715333,0.000000,0.841353
20,11.533333,7.000000,8.742000,0.000000,0.863911
21,11.533333,7.033333,8.736000,0.000000,0.865827
22,11.566667,7.033333,8.766000,0.000000,0.865569
23,11.566667,7.166667,8.750000,0.000000,0.860799
24,11.600000,7.066667,8.736667,0.000000,0.853524
25,11.600000,6.966667,8.719333,0.000000,0.850776
26,11.600000,6.966667,8.714000,0.000000,0.852742
27,11.600000,7.000000,8.729333,0.000000,0.863436
28,11.600000,6.933333,8.728667,0.000000,0.863718
29,11.600000,6.933333,8.761333,0.000000,0.856610
30,11.633333,7.033333,8.740000,0.000000,0.872344
31,11.633333,7.000000,8.740667,0.000000,0.864164
32,11.666667,6.966667,8.747333,0.000000,0.858239
33,11.666667,7.066667,8.754000,0.000000,0.860321
34,11.666667,7.033333,8.759333,0.000000,0.849184
35,11.666667,6.933333,8.746667,0.000000,0.876201
36,11.700000,7.000000,8.717333,0.000000,0.844354
37,11.700000,7.066667,8.719333,0.000000,0.872585
38,11.700000,6.966667,8.694667,0.000000,0.882679
39,11.700000,6.966667,8.725333,0.000000,0.869581
40,11.700000,7.033333,8.734000,0.000000,0.852122
41,11.800000,7.000000,8.712000,0.000000,0.872686
42,11.800000,7.100000,8.714667,0.000000,0.823287
43,11.800000,6.966667,8.720667,0.000000,0.858058
44,11.866667,7.100000,8.783333,0.000000,0.860624
45,11.866667,7.000000,8.734000,0.000000,0.846506
46,11.866667,6.833333,8.702000,0.000000,0.883445
47,11.866667,6.933333,8.730000,0.000000,0.848448
48,11.866667,7.000000,8.710000,0.000000,0.847092
49,11.900000,7.066667,8.724667,0.000000,0.861388
50,11.900000,7.066667,8.730000,0.000000,0.850171
BestSdev: 0.215473, Time: 57.085532145s