gen,best,worst,mean,rep,sdev
1,11.033333,6.733333,8.738167,0.000000,0.870700
2,11.166667,6.866667,8.726833,0.000000,0.858917
3,11.200000,6.900000,8.734833,0.000000,0.866560
4,11.333333,6.766667,8.729500,0.000000,0.863812
5,11.433333,6.833333,8.731500,0.000000,0.875731
6,11.600000,6.800000,8.735333,0.000000,0.866492
7,11.633333,6.833333,8.715333,0.000000,0.866597
8,11.633333,6.900000,8.724333,0.000000,0.868882
9,11.700000,6.866667,8.746000,0.000000,0.876521
10,11.700000,6.800000,8.729167,0.000000,0.867540
11,11.733333,6.833333,8.729000,0.000000,0.873498
12,11.833333,6.933333,8.729000,0.000000,0.888210
13,11.900000,6.766667,8.730333,0.000000,0.874287
14,11.900000,6.900000,8.743167,0.000000,0.885112
15,11.966667,6.966667,8.724667,0.000000,0.863964
16,11.966667,6.866667,8.724333,0.000000,0.864747
17,11.966667,6.900000,8.721667,0.000000,0.870033
18,12.000000,6.833333,8.726167,0.000000,0.857910
19,12.000000,6.833333,8.753167,0.000000,0.867009
20,12.000000,6.866667,8.752000,0.000000,0.872662
21,12.000000,6.866667,8.735667,0.000000,0.860886
22,12.066667,6.800000,8.716667,0.000000,0.856594
23,12.066667,6.766667,8.712167,0.000000,0.866584
24,12.066667,6.800000,8.713667,0.000000,0.866413
25,12.133333,6.833333,8.730833,0.000000,0.872606
26,12.133333,6.700000,8.732000,0.000000,0.871733
27,12.133333,6.700000,8.719833,0.000000,0.864038
28,12.133333,6.833333,8.740833,0.000000,0.873800
29,12.166667,6.800000,8.732000,0.000000,0.867206
30,12.166667,6.833333,8.749333,0.000000,0.880738
31,12.166667,6.766667,8.730667,0.000000,0.879648
32,12.166667,6.766667,8.728333,0.000000,0.861153
33,12.166667,6.700000,8.748500,0.000000,0.864757
34,12.166667,6.900000,8.730167,0.000000,0.856002
35,12.166667,6.800000,8.733333,0.000000,0.865833
36,12.166667,6.800000,8.722333,0.000000,0.880680
37,12.166667,6.733333,8.730167,0.000000,0.869199
38,12.166667,6.733333,8.725333,0.000000,0.862262
39,12.166667,6.733333,8.718500,0.000000,0.876718
40,12.166667,6.800000,8.739167,0.000000,0.858518
41,12.166667,6.900000,8.732833,0.000000,0.864722
42,12.166667,6.700000,8.732833,0.000000,0.861582
43,12.166667,6.766667,8.748500,0.000000,0.861101
44,12.166667,6.700000,8.723833,0.000000,0.865325
45,12.166667,6.733333,8.724500,0.000000,0.879665
46,12.166667,6.900000,8.736667,0.000000,0.877362
47,12.166667,6.733333,8.754667,0.000000,0.871785
48,12.166667,6.766667,8.750667,0.000000,0.874865
49,12.166667,6.766667,8.726667,0.033333,0.861010
50,12.200000,6.833333,8.736833,0.000000,0.876575
51,12.200000,6.866667,8.752667,0.000000,0.867722
52,12.200000,6.866667,8.732333,0.000000,0.865677
53,12.200000,6.766667,8.734500,0.000000,0.858829
54,12.200000,6.666667,8.711333,0.000000,0.877386
55,12.200000,6.766667,8.732333,0.000000,0.875910
56,12.200000,6.766667,8.759833,0.000000,0.878442
57,12.200000,6.800000,8.741833,0.000000,0.865919
58,12.200000,6.900000,8.732833,0.000000,0.878110
59,12.200000,6.833333,8.726333,0.000000,0.873226
60,12.200000,6.866667,8.747333,0.000000,0.864804
61,12.200000,6.800000,8.741667,0.000000,0.873385
62,12.200000,6.766667,8.736667,0.000000,0.869643
63,12.200000,6.800000,8.741333,0.000000,0.860525
64,12.200000,6.666667,8.727000,0.000000,0.867846
65,12.200000,6.733333,8.742667,0.000000,0.882044
66,12.200000,6.733333,8.728000,0.000000,0.880525
67,12.200000,6.733333,8.734333,0.000000,0.877115
68,12.200000,6.800000,8.736167,0.000000,0.873559
69,12.200000,6.866667,8.729000,0.000000,0.862881
70,12.200000,6.833333,8.733000,0.000000,0.876411
71,12.233333,6.766667,8.732000,0.000000,0.864615
72,12.233333,6.900000,8.738667,0.000000,0.859664
73,12.233333,6.866667,8.724667,0.000000,0.866385
74,12.233333,6.700000,8.730833,0.000000,0.858923
75,12.233333,6.500000,8.739167,0.000000,0.876116
76,12.233333,6.833333,8.734167,0.000000,0.872641
77,12.233333,6.766667,8.730167,0.000000,0.872934
78,12.266667,6.766667,8.729667,0.000000,0.879049
79,12.266667,6.900000,8.732333,0.000000,0.871002
80,12.266667,6.733333,8.742333,0.000000,0.873390
81,12.266667,6.700000,8.742000,0.000000,0.870718
82,12.266667,6.800000,8.701167,0.000000,0.864335
83,12.266667,6.766667,8.706667,0.000000,0.864857
84,12.266667,6.666667,8.740167,0.000000,0.865816
85,12.266667,6.800000,8.726833,0.000000,0.871806
86,12.266667,6.800000,8.736500,0.000000,0.863405
87,12.266667,6.800000,8.743167,0.000000,0.872351
88,12.266667,6.800000,8.730167,0.000000,0.876608
89,12.266667,6.866667,8.739333,0.000000,0.877174
90,12.266667,6.833333,8.752500,0.000000,0.859201
91,12.266667,6.900000,8.745667,0.000000,0.864841
92,12.266667,6.833333,8.728667,0.000000,0.882256
93,12.266667,6.766667,8.730667,0.000000,0.878298
94,12.266667,6.766667,8.731833,0.000000,0.867414
95,12.266667,6.766667,8.734667,0.000000,0.881492
96,12.266667,6.800000,8.723667,0.000000,0.869668
97,12.266667,6.933333,8.745000,0.000000,0.871012
98,12.266667,6.700000,8.751833,0.000000,0.856403
99,12.266667,6.800000,8.744500,0.000000,0.863234
100,12.266667,6.800000,8.723500,0.000000,0.849566
101,12.266667,6.866667,8.734667,0.000000,0.872915
102,12.266667,6.766667,8.752000,0.000000,0.870226
103,12.266667,6.833333,8.749333,0.000000,0.865396
104,12.266667,6.666667,8.739333,0.000000,0.874911
105,12.266667,6.766667,8.747000,0.000000,0.874242
106,12.266667,6.900000,8.758667,0.000000,0.854987
107,12.266667,6.766667,8.721833,0.000000,0.866131
108,12.266667,6.866667,8.745167,0.000000,0.869270
109,12.266667,6.600000,8.738333,0.000000,0.878009
110,12.266667,6.800000,8.737333,0.000000,0.869346
111,12.266667,6.866667,8.744833,0.000000,0.864945
112,12.266667,6.766667,8.764833,0.000000,0.882712
113,12.266667,6.833333,8.756500,0.000000,0.857620
114,12.266667,6.766667,8.726333,0.000000,0.867098
115,12.266667,6.766667,8.731667,0.000000,0.860082
116,12.266667,6.700000,8.715667,0.000000,0.875680
117,12.266667,6.866667,8.743833,0.000000,0.861625
118,12.266667,6.833333,8.709000,0.000000,0.855164
119,12.266667,6.733333,8.729833,0.000000,0.872689
120,12.266667,6.900000,8.742167,0.000000,0.863003
121,12.266667,6.533333,8.731333,0.000000,0.894007
122,12.266667,6.800000,8.743167,0.000000,0.874281
123,12.266667,6.766667,8.707833,0.000000,0.846474
124,12.266667,6.800000,8.733167,0.000000,0.867722
125,12.266667,6.866667,8.735333,0.000000,0.861817
126,12.266667,6.800000,8.719500,0.000000,0.863666
127,12.266667,6.833333,8.740833,0.000000,0.874082
128,12.266667,6.700000,8.737833,0.000000,0.868780
129,12.266667,6.833333,8.730333,0.000000,0.873626
130,12.266667,6.800000,8.729667,0.000000,0.868094
131,12.266667,6.933333,8.730333,0.000000,0.873988
132,12.266667,6.866667,8.733000,0.000000,0.866415
133,12.266667,6.700000,8.741500,0.000000,0.879222
134,12.266667,6.866667,8.737167,0.000000,0.874561
135,12.266667,6.733333,8.737000,0.000000,0.870673
136,12.266667,6.733333,8.731167,0.000000,0.879903
137,12.266667,6.933333,8.728167,0.000000,0.871476
138,12.266667,6.866667,8.726500,0.000000,0.861865
139,12.266667,6.800000,8.746333,0.000000,0.864880
140,12.266667,6.800000,8.747667,0.000000,0.870616
141,12.266667,6.766667,8.729000,0.000000,0.873566
142,12.266667,6.700000,8.715833,0.000000,0.854935
143,12.266667,6.800000,8.749333,0.000000,0.866376
144,12.266667,6.766667,8.730000,0.000000,0.865096
145,12.266667,6.933333,8.751833,0.000000,0.863549
146,12.266667,6.833333,8.718500,0.000000,0.851873
147,12.266667,6.800000,8.733000,0.000000,0.860058
148,12.266667,6.766667,8.750167,0.000000,0.871055
149,12.266667,6.866667,8.733333,0.000000,0.871484
150,12.266667,6.833333,8.716000,0.000000,0.870138
151,12.266667,6.800000,8.716000,0.000000,0.874937
152,12.266667,6.800000,8.733167,0.000000,0.877799
153,12.266667,6.833333,8.744167,0.000000,0.872232
154,12.266667,6.866667,8.742167,0.000000,0.852688
155,12.266667,6.666667,8.726333,0.000000,0.875913
156,12.266667,6.866667,8.716833,0.000000,0.861197
157,12.266667,6.766667,8.745333,0.000000,0.876115
158,12.266667,6.833333,8.737500,0.000000,0.866226
159,12.266667,6.900000,8.741667,0.000000,0.875806
160,12.266667,7.000000,8.745000,0.000000,0.859727
161,12.300000,6.800000,8.729333,0.000000,0.863899
162,12.300000,6.866667,8.727167,0.000000,0.865659
163,12.300000,6.966667,8.743000,0.000000,0.871529
164,12.300000,6.633333,8.733667,0.000000,0.861816
165,12.300000,6.800000,8.727167,0.000000,0.860614
166,12.300000,6.766667,8.743500,0.000000,0.876505
167,12.333333,6.733333,8.712500,0.033333,0.866770
168,12.333333,6.833333,8.725667,0.000000,0.872482
169,12.333333,6.800000,8.719500,0.000000,0.859971
170,12.333333,6.700000,8.722000,0.000000,0.875262
171,12.333333,6.833333,8.716667,0.000000,0.877807
172,12.333333,6.766667,8.746333,0.000000,0.868187
173,12.333333,6.766667,8.725833,0.000000,0.867627
174,12.333333,6.733333,8.745500,0.000000,0.878087
175,12.333333,6.800000,8.708500,0.000000,0.863579
176,12.333333,6.866667,8.741333,0.033333,0.860694
177,12.333333,6.933333,8.722000,0.000000,0.858488
178,12.333333,6.766667,8.735167,0.000000,0.868933
179,12.333333,6.833333,8.743333,0.000000,0.869455
180,12.333333,6.766667,8.729500,0.000000,0.889000
181,12.333333,6.633333,8.760167,0.000000,0.877954
182,12.333333,6.800000,8.731333,0.000000,0.865361
183,12.366667,6.866667,8.725167,0.000000,0.859529
184,12.366667,6.833333,8.735833,0.000000,0.873669
185,12.366667,6.933333,8.728167,0.000000,0.861769
186,12.366667,6.833333,8.712500,0.000000,0.862186
187,12.366667,6.766667,8.739000,0.000000,0.878895
188,12.366667,6.700000,8.730000,0.000000,0.874094
189,12.366667,6.733333,8.724333,0.000000,0.867551
190,12.366667,6.666667,8.733167,0.000000,0.879693
191,12.366667,6.766667,8.725833,0.000000,0.865858
192,12.366667,6.766667,8.748667,0.000000,0.883528
193,12.366667,6.700000,8.734000,0.000000,0.878461
194,12.366667,6.800000,8.712667,0.000000,0.855012
195,12.366667,6.933333,8.759500,0.000000,0.855003
196,12.366667,6.866667,8.751167,0.000000,0.866497
197,12.366667,6.800000,8.732167,0.000000,0.862625
198,12.366667,6.866667,8.745167,0.000000,0.877581
199,12.366667,6.766667,8.741000,0.000000,0.866811
200,12.366667,6.700000,8.740000,0.000000,0.877192
BestSdev: 0.205432, Time: 15m11.466827235s