gen,best,worst,mean,rep,sdev
1,11.100000,6.800000,8.756667,0.000000,0.868551
2,11.400000,6.833333,8.736333,0.000000,0.878232
3,11.566667,6.766667,8.723667,0.000000,0.872961
4,11.666667,6.700000,8.731333,0.000000,0.865627
5,11.700000,6.800000,8.720833,0.000000,0.858099
6,11.800000,6.800000,8.737333,0.000000,0.869946
7,11.833333,6.866667,8.726333,0.000000,0.872625
8,11.833333,6.766667,8.730667,0.000000,0.868105
9,11.866667,6.800000,8.737167,0.000000,0.878828
10,11.933333,6.733333,8.724333,0.000000,0.869230
11,11.933333,6.900000,8.720833,0.000000,0.864336
12,11.966667,6.866667,8.725833,0.000000,0.867156
13,11.966667,6.833333,8.738000,0.000000,0.880196
14,11.966667,6.733333,8.730833,0.000000,0.868421
15,12.033333,6.766667,8.722167,0.000000,0.875491
16,12.033333,6.766667,8.729000,0.000000,0.870033
17,12.066667,6.633333,8.744833,0.000000,0.886880
18,12.066667,6.900000,8.718833,0.000000,0.870724
19,12.066667,6.866667,8.718667,0.000000,0.861347
20,12.066667,6.800000,8.729667,0.000000,0.862661
21,12.066667,6.866667,8.698500,0.000000,0.881411
22,12.066667,6.766667,8.761000,0.000000,0.871527
23,12.066667,6.800000,8.735833,0.000000,0.861508
24,12.066667,6.866667,8.739500,0.000000,0.866794
25,12.066667,6.633333,8.741333,0.000000,0.875244
26,12.100000,6.866667,8.732500,0.000000,0.863588
27,12.100000,6.766667,8.735000,0.000000,0.870217
28,12.100000,6.766667,8.737000,0.000000,0.872472
29,12.100000,6.866667,8.734000,0.000000,0.870179
30,12.100000,6.700000,8.744667,0.000000,0.861546
31,12.100000,6.833333,8.725500,0.000000,0.869476
32,12.100000,6.733333,8.730333,0.000000,0.874709
33,12.100000,6.800000,8.733167,0.000000,0.864194
34,12.100000,6.866667,8.744667,0.000000,0.874892
35,12.100000,6.833333,8.746667,0.000000,0.872359
36,12.100000,6.766667,8.726500,0.000000,0.871260
37,12.100000,6.800000,8.742667,0.000000,0.860506
38,12.100000,6.700000,8.748000,0.000000,0.875005
39,12.100000,6.900000,8.726333,0.000000,0.858515
40,12.100000,6.933333,8.745500,0.000000,0.864754
41,12.100000,6.833333,8.736667,0.000000,0.862836
42,12.100000,6.866667,8.744000,0.000000,0.871352
43,12.133333,6.800000,8.716667,0.000000,0.882061
44,12.133333,6.833333,8.754333,0.000000,0.859116
45,12.133333,6.900000,8.718667,0.000000,0.862590
46,12.133333,6.766667,8.735333,0.000000,0.860493
47,12.133333,6.933333,8.742833,0.000000,0.866757
48,12.133333,6.766667,8.738667,0.000000,0.871436
49,12.133333,6.800000,8.742667,0.000000,0.874604
50,12.133333,6.833333,8.729667,0.000000,0.856004
51,12.133333,6.900000,8.720333,0.000000,0.864460
52,12.133333,6.800000,8.743667,0.000000,0.868466
53,12.133333,6.800000,8.725333,0.000000,0.864807
54,12.133333,6.800000,8.722167,0.000000,0.868299
55,12.133333,6.700000,8.730333,0.000000,0.865560
56,12.133333,6.866667,8.744000,0.000000,0.884924
57,12.133333,6.733333,8.716167,0.000000,0.874858
58,12.133333,6.733333,8.713500,0.000000,0.870661
59,12.166667,6.833333,8.747500,0.000000,0.879654
60,12.166667,6.833333,8.724000,0.000000,0.860802
61,12.166667,6.800000,8.721000,0.000000,0.879735
62,12.166667,6.833333,8.751667,0.000000,0.877077
63,12.166667,6.833333,8.735833,0.000000,0.867405
64,12.166667,6.666667,8.726667,0.000000,0.871199
65,12.166667,6.800000,8.753167,0.000000,0.864142
66,12.166667,6.733333,8.734000,0.000000,0.881691
67,12.166667,6.966667,8.722667,0.000000,0.867110
68,12.166667,6.800000,8.730000,0.000000,0.874349
69,12.166667,6.833333,8.725833,0.000000,0.856465
70,12.166667,6.800000,8.738000,0.000000,0.865749
71,12.166667,6.866667,8.744167,0.000000,0.868531
72,12.166667,6.833333,8.745167,0.000000,0.861632
73,12.166667,6.866667,8.722167,0.000000,0.876709
74,12.166667,6.600000,8.724667,0.000000,0.874210
75,12.166667,6.800000,8.748667,0.000000,0.873090
76,12.166667,6.800000,8.725500,0.000000,0.865908
77,12.166667,6.933333,8.724167,0.000000,0.866713
78,12.166667,6.800000,8.744833,0.000000,0.882644
79,12.166667,6.633333,8.737333,0.000000,0.869065
80,12.166667,6.666667,8.728833,0.000000,0.877601
81,12.166667,6.900000,8.701833,0.000000,0.847370
82,12.166667,6.766667,8.730167,0.000000,0.860563
83,12.166667,6.766667,8.741667,0.000000,0.868286
84,12.166667,6.766667,8.734000,0.000000,0.866910
85,12.166667,6.766667,8.733333,0.000000,0.868120
86,12.200000,6.833333,8.734333,0.000000,0.861239
87,12.200000,6.900000,8.744667,0.000000,0.875047
88,12.200000,6.900000,8.742500,0.000000,0.861764
89,12.200000,6.766667,8.740167,0.000000,0.865847
90,12.200000,6.800000,8.748167,0.000000,0.882064
91,12.200000,6.766667,8.726500,0.000000,0.869720
92,12.200000,6.866667,8.736333,0.000000,0.858590
93,12.200000,6.633333,8.758167,0.000000,0.878611
94,12.200000,6.700000,8.728167,0.000000,0.870374
95,12.200000,6.766667,8.736667,0.000000,0.876649
96,12.200000,6.800000,8.726667,0.000000,0.864624
97,12.200000,6.866667,8.738833,0.000000,0.869014
98,12.200000,6.800000,8.744500,0.000000,0.881641
99,12.200000,6.866667,8.729333,0.000000,0.868603
100,12.200000,6.866667,8.730167,0.000000,0.866069
101,12.200000,6.666667,8.725833,0.000000,0.882080
102,12.200000,6.700000,8.732667,0.000000,0.865756
103,12.200000,6.900000,8.740333,0.000000,0.869835
104,12.200000,6.800000,8.740333,0.000000,0.866903
105,12.200000,6.866667,8.713000,0.000000,0.872222
106,12.200000,6.833333,8.733667,0.000000,0.875413
107,12.200000,6.733333,8.726667,0.000000,0.869521
108,12.200000,6.833333,8.734667,0.000000,0.866491
109,12.200000,6.800000,8.747000,0.000000,0.871425
110,12.200000,6.733333,8.737333,0.000000,0.863432
111,12.200000,6.700000,8.744333,0.000000,0.882839
112,12.200000,6.800000,8.743833,0.000000,0.860378
113,12.200000,6.866667,8.762833,0.000000,0.856703
114,12.200000,6.833333,8.759667,0.000000,0.882477
115,12.200000,6.766667,8.713000,0.000000,0.875913
116,12.200000,6.833333,8.746000,0.000000,0.867130
117,12.200000,6.833333,8.747667,0.000000,0.864894
118,12.200000,6.633333,8.742833,0.000000,0.874742
119,12.200000,6.900000,8.745333,0.000000,0.869462
120,12.200000,6.766667,8.735000,0.000000,0.861271
121,12.200000,6.666667,8.726500,0.000000,0.874401
122,12.200000,6.933333,8.730667,0.000000,0.868130
123,12.200000,6.866667,8.738000,0.000000,0.859298
124,12.200000,6.766667,8.724333,0.000000,0.876667
125,12.200000,6.833333,8.722000,0.000000,0.872348
126,12.200000,6.733333,8.719333,0.000000,0.871658
127,12.200000,6.800000,8.740500,0.000000,0.870050
128,12.200000,6.666667,8.731000,0.000000,0.866142
129,12.200000,6.833333,8.734667,0.000000,0.866373
130,12.200000,6.933333,8.729333,0.000000,0.858415
131,12.200000,6.766667,8.751500,0.000000,0.874293
132,12.200000,6.833333,8.724167,0.000000,0.883167
133,12.200000,6.800000,8.724500,0.000000,0.871365
134,12.200000,6.766667,8.750167,0.000000,0.867316
135,12.200000,6.733333,8.731333,0.000000,0.875958
136,12.200000,6.766667,8.735333,0.000000,0.873597
137,12.200000,6.800000,8.729500,0.000000,0.862517
138,12.200000,6.900000,8.726333,0.000000,0.865114
139,12.200000,6.766667,8.743500,0.000000,0.881947
140,12.200000,6.900000,8.730667,0.000000,0.866081
141,12.200000,6.766667,8.731833,0.000000,0.876747
142,12.200000,6.733333,8.725833,0.000000,0.878134
143,12.200000,6.700000,8.726167,0.000000,0.872565
144,12.200000,6.800000,8.739667,0.000000,0.865123
145,12.200000,6.833333,8.727833,0.000000,0.861892
146,12.200000,6.800000,8.733000,0.000000,0.868414
147,12.200000,6.866667,8.730833,0.000000,0.874671
148,12.200000,6.733333,8.760667,0.000000,0.879116
149,12.200000,6.866667,8.730833,0.000000,0.872349
150,12.200000,6.766667,8.726833,0.000000,0.884265
151,12.200000,6.733333,8.745167,0.000000,0.860777
152,12.200000,6.866667,8.737500,0.000000,0.862522
153,12.200000,6.800000,8.752833,0.000000,0.879076
154,12.200000,6.700000,8.740000,0.000000,0.869355
155,12.200000,6.766667,8.717500,0.000000,0.867617
156,12.200000,6.700000,8.726333,0.000000,0.871731
157,12.200000,6.833333,8.748000,0.000000,0.880837
158,12.200000,6.766667,8.730500,0.000000,0.866240
159,12.200000,6.833333,8.737000,0.000000,0.859152
160,12.200000,6.766667,8.733167,0.000000,0.871524
161,12.200000,6.866667,8.730333,0.000000,0.871945
162,12.200000,6.933333,8.747667,0.000000,0.863838
163,12.200000,6.733333,8.724167,0.000000,0.859644
164,12.200000,6.800000,8.740500,0.000000,0.858385
165,12.200000,6.733333,8.725333,0.000000,0.857955
166,12.200000,6.666667,8.722667,0.000000,0.859419
167,12.200000,6.833333,8.742167,0.000000,0.869866
168,12.200000,6.766667,8.740500,0.000000,0.872321
169,12.200000,6.900000,8.737833,0.000000,0.864983
170,12.200000,6.866667,8.734167,0.000000,0.872708
171,12.200000,6.833333,8.738667,0.000000,0.871298
172,12.200000,6.600000,8.723167,0.000000,0.881443
173,12.200000,6.766667,8.717333,0.000000,0.865355
174,12.200000,6.800000,8.726667,0.000000,0.878730
175,12.200000,6.866667,8.733500,0.000000,0.869279
176,12.200000,6.766667,8.741000,0.000000,0.870508
177,12.200000,6.700000,8.744500,0.000000,0.891567
178,12.200000,6.733333,8.722000,0.000000,0.876890
179,12.200000,6.666667,8.719667,0.000000,0.851039
180,12.200000,6.666667,8.743333,0.000000,0.876117
181,12.200000,6.700000,8.750000,0.000000,0.878651
182,12.200000,6.800000,8.734333,0.000000,0.874387
183,12.200000,6.833333,8.725667,0.000000,0.883378
184,12.200000,6.833333,8.735667,0.000000,0.871689
185,12.200000,6.866667,8.742667,0.000000,0.861147
186,12.200000,6.833333,8.721000,0.000000,0.874806
187,12.200000,6.766667,8.751667,0.000000,0.868910
188,12.200000,6.733333,8.731500,0.000000,0.868805
189,12.200000,6.733333,8.718167,0.000000,0.870665
190,12.200000,6.833333,8.738167,0.000000,0.868042
191,12.233333,6.766667,8.734833,0.000000,0.868679
192,12.233333,6.800000,8.711500,0.000000,0.864221
193,12.233333,6.800000,8.741667,0.000000,0.866157
194,12.233333,6.800000,8.743833,0.000000,0.876634
195,12.233333,6.733333,8.713667,0.000000,0.859512
196,12.233333,6.966667,8.728000,0.000000,0.874873
197,12.233333,6.700000,8.741500,0.000000,0.869708
198,12.233333,6.833333,8.746667,0.000000,0.873830
199,12.233333,6.833333,8.726500,0.000000,0.876530
200,12.233333,6.833333,8.715667,0.000000,0.885569
201,12.233333,6.800000,8.753333,0.000000,0.873550
202,12.233333,6.866667,8.742667,0.000000,0.878932
203,12.233333,6.833333,8.738000,0.000000,0.868324
204,12.233333,6.600000,8.741333,0.000000,0.869558
205,12.233333,6.866667,8.725167,0.000000,0.864470
206,12.233333,6.800000,8.729500,0.000000,0.880729
207,12.233333,6.733333,8.737167,0.000000,0.870876
208,12.233333,6.766667,8.723833,0.000000,0.869258
209,12.233333,6.833333,8.733167,0.000000,0.863521
210,12.233333,6.800000,8.733667,0.000000,0.866730
211,12.233333,6.866667,8.717167,0.000000,0.882203
212,12.233333,6.800000,8.761667,0.000000,0.863515
213,12.233333,6.766667,8.730333,0.000000,0.868582
214,12.233333,6.733333,8.747833,0.000000,0.875759
215,12.233333,6.766667,8.732000,0.000000,0.867649
216,12.233333,6.766667,8.711333,0.000000,0.842845
217,12.233333,6.766667,8.732333,0.000000,0.870973
218,12.233333,6.800000,8.730167,0.000000,0.871692
219,12.233333,6.866667,8.717833,0.000000,0.862233
220,12.233333,6.833333,8.733167,0.000000,0.879005
221,12.233333,6.766667,8.732833,0.000000,0.865482
222,12.233333,6.866667,8.734833,0.000000,0.870466
223,12.233333,6.833333,8.732333,0.000000,0.865872
224,12.233333,6.833333,8.745333,0.000000,0.869116
225,12.233333,6.833333,8.735333,0.000000,0.877553
226,12.233333,6.700000,8.738833,0.000000,0.866611
227,12.233333,6.700000,8.731667,0.000000,0.873649
228,12.233333,6.733333,8.741833,0.000000,0.891208
229,12.233333,6.733333,8.733500,0.000000,0.867700
230,12.233333,6.900000,8.727667,0.000000,0.873620
231,12.266667,6.900000,8.730333,0.000000,0.868748
232,12.266667,6.833333,8.711167,0.000000,0.869668
233,12.266667,6.800000,8.725500,0.000000,0.869488
234,12.266667,6.766667,8.751333,0.000000,0.872618
235,12.266667,6.866667,8.750833,0.000000,0.855200
236,12.266667,6.900000,8.728167,0.000000,0.868731
237,12.266667,6.833333,8.719833,0.000000,0.878458
238,12.266667,6.800000,8.731167,0.000000,0.863741
239,12.266667,6.833333,8.733333,0.000000,0.855659
240,12.266667,6.666667,8.737667,0.000000,0.880932
241,12.266667,6.700000,8.720833,0.000000,0.889262
242,12.266667,6.800000,8.739333,0.000000,0.866255
243,12.266667,6.900000,8.739333,0.000000,0.876580
244,12.266667,6.866667,8.746167,0.000000,0.872095
245,12.266667,6.733333,8.739167,0.000000,0.873397
246,12.266667,6.900000,8.732167,0.000000,0.869506
247,12.266667,6.833333,8.741833,0.000000,0.872236
248,12.266667,6.833333,8.746000,0.000000,0.860258
249,12.266667,6.633333,8.729500,0.000000,0.883674
250,12.300000,6.800000,8.744667,0.000000,0.869094
251,12.300000,6.733333,8.731833,0.000000,0.875958
252,12.333333,6.633333,8.722000,0.000000,0.861012
253,12.333333,6.866667,8.725167,0.000000,0.873890
254,12.333333,6.766667,8.730500,0.000000,0.867876
255,12.333333,6.766667,8.721833,0.000000,0.876067
256,12.333333,6.900000,8.728000,0.000000,0.872955
257,12.333333,6.700000,8.747000,0.000000,0.867718
258,12.333333,6.700000,8.751167,0.000000,0.876765
259,12.333333,6.800000,8.705333,0.000000,0.868013
260,12.333333,6.833333,8.727167,0.000000,0.869672
261,12.333333,6.800000,8.758667,0.000000,0.864717
262,12.333333,6.800000,8.749500,0.000000,0.880332
263,12.333333,6.833333,8.734500,0.000000,0.868180
264,12.333333,6.700000,8.723000,0.000000,0.857930
265,12.333333,6.833333,8.721000,0.000000,0.881734
266,12.333333,6.733333,8.740167,0.000000,0.874084
267,12.333333,6.866667,8.743500,0.000000,0.866073
268,12.333333,6.833333,8.708333,0.000000,0.866362
269,12.333333,6.900000,8.731833,0.000000,0.859390
270,12.333333,6.900000,8.724500,0.000000,0.859360
271,12.333333,6.866667,8.747833,0.000000,0.866114
272,12.333333,6.933333,8.743333,0.000000,0.867043
273,12.333333,6.800000,8.720500,0.000000,0.864028
274,12.333333,6.866667,8.739500,0.000000,0.869111
275,12.333333,6.900000,8.727500,0.000000,0.873961
276,12.333333,6.933333,8.728000,0.000000,0.860810
277,12.333333,6.833333,8.738000,0.000000,0.874733
278,12.333333,6.766667,8.719000,0.000000,0.877303
279,12.333333,6.700000,8.725167,0.000000,0.885083
280,12.333333,6.866667,8.730833,0.000000,0.864892
281,12.333333,6.800000,8.727500,0.000000,0.863887
282,12.333333,6.800000,8.739667,0.000000,0.861301
283,12.333333,6.766667,8.720500,0.000000,0.853085
284,12.333333,6.766667,8.716333,0.000000,0.877543
285,12.333333,6.733333,8.713333,0.000000,0.867840
286,12.333333,6.666667,8.726833,0.000000,0.872820
287,12.333333,6.800000,8.731833,0.000000,0.856781
288,12.333333,6.833333,8.734000,0.000000,0.873497
289,12.333333,6.666667,8.755500,0.000000,0.853485
290,12.333333,6.800000,8.751000,0.000000,0.867552
291,12.333333,6.800000,8.731000,0.000000,0.867952
292,12.333333,6.766667,8.732667,0.000000,0.874802
293,12.333333,6.666667,8.732333,0.000000,0.889674
294,12.333333,6.700000,8.743833,0.000000,0.872729
295,12.333333,6.800000,8.738333,0.000000,0.862432
296,12.333333,6.833333,8.737667,0.000000,0.871556
297,12.333333,6.800000,8.747667,0.000000,0.872639
298,12.333333,6.833333,8.748667,0.000000,0.878143
299,12.333333,6.800000,8.718833,0.000000,0.858669
300,12.366667,6.900000,8.741500,0.000000,0.870141
301,12.366667,6.800000,8.746833,0.000000,0.868171
302,12.366667,6.766667,8.725333,0.000000,0.864101
303,12.366667,6.900000,8.735667,0.000000,0.851533
304,12.366667,6.833333,8.743167,0.000000,0.874032
305,12.366667,6.900000,8.740000,0.000000,0.871318
306,12.366667,6.766667,8.722333,0.000000,0.862087
307,12.366667,6.900000,8.723000,0.000000,0.875086
308,12.366667,6.833333,8.748500,0.000000,0.877068
309,12.366667,6.833333,8.724667,0.000000,0.881379
310,12.366667,6.866667,8.745000,0.000000,0.853943
311,12.366667,6.733333,8.739667,0.000000,0.868771
312,12.366667,6.800000,8.744500,0.000000,0.886753
313,12.400000,6.900000,8.735333,0.000000,0.866490
314,12.400000,6.700000,8.734667,0.000000,0.888909
315,12.400000,6.700000,8.713500,0.000000,0.863364
316,12.400000,6.733333,8.717000,0.000000,0.876138
317,12.400000,6.833333,8.734333,0.000000,0.869181
318,12.400000,6.800000,8.746000,0.000000,0.870149
319,12.400000,6.733333,8.750500,0.000000,0.873732
320,12.400000,6.700000,8.755667,0.000000,0.889753
321,12.400000,6.866667,8.730667,0.000000,0.873915
322,12.400000,6.800000,8.725000,0.000000,0.857414
323,12.400000,6.833333,8.730167,0.000000,0.861407
324,12.400000,6.633333,8.730333,0.000000,0.875119
325,12.400000,6.700000,8.744333,0.000000,0.873374
326,12.400000,6.833333,8.733667,0.000000,0.858401
327,12.400000,6.900000,8.715833,0.000000,0.855215
328,12.400000,6.766667,8.724333,0.000000,0.883499
329,12.400000,6.766667,8.742167,0.000000,0.862355
330,12.400000,6.600000,8.736000,0.000000,0.871208
331,12.400000,6.700000,8.737000,0.000000,0.872452
332,12.400000,6.800000,8.731000,0.000000,0.870999
333,12.400000,6.833333,8.735167,0.000000,0.881581
334,12.400000,6.600000,8.733500,0.000000,0.875966
335,12.400000,6.766667,8.756833,0.000000,0.885544
336,12.400000,6.933333,8.729667,0.000000,0.869621
337,12.400000,6.833333,8.729667,0.000000,0.862340
338,12.400000,6.833333,8.721833,0.000000,0.868916
339,12.400000,6.800000,8.745333,0.000000,0.878474
340,12.400000,6.800000,8.739333,0.000000,0.861414
341,12.400000,6.766667,8.742667,0.000000,0.875516
342,12.400000,6.766667,8.754833,0.000000,0.894893
343,12.400000,6.833333,8.735167,0.000000,0.864556
344,12.400000,6.766667,8.734000,0.000000,0.872174
345,12.400000,6.766667,8.740500,0.000000,0.869033
346,12.400000,6.866667,8.731667,0.000000,0.869527
347,12.400000,6.833333,8.711500,0.033333,0.861832
348,12.400000,6.666667,8.721333,0.000000,0.874386
349,12.400000,6.833333,8.734667,0.000000,0.863818
350,12.400000,6.700000,8.721833,0.000000,0.860820
351,12.400000,6.766667,8.730833,0.000000,0.870374
352,12.400000,6.833333,8.715000,0.000000,0.877770
353,12.400000,6.733333,8.737500,0.000000,0.855459
354,12.400000,6.833333,8.730333,0.000000,0.881887
355,12.400000,6.800000,8.744667,0.000000,0.848464
356,12.400000,6.833333,8.726000,0.000000,0.849040
357,12.400000,6.833333,8.724667,0.000000,0.848619
358,12.400000,6.766667,8.728167,0.000000,0.861918
359,12.400000,6.666667,8.730333,0.000000,0.867632
360,12.400000,6.766667,8.737333,0.000000,0.890007
361,12.400000,6.700000,8.716667,0.000000,0.861263
362,12.400000,6.700000,8.736667,0.000000,0.877433
363,12.400000,6.800000,8.755000,0.000000,0.857613
364,12.400000,6.833333,8.719333,0.000000,0.858536
365,12.400000,6.766667,8.741500,0.000000,0.875682
366,12.400000,6.866667,8.716333,0.000000,0.868665
367,12.400000,6.800000,8.741667,0.000000,0.880132
368,12.400000,6.866667,8.740500,0.000000,0.860905
369,12.400000,6.866667,8.740167,0.000000,0.869749
370,12.400000,6.866667,8.716333,0.000000,0.862129
371,12.400000,6.833333,8.724833,0.000000,0.867437
372,12.400000,6.900000,8.726000,0.000000,0.858952
373,12.400000,6.833333,8.738833,0.000000,0.869988
374,12.400000,6.800000,8.733333,0.000000,0.861662
375,12.400000,6.766667,8.737833,0.000000,0.880112
376,12.400000,6.733333,8.741500,0.000000,0.869469
377,12.400000,6.833333,8.734833,0.000000,0.858430
378,12.400000,6.733333,8.725500,0.000000,0.867432
379,12.400000,6.933333,8.750167,0.000000,0.877189
380,12.400000,6.700000,8.730667,0.000000,0.866193
381,12.400000,6.833333,8.719500,0.000000,0.876515
382,12.400000,6.733333,8.732833,0.033333,0.870286
383,12.400000,6.733333,8.717833,0.000000,0.868195
384,12.400000,6.766667,8.722667,0.000000,0.868933
385,12.400000,6.800000,8.716833,0.000000,0.856532
386,12.400000,6.833333,8.730833,0.000000,0.866703
387,12.400000,6.700000,8.746833,0.000000,0.890404
388,12.433333,6.733333,8.711167,0.000000,0.869640
389,12.433333,6.833333,8.714167,0.000000,0.857962
390,12.433333,6.833333,8.728667,0.000000,0.869677
391,12.433333,6.800000,8.743833,0.000000,0.864051
392,12.433333,6.800000,8.727667,0.000000,0.861887
393,12.433333,6.900000,8.754833,0.000000,0.879438
394,12.433333,6.866667,8.725000,0.000000,0.881243
395,12.433333,6.800000,8.733500,0.000000,0.861990
396,12.433333,6.700000,8.742167,0.000000,0.859309
397,12.433333,6.733333,8.745000,0.000000,0.881247
398,12.433333,6.866667,8.736167,0.000000,0.857512
399,12.433333,6.733333,8.728167,0.000000,0.873353
400,12.433333,6.833333,8.724667,0.000000,0.861704
401,12.433333,6.900000,8.718167,0.000000,0.867926
402,12.433333,6.800000,8.737333,0.000000,0.881833
403,12.433333,6.666667,8.732167,0.000000,0.861381
404,12.433333,6.833333,8.732833,0.000000,0.863929
405,12.433333,6.800000,8.721500,0.000000,0.857630
406,12.433333,6.800000,8.725667,0.000000,0.860905
407,12.433333,6.900000,8.746833,0.000000,0.871386
408,12.433333,6.900000,8.735500,0.000000,0.860651
409,12.433333,6.800000,8.725167,0.000000,0.883440
410,12.433333,6.566667,8.721333,0.000000,0.873924
411,12.433333,6.866667,8.729333,0.033333,0.865117
412,12.433333,6.800000,8.738167,0.000000,0.849684
413,12.433333,6.800000,8.749167,0.000000,0.882543
414,12.433333,6.733333,8.712500,0.000000,0.864408
415,12.433333,6.733333,8.729167,0.000000,0.866245
416,12.433333,6.800000,8.729667,0.000000,0.857024
417,12.433333,6.833333,8.738833,0.000000,0.860480
418,12.433333,6.900000,8.733167,0.000000,0.863001
419,12.433333,6.766667,8.727833,0.000000,0.869650
420,12.433333,6.866667,8.710167,0.000000,0.867842
421,12.433333,6.766667,8.740167,0.000000,0.869052
422,12.433333,6.666667,8.710333,0.000000,0.868974
423,12.433333,6.733333,8.726333,0.000000,0.870691
424,12.433333,6.733333,8.739667,0.000000,0.875923
425,12.433333,6.800000,8.741333,0.000000,0.867151
426,12.433333,6.833333,8.752833,0.000000,0.881820
427,12.433333,6.800000,8.737000,0.000000,0.863564
428,12.433333,6.666667,8.729833,0.000000,0.880226
429,12.433333,6.666667,8.725167,0.000000,0.883945
430,12.433333,6.933333,8.721500,0.000000,0.864507
431,12.433333,6.733333,8.724667,0.000000,0.870602
432,12.433333,6.800000,8.731000,0.000000,0.866456
433,12.433333,6.700000,8.725000,0.000000,0.875007
434,12.433333,6.833333,8.734833,0.000000,0.867778
435,12.433333,6.833333,8.739500,0.000000,0.862969
436,12.433333,6.733333,8.703333,0.000000,0.858253
437,12.433333,6.866667,8.738833,0.000000,0.874873
438,12.433333,6.866667,8.749333,0.000000,0.876119
439,12.466667,6.900000,8.734833,0.000000,0.873071
440,12.466667,6.766667,8.714333,0.000000,0.871188
441,12.466667,6.933333,8.762667,0.000000,0.859215
442,12.466667,6.666667,8.750000,0.000000,0.870729
443,12.466667,6.800000,8.726167,0.000000,0.889550
444,12.466667,6.866667,8.727167,0.000000,0.866201
445,12.466667,6.766667,8.736167,0.000000,0.871232
446,12.466667,6.866667,8.730167,0.000000,0.862556
447,12.466667,6.666667,8.754167,0.000000,0.871364
448,12.466667,6.766667,8.743667,0.000000,0.880647
449,12.466667,6.833333,8.742000,0.000000,0.858296
450,12.466667,6.833333,8.740000,0.000000,0.868587
451,12.466667,6.800000,8.726500,0.000000,0.868079
452,12.466667,6.833333,8.730833,0.000000,0.878130
453,12.466667,6.633333,8.725167,0.000000,0.876048
454,12.466667,6.833333,8.733667,0.000000,0.866032
455,12.466667,6.833333,8.733333,0.000000,0.861827
456,12.466667,6.766667,8.728167,0.000000,0.875023
457,12.466667,6.800000,8.732000,0.000000,0.856508
458,12.466667,6.866667,8.743167,0.000000,0.868022
459,12.466667,6.800000,8.759000,0.000000,0.878367
460,12.466667,6.733333,8.735500,0.000000,0.872795
461,12.466667,6.833333,8.748667,0.000000,0.878877
462,12.466667,6.700000,8.728167,0.000000,0.880119
463,12.466667,6.766667,8.717833,0.000000,0.861428
464,12.466667,6.766667,8.724833,0.000000,0.860342
465,12.466667,6.833333,8.718667,0.000000,0.861433
466,12.466667,6.800000,8.728667,0.000000,0.865735
467,12.466667,6.633333,8.733167,0.000000,0.880961
468,12.466667,6.833333,8.731667,0.000000,0.861874
469,12.466667,6.700000,8.736667,0.000000,0.866521
470,12.466667,6.666667,8.725833,0.000000,0.869003
471,12.466667,6.733333,8.735167,0.000000,0.869736
472,12.466667,6.733333,8.726000,0.000000,0.882935
473,12.466667,6.733333,8.726167,0.000000,0.866095
474,12.466667,6.866667,8.728833,0.000000,0.860465
475,12.466667,6.766667,8.718667,0.000000,0.874294
476,12.466667,6.700000,8.749667,0.000000,0.881143
477,12.466667,6.866667,8.751333,0.000000,0.869595
478,12.500000,6.833333,8.725667,0.000000,0.858545
479,12.500000,6.766667,8.729000,0.000000,0.868668
480,12.500000,6.900000,8.727167,0.000000,0.856703
481,12.500000,6.900000,8.730000,0.000000,0.861249
482,12.500000,6.766667,8.731500,0.000000,0.856568
483,12.500000,6.866667,8.720167,0.000000,0.864548
484,12.500000,6.833333,8.738333,0.000000,0.855095
485,12.500000,6.766667,8.743667,0.000000,0.870981
486,12.500000,6.633333,8.714667,0.000000,0.864259
487,12.500000,6.900000,8.733667,0.000000,0.866362
488,12.500000,6.900000,8.726167,0.000000,0.877507
489,12.533333,6.800000,8.735667,0.000000,0.882763
490,12.533333,6.900000,8.750500,0.000000,0.876639
491,12.533333,6.800000,8.739833,0.000000,0.869698
492,12.533333,6.866667,8.734167,0.000000,0.881095
493,12.533333,6.833333,8.720667,0.000000,0.871147
494,12.533333,6.800000,8.710167,0.000000,0.867494
495,12.533333,6.866667,8.728833,0.000000,0.883300
496,12.533333,6.833333,8.730167,0.000000,0.865302
497,12.533333,6.766667,8.721833,0.000000,0.871089
498,12.533333,6.766667,8.700167,0.000000,0.859275
499,12.533333,6.866667,8.746167,0.000000,0.866143
500,12.533333,6.833333,8.728833,0.000000,0.864225
BestSdev: 0.157442, Time: 39m6.468307672s