gen,best,worst,mean,rep,sdev
1,10.400000,7.266667,8.790000,0.000000,0.840198
2,10.700000,7.333333,8.786667,0.000000,0.851837
3,10.833333,7.333333,8.731667,0.000000,0.835693
4,10.833333,7.166667,8.761667,0.000000,0.848039
5,10.900000,7.300000,8.751667,0.000000,0.821830
6,11.033333,7.400000,8.681667,0.000000,0.845229
7,11.100000,7.100000,8.743333,0.000000,0.889025
8,11.166667,7.333333,8.718333,0.000000,0.832551
9,11.166667,7.400000,8.731667,0.000000,0.802742
10,11.200000,7.433333,8.778333,0.000000,0.817371
11,11.200000,7.233333,8.756667,0.000000,0.832168
12,11.200000,7.333333,8.753333,0.000000,0.780847
13,11.266667,7.266667,8.795000,0.000000,0.857683
14,11.266667,7.200000,8.715000,0.000000,0.858204
15,11.266667,7.366667,8.738333,0.000000,0.803583
16,11.266667,7.333333,8.721667,0.000000,0.822332
17,11.266667,7.333333,8.715000,0.000000,0.817954
18,11.266667,7.166667,8.730000,0.000000,0.812719
19,11.266667,7.366667,8.730000,0.000000,0.824498
20,11.266667,7.100000,8.676667,0.000000,0.829125
21,11.300000,7.266667,8.731667,0.000000,0.833351
22,11.300000,7.266667,8.783333,0.000000,0.864494
23,11.300000,7.133333,8.736667,0.000000,0.852280
24,11.300000,7.266667,8.713333,0.000000,0.854705
25,11.300000,7.166667,8.735000,0.000000,0.827958
26,11.300000,7.300000,8.758333,0.000000,0.845567
27,11.333333,7.200000,8.778333,0.000000,0.852544
28,11.366667,7.266667,8.738333,0.000000,0.859038
29,11.466667,7.366667,8.756667,0.000000,0.862554
30,11.466667,7.266667,8.700000,0.000000,0.820929
31,11.533333,7.300000,8.731667,0.000000,0.852012
32,11.566667,7.433333,8.763333,0.000000,0.796514
33,11.600000,7.133333,8.746667,0.000000,0.899832
34,11.600000,7.200000,8.751667,0.000000,0.892910
35,11.633333,7.200000,8.701667,0.000000,0.855887
36,11.633333,7.200000,8.743333,0.000000,0.830943
37,11.633333,7.333333,8.741667,0.000000,0.823109
38,11.633333,7.133333,8.750000,0.000000,0.889302
39,11.633333,7.166667,8.683333,0.000000,0.867186
40,11.666667,7.333333,8.723333,0.000000,0.824999
41,11.700000,7.266667,8.766667,0.000000,0.826227
42,11.700000,7.133333,8.678333,0.000000,0.838618
43,11.700000,7.333333,8.745000,0.000000,0.841294
44,11.700000,7.233333,8.786667,0.000000,0.869931
45,11.733333,7.366667,8.825000,0.000000,0.876029
46,11.733333,7.333333,8.740000,0.000000,0.833950
47,11.733333,7.233333,8.805000,0.000000,0.823292
48,11.733333,7.333333,8.775000,0.000000,0.829519
49,11.766667,7.266667,8.695000,0.000000,0.872095
50,11.766667,7.133333,8.725000,0.000000,0.839599
BestSdev: 0.302015, Time: 27.656644921s