gen,best,worst,mean,rep,sdev
1,10.966667,6.933333,8.723333,0.000000,0.872311
2,11.100000,6.933333,8.742667,0.000000,0.860152
3,11.266667,6.866667,8.735333,0.000000,0.866449
4,11.400000,6.900000,8.722667,0.000000,0.865172
5,11.466667,6.900000,8.741333,0.000000,0.868840
6,11.566667,6.966667,8.752333,0.000000,0.858026
7,11.633333,6.933333,8.731000,0.000000,0.877873
8,11.633333,6.900000,8.742667,0.000000,0.858561
9,11.633333,6.900000,8.710667,0.000000,0.874010
10,11.700000,6.966667,8.746667,0.000000,0.877044
11,11.733333,6.966667,8.742667,0.000000,0.852412
12,11.766667,6.933333,8.709000,0.000000,0.868492
13,11.766667,6.900000,8.722667,0.000000,0.865841
14,11.800000,6.866667,8.716000,0.000000,0.860079
15,11.833333,6.900000,8.731667,0.000000,0.864519
16,11.833333,6.900000,8.736000,0.000000,0.856716
17,11.833333,6.966667,8.724333,0.000000,0.841560
18,11.866667,6.900000,8.739333,0.000000,0.890809
19,11.900000,6.966667,8.749000,0.000000,0.860568
20,11.900000,6.933333,8.732000,0.000000,0.867198
21,11.900000,6.933333,8.711333,0.000000,0.858393
22,11.933333,6.933333,8.745667,0.000000,0.838274
23,11.933333,6.900000,8.729000,0.000000,0.856029
24,11.933333,6.900000,8.748333,0.000000,0.848982
25,11.933333,6.866667,8.721000,0.000000,0.867223
26,11.933333,6.966667,8.734000,0.000000,0.839484
27,11.933333,6.900000,8.774000,0.000000,0.872692
28,11.966667,6.800000,8.754333,0.000000,0.880002
29,11.966667,6.866667,8.738333,0.000000,0.864629
30,11.966667,6.866667,8.722333,0.000000,0.868479
31,11.966667,6.866667,8.741667,0.000000,0.867281
32,12.000000,6.900000,8.714000,0.000000,0.873368
33,12.000000,7.000000,8.755333,0.000000,0.850801
34,12.000000,6.966667,8.726667,0.000000,0.864107
35,12.000000,6.966667,8.745333,0.000000,0.845548
36,12.000000,6.966667,8.744333,0.000000,0.870482
37,12.000000,6.933333,8.745667,0.000000,0.881005
38,12.033333,6.866667,8.707333,0.000000,0.859940
39,12.033333,6.833333,8.739667,0.000000,0.847614
40,12.033333,6.766667,8.734000,0.000000,0.869200
41,12.033333,6.833333,8.740333,0.000000,0.872045
42,12.033333,6.900000,8.757667,0.000000,0.865670
43,12.033333,6.833333,8.726667,0.000000,0.864245
44,12.066667,6.833333,8.751667,0.000000,0.875435
45,12.100000,6.933333,8.724333,0.000000,0.861838
46,12.100000,6.900000,8.726333,0.000000,0.873954
47,12.133333,6.933333,8.726667,0.000000,0.860809
48,12.133333,6.866667,8.729333,0.000000,0.856676
49,12.133333,6.966667,8.710667,0.000000,0.875903
50,12.133333,6.933333,8.734333,0.000000,0.852518
51,12.133333,6.766667,8.725333,0.000000,0.873650
52,12.133333,6.833333,8.729000,0.000000,0.864192
53,12.133333,6.866667,8.769667,0.000000,0.848140
54,12.133333,6.933333,8.738000,0.000000,0.871480
55,12.133333,6.966667,8.753667,0.000000,0.862648
56,12.133333,6.900000,8.739667,0.000000,0.861072
57,12.133333,6.833333,8.741667,0.000000,0.856361
58,12.133333,6.833333,8.697333,0.000000,0.870161
59,12.133333,6.933333,8.750667,0.000000,0.868071
60,12.133333,6.866667,8.749000,0.000000,0.865380
61,12.133333,6.833333,8.767000,0.000000,0.883365
62,12.133333,6.833333,8.743000,0.000000,0.879166
63,12.133333,6.833333,8.732000,0.000000,0.866648
64,12.133333,6.800000,8.703333,0.000000,0.857427
65,12.133333,6.866667,8.730000,0.000000,0.865403
66,12.133333,6.800000,8.721667,0.000000,0.863570
67,12.133333,7.000000,8.738000,0.000000,0.850866
68,12.133333,6.933333,8.726333,0.000000,0.862489
69,12.133333,6.900000,8.740000,0.000000,0.861096
70,12.133333,6.966667,8.717667,0.000000,0.853822
71,12.133333,6.900000,8.718333,0.000000,0.864714
72,12.133333,6.900000,8.742000,0.000000,0.856664
73,12.133333,6.900000,8.734667,0.000000,0.868600
74,12.166667,6.866667,8.736000,0.000000,0.872661
75,12.166667,6.833333,8.747333,0.000000,0.863757
76,12.166667,6.833333,8.738333,0.000000,0.875045
77,12.166667,6.933333,8.716667,0.000000,0.850940
78,12.166667,6.900000,8.741667,0.000000,0.864489
79,12.166667,6.866667,8.739667,0.000000,0.865458
80,12.166667,6.833333,8.743667,0.000000,0.868708
81,12.166667,6.933333,8.724000,0.000000,0.870064
82,12.166667,7.000000,8.752000,0.000000,0.870287
83,12.166667,6.900000,8.741000,0.000000,0.875992
84,12.166667,6.966667,8.741667,0.000000,0.856542
85,12.166667,6.900000,8.751667,0.000000,0.865256
86,12.166667,6.900000,8.734000,0.000000,0.876571
87,12.166667,6.900000,8.689000,0.000000,0.869871
88,12.166667,6.933333,8.749667,0.000000,0.868230
89,12.166667,6.933333,8.728333,0.000000,0.855770
90,12.166667,6.766667,8.725333,0.000000,0.876669
91,12.166667,7.000000,8.736333,0.000000,0.852992
92,12.166667,6.900000,8.754333,0.000000,0.872880
93,12.166667,6.833333,8.721000,0.000000,0.854957
94,12.166667,6.933333,8.755667,0.000000,0.858401
95,12.166667,6.900000,8.745000,0.000000,0.871130
96,12.166667,6.933333,8.745000,0.000000,0.866109
97,12.166667,6.900000,8.720667,0.000000,0.855190
98,12.166667,6.833333,8.746333,0.000000,0.878881
99,12.166667,6.800000,8.740667,0.000000,0.857840
100,12.166667,6.966667,8.749667,0.000000,0.864710
101,12.166667,6.900000,8.734667,0.000000,0.817318
102,12.166667,6.900000,8.747667,0.000000,0.867336
103,12.166667,6.933333,8.734667,0.000000,0.853097
104,12.166667,6.933333,8.735667,0.000000,0.860649
105,12.166667,6.833333,8.713667,0.000000,0.877170
106,12.166667,6.866667,8.726333,0.000000,0.882200
107,12.166667,6.933333,8.719333,0.000000,0.851262
108,12.166667,6.933333,8.733667,0.000000,0.867855
109,12.166667,6.966667,8.711333,0.000000,0.858450
110,12.166667,6.866667,8.732000,0.000000,0.884990
111,12.166667,6.800000,8.750333,0.000000,0.873039
112,12.166667,6.900000,8.757000,0.000000,0.873609
113,12.166667,6.933333,8.763000,0.000000,0.853774
114,12.166667,6.866667,8.768667,0.000000,0.868324
115,12.166667,6.966667,8.741333,0.000000,0.861121
116,12.166667,6.833333,8.743333,0.000000,0.861122
117,12.166667,6.933333,8.744667,0.000000,0.868839
118,12.166667,6.866667,8.725000,0.000000,0.861939
119,12.166667,6.866667,8.717000,0.000000,0.853842
120,12.166667,6.800000,8.734667,0.000000,0.853324
121,12.166667,6.966667,8.736333,0.000000,0.870521
122,12.166667,6.800000,8.743667,0.000000,0.863423
123,12.166667,6.900000,8.729667,0.000000,0.866163
124,12.166667,6.900000,8.727333,0.000000,0.882943
125,12.166667,6.800000,8.749667,0.000000,0.876669
126,12.166667,6.900000,8.724333,0.000000,0.869780
127,12.166667,6.866667,8.704333,0.000000,0.875097
128,12.166667,6.933333,8.736667,0.000000,0.870663
129,12.166667,6.900000,8.735000,0.000000,0.871429
130,12.166667,6.833333,8.722333,0.000000,0.864478
131,12.166667,6.900000,8.739000,0.000000,0.846858
132,12.166667,6.966667,8.730667,0.000000,0.868014
133,12.166667,6.733333,8.736000,0.000000,0.873703
134,12.166667,6.833333,8.767667,0.000000,0.876101
135,12.166667,6.866667,8.726667,0.000000,0.877262
136,12.166667,6.866667,8.721000,0.000000,0.868283
137,12.166667,6.933333,8.760333,0.000000,0.866062
138,12.166667,6.966667,8.726667,0.000000,0.869909
139,12.166667,6.866667,8.746333,0.000000,0.884428
140,12.166667,6.933333,8.740333,0.000000,0.879379
141,12.166667,6.866667,8.748000,0.000000,0.886416
142,12.166667,6.966667,8.719000,0.000000,0.866705
143,12.200000,7.000000,8.729667,0.000000,0.855593
144,12.200000,6.933333,8.721333,0.000000,0.851374
145,12.200000,6.933333,8.718667,0.000000,0.867385
146,12.200000,6.800000,8.715333,0.000000,0.870902
147,12.200000,6.866667,8.739333,0.000000,0.860414
148,12.200000,6.900000,8.745000,0.000000,0.882137
149,12.200000,6.900000,8.735333,0.000000,0.862698
150,12.200000,6.966667,8.753333,0.000000,0.859563
151,12.200000,6.833333,8.714333,0.000000,0.869749
152,12.200000,6.900000,8.728000,0.000000,0.862887
153,12.200000,6.900000,8.736333,0.000000,0.867195
154,12.200000,6.933333,8.740000,0.000000,0.854915
155,12.200000,6.933333,8.733333,0.000000,0.880631
156,12.200000,6.900000,8.730333,0.000000,0.866505
157,12.200000,6.866667,8.731333,0.000000,0.863039
158,12.200000,6.900000,8.738000,0.000000,0.881001
159,12.200000,6.833333,8.744000,0.000000,0.864927
160,12.200000,6.900000,8.752667,0.000000,0.872368
161,12.200000,6.866667,8.754000,0.000000,0.863481
162,12.200000,6.833333,8.733000,0.033333,0.871507
163,12.200000,6.900000,8.728333,0.000000,0.875979
164,12.200000,6.833333,8.722000,0.000000,0.849118
165,12.200000,6.866667,8.735333,0.000000,0.850364
166,12.200000,6.966667,8.762333,0.000000,0.871123
167,12.200000,6.966667,8.758333,0.000000,0.871230
168,12.200000,6.833333,8.706333,0.000000,0.873867
169,12.200000,6.866667,8.742667,0.000000,0.833011
170,12.200000,7.000000,8.733000,0.000000,0.858908
171,12.200000,6.933333,8.711667,0.000000,0.864775
172,12.200000,6.800000,8.763000,0.000000,0.873208
173,12.200000,6.933333,8.741333,0.000000,0.854085
174,12.200000,6.900000,8.704333,0.000000,0.852470
175,12.200000,6.933333,8.722333,0.000000,0.853350
176,12.200000,6.866667,8.720333,0.000000,0.852107
177,12.200000,6.866667,8.744000,0.000000,0.880306
178,12.200000,6.866667,8.704000,0.000000,0.867546
179,12.200000,6.933333,8.733333,0.000000,0.873897
180,12.200000,6.933333,8.766000,0.000000,0.874252
181,12.200000,6.966667,8.715667,0.000000,0.853794
182,12.200000,6.966667,8.700667,0.000000,0.882964
183,12.200000,6.866667,8.763333,0.000000,0.846730
184,12.200000,6.900000,8.744667,0.000000,0.867881
185,12.200000,6.933333,8.726333,0.000000,0.879957
186,12.200000,6.833333,8.710000,0.000000,0.844131
187,12.200000,6.833333,8.740333,0.000000,0.861197
188,12.200000,6.866667,8.729333,0.000000,0.877424
189,12.200000,6.833333,8.701000,0.000000,0.866742
190,12.200000,6.866667,8.733333,0.000000,0.853570
191,12.200000,6.900000,8.740667,0.000000,0.872420
192,12.200000,6.966667,8.726000,0.000000,0.871202
193,12.200000,6.833333,8.745667,0.000000,0.876820
194,12.200000,6.966667,8.749000,0.000000,0.880420
195,12.200000,6.833333,8.751333,0.000000,0.863531
196,12.200000,6.900000,8.719000,0.000000,0.854151
197,12.200000,6.900000,8.737667,0.000000,0.874701
198,12.200000,6.866667,8.745333,0.000000,0.868053
199,12.200000,6.866667,8.779667,0.000000,0.861393
200,12.200000,6.833333,8.743333,0.000000,0.857923
BestSdev: 0.187626, Time: 7m10.905010639s