gen,best,worst,mean,rep,sdev
1,10.300000,7.333333,8.678333,0.000000,0.794022
2,10.566667,7.200000,8.725000,0.000000,0.852960
3,10.666667,7.266667,8.773333,0.000000,0.860840
4,10.800000,7.133333,8.761667,0.000000,0.847239
5,10.966667,7.100000,8.730000,0.000000,0.897333
6,11.100000,7.400000,8.776667,0.000000,0.863012
7,11.200000,7.200000,8.700000,0.000000,0.867136
8,11.200000,7.233333,8.723333,0.000000,0.861242
9,11.200000,7.300000,8.726667,0.000000,0.856296
10,11.233333,7.200000,8.731667,0.000000,0.868535
11,11.233333,7.333333,8.786667,0.000000,0.832621
12,11.266667,7.400000,8.753333,0.000000,0.799788
13,11.300000,7.200000,8.706667,0.000000,0.831434
14,11.300000,7.100000,8.706667,0.000000,0.852033
15,11.300000,7.166667,8.698333,0.000000,0.850392
16,11.333333,7.300000,8.698333,0.000000,0.835101
17,11.333333,7.066667,8.663333,0.000000,0.839493
18,11.333333,7.266667,8.713333,0.000000,0.816480
19,11.366667,7.233333,8.755000,0.000000,0.837187
20,11.400000,7.200000,8.686667,0.000000,0.832140
21,11.433333,7.366667,8.796667,0.000000,0.827323
22,11.500000,7.233333,8.770000,0.000000,0.926295
23,11.500000,7.333333,8.773333,0.000000,0.863506
24,11.500000,7.366667,8.763333,0.000000,0.854340
25,11.533333,7.233333,8.765000,0.000000,0.811662
26,11.533333,7.266667,8.733333,0.000000,0.841458
27,11.533333,7.233333,8.788333,0.000000,0.818202
28,11.566667,7.166667,8.720000,0.000000,0.853099
29,11.566667,7.233333,8.736667,0.000000,0.826238
30,11.566667,7.333333,8.773333,0.000000,0.826692
31,11.566667,7.233333,8.751667,0.000000,0.854459
32,11.566667,7.233333,8.661667,0.000000,0.822374
33,11.566667,7.300000,8.721667,0.000000,0.841136
34,11.566667,7.266667,8.741667,0.000000,0.831031
35,11.566667,7.400000,8.736667,0.000000,0.833518
36,11.566667,7.266667,8.738333,0.000000,0.841831
37,11.633333,7.266667,8.705000,0.000000,0.825081
38,11.633333,7.133333,8.643333,0.000000,0.857752
39,11.633333,7.233333,8.660000,0.000000,0.838684
40,11.633333,7.333333,8.751667,0.000000,0.834959
41,11.633333,7.366667,8.705000,0.000000,0.821434
42,11.633333,7.200000,8.666667,0.000000,0.849447
43,11.633333,7.366667,8.791667,0.000000,0.855902
44,11.633333,7.266667,8.738333,0.000000,0.812487
45,11.700000,7.233333,8.728333,0.000000,0.869261
46,11.700000,7.366667,8.761667,0.000000,0.816730
47,11.700000,7.266667,8.778333,0.000000,0.867357
48,11.733333,7.366667,8.781667,0.000000,0.798409
49,11.733333,7.333333,8.731667,0.000000,0.828770
50,11.733333,7.200000,8.685000,0.000000,0.829089
BestSdev: 0.306200, Time: 27.951459456s