gen,best,worst,mean,rep,sdev
1,10.466667,7.200000,8.805000,0.000000,0.850246
2,10.666667,7.400000,8.778333,0.000000,0.839334
3,10.800000,7.300000,8.750000,0.000000,0.829949
4,10.900000,7.333333,8.745000,0.000000,0.835661
5,11.066667,7.100000,8.783333,0.000000,0.893603
6,11.133333,7.233333,8.725000,0.000000,0.816813
7,11.133333,7.166667,8.708333,0.000000,0.851546
8,11.133333,7.133333,8.688333,0.000000,0.838296
9,11.133333,7.300000,8.718333,0.000000,0.838899
10,11.200000,7.166667,8.705000,0.000000,0.854604
11,11.266667,7.266667,8.718333,0.000000,0.833621
12,11.266667,7.200000,8.703333,0.000000,0.842879
13,11.300000,7.200000,8.791667,0.000000,0.862896
14,11.333333,7.400000,8.705000,0.000000,0.806886
15,11.333333,7.233333,8.751667,0.000000,0.843972
16,11.333333,7.233333,8.716667,0.000000,0.830632
17,11.366667,7.333333,8.746667,0.000000,0.820543
18,11.366667,7.233333,8.731667,0.000000,0.832012
19,11.366667,7.466667,8.731667,0.000000,0.783256
20,11.433333,7.366667,8.736667,0.000000,0.835782
21,11.466667,7.400000,8.751667,0.000000,0.873735
22,11.466667,7.200000,8.703333,0.000000,0.808777
23,11.466667,7.233333,8.715000,0.000000,0.825124
24,11.466667,7.200000,8.681667,0.000000,0.829699
25,11.466667,7.333333,8.795000,0.000000,0.826891
26,11.466667,7.333333,8.750000,0.000000,0.840632
27,11.500000,7.466667,8.795000,0.000000,0.837959
28,11.500000,7.233333,8.731667,0.000000,0.843510
29,11.500000,7.166667,8.688333,0.000000,0.851262
30,11.500000,7.233333,8.740000,0.000000,0.850927
31,11.500000,7.300000,8.683333,0.000000,0.796994
32,11.500000,7.233333,8.678333,0.000000,0.849106
33,11.533333,7.233333,8.690000,0.000000,0.827090
34,11.533333,7.266667,8.748333,0.000000,0.871268
35,11.533333,7.366667,8.775000,0.000000,0.835065
36,11.533333,7.100000,8.645000,0.000000,0.865670
37,11.533333,7.200000,8.688333,0.000000,0.785927
38,11.533333,7.266667,8.666667,0.000000,0.838586
39,11.566667,7.200000,8.746667,0.000000,0.836355
40,11.566667,7.166667,8.746667,0.000000,0.838235
41,11.566667,7.233333,8.720000,0.000000,0.781809
42,11.566667,7.233333,8.731667,0.000000,0.816604
43,11.600000,7.066667,8.656667,0.000000,0.870493
44,11.633333,7.300000,8.760000,0.000000,0.837018
45,11.633333,7.200000,8.658333,0.000000,0.809004
46,11.633333,7.333333,8.691667,0.000000,0.810002
47,11.633333,7.200000,8.725000,0.000000,0.831752
48,11.633333,7.266667,8.703333,0.000000,0.814216
49,11.633333,7.166667,8.690000,0.000000,0.853170
50,11.633333,7.300000,8.808333,0.000000,0.889634
51,11.633333,7.366667,8.796667,0.000000,0.802155
52,11.633333,7.233333,8.755000,0.000000,0.864238
53,11.633333,7.566667,8.840000,0.000000,0.796308
54,11.633333,7.200000,8.715000,0.000000,0.846479
55,11.633333,7.266667,8.703333,0.000000,0.828597
56,11.633333,7.200000,8.725000,0.000000,0.808199
57,11.633333,7.400000,8.725000,0.000000,0.826521
58,11.633333,7.200000,8.661667,0.000000,0.807068
59,11.633333,7.400000,8.783333,0.000000,0.803902
60,11.633333,7.300000,8.781667,0.000000,0.788285
61,11.633333,7.300000,8.700000,0.000000,0.860332
62,11.666667,7.200000,8.718333,0.000000,0.864598
63,11.700000,7.333333,8.761667,0.000000,0.889162
64,11.733333,7.166667,8.741667,0.000000,0.845547
65,11.733333,7.200000,8.716667,0.000000,0.838954
66,11.733333,7.433333,8.758333,0.000000,0.840801
67,11.733333,7.400000,8.748333,0.000000,0.830645
68,11.733333,7.200000,8.766667,0.000000,0.867479
69,11.733333,7.333333,8.775000,0.000000,0.833206
70,11.733333,7.266667,8.751667,0.000000,0.815220
71,11.766667,7.233333,8.710000,0.000000,0.870323
72,11.766667,7.300000,8.723333,0.000000,0.898778
73,11.766667,7.266667,8.745000,0.000000,0.840063
74,11.800000,7.300000,8.770000,0.000000,0.846432
75,11.800000,7.333333,8.756667,0.000000,0.845622
76,11.800000,7.333333,8.733333,0.000000,0.822020
77,11.800000,7.300000,8.776667,0.000000,0.819338
78,11.833333,7.300000,8.826667,0.000000,0.892465
79,11.866667,7.433333,8.813333,0.000000,0.841678
80,11.866667,7.433333,8.758333,0.000000,0.811301
81,11.866667,7.166667,8.713333,0.000000,0.859954
82,11.866667,7.400000,8.718333,0.000000,0.803575
83,11.866667,7.466667,8.740000,0.000000,0.799498
84,11.866667,7.233333,8.698333,0.000000,0.850018
85,11.866667,7.200000,8.735000,0.000000,0.869942
86,11.866667,7.400000,8.750000,0.000000,0.830152
87,11.866667,7.166667,8.770000,0.000000,0.850794
88,11.900000,7.366667,8.761667,0.000000,0.869203
89,11.900000,7.300000,8.790000,0.000000,0.845573
90,11.900000,7.266667,8.693333,0.000000,0.818365
91,11.900000,7.300000,8.755000,0.000000,0.851159
92,11.900000,7.300000,8.761667,0.000000,0.864783
93,11.900000,7.133333,8.750000,0.000000,0.846879
94,11.900000,7.266667,8.690000,0.000000,0.838883
95,11.900000,7.233333,8.750000,0.000000,0.859166
96,11.900000,7.266667,8.741667,0.000000,0.824315
97,11.900000,7.266667,8.720000,0.000000,0.847656
98,11.933333,7.333333,8.743333,0.000000,0.824744
99,11.933333,7.333333,8.661667,0.000000,0.836798
100,11.933333,7.333333,8.765000,0.000000,0.826485
101,11.933333,7.300000,8.755000,0.000000,0.841844
102,11.933333,7.300000,8.773333,0.000000,0.833983
103,11.933333,7.400000,8.778333,0.000000,0.828601
104,11.933333,7.333333,8.795000,0.000000,0.832423
105,11.933333,7.300000,8.741667,0.000000,0.874498
106,11.933333,7.233333,8.688333,0.000000,0.838694
107,11.933333,7.300000,8.801667,0.000000,0.865149
108,11.933333,7.266667,8.820000,0.000000,0.880290
109,11.933333,7.300000,8.703333,0.000000,0.867137
110,11.933333,7.333333,8.736667,0.000000,0.825853
111,11.933333,7.300000,8.750000,0.000000,0.811389
112,11.933333,7.300000,8.720000,0.000000,0.801532
113,11.933333,7.200000,8.733333,0.000000,0.870527
114,11.933333,7.366667,8.786667,0.000000,0.821351
115,11.966667,7.366667,8.720000,0.000000,0.852426
116,11.966667,7.133333,8.763333,0.000000,0.880523
117,11.966667,7.266667,8.731667,0.000000,0.868163
118,11.966667,7.333333,8.751667,0.000000,0.819712
119,11.966667,7.166667,8.675000,0.000000,0.842436
120,11.966667,7.300000,8.785000,0.000000,0.854189
121,11.966667,7.300000,8.793333,0.000000,0.844245
122,11.966667,7.266667,8.755000,0.000000,0.790971
123,11.966667,7.300000,8.733333,0.000000,0.827542
124,11.966667,7.333333,8.796667,0.000000,0.838411
125,11.966667,7.600000,8.790000,0.000000,0.762585
126,11.966667,7.300000,8.691667,0.000000,0.836245
127,11.966667,7.266667,8.745000,0.000000,0.836849
128,11.966667,7.133333,8.718333,0.000000,0.842588
129,11.966667,7.366667,8.723333,0.000000,0.828395
130,11.966667,7.366667,8.730000,0.000000,0.827988
131,11.966667,7.266667,8.725000,0.000000,0.835320
132,11.966667,7.233333,8.673333,0.000000,0.822330
133,11.966667,7.300000,8.683333,0.000000,0.817307
134,12.000000,7.200000,8.765000,0.000000,0.867646
135,12.000000,7.100000,8.693333,0.000000,0.824048
136,12.000000,7.233333,8.711667,0.000000,0.820893
137,12.000000,7.333333,8.773333,0.000000,0.846785
138,12.000000,7.366667,8.768333,0.000000,0.852946
139,12.000000,7.266667,8.738333,0.000000,0.823932
140,12.000000,7.300000,8.808333,0.000000,0.831130
141,12.000000,7.133333,8.745000,0.000000,0.872667
142,12.000000,7.233333,8.710000,0.000000,0.840744
143,12.000000,7.200000,8.738333,0.000000,0.843488
144,12.000000,7.266667,8.706667,0.000000,0.840711
145,12.000000,7.233333,8.718333,0.000000,0.859191
146,12.000000,7.266667,8.618333,0.000000,0.783208
147,12.000000,7.266667,8.720000,0.000000,0.838799
148,12.000000,7.233333,8.761667,0.000000,0.850840
149,12.033333,7.300000,8.703333,0.000000,0.806849
150,12.033333,7.300000,8.780000,0.000000,0.861924
151,12.066667,7.233333,8.758333,0.000000,0.863931
152,12.100000,7.266667,8.691667,0.000000,0.838413
153,12.100000,7.366667,8.753333,0.000000,0.860351
154,12.100000,7.366667,8.693333,0.000000,0.823221
155,12.100000,7.233333,8.755000,0.000000,0.831557
156,12.100000,7.466667,8.805000,0.000000,0.808300
157,12.100000,7.233333,8.653333,0.000000,0.826981
158,12.100000,7.333333,8.750000,0.000000,0.830100
159,12.100000,7.233333,8.740000,0.000000,0.851858
160,12.100000,7.033333,8.728333,0.000000,0.895129
161,12.100000,7.300000,8.673333,0.000000,0.840504
162,12.100000,7.200000,8.756667,0.000000,0.868897
163,12.100000,7.133333,8.750000,0.000000,0.883755
164,12.100000,7.233333,8.676667,0.000000,0.828145
165,12.100000,7.333333,8.736667,0.000000,0.810355
166,12.100000,7.333333,8.728333,0.000000,0.830728
167,12.100000,7.300000,8.775000,0.000000,0.845808
168,12.100000,7.200000,8.748333,0.000000,0.844516
169,12.100000,7.300000,8.740000,0.000000,0.820129
170,12.100000,7.466667,8.773333,0.000000,0.825446
171,12.100000,7.200000,8.688333,0.000000,0.812089
172,12.100000,7.200000,8.713333,0.000000,0.832412
173,12.100000,7.333333,8.733333,0.000000,0.826977
174,12.100000,7.266667,8.791667,0.000000,0.854988
175,12.100000,7.133333,8.725000,0.000000,0.868701
176,12.100000,7.100000,8.713333,0.000000,0.874227
177,12.100000,7.333333,8.703333,0.000000,0.819296
178,12.100000,7.466667,8.753333,0.000000,0.824992
179,12.100000,7.233333,8.693333,0.000000,0.833557
180,12.100000,7.366667,8.725000,0.000000,0.807911
181,12.100000,7.366667,8.781667,0.000000,0.848178
182,12.100000,7.266667,8.716667,0.000000,0.797171
183,12.100000,7.233333,8.755000,0.000000,0.844598
184,12.100000,7.300000,8.753333,0.000000,0.837753
185,12.100000,7.166667,8.693333,0.000000,0.870389
186,12.100000,7.433333,8.735000,0.000000,0.787510
187,12.100000,7.366667,8.725000,0.000000,0.810022
188,12.100000,7.433333,8.778333,0.000000,0.791220
189,12.100000,7.200000,8.736667,0.000000,0.840106
190,12.100000,7.266667,8.753333,0.000000,0.875735
191,12.100000,7.300000,8.758333,0.000000,0.885420
192,12.100000,7.333333,8.755000,0.000000,0.838987
193,12.100000,7.200000,8.723333,0.000000,0.825264
194,12.100000,7.366667,8.776667,0.000000,0.829217
195,12.100000,7.366667,8.741667,0.000000,0.853091
196,12.100000,7.233333,8.696667,0.000000,0.835199
197,12.100000,7.233333,8.766667,0.000000,0.866120
198,12.100000,7.133333,8.776667,0.000000,0.846531
199,12.100000,7.266667,8.635000,0.000000,0.794241
200,12.100000,7.233333,8.748333,0.000000,0.863988
201,12.133333,7.333333,8.760000,0.000000,0.826229
202,12.133333,7.100000,8.693333,0.000000,0.858524
203,12.133333,7.300000,8.730000,0.000000,0.834851
204,12.133333,7.300000,8.748333,0.000000,0.833412
205,12.133333,7.200000,8.706667,0.000000,0.871256
206,12.133333,7.200000,8.766667,0.000000,0.826300
207,12.133333,7.366667,8.768333,0.000000,0.823739
208,12.133333,7.266667,8.770000,0.000000,0.826804
209,12.133333,7.300000,8.721667,0.000000,0.798736
210,12.133333,7.233333,8.828333,0.000000,0.896972
211,12.133333,7.233333,8.725000,0.000000,0.842150
212,12.133333,7.266667,8.715000,0.000000,0.831917
213,12.133333,7.233333,8.666667,0.000000,0.825924
214,12.133333,7.366667,8.726667,0.000000,0.827261
215,12.133333,7.266667,8.751667,0.000000,0.849185
216,12.133333,7.300000,8.743333,0.000000,0.788503
217,12.133333,7.166667,8.678333,0.000000,0.835838
218,12.166667,7.133333,8.698333,0.000000,0.894961
219,12.166667,7.366667,8.686667,0.000000,0.797642
220,12.166667,7.266667,8.706667,0.000000,0.845176
221,12.166667,7.266667,8.720000,0.000000,0.822595
222,12.166667,7.333333,8.733333,0.000000,0.789961
223,12.166667,7.300000,8.713333,0.000000,0.817879
224,12.166667,7.200000,8.741667,0.000000,0.848912
225,12.166667,7.100000,8.746667,0.000000,0.896568
226,12.166667,7.400000,8.808333,0.000000,0.829210
227,12.166667,7.233333,8.701667,0.000000,0.806250
228,12.166667,7.133333,8.676667,0.000000,0.844213
229,12.166667,7.200000,8.745000,0.000000,0.816514
230,12.166667,7.300000,8.761667,0.000000,0.833706
231,12.166667,7.333333,8.701667,0.000000,0.819876
232,12.166667,7.200000,8.706667,0.000000,0.831086
233,12.166667,7.233333,8.715000,0.000000,0.801900
234,12.166667,7.333333,8.780000,0.000000,0.869319
235,12.166667,7.233333,8.680000,0.000000,0.807906
236,12.166667,7.333333,8.716667,0.000000,0.833787
237,12.166667,7.166667,8.725000,0.000000,0.887429
238,12.166667,7.366667,8.788333,0.000000,0.845378
239,12.166667,7.233333,8.721667,0.000000,0.815051
240,12.166667,7.133333,8.658333,0.000000,0.851799
241,12.166667,7.400000,8.803333,0.000000,0.834257
242,12.166667,7.233333,8.748333,0.000000,0.830899
243,12.166667,7.266667,8.705000,0.000000,0.818656
244,12.166667,7.300000,8.756667,0.000000,0.847440
245,12.166667,7.300000,8.746667,0.000000,0.825811
246,12.166667,7.300000,8.806667,0.000000,0.875636
247,12.166667,7.366667,8.740000,0.000000,0.841535
248,12.166667,7.366667,8.781667,0.000000,0.828318
249,12.166667,7.400000,8.791667,0.000000,0.821588
250,12.166667,7.166667,8.658333,0.000000,0.842374
251,12.166667,7.333333,8.796667,0.000000,0.831216
252,12.166667,7.400000,8.743333,0.000000,0.797129
253,12.166667,7.166667,8.700000,0.000000,0.855656
254,12.166667,7.100000,8.683333,0.000000,0.895657
255,12.166667,7.200000,8.745000,0.000000,0.836790
256,12.166667,7.233333,8.701667,0.000000,0.825668
257,12.166667,7.200000,8.728333,0.000000,0.824621
258,12.166667,7.400000,8.771667,0.000000,0.855818
259,12.166667,7.266667,8.745000,0.000000,0.854451
260,12.166667,7.200000,8.726667,0.000000,0.861679
261,12.166667,7.300000,8.766667,0.000000,0.825394
262,12.166667,7.133333,8.733333,0.000000,0.834769
263,12.166667,7.200000,8.756667,0.000000,0.829403
264,12.166667,7.433333,8.765000,0.000000,0.794724
265,12.166667,7.200000,8.740000,0.000000,0.846990
266,12.166667,7.166667,8.691667,0.000000,0.866346
267,12.166667,7.400000,8.731667,0.000000,0.804502
268,12.166667,7.266667,8.735000,0.000000,0.851574
269,12.166667,7.100000,8.760000,0.000000,0.874694
270,12.166667,7.200000,8.658333,0.000000,0.804952
271,12.166667,7.333333,8.745000,0.000000,0.835863
272,12.166667,7.366667,8.751667,0.000000,0.847995
273,12.166667,7.300000,8.753333,0.000000,0.855196
274,12.166667,7.300000,8.805000,0.000000,0.817183
275,12.166667,7.233333,8.770000,0.000000,0.863239
276,12.166667,7.400000,8.723333,0.000000,0.849806
277,12.166667,7.300000,8.726667,0.000000,0.847737
278,12.166667,7.200000,8.766667,0.000000,0.846629
279,12.166667,7.266667,8.730000,0.000000,0.847982
280,12.166667,7.200000,8.688333,0.000000,0.845900
281,12.166667,7.166667,8.693333,0.000000,0.819323
282,12.166667,7.166667,8.678333,0.000000,0.841529
283,12.166667,7.266667,8.683333,0.000000,0.782896
284,12.166667,7.333333,8.758333,0.000000,0.814976
285,12.166667,7.233333,8.743333,0.000000,0.870616
286,12.166667,7.266667,8.676667,0.000000,0.807912
287,12.166667,7.300000,8.743333,0.000000,0.819414
288,12.166667,7.166667,8.661667,0.000000,0.884165
289,12.166667,7.333333,8.725000,0.000000,0.809826
290,12.166667,7.300000,8.751667,0.000000,0.851186
291,12.166667,7.166667,8.726667,0.000000,0.872533
292,12.166667,7.400000,8.720000,0.000000,0.810970
293,12.166667,7.233333,8.743333,0.000000,0.838939
294,12.166667,7.233333,8.730000,0.000000,0.841805
295,12.166667,7.400000,8.791667,0.000000,0.797743
296,12.166667,7.266667,8.738333,0.000000,0.845165
297,12.166667,7.233333,8.743333,0.000000,0.832820
298,12.166667,7.233333,8.760000,0.000000,0.864722
299,12.166667,7.333333,8.690000,0.000000,0.815675
300,12.166667,7.300000,8.771667,0.000000,0.836648
301,12.166667,7.166667,8.681667,0.000000,0.866802
302,12.166667,7.133333,8.698333,0.000000,0.852020
303,12.166667,7.200000,8.783333,0.000000,0.878048
304,12.166667,7.300000,8.705000,0.000000,0.850799
305,12.166667,7.366667,8.765000,0.000000,0.824299
306,12.166667,7.233333,8.695000,0.000000,0.840911
307,12.166667,7.266667,8.765000,0.000000,0.856442
308,12.166667,7.233333,8.738333,0.000000,0.827200
309,12.166667,7.133333,8.685000,0.000000,0.832460
310,12.166667,7.100000,8.665000,0.000000,0.881042
311,12.166667,7.233333,8.776667,0.000000,0.816194
312,12.166667,7.133333,8.648333,0.000000,0.794859
313,12.166667,7.333333,8.731667,0.000000,0.815441
314,12.166667,7.266667,8.693333,0.000000,0.841895
315,12.166667,7.300000,8.683333,0.000000,0.801719
316,12.166667,7.133333,8.671667,0.000000,0.831024
317,12.166667,7.300000,8.713333,0.000000,0.856969
318,12.166667,7.266667,8.738333,0.000000,0.865924
319,12.166667,7.100000,8.711667,0.000000,0.877765
320,12.166667,7.200000,8.711667,0.000000,0.853843
321,12.166667,7.200000,8.706667,0.000000,0.846786
322,12.166667,7.200000,8.783333,0.000000,0.892320
323,12.166667,7.266667,8.735000,0.000000,0.843860
324,12.166667,7.400000,8.761667,0.000000,0.845641
325,12.166667,7.233333,8.700000,0.000000,0.845801
326,12.166667,7.066667,8.660000,0.000000,0.896634
327,12.166667,7.266667,8.750000,0.000000,0.833042
328,12.166667,7.466667,8.808333,0.000000,0.793402
329,12.166667,7.400000,8.710000,0.000000,0.878760
330,12.166667,7.366667,8.683333,0.000000,0.806644
331,12.166667,7.266667,8.718333,0.000000,0.837304
332,12.166667,7.233333,8.700000,0.000000,0.861121
333,12.166667,7.266667,8.708333,0.000000,0.834777
334,12.166667,7.300000,8.758333,0.000000,0.795163
335,12.166667,7.266667,8.761667,0.000000,0.834788
336,12.200000,7.200000,8.685000,0.000000,0.857990
337,12.200000,7.400000,8.736667,0.000000,0.795577
338,12.200000,7.166667,8.823333,0.000000,0.863272
339,12.200000,7.233333,8.721667,0.000000,0.817858
340,12.200000,7.600000,8.708333,0.000000,0.764178
341,12.200000,7.233333,8.686667,0.000000,0.860488
342,12.200000,7.200000,8.733333,0.000000,0.830989
343,12.200000,7.400000,8.760000,0.000000,0.800658
344,12.200000,7.233333,8.725000,0.000000,0.845169
345,12.200000,7.300000,8.723333,0.000000,0.780727
346,12.200000,7.266667,8.738333,0.000000,0.833834
347,12.200000,7.100000,8.691667,0.000000,0.855482
348,12.200000,7.200000,8.725000,0.000000,0.847244
349,12.200000,7.266667,8.785000,0.000000,0.869425
350,12.200000,7.366667,8.750000,0.000000,0.844291
351,12.200000,7.166667,8.751667,0.000000,0.877947
352,12.200000,7.233333,8.741667,0.000000,0.836279
353,12.200000,7.266667,8.740000,0.000000,0.832613
354,12.200000,7.200000,8.730000,0.000000,0.846105
355,12.200000,7.366667,8.730000,0.000000,0.830432
356,12.200000,7.233333,8.760000,0.000000,0.868281
357,12.200000,7.300000,8.715000,0.000000,0.853601
358,12.200000,7.400000,8.738333,0.000000,0.808706
359,12.200000,7.200000,8.710000,0.000000,0.860056
360,12.200000,7.266667,8.703333,0.000000,0.845429
361,12.200000,7.366667,8.806667,0.000000,0.822561
362,12.200000,7.266667,8.731667,0.000000,0.867185
363,12.200000,7.166667,8.736667,0.000000,0.858610
364,12.200000,7.200000,8.651667,0.000000,0.796263
365,12.200000,7.233333,8.801667,0.000000,0.858222
366,12.200000,7.366667,8.771667,0.000000,0.857646
367,12.200000,7.233333,8.743333,0.000000,0.851369
368,12.200000,7.333333,8.761667,0.000000,0.826628
369,12.200000,7.266667,8.771667,0.000000,0.854148
370,12.233333,7.466667,8.775000,0.000000,0.856076
371,12.233333,7.200000,8.730000,0.000000,0.849777
372,12.233333,7.366667,8.790000,0.000000,0.807794
373,12.233333,7.200000,8.738333,0.000000,0.818381
374,12.233333,7.200000,8.738333,0.000000,0.834957
375,12.233333,7.200000,8.701667,0.000000,0.851985
376,12.233333,7.333333,8.778333,0.000000,0.833411
377,12.233333,7.166667,8.730000,0.000000,0.818185
378,12.233333,7.233333,8.720000,0.000000,0.827350
379,12.233333,7.366667,8.775000,0.000000,0.837247
380,12.233333,7.266667,8.775000,0.000000,0.855203
381,12.233333,7.133333,8.698333,0.000000,0.835486
382,12.233333,7.333333,8.771667,0.000000,0.858103
383,12.233333,7.300000,8.726667,0.000000,0.858375
384,12.233333,7.300000,8.785000,0.000000,0.812872
385,12.233333,7.100000,8.671667,0.000000,0.863483
386,12.233333,7.200000,8.716667,0.000000,0.880365
387,12.233333,7.166667,8.701667,0.000000,0.812329
388,12.233333,7.266667,8.775000,0.000000,0.850010
389,12.233333,7.200000,8.740000,0.000000,0.852385
390,12.233333,7.200000,8.763333,0.000000,0.833136
391,12.233333,7.200000,8.721667,0.000000,0.854898
392,12.233333,7.200000,8.743333,0.000000,0.875189
393,12.233333,7.200000,8.661667,0.000000,0.856446
394,12.233333,7.133333,8.745000,0.000000,0.879242
395,12.233333,7.433333,8.736667,0.000000,0.815548
396,12.233333,7.133333,8.671667,0.000000,0.860920
397,12.233333,7.000000,8.730000,0.000000,0.906045
398,12.233333,7.300000,8.738333,0.000000,0.858894
399,12.233333,7.233333,8.748333,0.000000,0.819368
400,12.233333,7.133333,8.778333,0.000000,0.876685
401,12.233333,7.000000,8.655000,0.000000,0.813937
402,12.233333,7.233333,8.711667,0.000000,0.812276
403,12.233333,7.266667,8.716667,0.000000,0.824437
404,12.233333,7.200000,8.718333,0.000000,0.846901
405,12.233333,7.300000,8.751667,0.000000,0.860705
406,12.233333,7.233333,8.761667,0.000000,0.866829
407,12.233333,7.233333,8.771667,0.000000,0.829288
408,12.233333,7.366667,8.743333,0.000000,0.837548
409,12.233333,7.133333,8.718333,0.000000,0.867983
410,12.233333,7.433333,8.811667,0.000000,0.876658
411,12.233333,7.333333,8.788333,0.000000,0.797403
412,12.233333,7.233333,8.688333,0.000000,0.799993
413,12.233333,7.300000,8.738333,0.000000,0.775614
414,12.233333,7.266667,8.783333,0.000000,0.831785
415,12.233333,7.233333,8.790000,0.000000,0.869007
416,12.233333,7.566667,8.773333,0.000000,0.799872
417,12.233333,7.333333,8.753333,0.000000,0.856020
418,12.233333,7.233333,8.750000,0.000000,0.833892
419,12.233333,7.100000,8.683333,0.000000,0.869605
420,12.233333,7.200000,8.733333,0.000000,0.811834
421,12.233333,7.400000,8.726667,0.000000,0.833509
422,12.233333,7.400000,8.716667,0.000000,0.797995
423,12.233333,7.366667,8.718333,0.000000,0.829498
424,12.233333,7.166667,8.698333,0.000000,0.863104
425,12.233333,7.433333,8.750000,0.000000,0.805641
426,12.233333,7.266667,8.756667,0.000000,0.824692
427,12.233333,7.166667,8.723333,0.000000,0.855904
428,12.233333,7.266667,8.725000,0.000000,0.842760
429,12.233333,7.200000,8.670000,0.000000,0.842445
430,12.233333,7.233333,8.683333,0.000000,0.842772
431,12.233333,7.200000,8.746667,0.000000,0.882694
432,12.233333,7.266667,8.733333,0.000000,0.817397
433,12.233333,7.233333,8.703333,0.000000,0.799886
434,12.233333,7.166667,8.708333,0.000000,0.850575
435,12.233333,7.266667,8.713333,0.000000,0.833084
436,12.233333,7.433333,8.716667,0.000000,0.818351
437,12.233333,7.233333,8.730000,0.000000,0.845935
438,12.233333,7.333333,8.781667,0.000000,0.871455
439,12.233333,7.233333,8.743333,0.000000,0.844223
440,12.266667,7.233333,8.771667,0.000000,0.864566
441,12.266667,7.266667,8.703333,0.000000,0.854964
442,12.266667,7.200000,8.736667,0.000000,0.889814
443,12.266667,7.200000,8.655000,0.000000,0.850208
444,12.266667,7.200000,8.751667,0.000000,0.852331
445,12.266667,7.400000,8.728333,0.000000,0.798881
446,12.266667,7.266667,8.735000,0.000000,0.838637
447,12.266667,7.200000,8.665000,0.000000,0.865813
448,12.266667,7.200000,8.696667,0.000000,0.852922
449,12.266667,7.233333,8.745000,0.000000,0.865175
450,12.266667,7.433333,8.795000,0.000000,0.822195
451,12.266667,7.333333,8.768333,0.000000,0.824881
452,12.266667,7.266667,8.750000,0.000000,0.834471
453,12.266667,7.266667,8.735000,0.000000,0.818551
454,12.266667,7.400000,8.733333,0.000000,0.819603
455,12.266667,7.166667,8.746667,0.000000,0.858641
456,12.266667,7.466667,8.775000,0.000000,0.775503
457,12.300000,7.166667,8.726667,0.000000,0.879705
458,12.300000,7.200000,8.813333,0.000000,0.875558
459,12.300000,7.166667,8.728333,0.000000,0.843126
460,12.300000,7.366667,8.760000,0.000000,0.822155
461,12.300000,7.366667,8.745000,0.000000,0.828433
462,12.300000,7.233333,8.711667,0.000000,0.863547
463,12.300000,7.366667,8.753333,0.000000,0.815019
464,12.300000,7.200000,8.701667,0.000000,0.817016
465,12.300000,7.333333,8.750000,0.000000,0.808666
466,12.300000,7.133333,8.718333,0.000000,0.899693
467,12.300000,7.233333,8.776667,0.000000,0.844338
468,12.333333,7.166667,8.670000,0.000000,0.841293
469,12.333333,7.233333,8.750000,0.000000,0.820299
470,12.333333,7.233333,8.728333,0.000000,0.830634
471,12.333333,7.200000,8.701667,0.000000,0.834758
472,12.333333,7.366667,8.756667,0.000000,0.847072
473,12.333333,7.366667,8.706667,0.000000,0.834320
474,12.333333,7.200000,8.718333,0.000000,0.848449
475,12.333333,7.166667,8.715000,0.000000,0.865713
476,12.333333,7.200000,8.721667,0.000000,0.865055
477,12.333333,7.233333,8.763333,0.000000,0.892193
478,12.333333,7.133333,8.720000,0.000000,0.886075
479,12.333333,7.233333,8.726667,0.000000,0.865171
480,12.333333,7.166667,8.710000,0.000000,0.856450
481,12.333333,7.500000,8.790000,0.000000,0.849586
482,12.333333,7.266667,8.750000,0.000000,0.827535
483,12.333333,7.233333,8.735000,0.000000,0.829688
484,12.333333,7.400000,8.756667,0.000000,0.822259
485,12.333333,7.366667,8.745000,0.000000,0.832185
486,12.333333,7.066667,8.723333,0.000000,0.866140
487,12.333333,7.266667,8.740000,0.000000,0.833842
488,12.333333,7.266667,8.780000,0.000000,0.862700
489,12.333333,7.066667,8.728333,0.000000,0.849342
490,12.333333,7.100000,8.695000,0.000000,0.888937
491,12.333333,7.233333,8.698333,0.000000,0.895867
492,12.333333,7.333333,8.773333,0.000000,0.839613
493,12.333333,7.200000,8.690000,0.000000,0.887692
494,12.333333,7.266667,8.781667,0.000000,0.871056
495,12.333333,7.300000,8.773333,0.000000,0.852015
496,12.333333,7.433333,8.758333,0.000000,0.798648
497,12.333333,7.166667,8.701667,0.000000,0.815667
498,12.333333,7.400000,8.796667,0.000000,0.824235
499,12.333333,7.333333,8.773333,0.000000,0.824864
500,12.333333,7.266667,8.731667,0.000000,0.834656
BestSdev: 0.278292, Time: 4m42.793416126s