gen,best,worst,mean,rep,sdev
1,10.800000,7.000000,8.739333,0.000000,0.875888
2,11.033333,6.933333,8.744667,0.000000,0.863039
3,11.100000,7.000000,8.730000,0.000000,0.862045
4,11.133333,7.066667,8.748667,0.000000,0.852649
5,11.166667,7.033333,8.747333,0.000000,0.833903
6,11.200000,6.966667,8.722667,0.000000,0.841600
7,11.233333,7.100000,8.726000,0.000000,0.837349
8,11.300000,6.933333,8.769333,0.000000,0.864030
9,11.300000,7.000000,8.753333,0.000000,0.847138
10,11.333333,6.966667,8.762000,0.000000,0.857946
11,11.400000,6.900000,8.768667,0.000000,0.861643
12,11.433333,6.866667,8.690667,0.000000,0.839621
13,11.433333,6.900000,8.736000,0.000000,0.878190
14,11.466667,6.933333,8.737333,0.000000,0.885621
15,11.466667,7.100000,8.756667,0.000000,0.842220
16,11.566667,7.133333,8.760000,0.000000,0.866772
17,11.566667,7.033333,8.742667,0.000000,0.866628
18,11.600000,6.900000,8.742000,0.000000,0.871256
19,11.600000,7.000000,8.719333,0.000000,0.847163
20,11.633333,7.033333,8.730000,0.000000,0.868144
21,11.666667,7.000000,8.702000,0.000000,0.873555
22,11.666667,7.000000,8.756000,0.000000,0.879164
23,11.700000,7.000000,8.714000,0.000000,0.838823
24,11.700000,7.100000,8.724667,0.000000,0.820024
25,11.733333,6.966667,8.769333,0.000000,0.864100
26,11.733333,7.000000,8.736000,0.000000,0.858076
27,11.800000,7.133333,8.754667,0.000000,0.846399
28,11.833333,6.933333,8.718667,0.000000,0.843220
29,11.866667,7.066667,8.774000,0.000000,0.862910
30,11.900000,7.033333,8.742000,0.000000,0.846159
31,11.933333,7.000000,8.754000,0.000000,0.877892
32,11.933333,7.066667,8.760000,0.000000,0.862620
33,11.933333,7.000000,8.738667,0.000000,0.869098
34,11.933333,7.033333,8.728667,0.000000,0.851760
35,11.933333,7.033333,8.702000,0.000000,0.833274
36,12.000000,7.100000,8.745333,0.000000,0.846466
37,12.000000,7.100000,8.765333,0.000000,0.850342
38,12.000000,7.000000,8.722000,0.000000,0.865848
39,12.066667,6.966667,8.706667,0.000000,0.862655
40,12.066667,6.966667,8.710000,0.000000,0.848762
41,12.066667,6.900000,8.691333,0.000000,0.885739
42,12.066667,7.066667,8.750000,0.000000,0.840424
43,12.066667,7.000000,8.746000,0.000000,0.841963
44,12.066667,6.933333,8.734000,0.000000,0.876323
45,12.066667,7.000000,8.712667,0.000000,0.850742
46,12.066667,6.933333,8.754667,0.000000,0.855821
47,12.066667,7.033333,8.734667,0.000000,0.858215
48,12.066667,7.000000,8.719333,0.000000,0.851343
49,12.066667,7.033333,8.729333,0.000000,0.862952
50,12.066667,6.933333,8.740667,0.000000,0.873451
51,12.066667,7.000000,8.751333,0.000000,0.849993
52,12.066667,6.966667,8.734667,0.000000,0.887039
53,12.066667,7.066667,8.741333,0.000000,0.851954
54,12.066667,6.966667,8.730000,0.000000,0.846838
55,12.066667,7.000000,8.717333,0.000000,0.860796
56,12.066667,7.000000,8.702000,0.000000,0.860418
57,12.066667,7.033333,8.686000,0.000000,0.859627
58,12.066667,6.933333,8.696000,0.000000,0.842782
59,12.066667,7.066667,8.746000,0.000000,0.870590
60,12.066667,7.000000,8.741333,0.000000,0.827374
61,12.100000,6.933333,8.716667,0.000000,0.883493
62,12.100000,6.966667,8.739333,0.000000,0.873461
63,12.100000,6.933333,8.725333,0.000000,0.847889
64,12.100000,6.966667,8.699333,0.000000,0.867160
65,12.100000,6.966667,8.745333,0.000000,0.852738
66,12.100000,7.000000,8.702667,0.000000,0.849505
67,12.100000,7.033333,8.739333,0.000000,0.863555
68,12.100000,7.000000,8.744000,0.000000,0.847236
69,12.100000,7.000000,8.719333,0.000000,0.871141
70,12.100000,7.033333,8.746667,0.000000,0.845902
71,12.100000,6.933333,8.721333,0.000000,0.861270
72,12.100000,7.066667,8.773333,0.000000,0.842657
73,12.100000,7.000000,8.764000,0.000000,0.846606
74,12.100000,6.900000,8.662667,0.000000,0.868334
75,12.100000,7.033333,8.747333,0.000000,0.879955
76,12.100000,7.000000,8.754667,0.000000,0.849998
77,12.100000,7.033333,8.758667,0.000000,0.861943
78,12.100000,7.000000,8.780000,0.000000,0.884697
79,12.100000,7.033333,8.692000,0.000000,0.845126
80,12.100000,7.000000,8.738000,0.000000,0.853093
81,12.100000,6.933333,8.688000,0.000000,0.856252
82,12.100000,6.966667,8.739333,0.000000,0.828324
83,12.100000,7.033333,8.688667,0.000000,0.867386
84,12.100000,7.033333,8.688000,0.000000,0.857578
85,12.100000,7.033333,8.762667,0.000000,0.853165
86,12.100000,7.066667,8.761333,0.000000,0.865477
87,12.100000,6.966667,8.705333,0.000000,0.860735
88,12.100000,6.933333,8.752667,0.000000,0.863307
89,12.100000,6.900000,8.724667,0.000000,0.866484
90,12.100000,6.866667,8.735333,0.000000,0.879790
91,12.100000,7.033333,8.700000,0.000000,0.857782
92,12.100000,7.000000,8.727333,0.000000,0.870138
93,12.100000,7.000000,8.713333,0.000000,0.865426
94,12.100000,7.033333,8.732000,0.000000,0.857705
95,12.100000,7.000000,8.766000,0.000000,0.874168
96,12.100000,7.033333,8.711333,0.000000,0.877276
97,12.100000,7.000000,8.759333,0.000000,0.876518
98,12.100000,7.033333,8.723333,0.000000,0.830558
99,12.100000,7.000000,8.696667,0.000000,0.860971
100,12.100000,7.166667,8.768667,0.000000,0.829647
101,12.100000,7.000000,8.723333,0.000000,0.847095
102,12.100000,7.000000,8.720000,0.000000,0.857228
103,12.100000,7.033333,8.740667,0.000000,0.852925
104,12.100000,7.000000,8.734667,0.000000,0.873000
105,12.100000,6.933333,8.715333,0.000000,0.850563
106,12.100000,7.000000,8.748667,0.000000,0.861701
107,12.100000,6.966667,8.772667,0.000000,0.864984
108,12.100000,7.033333,8.717333,0.000000,0.827543
109,12.100000,6.933333,8.736667,0.000000,0.864062
110,12.100000,7.066667,8.764667,0.000000,0.847314
111,12.100000,7.033333,8.754000,0.000000,0.877662
112,12.100000,7.000000,8.758667,0.000000,0.869176
113,12.100000,6.966667,8.726000,0.000000,0.854236
114,12.100000,6.900000,8.744667,0.000000,0.862618
115,12.100000,7.000000,8.748667,0.000000,0.862336
116,12.100000,7.033333,8.742000,0.000000,0.839789
117,12.100000,7.066667,8.742000,0.000000,0.853823
118,12.100000,7.000000,8.749333,0.000000,0.854634
119,12.100000,7.033333,8.745333,0.000000,0.860875
120,12.100000,6.966667,8.724000,0.000000,0.849643
121,12.100000,6.900000,8.764667,0.000000,0.870604
122,12.100000,6.966667,8.697333,0.000000,0.862107
123,12.100000,7.000000,8.736667,0.000000,0.863412
124,12.100000,6.966667,8.788667,0.000000,0.863364
125,12.100000,7.033333,8.725333,0.000000,0.843263
126,12.100000,6.900000,8.744000,0.000000,0.877476
127,12.100000,6.866667,8.717333,0.000000,0.881470
128,12.100000,7.000000,8.724000,0.000000,0.840022
129,12.100000,6.966667,8.752000,0.000000,0.846742
130,12.100000,6.866667,8.737333,0.000000,0.864636
131,12.100000,7.000000,8.743333,0.000000,0.872319
132,12.100000,6.966667,8.761333,0.000000,0.882631
133,12.100000,7.033333,8.752000,0.000000,0.874831
134,12.100000,7.000000,8.713333,0.000000,0.842217
135,12.100000,6.900000,8.730667,0.000000,0.844675
136,12.100000,7.033333,8.761333,0.000000,0.867647
137,12.100000,7.100000,8.727333,0.000000,0.813818
138,12.100000,7.000000,8.701333,0.000000,0.851008
139,12.100000,7.000000,8.748667,0.000000,0.848942
140,12.100000,7.033333,8.696000,0.000000,0.860919
141,12.100000,7.033333,8.751333,0.000000,0.854447
142,12.100000,7.033333,8.730000,0.000000,0.831797
143,12.100000,6.866667,8.728000,0.000000,0.884521
144,12.100000,7.066667,8.785333,0.000000,0.859163
145,12.100000,7.000000,8.718667,0.000000,0.845078
146,12.100000,6.900000,8.736000,0.000000,0.872771
147,12.100000,7.066667,8.747333,0.000000,0.846942
148,12.100000,7.033333,8.709333,0.000000,0.863039
149,12.100000,6.966667,8.703333,0.000000,0.843915
150,12.100000,7.000000,8.766000,0.000000,0.870017
151,12.100000,7.066667,8.767333,0.000000,0.842041
152,12.100000,6.933333,8.724667,0.000000,0.876952
153,12.100000,6.966667,8.752667,0.000000,0.840601
154,12.100000,6.933333,8.718667,0.000000,0.877183
155,12.100000,6.966667,8.734000,0.000000,0.842271
156,12.100000,6.966667,8.697333,0.000000,0.842365
157,12.100000,6.900000,8.727333,0.000000,0.861159
158,12.100000,7.000000,8.762000,0.000000,0.855297
159,12.100000,7.033333,8.748667,0.000000,0.847889
160,12.100000,6.833333,8.728000,0.000000,0.871553
161,12.100000,7.000000,8.736000,0.000000,0.854672
162,12.100000,7.000000,8.737333,0.000000,0.849326
163,12.100000,7.066667,8.782000,0.000000,0.823714
164,12.100000,7.000000,8.700000,0.000000,0.875704
165,12.100000,7.033333,8.732000,0.000000,0.846017
166,12.100000,7.033333,8.722000,0.000000,0.844338
167,12.100000,6.866667,8.695333,0.000000,0.878227
168,12.100000,6.966667,8.756000,0.000000,0.873451
169,12.100000,7.000000,8.697333,0.000000,0.859848
170,12.100000,6.900000,8.720000,0.000000,0.846182
171,12.100000,6.966667,8.722667,0.000000,0.853149
172,12.100000,7.033333,8.718667,0.000000,0.852312
173,12.100000,6.900000,8.746000,0.000000,0.866108
174,12.100000,6.900000,8.714667,0.000000,0.886990
175,12.100000,6.933333,8.702000,0.000000,0.890080
176,12.100000,7.000000,8.764000,0.000000,0.849850
177,12.100000,7.000000,8.738667,0.000000,0.848181
178,12.100000,6.966667,8.770667,0.000000,0.892262
179,12.100000,7.000000,8.752667,0.000000,0.866351
180,12.100000,6.933333,8.738667,0.000000,0.894703
181,12.100000,7.033333,8.724667,0.000000,0.847362
182,12.100000,7.000000,8.748667,0.000000,0.885012
183,12.100000,7.033333,8.718000,0.000000,0.843229
184,12.100000,7.000000,8.754000,0.000000,0.857725
185,12.100000,6.966667,8.718000,0.000000,0.860983
186,12.100000,7.000000,8.730667,0.000000,0.841089
187,12.100000,7.033333,8.764667,0.000000,0.859183
188,12.100000,7.033333,8.750000,0.000000,0.855001
189,12.100000,7.000000,8.771333,0.000000,0.884859
190,12.100000,7.100000,8.724000,0.000000,0.834297
191,12.100000,6.966667,8.731333,0.000000,0.847287
192,12.100000,7.000000,8.722667,0.000000,0.876811
193,12.100000,7.000000,8.736000,0.000000,0.858824
194,12.100000,7.033333,8.753333,0.000000,0.870217
195,12.133333,7.033333,8.699333,0.000000,0.865717
196,12.133333,7.100000,8.746667,0.000000,0.805577
197,12.133333,7.000000,8.739333,0.000000,0.863837
198,12.133333,7.000000,8.766000,0.000000,0.845798
199,12.133333,7.000000,8.765333,0.000000,0.872085
200,12.133333,6.900000,8.714667,0.000000,0.844583
201,12.133333,7.033333,8.704667,0.000000,0.833325
202,12.133333,6.966667,8.690667,0.000000,0.879141
203,12.133333,7.033333,8.762667,0.000000,0.838172
204,12.133333,7.033333,8.755333,0.000000,0.862780
205,12.133333,7.000000,8.670667,0.000000,0.873865
206,12.133333,7.033333,8.735333,0.000000,0.848947
207,12.133333,7.000000,8.749333,0.000000,0.850355
208,12.133333,7.066667,8.767333,0.000000,0.859880
209,12.133333,7.000000,8.778000,0.000000,0.865661
210,12.133333,6.966667,8.709333,0.000000,0.873003
211,12.133333,7.033333,8.730667,0.000000,0.872677
212,12.133333,7.000000,8.761333,0.000000,0.870044
213,12.133333,7.066667,8.738000,0.000000,0.836992
214,12.166667,6.966667,8.768000,0.000000,0.877165
215,12.166667,6.933333,8.728667,0.000000,0.866725
216,12.166667,6.933333,8.701333,0.000000,0.835558
217,12.166667,6.966667,8.717333,0.000000,0.832759
218,12.166667,7.033333,8.766000,0.000000,0.854651
219,12.166667,6.966667,8.733333,0.000000,0.851925
220,12.166667,6.966667,8.696667,0.000000,0.857527
221,12.166667,6.933333,8.724667,0.000000,0.863291
222,12.166667,6.933333,8.723333,0.000000,0.830620
223,12.166667,7.033333,8.705333,0.000000,0.843189
224,12.166667,7.000000,8.764667,0.000000,0.870053
225,12.166667,6.966667,8.757333,0.000000,0.834800
226,12.166667,6.966667,8.738667,0.000000,0.863201
227,12.166667,7.066667,8.798667,0.000000,0.844247
228,12.166667,6.933333,8.706667,0.000000,0.880897
229,12.166667,6.933333,8.689333,0.000000,0.844884
230,12.166667,6.900000,8.769333,0.000000,0.887767
231,12.166667,6.966667,8.714000,0.000000,0.861829
232,12.166667,6.900000,8.692000,0.000000,0.882207
233,12.166667,7.066667,8.759333,0.000000,0.850732
234,12.166667,7.000000,8.728000,0.000000,0.852169
235,12.166667,7.000000,8.714667,0.000000,0.855579
236,12.166667,7.033333,8.764000,0.000000,0.857084
237,12.166667,6.966667,8.772000,0.000000,0.848560
238,12.166667,7.000000,8.754667,0.000000,0.871505
239,12.166667,7.100000,8.749333,0.000000,0.857277
240,12.166667,6.866667,8.748667,0.000000,0.871397
241,12.166667,7.000000,8.706667,0.000000,0.853550
242,12.166667,6.933333,8.755333,0.000000,0.850317
243,12.166667,7.033333,8.762000,0.000000,0.859289
244,12.166667,7.000000,8.747333,0.000000,0.871996
245,12.166667,7.033333,8.786000,0.000000,0.908763
246,12.166667,7.000000,8.734667,0.000000,0.857695
247,12.166667,7.066667,8.717333,0.000000,0.855425
248,12.166667,7.033333,8.734000,0.000000,0.858330
249,12.166667,7.100000,8.716667,0.000000,0.840140
250,12.166667,6.966667,8.724667,0.000000,0.861365
251,12.166667,7.066667,8.708667,0.000000,0.861875
252,12.166667,7.000000,8.756000,0.000000,0.858645
253,12.200000,7.000000,8.738000,0.000000,0.852386
254,12.200000,6.933333,8.744667,0.000000,0.880819
255,12.200000,6.966667,8.746667,0.000000,0.862622
256,12.200000,7.033333,8.744000,0.000000,0.839779
257,12.200000,7.033333,8.746667,0.000000,0.872571
258,12.200000,6.966667,8.734667,0.000000,0.844062
259,12.200000,6.966667,8.759333,0.000000,0.888963
260,12.200000,6.933333,8.718000,0.000000,0.862864
261,12.200000,6.933333,8.687333,0.000000,0.847792
262,12.200000,6.900000,8.708667,0.000000,0.862575
263,12.200000,6.933333,8.734667,0.000000,0.860944
264,12.200000,7.033333,8.746000,0.000000,0.865049
265,12.200000,7.033333,8.759333,0.000000,0.868333
266,12.200000,7.000000,8.707333,0.000000,0.858098
267,12.200000,6.966667,8.756000,0.000000,0.865950
268,12.200000,6.900000,8.718667,0.000000,0.880673
269,12.200000,6.966667,8.723333,0.000000,0.889329
270,12.200000,6.966667,8.693333,0.000000,0.830624
271,12.200000,6.966667,8.742000,0.000000,0.841840
272,12.200000,6.966667,8.698000,0.000000,0.862178
273,12.200000,6.933333,8.734667,0.000000,0.845270
274,12.200000,7.100000,8.746667,0.000000,0.818822
275,12.200000,7.000000,8.734667,0.000000,0.844711
276,12.233333,7.033333,8.734667,0.000000,0.833219
277,12.233333,7.000000,8.723333,0.000000,0.851928
278,12.233333,6.966667,8.718667,0.000000,0.860812
279,12.233333,7.000000,8.728000,0.000000,0.847706
280,12.233333,7.033333,8.712000,0.000000,0.860364
281,12.233333,6.966667,8.732667,0.000000,0.843062
282,12.233333,6.900000,8.718000,0.000000,0.864146
283,12.233333,7.066667,8.756000,0.000000,0.851840
284,12.233333,7.000000,8.712000,0.000000,0.875076
285,12.233333,7.033333,8.742000,0.000000,0.850274
286,12.233333,7.033333,8.712000,0.000000,0.831241
287,12.233333,7.033333,8.747333,0.000000,0.862012
288,12.233333,6.900000,8.722000,0.000000,0.889318
289,12.233333,6.900000,8.702667,0.000000,0.839610
290,12.233333,6.966667,8.776000,0.000000,0.866792
291,12.233333,6.966667,8.736000,0.000000,0.861757
292,12.233333,7.000000,8.730000,0.000000,0.845506
293,12.233333,7.066667,8.756000,0.000000,0.839209
294,12.233333,6.866667,8.720000,0.000000,0.885401
295,12.233333,6.966667,8.745333,0.000000,0.858271
296,12.233333,7.000000,8.725333,0.000000,0.883358
297,12.233333,7.033333,8.716000,0.000000,0.840064
298,12.233333,6.933333,8.738000,0.000000,0.871220
299,12.233333,6.933333,8.758000,0.000000,0.864729
300,12.233333,7.100000,8.714667,0.000000,0.847818
301,12.233333,7.000000,8.746667,0.000000,0.863317
302,12.233333,6.933333,8.722667,0.000000,0.866027
303,12.233333,6.966667,8.728000,0.000000,0.876075
304,12.233333,7.033333,8.748667,0.000000,0.860036
305,12.233333,7.000000,8.744000,0.000000,0.860552
306,12.233333,7.066667,8.718000,0.000000,0.853577
307,12.233333,7.033333,8.759333,0.000000,0.859404
308,12.233333,7.000000,8.752667,0.000000,0.841151
309,12.233333,7.000000,8.731333,0.000000,0.839320
310,12.233333,7.066667,8.739333,0.000000,0.856364
311,12.233333,7.000000,8.692000,0.000000,0.845746
312,12.233333,6.966667,8.778000,0.000000,0.901563
313,12.233333,7.000000,8.730667,0.000000,0.858397
314,12.233333,6.933333,8.738667,0.000000,0.851322
315,12.233333,7.166667,8.745333,0.000000,0.847706
316,12.233333,6.933333,8.718000,0.000000,0.869499
317,12.233333,7.033333,8.729333,0.000000,0.837391
318,12.233333,7.000000,8.686000,0.000000,0.833291
319,12.233333,6.966667,8.712667,0.000000,0.864164
320,12.233333,6.966667,8.733333,0.000000,0.866904
321,12.233333,6.966667,8.745333,0.000000,0.889513
322,12.233333,7.033333,8.739333,0.000000,0.841817
323,12.233333,7.066667,8.763333,0.000000,0.852902
324,12.233333,6.966667,8.722667,0.000000,0.858698
325,12.233333,7.000000,8.734000,0.000000,0.846869
326,12.233333,6.966667,8.707333,0.000000,0.887269
327,12.233333,7.033333,8.730000,0.000000,0.842115
328,12.233333,7.000000,8.722667,0.000000,0.844437
329,12.233333,7.066667,8.797333,0.000000,0.857499
330,12.233333,6.966667,8.732667,0.000000,0.852312
331,12.233333,7.100000,8.738000,0.000000,0.853995
332,12.233333,6.966667,8.670667,0.000000,0.854627
333,12.233333,6.933333,8.725333,0.000000,0.862790
334,12.233333,7.033333,8.746000,0.000000,0.842484
335,12.233333,6.966667,8.732000,0.000000,0.881286
336,12.233333,6.933333,8.748667,0.000000,0.866271
337,12.233333,7.033333,8.747333,0.000000,0.855716
338,12.233333,6.966667,8.692667,0.000000,0.854084
339,12.233333,7.066667,8.741333,0.000000,0.839433
340,12.233333,6.966667,8.739333,0.000000,0.855421
341,12.233333,7.100000,8.774000,0.000000,0.835541
342,12.233333,7.000000,8.721333,0.000000,0.873649
343,12.233333,7.000000,8.705333,0.000000,0.861749
344,12.233333,7.000000,8.712000,0.000000,0.852830
345,12.233333,6.966667,8.743333,0.000000,0.860214
346,12.233333,6.900000,8.716667,0.000000,0.841485
347,12.233333,7.066667,8.741333,0.000000,0.877324
348,12.233333,6.966667,8.746000,0.000000,0.840636
349,12.233333,6.933333,8.747333,0.000000,0.865477
350,12.233333,7.033333,8.768667,0.000000,0.844029
351,12.233333,6.966667,8.748000,0.000000,0.861332
352,12.233333,6.900000,8.716000,0.000000,0.851641
353,12.233333,6.866667,8.729333,0.000000,0.860436
354,12.233333,7.000000,8.730667,0.000000,0.842070
355,12.233333,7.033333,8.714000,0.000000,0.837935
356,12.233333,6.933333,8.706667,0.000000,0.864469
357,12.233333,7.033333,8.728000,0.000000,0.844251
358,12.266667,6.933333,8.752667,0.000000,0.864645
359,12.266667,7.000000,8.718667,0.000000,0.858171
360,12.300000,6.933333,8.741333,0.000000,0.841401
361,12.300000,6.966667,8.745333,0.000000,0.902846
362,12.300000,6.966667,8.721333,0.000000,0.871821
363,12.300000,6.933333,8.724667,0.000000,0.872491
364,12.300000,7.033333,8.748667,0.000000,0.865175
365,12.300000,7.033333,8.724000,0.000000,0.842657
366,12.300000,7.000000,8.741333,0.000000,0.882703
367,12.300000,7.000000,8.725333,0.000000,0.849570
368,12.300000,7.000000,8.730667,0.000000,0.828851
369,12.300000,7.033333,8.754000,0.000000,0.858392
370,12.300000,7.000000,8.712000,0.000000,0.871795
371,12.300000,6.966667,8.759333,0.000000,0.847140
372,12.300000,6.966667,8.768667,0.000000,0.872829
373,12.300000,6.966667,8.738000,0.000000,0.851593
374,12.300000,6.966667,8.742000,0.000000,0.859614
375,12.333333,6.966667,8.728000,0.000000,0.862574
376,12.333333,6.966667,8.738000,0.000000,0.836554
377,12.333333,6.966667,8.742667,0.000000,0.874998
378,12.333333,6.900000,8.700667,0.000000,0.883034
379,12.333333,6.966667,8.765333,0.000000,0.883218
380,12.333333,6.900000,8.736667,0.000000,0.861391
381,12.333333,7.033333,8.759333,0.000000,0.855240
382,12.333333,7.066667,8.722667,0.000000,0.836750
383,12.333333,7.000000,8.755333,0.000000,0.868749
384,12.333333,6.966667,8.710000,0.000000,0.877807
385,12.333333,7.000000,8.746667,0.000000,0.840143
386,12.333333,6.933333,8.746667,0.000000,0.862833
387,12.333333,7.000000,8.733333,0.000000,0.843387
388,12.333333,6.966667,8.722000,0.000000,0.860672
389,12.333333,6.966667,8.719333,0.000000,0.840119
390,12.333333,6.933333,8.739333,0.000000,0.860368
391,12.333333,6.933333,8.745333,0.000000,0.865942
392,12.333333,7.100000,8.705333,0.000000,0.856547
393,12.333333,7.033333,8.710000,0.000000,0.857646
394,12.333333,6.933333,8.706667,0.000000,0.844413
395,12.333333,6.933333,8.693333,0.000000,0.821864
396,12.333333,6.966667,8.748667,0.000000,0.863810
397,12.333333,7.000000,8.740000,0.000000,0.863023
398,12.333333,6.933333,8.697333,0.000000,0.844267
399,12.333333,7.166667,8.743333,0.000000,0.847887
400,12.333333,7.000000,8.710667,0.000000,0.857057
401,12.333333,7.000000,8.728000,0.000000,0.886329
402,12.333333,6.866667,8.726000,0.000000,0.890121
403,12.333333,6.933333,8.719333,0.000000,0.824658
404,12.333333,6.933333,8.733333,0.000000,0.861061
405,12.333333,6.866667,8.716000,0.000000,0.831147
406,12.333333,6.966667,8.718000,0.000000,0.846850
407,12.333333,6.866667,8.728667,0.000000,0.860608
408,12.333333,6.966667,8.723333,0.000000,0.883808
409,12.333333,6.833333,8.724000,0.000000,0.872336
410,12.333333,6.933333,8.729333,0.000000,0.867490
411,12.333333,6.900000,8.730667,0.000000,0.858838
412,12.333333,6.900000,8.734667,0.000000,0.903792
413,12.333333,6.933333,8.716667,0.000000,0.852522
414,12.333333,7.033333,8.755333,0.000000,0.861210
415,12.333333,7.033333,8.772000,0.000000,0.843702
416,12.333333,7.066667,8.736667,0.000000,0.844970
417,12.333333,6.966667,8.738000,0.000000,0.861103
418,12.333333,6.966667,8.746667,0.000000,0.876453
419,12.333333,7.000000,8.725333,0.000000,0.856149
420,12.333333,6.900000,8.752667,0.000000,0.865502
421,12.333333,6.966667,8.730000,0.000000,0.858090
422,12.333333,6.933333,8.727333,0.000000,0.877816
423,12.333333,7.033333,8.752667,0.000000,0.883452
424,12.333333,7.033333,8.771333,0.000000,0.868142
425,12.333333,6.933333,8.766000,0.000000,0.861680
426,12.333333,7.033333,8.734000,0.000000,0.859948
427,12.333333,7.033333,8.732667,0.000000,0.841583
428,12.333333,7.000000,8.718667,0.000000,0.870535
429,12.333333,7.066667,8.714000,0.000000,0.884464
430,12.333333,7.033333,8.690667,0.000000,0.836544
431,12.333333,7.000000,8.686000,0.000000,0.842135
432,12.333333,7.000000,8.752667,0.000000,0.859758
433,12.333333,7.033333,8.719333,0.000000,0.832969
434,12.333333,7.066667,8.745333,0.000000,0.845023
435,12.333333,7.000000,8.712000,0.000000,0.890046
436,12.333333,7.033333,8.756000,0.000000,0.858997
437,12.333333,6.900000,8.697333,0.000000,0.872280
438,12.333333,6.966667,8.754000,0.000000,0.870726
439,12.333333,7.033333,8.772000,0.000000,0.840645
440,12.333333,6.966667,8.742000,0.000000,0.862698
441,12.333333,7.033333,8.723333,0.000000,0.868552
442,12.333333,6.966667,8.731333,0.000000,0.877529
443,12.333333,7.066667,8.725333,0.000000,0.853138
444,12.333333,6.966667,8.714667,0.000000,0.869357
445,12.333333,7.133333,8.746000,0.000000,0.859715
446,12.333333,6.900000,8.747333,0.000000,0.875757
447,12.333333,7.033333,8.760667,0.000000,0.844405
448,12.333333,6.966667,8.712000,0.000000,0.855306
449,12.333333,6.966667,8.716667,0.000000,0.882138
450,12.333333,7.000000,8.752667,0.000000,0.855605
451,12.333333,7.000000,8.744667,0.000000,0.849343
452,12.333333,7.033333,8.715333,0.000000,0.844242
453,12.366667,7.066667,8.716000,0.000000,0.857719
454,12.366667,6.966667,8.724000,0.000000,0.857236
455,12.366667,6.900000,8.768667,0.000000,0.905613
456,12.366667,7.100000,8.765333,0.000000,0.870602
457,12.366667,7.033333,8.759333,0.000000,0.859635
458,12.366667,7.033333,8.754000,0.000000,0.862240
459,12.366667,6.966667,8.743333,0.000000,0.864924
460,12.366667,7.033333,8.719333,0.000000,0.825120
461,12.366667,7.000000,8.712000,0.000000,0.842696
462,12.366667,7.000000,8.758000,0.000000,0.865716
463,12.366667,6.866667,8.718667,0.000000,0.867063
464,12.366667,6.966667,8.705333,0.000000,0.845964
465,12.366667,7.000000,8.716667,0.000000,0.896933
466,12.366667,6.966667,8.761333,0.000000,0.880175
467,12.366667,7.000000,8.724000,0.000000,0.843241
468,12.366667,6.966667,8.724000,0.000000,0.842880
469,12.366667,6.966667,8.716000,0.000000,0.844515
470,12.366667,6.933333,8.732000,0.000000,0.875717
471,12.366667,6.866667,8.694667,0.000000,0.866251
472,12.366667,6.966667,8.724667,0.000000,0.871383
473,12.366667,7.000000,8.714667,0.000000,0.859703
474,12.366667,6.933333,8.752667,0.000000,0.871248
475,12.366667,7.033333,8.720667,0.000000,0.872130
476,12.366667,7.033333,8.731333,0.000000,0.874484
477,12.366667,6.933333,8.749333,0.000000,0.889838
478,12.366667,6.833333,8.722000,0.000000,0.865889
479,12.366667,7.066667,8.754000,0.000000,0.865874
480,12.366667,6.966667,8.727333,0.000000,0.875084
481,12.366667,6.966667,8.738000,0.000000,0.848442
482,12.366667,6.966667,8.688667,0.000000,0.868412
483,12.366667,6.966667,8.764667,0.000000,0.871741
484,12.366667,7.000000,8.758000,0.000000,0.860907
485,12.366667,6.966667,8.726667,0.000000,0.853714
486,12.366667,7.000000,8.712000,0.000000,0.867304
487,12.366667,6.966667,8.742667,0.000000,0.869565
488,12.366667,7.066667,8.740667,0.000000,0.859367
489,12.366667,6.966667,8.764667,0.000000,0.865027
490,12.366667,7.000000,8.740000,0.000000,0.875198
491,12.366667,7.133333,8.722000,0.000000,0.825301
492,12.366667,6.966667,8.753333,0.000000,0.867619
493,12.366667,7.000000,8.754000,0.000000,0.861565
494,12.366667,6.933333,8.739333,0.000000,0.858906
495,12.366667,7.000000,8.731333,0.000000,0.858082
496,12.366667,7.033333,8.725333,0.000000,0.869067
497,12.366667,7.100000,8.744667,0.000000,0.863659
498,12.366667,6.933333,8.780000,0.000000,0.851053
499,12.366667,7.000000,8.733333,0.000000,0.864590
500,12.366667,6.966667,8.742000,0.000000,0.895182
BestSdev: 0.211210, Time: 10m0.718703204s