gen,best,worst,mean,rep,sdev
1,10.366667,7.266667,8.680000,0.000000,0.844911
2,10.666667,7.300000,8.778333,0.000000,0.834469
3,10.733333,7.266667,8.801667,0.000000,0.816621
4,10.866667,7.300000,8.720000,0.000000,0.833166
5,10.966667,7.266667,8.720000,0.000000,0.822363
6,11.000000,7.233333,8.780000,0.000000,0.851282
7,11.100000,7.300000,8.773333,0.000000,0.891289
8,11.133333,7.233333,8.740000,0.000000,0.847665
9,11.133333,7.333333,8.708333,0.000000,0.833510
10,11.133333,7.100000,8.730000,0.000000,0.859169
11,11.166667,7.266667,8.735000,0.000000,0.815615
12,11.233333,7.233333,8.760000,0.000000,0.866312
13,11.266667,7.300000,8.786667,0.000000,0.871642
14,11.266667,7.200000,8.675000,0.000000,0.824532
15,11.266667,7.433333,8.698333,0.000000,0.778395
16,11.266667,7.300000,8.723333,0.000000,0.835207
17,11.266667,7.266667,8.691667,0.000000,0.807396
18,11.266667,7.400000,8.768333,0.000000,0.825507
19,11.266667,7.500000,8.728333,0.000000,0.797552
20,11.333333,7.200000,8.731667,0.000000,0.832536
21,11.333333,7.366667,8.760000,0.000000,0.796433
22,11.333333,7.200000,8.723333,0.000000,0.825101
23,11.366667,7.233333,8.743333,0.000000,0.842970
24,11.400000,7.200000,8.715000,0.000000,0.847003
25,11.400000,7.166667,8.801667,0.000000,0.886519
26,11.400000,7.233333,8.723333,0.000000,0.835313
27,11.400000,7.300000,8.731667,0.000000,0.815487
28,11.400000,7.233333,8.743333,0.000000,0.845147
29,11.400000,7.233333,8.708333,0.000000,0.845304
30,11.433333,7.333333,8.746667,0.000000,0.821672
31,11.433333,7.133333,8.691667,0.000000,0.867466
32,11.466667,7.333333,8.760000,0.000000,0.841487
33,11.500000,7.233333,8.705000,0.000000,0.827438
34,11.500000,7.333333,8.715000,0.000000,0.826588
35,11.500000,7.133333,8.723333,0.000000,0.884935
36,11.500000,7.166667,8.705000,0.000000,0.867020
37,11.500000,7.066667,8.738333,0.000000,0.910789
38,11.566667,7.100000,8.681667,0.000000,0.862446
39,11.566667,7.300000,8.686667,0.000000,0.802806
40,11.566667,7.333333,8.726667,0.000000,0.840906
41,11.566667,7.266667,8.651667,0.000000,0.823429
42,11.566667,7.366667,8.735000,0.000000,0.814125
43,11.566667,7.133333,8.656667,0.000000,0.851759
44,11.566667,7.300000,8.696667,0.000000,0.826586
45,11.600000,7.233333,8.713333,0.000000,0.823258
46,11.600000,7.233333,8.751667,0.000000,0.850417
47,11.600000,7.266667,8.758333,0.000000,0.836852
48,11.600000,7.100000,8.718333,0.000000,0.885877
49,11.600000,7.200000,8.751667,0.000000,0.840457
50,11.600000,7.300000,8.738333,0.000000,0.886905
51,11.600000,7.433333,8.746667,0.000000,0.792170
52,11.633333,7.433333,8.721667,0.000000,0.836954
53,11.666667,7.133333,8.743333,0.000000,0.879434
54,11.700000,7.366667,8.801667,0.000000,0.849921
55,11.700000,7.233333,8.788333,0.000000,0.848313
56,11.700000,7.233333,8.716667,0.000000,0.823821
57,11.700000,7.233333,8.696667,0.000000,0.808544
58,11.733333,7.366667,8.800000,0.000000,0.834719
59,11.766667,7.366667,8.763333,0.000000,0.845165
60,11.766667,7.400000,8.771667,0.000000,0.884160
61,11.766667,7.333333,8.763333,0.000000,0.845133
62,11.766667,7.400000,8.750000,0.000000,0.812350
63,11.766667,7.166667,8.701667,0.000000,0.825599
64,11.800000,7.166667,8.758333,0.000000,0.881104
65,11.800000,7.200000,8.691667,0.000000,0.808277
66,11.800000,7.233333,8.768333,0.000000,0.862366
67,11.800000,7.300000,8.731667,0.000000,0.821282
68,11.833333,7.166667,8.695000,0.000000,0.837653
69,11.866667,7.300000,8.800000,0.000000,0.872274
70,11.866667,7.300000,8.673333,0.000000,0.804375
71,11.900000,7.266667,8.755000,0.000000,0.841452
72,11.900000,7.300000,8.750000,0.000000,0.827422
73,11.900000,7.366667,8.701667,0.000000,0.799354
74,11.900000,7.233333,8.690000,0.000000,0.855571
75,11.900000,7.233333,8.711667,0.000000,0.837540
76,11.900000,7.100000,8.688333,0.000000,0.864202
77,11.900000,7.400000,8.716667,0.000000,0.831296
78,11.900000,7.300000,8.720000,0.000000,0.843096
79,11.900000,7.300000,8.718333,0.000000,0.837984
80,11.933333,7.166667,8.741667,0.000000,0.860741
81,11.933333,7.200000,8.696667,0.000000,0.831523
82,11.933333,7.233333,8.771667,0.000000,0.850379
83,11.933333,7.166667,8.743333,0.000000,0.835319
84,11.933333,7.333333,8.681667,0.000000,0.801292
85,11.933333,7.300000,8.746667,0.000000,0.854990
86,11.933333,7.300000,8.708333,0.000000,0.843064
87,11.933333,7.333333,8.755000,0.000000,0.870075
88,11.966667,7.300000,8.706667,0.000000,0.862544
89,11.966667,7.133333,8.733333,0.000000,0.843765
90,11.966667,7.266667,8.756667,0.000000,0.837027
91,11.966667,7.266667,8.745000,0.000000,0.871863
92,11.966667,7.233333,8.803333,0.000000,0.861837
93,11.966667,7.166667,8.761667,0.000000,0.897511
94,11.966667,7.266667,8.746667,0.000000,0.839375
95,11.966667,7.300000,8.716667,0.000000,0.805965
96,11.966667,7.333333,8.770000,0.000000,0.835085
97,11.966667,7.333333,8.711667,0.000000,0.851383
98,11.966667,7.200000,8.713333,0.000000,0.856307
99,11.966667,7.266667,8.763333,0.000000,0.813924
100,11.966667,7.333333,8.721667,0.000000,0.855319
101,11.966667,7.233333,8.758333,0.000000,0.829110
102,11.966667,7.233333,8.728333,0.000000,0.876287
103,11.966667,7.300000,8.786667,0.000000,0.828319
104,11.966667,7.133333,8.688333,0.000000,0.807091
105,11.966667,7.266667,8.708333,0.000000,0.873360
106,11.966667,7.300000,8.745000,0.000000,0.831109
107,11.966667,7.266667,8.696667,0.000000,0.854497
108,11.966667,7.266667,8.726667,0.000000,0.832805
109,11.966667,7.166667,8.766667,0.000000,0.855620
110,11.966667,7.333333,8.678333,0.000000,0.830741
111,11.966667,7.400000,8.753333,0.000000,0.816892
112,11.966667,7.266667,8.668333,0.000000,0.841916
113,11.966667,7.366667,8.773333,0.000000,0.852994
114,11.966667,7.266667,8.695000,0.000000,0.846549
115,11.966667,7.400000,8.735000,0.000000,0.818804
116,11.966667,7.300000,8.775000,0.000000,0.872184
117,11.966667,7.466667,8.726667,0.000000,0.794101
118,11.966667,7.300000,8.728333,0.000000,0.846839
119,11.966667,7.233333,8.773333,0.000000,0.825068
120,11.966667,7.233333,8.703333,0.000000,0.824499
121,11.966667,7.233333,8.720000,0.000000,0.805018
122,11.966667,7.233333,8.716667,0.000000,0.825735
123,11.966667,7.200000,8.708333,0.000000,0.854404
124,11.966667,7.200000,8.786667,0.000000,0.924416
125,11.966667,7.200000,8.796667,0.000000,0.886228
126,11.966667,7.200000,8.711667,0.000000,0.877626
127,11.966667,7.266667,8.796667,0.000000,0.860275
128,11.966667,7.366667,8.703333,0.000000,0.809914
129,11.966667,7.266667,8.790000,0.000000,0.856091
130,11.966667,7.333333,8.718333,0.000000,0.848834
131,11.966667,7.366667,8.710000,0.000000,0.822953
132,11.966667,7.200000,8.643333,0.000000,0.842201
133,11.966667,7.266667,8.748333,0.000000,0.831369
134,11.966667,7.333333,8.740000,0.000000,0.808050
135,11.966667,7.233333,8.743333,0.000000,0.856930
136,11.966667,7.233333,8.778333,0.000000,0.894601
137,11.966667,7.433333,8.803333,0.000000,0.790015
138,11.966667,7.266667,8.715000,0.000000,0.817887
139,11.966667,7.333333,8.776667,0.000000,0.868046
140,11.966667,7.300000,8.693333,0.000000,0.810702
141,11.966667,7.200000,8.758333,0.000000,0.860024
142,11.966667,7.266667,8.791667,0.000000,0.859993
143,11.966667,7.233333,8.728333,0.000000,0.841653
144,11.966667,7.333333,8.776667,0.000000,0.824625
145,11.966667,7.333333,8.755000,0.000000,0.841811
146,11.966667,7.166667,8.726667,0.000000,0.866550
147,11.966667,7.333333,8.771667,0.000000,0.818874
148,11.966667,7.166667,8.766667,0.000000,0.818094
149,11.966667,7.433333,8.788333,0.000000,0.827465
150,11.966667,7.300000,8.698333,0.000000,0.797219
151,11.966667,7.300000,8.795000,0.000000,0.841097
152,11.966667,7.200000,8.741667,0.000000,0.869963
153,11.966667,7.300000,8.785000,0.000000,0.854639
154,11.966667,7.333333,8.773333,0.000000,0.844141
155,11.966667,7.200000,8.741667,0.000000,0.855374
156,11.966667,7.166667,8.715000,0.000000,0.832650
157,11.966667,7.233333,8.745000,0.000000,0.805506
158,11.966667,7.233333,8.780000,0.000000,0.864935
159,11.966667,7.366667,8.806667,0.000000,0.850281
160,11.966667,7.333333,8.760000,0.000000,0.867899
161,11.966667,7.233333,8.731667,0.000000,0.856892
162,11.966667,7.033333,8.733333,0.000000,0.861862
163,11.966667,7.200000,8.756667,0.000000,0.830025
164,11.966667,7.200000,8.743333,0.000000,0.834403
165,11.966667,7.433333,8.741667,0.000000,0.826792
166,11.966667,7.233333,8.703333,0.000000,0.825099
167,11.966667,7.300000,8.735000,0.000000,0.839770
168,11.966667,7.433333,8.750000,0.000000,0.797555
169,11.966667,7.300000,8.715000,0.000000,0.845112
170,11.966667,7.333333,8.743333,0.000000,0.835436
171,11.966667,7.133333,8.701667,0.000000,0.854587
172,11.966667,7.233333,8.716667,0.000000,0.881499
173,11.966667,7.166667,8.741667,0.000000,0.821304
174,11.966667,7.333333,8.740000,0.000000,0.842816
175,11.966667,7.200000,8.685000,0.000000,0.831104
176,11.966667,7.200000,8.695000,0.000000,0.854067
177,12.000000,7.166667,8.753333,0.000000,0.865606
178,12.000000,7.366667,8.710000,0.000000,0.749532
179,12.000000,7.300000,8.763333,0.000000,0.812434
180,12.000000,7.333333,8.740000,0.000000,0.808291
181,12.000000,7.066667,8.668333,0.000000,0.878271
182,12.000000,7.233333,8.818333,0.000000,0.869928
183,12.000000,7.200000,8.748333,0.000000,0.854101
184,12.000000,7.233333,8.725000,0.000000,0.839589
185,12.000000,7.300000,8.726667,0.000000,0.832109
186,12.000000,7.200000,8.728333,0.000000,0.854103
187,12.000000,7.333333,8.720000,0.000000,0.807477
188,12.000000,7.400000,8.736667,0.000000,0.811765
189,12.000000,7.233333,8.656667,0.000000,0.800914
190,12.000000,7.166667,8.731667,0.000000,0.844791
191,12.000000,7.400000,8.748333,0.000000,0.800764
192,12.000000,7.233333,8.783333,0.000000,0.858966
193,12.000000,7.166667,8.725000,0.000000,0.880046
194,12.000000,7.300000,8.733333,0.000000,0.871621
195,12.000000,7.266667,8.716667,0.000000,0.824365
196,12.000000,7.133333,8.738333,0.000000,0.854564
197,12.000000,7.166667,8.773333,0.000000,0.864451
198,12.000000,7.233333,8.771667,0.000000,0.845123
199,12.000000,7.233333,8.718333,0.000000,0.819925
200,12.000000,7.100000,8.733333,0.000000,0.832199
BestSdev: 0.302001, Time: 1m48.131771858s