gen,best,worst,mean,rep,sdev
1,10.333333,7.100000,8.673333,0.000000,0.854074
2,10.566667,7.300000,8.718333,0.000000,0.837653
3,10.766667,7.200000,8.763333,0.000000,0.856938
4,10.866667,7.266667,8.750000,0.000000,0.823117
5,10.966667,7.200000,8.725000,0.000000,0.885179
6,11.033333,7.300000,8.765000,0.000000,0.823402
7,11.066667,7.300000,8.735000,0.000000,0.803349
8,11.100000,7.233333,8.670000,0.000000,0.852393
9,11.100000,7.333333,8.763333,0.000000,0.791807
10,11.166667,7.233333,8.723333,0.000000,0.864685
11,11.166667,7.333333,8.671667,0.000000,0.852328
12,11.166667,7.166667,8.635000,0.000000,0.843895
13,11.166667,7.200000,8.695000,0.000000,0.843980
14,11.166667,7.233333,8.766667,0.000000,0.841195
15,11.266667,7.133333,8.713333,0.000000,0.822259
16,11.266667,7.300000,8.778333,0.000000,0.821450
17,11.266667,7.033333,8.768333,0.000000,0.843823
18,11.266667,7.166667,8.625000,0.000000,0.822969
19,11.266667,7.300000,8.763333,0.000000,0.841735
20,11.333333,7.233333,8.685000,0.000000,0.875011
BestSdev: 0.250217, Time: 11.328300479s