gen,best,worst,mean,rep,sdev
1,11.400000,6.533333,8.743667,0.000000,0.882337
2,11.533333,6.700000,8.731200,0.000000,0.857344
3,11.633333,6.666667,8.726067,0.000000,0.862818
4,11.833333,6.466667,8.738267,0.000000,0.871217
5,11.966667,6.566667,8.737733,0.033333,0.855543
6,12.066667,6.466667,8.727067,0.000000,0.873689
7,12.066667,6.633333,8.737867,0.000000,0.862047
8,12.133333,6.566667,8.729467,0.000000,0.866818
9,12.133333,6.666667,8.740933,0.000000,0.861521
10,12.166667,6.633333,8.729867,0.000000,0.872506
11,12.200000,6.566667,8.735400,0.000000,0.865663
12,12.200000,6.466667,8.726000,0.000000,0.873050
13,12.233333,6.533333,8.717067,0.000000,0.868118
14,12.233333,6.600000,8.723667,0.000000,0.868041
15,12.266667,6.700000,8.739933,0.033333,0.868995
16,12.266667,6.633333,8.719200,0.000000,0.863224
17,12.266667,6.566667,8.739400,0.000000,0.876220
18,12.266667,6.666667,8.732533,0.000000,0.876374
19,12.300000,6.633333,8.734533,0.033333,0.870556
20,12.300000,6.633333,8.724133,0.000000,0.876342
21,12.300000,6.466667,8.732400,0.000000,0.878910
22,12.300000,6.633333,8.734333,0.000000,0.863894
23,12.300000,6.566667,8.729800,0.000000,0.869542
24,12.300000,6.666667,8.729267,0.000000,0.861479
25,12.300000,6.500000,8.733667,0.000000,0.883515
26,12.300000,6.700000,8.727533,0.000000,0.871191
27,12.366667,6.600000,8.738867,0.000000,0.876815
28,12.366667,6.700000,8.725867,0.000000,0.867303
29,12.366667,6.700000,8.726667,0.000000,0.861014
30,12.433333,6.400000,8.731600,0.000000,0.871566
31,12.466667,6.600000,8.735667,0.000000,0.869101
32,12.466667,6.666667,8.737000,0.000000,0.870774
33,12.466667,6.633333,8.731600,0.000000,0.867092
34,12.466667,6.466667,8.736733,0.000000,0.872548
35,12.466667,6.766667,8.729800,0.000000,0.863606
36,12.466667,6.533333,8.728467,0.000000,0.877714
37,12.466667,6.566667,8.743067,0.033333,0.880555
38,12.466667,6.533333,8.727267,0.000000,0.870145
39,12.466667,6.566667,8.741333,0.000000,0.880950
40,12.500000,6.633333,8.726467,0.000000,0.859965
41,12.500000,6.433333,8.738467,0.000000,0.869332
42,12.500000,6.633333,8.723133,0.000000,0.867636
43,12.500000,6.900000,8.733400,0.000000,0.858696
44,12.533333,6.533333,8.734533,0.000000,0.883224
45,12.533333,6.566667,8.718267,0.000000,0.871680
46,12.533333,6.533333,8.733733,0.033333,0.874033
47,12.533333,6.566667,8.723667,0.000000,0.870868
48,12.533333,6.466667,8.745133,0.000000,0.876538
49,12.533333,6.500000,8.727733,0.000000,0.873693
50,12.533333,6.466667,8.725533,0.000000,0.873042
51,12.533333,6.666667,8.730600,0.000000,0.870553
52,12.533333,6.533333,8.736733,0.000000,0.870289
53,12.533333,6.466667,8.733867,0.000000,0.878615
54,12.533333,6.533333,8.733667,0.000000,0.871590
55,12.566667,6.533333,8.733800,0.000000,0.874066
56,12.600000,6.600000,8.732467,0.000000,0.876494
57,12.600000,6.500000,8.729267,0.000000,0.875098
58,12.600000,6.433333,8.731733,0.000000,0.872047
59,12.633333,6.500000,8.717200,0.000000,0.870382
60,12.633333,6.566667,8.734067,0.000000,0.875994
61,12.666667,6.733333,8.731333,0.000000,0.873092
62,12.666667,6.600000,8.735000,0.000000,0.874877
63,12.666667,6.800000,8.736200,0.000000,0.872158
64,12.666667,6.633333,8.739400,0.000000,0.873049
65,12.666667,6.466667,8.729400,0.000000,0.869075
66,12.700000,6.500000,8.718733,0.000000,0.879045
67,12.733333,6.566667,8.728733,0.000000,0.872351
68,12.733333,6.533333,8.736733,0.000000,0.878973
69,12.733333,6.633333,8.746267,0.000000,0.862376
70,12.733333,6.400000,8.737667,0.000000,0.879205
71,12.733333,6.600000,8.731867,0.000000,0.866310
72,12.733333,6.600000,8.730333,0.000000,0.865239
73,12.733333,6.500000,8.725200,0.000000,0.872581
74,12.733333,6.600000,8.736133,0.000000,0.876742
75,12.733333,6.566667,8.728400,0.000000,0.879329
76,12.733333,6.700000,8.727067,0.000000,0.861455
77,12.733333,6.533333,8.745000,0.000000,0.871382
78,12.733333,6.566667,8.730600,0.000000,0.877636
79,12.733333,6.600000,8.752467,0.000000,0.868914
80,12.733333,6.666667,8.745400,0.000000,0.874156
81,12.733333,6.600000,8.734667,0.000000,0.866834
82,12.733333,6.533333,8.736067,0.000000,0.864649
83,12.766667,6.666667,8.726667,0.000000,0.874970
84,12.766667,6.466667,8.726867,0.000000,0.870973
85,12.766667,6.466667,8.728600,0.000000,0.866964
86,12.766667,6.700000,8.735400,0.000000,0.870072
87,12.766667,6.500000,8.729333,0.000000,0.883621
88,12.766667,6.500000,8.736533,0.000000,0.868267
89,12.766667,6.566667,8.744200,0.066667,0.871872
90,12.766667,6.533333,8.729933,0.000000,0.868626
91,12.766667,6.566667,8.732067,0.000000,0.871864
92,12.766667,6.566667,8.732533,0.000000,0.876980
93,12.766667,6.500000,8.735200,0.000000,0.872187
94,12.766667,6.466667,8.729400,0.000000,0.871196
95,12.766667,6.566667,8.738467,0.000000,0.866345
96,12.766667,6.766667,8.729933,0.000000,0.862321
97,12.766667,6.533333,8.737400,0.033333,0.872630
98,12.766667,6.533333,8.747200,0.000000,0.887253
99,12.766667,6.500000,8.735067,0.000000,0.875402
100,12.766667,6.700000,8.734333,0.000000,0.872564
BestSdev: 0.277848, Time: 19m58.212444741s