gen,best,worst,mean,rep,sdev
1,10.800000,7.066667,8.755333,0.000000,0.863021
2,10.966667,7.033333,8.778000,0.000000,0.859854
3,11.066667,7.000000,8.722667,0.000000,0.856454
4,11.133333,7.033333,8.770000,0.000000,0.844607
5,11.166667,6.900000,8.762000,0.000000,0.873466
6,11.233333,6.966667,8.714667,0.000000,0.840613
7,11.300000,7.000000,8.728000,0.000000,0.841875
8,11.333333,7.000000,8.748667,0.000000,0.877691
9,11.400000,6.966667,8.731333,0.000000,0.865839
10,11.433333,7.100000,8.724000,0.000000,0.861051
11,11.466667,6.933333,8.746000,0.000000,0.903293
12,11.466667,6.966667,8.733333,0.000000,0.871671
13,11.500000,6.933333,8.716667,0.000000,0.856465
14,11.533333,6.900000,8.724667,0.000000,0.884630
15,11.533333,7.000000,8.750000,0.000000,0.865279
16,11.566667,7.000000,8.715333,0.000000,0.862711
17,11.600000,6.933333,8.754667,0.000000,0.850084
18,11.600000,6.933333,8.713333,0.000000,0.892513
19,11.633333,6.966667,8.707333,0.000000,0.855582
20,11.633333,6.966667,8.714000,0.000000,0.849254
21,11.666667,7.000000,8.707333,0.000000,0.824867
22,11.700000,7.033333,8.729333,0.000000,0.867515
23,11.700000,7.000000,8.721333,0.000000,0.854262
24,11.700000,7.100000,8.732667,0.000000,0.866800
25,11.700000,7.000000,8.754000,0.000000,0.868513
26,11.733333,6.933333,8.711333,0.000000,0.853447
27,11.733333,7.000000,8.724667,0.000000,0.841739
28,11.733333,6.966667,8.746000,0.000000,0.873731
29,11.766667,6.966667,8.724667,0.000000,0.847508
30,11.766667,6.966667,8.700000,0.000000,0.859488
31,11.766667,6.900000,8.736667,0.000000,0.876507
32,11.766667,6.933333,8.708667,0.000000,0.847900
33,11.766667,6.966667,8.708667,0.000000,0.859627
34,11.766667,6.900000,8.700667,0.000000,0.830124
35,11.800000,6.900000,8.724667,0.000000,0.872457
36,11.800000,7.000000,8.763333,0.000000,0.867599
37,11.800000,7.033333,8.740667,0.000000,0.838724
38,11.800000,6.966667,8.750667,0.000000,0.834634
39,11.833333,6.966667,8.743333,0.000000,0.875014
40,11.866667,6.966667,8.734667,0.000000,0.852061
41,11.900000,6.966667,8.719333,0.000000,0.866408
42,11.900000,6.966667,8.750667,0.000000,0.874063
43,11.900000,6.966667,8.738667,0.000000,0.867277
44,11.900000,6.966667,8.767333,0.000000,0.869660
45,11.900000,6.966667,8.760667,0.000000,0.849314
46,11.900000,7.100000,8.754000,0.000000,0.840396
47,11.900000,7.033333,8.738000,0.000000,0.827695
48,11.900000,6.933333,8.718000,0.000000,0.868499
49,11.900000,6.933333,8.770000,0.000000,0.846389
50,11.900000,6.966667,8.690000,0.000000,0.862944
51,11.900000,6.966667,8.746667,0.000000,0.870482
52,11.900000,7.100000,8.748000,0.000000,0.875795
53,11.900000,7.000000,8.727333,0.000000,0.867369
54,11.900000,7.000000,8.714000,0.000000,0.848979
55,11.900000,7.000000,8.770667,0.000000,0.843924
56,11.900000,7.100000,8.742000,0.000000,0.858839
57,11.900000,7.000000,8.746667,0.000000,0.858943
58,11.900000,6.933333,8.711333,0.000000,0.862270
59,11.900000,6.966667,8.746667,0.000000,0.862376
60,11.900000,6.966667,8.731333,0.000000,0.816570
61,11.900000,7.100000,8.751333,0.000000,0.845126
62,11.900000,7.000000,8.718000,0.000000,0.846372
63,11.900000,6.966667,8.750000,0.000000,0.838596
64,11.966667,7.033333,8.740000,0.000000,0.855054
65,11.966667,6.966667,8.734667,0.000000,0.865343
66,11.966667,7.100000,8.738000,0.000000,0.830580
67,11.966667,6.966667,8.708000,0.000000,0.879533
68,11.966667,7.000000,8.750000,0.000000,0.860085
69,11.966667,7.000000,8.722000,0.000000,0.850206
70,12.000000,6.966667,8.736667,0.000000,0.856778
71,12.000000,7.000000,8.733333,0.000000,0.891636
72,12.000000,6.933333,8.700667,0.000000,0.844977
73,12.000000,6.966667,8.741333,0.000000,0.855628
74,12.000000,7.033333,8.737333,0.000000,0.888671
75,12.000000,6.866667,8.706000,0.000000,0.858875
76,12.000000,6.900000,8.743333,0.000000,0.876411
77,12.000000,7.133333,8.768000,0.000000,0.846450
78,12.033333,7.033333,8.715333,0.000000,0.838251
79,12.033333,6.933333,8.760667,0.000000,0.883734
80,12.033333,7.066667,8.705333,0.000000,0.832805
81,12.033333,6.900000,8.724000,0.000000,0.869170
82,12.033333,7.000000,8.762000,0.000000,0.873604
83,12.033333,6.966667,8.734667,0.000000,0.861203
84,12.033333,6.966667,8.718000,0.000000,0.861130
85,12.033333,6.966667,8.722000,0.000000,0.863455
86,12.033333,7.033333,8.769333,0.000000,0.856850
87,12.033333,7.033333,8.719333,0.000000,0.883797
88,12.066667,7.033333,8.727333,0.000000,0.835959
89,12.066667,6.966667,8.713333,0.000000,0.858798
90,12.066667,6.966667,8.745333,0.000000,0.832719
91,12.066667,7.033333,8.752667,0.000000,0.837781
92,12.066667,7.000000,8.745333,0.000000,0.856099
93,12.066667,6.933333,8.718667,0.000000,0.860090
94,12.066667,7.000000,8.750000,0.000000,0.876615
95,12.100000,6.966667,8.726000,0.000000,0.880944
96,12.100000,7.033333,8.734000,0.000000,0.845182
97,12.100000,7.000000,8.742000,0.000000,0.850469
98,12.100000,7.033333,8.717333,0.000000,0.834417
99,12.100000,6.933333,8.694667,0.000000,0.854050
100,12.100000,6.966667,8.717333,0.000000,0.852882
BestSdev: 0.267717, Time: 1m59.029789515s