gen,best,worst,mean,rep,sdev
1,10.366667,7.366667,8.750000,0.000000,0.815438
2,10.500000,7.266667,8.728333,0.000000,0.799904
3,10.600000,7.233333,8.638333,0.000000,0.828028
4,10.700000,7.133333,8.746667,0.000000,0.890046
5,10.800000,7.266667,8.745000,0.000000,0.839664
6,10.800000,7.200000,8.700000,0.000000,0.868944
7,10.833333,7.300000,8.746667,0.000000,0.826868
8,10.866667,7.133333,8.660000,0.000000,0.858462
9,10.900000,7.200000,8.681667,0.000000,0.797425
10,11.000000,7.200000,8.721667,0.000000,0.858521
11,11.133333,7.233333,8.755000,0.000000,0.837406
12,11.133333,7.266667,8.673333,0.000000,0.801593
13,11.133333,7.166667,8.731667,0.000000,0.863211
14,11.133333,7.266667,8.771667,0.000000,0.806349
15,11.233333,7.266667,8.688333,0.000000,0.855676
16,11.233333,7.200000,8.698333,0.000000,0.817332
17,11.300000,7.400000,8.748333,0.000000,0.825054
18,11.300000,7.433333,8.765000,0.000000,0.813924
19,11.300000,7.300000,8.698333,0.000000,0.843699
20,11.300000,7.300000,8.773333,0.000000,0.853770
21,11.366667,7.200000,8.706667,0.000000,0.854341
22,11.366667,7.366667,8.760000,0.000000,0.830884
23,11.366667,7.266667,8.761667,0.000000,0.852833
24,11.366667,7.200000,8.718333,0.000000,0.852927
25,11.400000,7.266667,8.738333,0.000000,0.847155
26,11.400000,7.233333,8.685000,0.000000,0.828687
27,11.433333,7.266667,8.753333,0.000000,0.808874
28,11.433333,7.333333,8.710000,0.000000,0.835041
29,11.433333,7.233333,8.791667,0.000000,0.851497
30,11.433333,7.300000,8.778333,0.000000,0.829749
31,11.433333,7.366667,8.758333,0.000000,0.810318
32,11.500000,7.233333,8.755000,0.000000,0.844823
33,11.533333,7.233333,8.696667,0.000000,0.856068
34,11.533333,7.233333,8.715000,0.000000,0.870981
35,11.566667,7.333333,8.723333,0.000000,0.831984
36,11.566667,7.133333,8.680000,0.000000,0.852938
37,11.600000,7.233333,8.721667,0.000000,0.844874
38,11.633333,7.200000,8.770000,0.000000,0.840931
39,11.633333,7.400000,8.745000,0.000000,0.791422
40,11.633333,7.033333,8.760000,0.000000,0.878470
41,11.633333,7.200000,8.691667,0.000000,0.843524
42,11.633333,7.366667,8.708333,0.000000,0.841616
43,11.633333,7.366667,8.771667,0.000000,0.806305
44,11.666667,7.133333,8.700000,0.000000,0.810720
45,11.700000,7.266667,8.710000,0.000000,0.842352
46,11.700000,7.266667,8.698333,0.000000,0.820951
47,11.700000,7.266667,8.745000,0.000000,0.826869
48,11.700000,7.433333,8.731667,0.000000,0.817553
49,11.700000,7.233333,8.718333,0.000000,0.821253
50,11.700000,7.166667,8.710000,0.000000,0.816233
51,11.700000,7.266667,8.675000,0.000000,0.820549
52,11.700000,7.166667,8.710000,0.000000,0.859978
53,11.700000,7.266667,8.713333,0.000000,0.847895
54,11.700000,7.200000,8.701667,0.000000,0.821811
55,11.700000,7.366667,8.780000,0.000000,0.841592
56,11.700000,7.300000,8.746667,0.000000,0.871579
57,11.766667,7.166667,8.770000,0.000000,0.845731
58,11.766667,7.266667,8.705000,0.000000,0.880451
59,11.766667,7.266667,8.720000,0.000000,0.774811
60,11.766667,7.300000,8.728333,0.000000,0.816531
61,11.766667,7.200000,8.710000,0.000000,0.850532
62,11.766667,7.200000,8.756667,0.000000,0.855145
63,11.766667,7.266667,8.815000,0.000000,0.833866
64,11.766667,7.233333,8.765000,0.000000,0.849013
65,11.766667,7.266667,8.683333,0.000000,0.801002
66,11.766667,7.166667,8.746667,0.000000,0.870655
67,11.766667,7.333333,8.776667,0.000000,0.848390
68,11.766667,7.166667,8.728333,0.000000,0.897516
69,11.800000,7.266667,8.733333,0.000000,0.840605
70,11.800000,7.366667,8.738333,0.000000,0.834403
71,11.800000,7.333333,8.708333,0.000000,0.809720
72,11.800000,7.066667,8.665000,0.000000,0.882281
73,11.800000,7.233333,8.690000,0.000000,0.817806
74,11.800000,7.266667,8.765000,0.000000,0.813622
75,11.800000,7.200000,8.646667,0.000000,0.866596
76,11.800000,7.333333,8.743333,0.000000,0.830710
77,11.800000,7.366667,8.793333,0.000000,0.863132
78,11.800000,7.333333,8.751667,0.000000,0.833838
79,11.800000,7.300000,8.736667,0.000000,0.812677
80,11.800000,7.266667,8.728333,0.000000,0.861614
81,11.800000,7.200000,8.750000,0.000000,0.828712
82,11.800000,7.333333,8.778333,0.000000,0.853928
83,11.833333,7.300000,8.660000,0.000000,0.824198
84,11.866667,7.300000,8.750000,0.000000,0.824554
85,11.866667,7.333333,8.733333,0.000000,0.832292
86,11.866667,7.066667,8.696667,0.000000,0.870204
87,11.866667,7.300000,8.733333,0.000000,0.847583
88,11.900000,7.300000,8.776667,0.000000,0.866185
89,11.900000,7.266667,8.720000,0.000000,0.836171
90,11.900000,7.333333,8.760000,0.000000,0.826053
91,11.900000,7.333333,8.736667,0.000000,0.815750
92,11.900000,7.366667,8.748333,0.000000,0.831625
93,11.933333,7.400000,8.793333,0.000000,0.850382
94,11.933333,7.100000,8.683333,0.000000,0.816687
95,11.933333,7.233333,8.720000,0.000000,0.858339
96,11.933333,7.133333,8.745000,0.000000,0.877208
97,11.933333,7.266667,8.810000,0.000000,0.879415
98,11.933333,7.466667,8.753333,0.000000,0.801512
99,11.933333,7.266667,8.731667,0.000000,0.870093
100,11.933333,7.233333,8.768333,0.000000,0.844845
101,11.933333,7.266667,8.713333,0.000000,0.829577
102,11.933333,7.333333,8.720000,0.000000,0.809932
103,11.933333,7.266667,8.690000,0.000000,0.842628
104,11.933333,7.333333,8.750000,0.000000,0.821196
105,11.966667,7.300000,8.760000,0.000000,0.847848
106,11.966667,7.333333,8.795000,0.000000,0.822169
107,11.966667,7.266667,8.720000,0.000000,0.813677
108,12.000000,7.233333,8.768333,0.000000,0.877545
109,12.000000,7.333333,8.751667,0.000000,0.834193
110,12.000000,7.333333,8.750000,0.000000,0.818706
111,12.000000,7.233333,8.700000,0.000000,0.867313
112,12.000000,7.400000,8.768333,0.000000,0.788268
113,12.000000,7.233333,8.785000,0.000000,0.833131
114,12.000000,7.200000,8.793333,0.000000,0.874533
115,12.000000,7.333333,8.786667,0.000000,0.820297
116,12.000000,7.266667,8.781667,0.000000,0.860538
117,12.000000,7.166667,8.691667,0.000000,0.865428
118,12.000000,7.433333,8.753333,0.000000,0.828967
119,12.000000,7.200000,8.690000,0.000000,0.826694
120,12.000000,7.266667,8.801667,0.000000,0.830588
121,12.000000,7.433333,8.738333,0.000000,0.776973
122,12.000000,7.266667,8.721667,0.000000,0.857661
123,12.000000,7.166667,8.710000,0.000000,0.790526
124,12.000000,7.433333,8.713333,0.000000,0.809115
125,12.000000,7.300000,8.716667,0.000000,0.828892
126,12.000000,7.100000,8.703333,0.000000,0.875725
127,12.000000,7.366667,8.753333,0.000000,0.868510
128,12.000000,7.300000,8.760000,0.000000,0.866127
129,12.000000,7.100000,8.671667,0.000000,0.828192
130,12.000000,7.300000,8.738333,0.000000,0.830536
131,12.000000,7.300000,8.796667,0.000000,0.811340
132,12.000000,7.233333,8.708333,0.000000,0.833753
133,12.000000,7.366667,8.826667,0.000000,0.838768
134,12.000000,7.266667,8.691667,0.000000,0.819584
135,12.000000,7.200000,8.711667,0.000000,0.842569
136,12.000000,7.100000,8.671667,0.000000,0.845532
137,12.000000,7.200000,8.723333,0.000000,0.837225
138,12.000000,7.266667,8.688333,0.000000,0.816511
139,12.000000,7.333333,8.705000,0.000000,0.837698
140,12.000000,7.300000,8.713333,0.000000,0.862756
141,12.000000,7.266667,8.723333,0.000000,0.812940
142,12.000000,7.333333,8.740000,0.000000,0.809994
143,12.000000,7.166667,8.705000,0.000000,0.839518
144,12.000000,7.333333,8.706667,0.000000,0.820601
145,12.000000,7.366667,8.703333,0.000000,0.826297
146,12.000000,7.333333,8.836667,0.000000,0.790322
147,12.000000,7.300000,8.656667,0.000000,0.818694
148,12.000000,7.266667,8.695000,0.000000,0.848251
149,12.000000,7.166667,8.726667,0.000000,0.857444
150,12.000000,7.200000,8.710000,0.000000,0.828075
151,12.000000,7.366667,8.738333,0.000000,0.846989
152,12.000000,7.200000,8.703333,0.000000,0.816400
153,12.000000,7.133333,8.685000,0.000000,0.838219
154,12.000000,7.233333,8.715000,0.000000,0.859629
155,12.000000,7.266667,8.751667,0.000000,0.874651
156,12.000000,7.266667,8.741667,0.000000,0.816447
157,12.000000,7.333333,8.758333,0.000000,0.815466
158,12.000000,7.333333,8.785000,0.000000,0.842714
159,12.000000,7.333333,8.710000,0.000000,0.808366
160,12.000000,7.433333,8.806667,0.000000,0.831140
161,12.000000,7.366667,8.803333,0.000000,0.846087
162,12.000000,7.233333,8.680000,0.000000,0.824123
163,12.000000,7.266667,8.743333,0.000000,0.837316
164,12.000000,7.100000,8.741667,0.000000,0.890874
165,12.000000,7.166667,8.785000,0.000000,0.852737
166,12.000000,7.366667,8.775000,0.000000,0.843897
167,12.000000,7.133333,8.783333,0.000000,0.873937
168,12.000000,7.166667,8.730000,0.000000,0.823870
169,12.000000,7.300000,8.770000,0.000000,0.837272
170,12.000000,7.200000,8.751667,0.000000,0.838899
171,12.000000,7.166667,8.715000,0.000000,0.868793
172,12.000000,7.266667,8.741667,0.000000,0.835597
173,12.000000,7.100000,8.705000,0.000000,0.858255
174,12.000000,7.266667,8.745000,0.000000,0.856779
175,12.000000,7.266667,8.728333,0.000000,0.828278
176,12.000000,7.266667,8.768333,0.000000,0.830835
177,12.000000,7.200000,8.725000,0.000000,0.837292
178,12.000000,7.166667,8.691667,0.000000,0.867065
179,12.000000,7.333333,8.731667,0.000000,0.835256
180,12.000000,7.166667,8.750000,0.000000,0.846194
181,12.000000,7.133333,8.746667,0.000000,0.837925
182,12.000000,7.233333,8.735000,0.000000,0.855411
183,12.000000,7.266667,8.765000,0.000000,0.844383
184,12.000000,7.233333,8.731667,0.000000,0.851422
185,12.000000,7.233333,8.758333,0.000000,0.882725
186,12.000000,7.300000,8.720000,0.000000,0.818246
187,12.000000,7.166667,8.721667,0.000000,0.849762
188,12.000000,7.300000,8.733333,0.000000,0.815960
189,12.000000,7.300000,8.715000,0.000000,0.854779
190,12.000000,7.300000,8.741667,0.000000,0.833314
191,12.000000,7.233333,8.755000,0.000000,0.837637
192,12.000000,7.266667,8.836667,0.000000,0.859097
193,12.000000,7.400000,8.780000,0.000000,0.837777
194,12.000000,7.333333,8.751667,0.000000,0.794691
195,12.000000,7.200000,8.746667,0.000000,0.881993
196,12.000000,7.233333,8.753333,0.000000,0.860092
197,12.000000,7.333333,8.743333,0.000000,0.858948
198,12.000000,7.366667,8.798333,0.000000,0.855059
199,12.000000,7.266667,8.756667,0.000000,0.851194
200,12.000000,7.066667,8.740000,0.000000,0.851764
BestSdev: 0.328141, Time: 1m52.917075779s