gen,best,worst,mean,rep,sdev
1,10.800000,6.933333,8.713333,0.000000,0.854462
2,11.033333,7.000000,8.757333,0.000000,0.859814
3,11.133333,7.033333,8.760667,0.000000,0.877612
4,11.200000,7.000000,8.766000,0.000000,0.889862
5,11.200000,6.966667,8.707333,0.000000,0.872085
6,11.200000,6.933333,8.740667,0.000000,0.847359
7,11.233333,7.033333,8.756000,0.000000,0.874705
8,11.266667,7.000000,8.756000,0.000000,0.871145
9,11.400000,6.966667,8.718667,0.000000,0.884057
10,11.433333,7.000000,8.694000,0.000000,0.860604
11,11.466667,6.900000,8.719333,0.000000,0.848015
12,11.466667,6.933333,8.754667,0.000000,0.856372
13,11.500000,6.966667,8.750667,0.000000,0.882177
14,11.566667,6.966667,8.692667,0.000000,0.862105
15,11.566667,7.000000,8.718667,0.000000,0.850408
16,11.566667,6.833333,8.704000,0.000000,0.873066
17,11.600000,6.900000,8.740667,0.000000,0.867932
18,11.600000,6.966667,8.730000,0.000000,0.849828
19,11.600000,7.000000,8.684667,0.000000,0.848801
20,11.666667,7.033333,8.733333,0.000000,0.870982
21,11.666667,7.066667,8.755333,0.000000,0.870607
22,11.666667,7.000000,8.718667,0.000000,0.855749
23,11.700000,7.000000,8.756667,0.000000,0.878771
24,11.700000,6.933333,8.754667,0.000000,0.837823
25,11.700000,6.966667,8.726667,0.000000,0.836958
26,11.733333,6.933333,8.756667,0.000000,0.883440
27,11.733333,6.966667,8.715333,0.000000,0.868511
28,11.766667,6.966667,8.760000,0.000000,0.883828
29,11.766667,7.000000,8.728667,0.000000,0.875038
30,11.766667,7.033333,8.746000,0.000000,0.835253
31,11.800000,7.066667,8.774000,0.000000,0.834030
32,11.833333,7.000000,8.724000,0.000000,0.878906
33,11.833333,6.966667,8.706000,0.000000,0.871650
34,11.833333,6.933333,8.684667,0.000000,0.865965
35,11.833333,7.000000,8.732667,0.000000,0.871570
36,11.833333,7.166667,8.757333,0.000000,0.824107
37,11.833333,6.933333,8.726667,0.000000,0.852525
38,11.833333,7.066667,8.727333,0.000000,0.853525
39,11.833333,7.000000,8.710000,0.000000,0.862371
40,11.833333,7.000000,8.732000,0.000000,0.852992
41,11.833333,7.000000,8.751333,0.000000,0.854898
42,11.833333,7.033333,8.687333,0.000000,0.864576
43,11.833333,6.900000,8.764000,0.000000,0.908650
44,11.833333,6.933333,8.735333,0.000000,0.873783
45,11.866667,7.033333,8.730000,0.000000,0.858789
46,11.866667,7.033333,8.702667,0.000000,0.845178
47,11.866667,6.933333,8.714667,0.000000,0.835743
48,11.866667,7.066667,8.678667,0.000000,0.834736
49,11.866667,7.066667,8.723333,0.000000,0.851450
50,11.866667,6.933333,8.698000,0.000000,0.855227
51,11.866667,6.933333,8.770667,0.000000,0.870373
52,11.866667,7.000000,8.753333,0.000000,0.854949
53,11.866667,7.000000,8.778000,0.000000,0.853094
54,11.866667,6.966667,8.744000,0.000000,0.845643
55,11.900000,6.966667,8.721333,0.000000,0.854538
56,11.900000,7.000000,8.739333,0.000000,0.864037
57,11.900000,7.066667,8.739333,0.000000,0.839630
58,11.900000,6.966667,8.726000,0.000000,0.862560
59,11.900000,6.900000,8.724000,0.000000,0.862713
60,11.900000,6.966667,8.766000,0.000000,0.876106
61,11.933333,6.833333,8.729333,0.000000,0.867772
62,11.933333,7.033333,8.730667,0.000000,0.847035
63,11.933333,7.033333,8.746000,0.000000,0.857163
64,11.966667,6.966667,8.720000,0.000000,0.861699
65,12.000000,7.033333,8.733333,0.000000,0.876330
66,12.000000,7.000000,8.742000,0.000000,0.860699
67,12.000000,6.966667,8.710000,0.000000,0.868670
68,12.000000,7.000000,8.717333,0.000000,0.867679
69,12.000000,6.933333,8.749333,0.000000,0.860159
70,12.000000,7.033333,8.749333,0.000000,0.855264
71,12.000000,7.033333,8.699333,0.000000,0.879854
72,12.000000,7.033333,8.691333,0.000000,0.856474
73,12.000000,7.066667,8.715333,0.000000,0.849083
74,12.000000,6.933333,8.722667,0.000000,0.870156
75,12.000000,6.966667,8.744667,0.000000,0.849548
76,12.000000,7.066667,8.753333,0.000000,0.860670
77,12.000000,7.100000,8.738000,0.000000,0.869916
78,12.000000,7.033333,8.747333,0.000000,0.869578
79,12.000000,7.033333,8.723333,0.000000,0.846380
80,12.000000,6.966667,8.746000,0.000000,0.870629
81,12.000000,6.966667,8.742000,0.000000,0.853994
82,12.000000,6.966667,8.732000,0.000000,0.872918
83,12.000000,7.033333,8.753333,0.000000,0.856726
84,12.033333,7.033333,8.743333,0.000000,0.844858
85,12.033333,7.066667,8.738667,0.000000,0.847056
86,12.033333,7.033333,8.728000,0.000000,0.842241
87,12.033333,6.933333,8.736000,0.000000,0.854870
88,12.033333,7.000000,8.696667,0.000000,0.855150
89,12.033333,7.033333,8.730000,0.000000,0.849466
90,12.033333,6.966667,8.713333,0.000000,0.870620
91,12.033333,6.933333,8.736667,0.000000,0.861175
92,12.033333,6.966667,8.716000,0.000000,0.874973
93,12.033333,7.000000,8.698000,0.000000,0.870517
94,12.033333,7.033333,8.728667,0.000000,0.867156
95,12.033333,7.000000,8.754000,0.000000,0.861205
96,12.033333,7.066667,8.749333,0.000000,0.835231
97,12.033333,7.000000,8.744667,0.000000,0.836608
98,12.033333,7.033333,8.775333,0.000000,0.854946
99,12.033333,7.066667,8.731333,0.000000,0.851497
100,12.033333,7.000000,8.766000,0.000000,0.851542
101,12.033333,6.933333,8.753333,0.000000,0.869391
102,12.033333,7.000000,8.752667,0.000000,0.848431
103,12.033333,7.000000,8.796667,0.000000,0.839626
104,12.066667,6.933333,8.730000,0.000000,0.832153
105,12.066667,7.033333,8.726000,0.000000,0.860099
106,12.066667,7.000000,8.722667,0.000000,0.870341
107,12.066667,7.000000,8.744667,0.000000,0.866406
108,12.066667,7.000000,8.758000,0.000000,0.885988
109,12.066667,6.933333,8.737333,0.000000,0.854264
110,12.100000,7.033333,8.732667,0.000000,0.860760
111,12.100000,7.000000,8.744667,0.000000,0.865048
112,12.100000,6.966667,8.700000,0.000000,0.846805
113,12.100000,7.000000,8.708667,0.000000,0.849070
114,12.100000,7.100000,8.753333,0.000000,0.876571
115,12.100000,6.966667,8.743333,0.000000,0.859525
116,12.100000,7.066667,8.766667,0.000000,0.849490
117,12.100000,7.000000,8.701333,0.000000,0.874558
118,12.100000,7.100000,8.753333,0.000000,0.854675
119,12.100000,6.966667,8.702667,0.000000,0.867163
120,12.100000,7.000000,8.749333,0.000000,0.845351
121,12.100000,6.900000,8.722667,0.000000,0.891379
122,12.100000,6.966667,8.698000,0.000000,0.870115
123,12.100000,6.900000,8.718667,0.000000,0.884789
124,12.100000,7.000000,8.740667,0.000000,0.865124
125,12.100000,6.900000,8.721333,0.000000,0.885180
126,12.100000,7.000000,8.783333,0.000000,0.880848
127,12.100000,6.966667,8.733333,0.033333,0.852488
128,12.100000,7.000000,8.707333,0.000000,0.837961
129,12.100000,7.000000,8.724000,0.000000,0.861712
130,12.100000,6.966667,8.702667,0.000000,0.837518
131,12.100000,6.966667,8.756667,0.000000,0.867004
132,12.100000,7.000000,8.736667,0.000000,0.876248
133,12.100000,6.966667,8.750667,0.000000,0.870763
134,12.100000,7.033333,8.746000,0.000000,0.858622
135,12.100000,7.066667,8.769333,0.000000,0.854372
136,12.100000,6.933333,8.716000,0.000000,0.865650
137,12.100000,6.966667,8.760667,0.000000,0.861005
138,12.100000,6.866667,8.732000,0.000000,0.872822
139,12.100000,6.966667,8.752000,0.000000,0.879556
140,12.100000,7.066667,8.750667,0.000000,0.845769
141,12.100000,6.966667,8.692667,0.000000,0.853731
142,12.100000,6.966667,8.728667,0.000000,0.847807
143,12.100000,7.033333,8.729333,0.000000,0.851945
144,12.100000,6.966667,8.694000,0.000000,0.881063
145,12.100000,7.066667,8.742000,0.000000,0.863267
146,12.100000,6.966667,8.711333,0.000000,0.830164
147,12.100000,7.033333,8.756667,0.000000,0.878841
148,12.100000,7.033333,8.773333,0.000000,0.862381
149,12.100000,6.933333,8.760000,0.000000,0.871367
150,12.100000,6.900000,8.749333,0.000000,0.899573
151,12.100000,6.966667,8.756000,0.000000,0.841680
152,12.100000,6.966667,8.723333,0.000000,0.854326
153,12.100000,6.900000,8.749333,0.000000,0.879714
154,12.100000,6.900000,8.720667,0.000000,0.855176
155,12.100000,7.066667,8.747333,0.000000,0.870686
156,12.100000,7.100000,8.746000,0.000000,0.862033
157,12.100000,6.966667,8.711333,0.000000,0.865146
158,12.100000,7.033333,8.748000,0.000000,0.847347
159,12.100000,7.000000,8.782000,0.000000,0.872822
160,12.100000,7.033333,8.741333,0.000000,0.861924
161,12.100000,7.166667,8.734000,0.000000,0.840593
162,12.100000,7.000000,8.740000,0.000000,0.892371
163,12.100000,6.933333,8.695333,0.000000,0.853275
164,12.100000,7.000000,8.691333,0.000000,0.871969
165,12.100000,6.966667,8.696667,0.000000,0.851810
166,12.100000,7.000000,8.726000,0.000000,0.862571
167,12.133333,7.033333,8.738000,0.000000,0.852538
168,12.133333,6.900000,8.732667,0.000000,0.850753
169,12.133333,7.000000,8.723333,0.000000,0.850759
170,12.133333,7.000000,8.722667,0.000000,0.890855
171,12.133333,7.000000,8.745333,0.000000,0.870790
172,12.133333,6.933333,8.746667,0.000000,0.870702
173,12.133333,7.000000,8.720000,0.000000,0.861622
174,12.133333,7.000000,8.722000,0.000000,0.843103
175,12.133333,7.066667,8.722000,0.000000,0.852061
176,12.133333,7.033333,8.741333,0.000000,0.855691
177,12.133333,6.933333,8.730667,0.000000,0.857780
178,12.133333,7.000000,8.759333,0.000000,0.879281
179,12.133333,7.033333,8.752000,0.000000,0.869924
180,12.133333,7.000000,8.726000,0.000000,0.876742
181,12.133333,6.966667,8.686667,0.000000,0.868192
182,12.133333,7.100000,8.741333,0.000000,0.846856
183,12.133333,7.100000,8.762667,0.000000,0.851437
184,12.133333,7.066667,8.742667,0.000000,0.845886
185,12.166667,7.000000,8.746667,0.000000,0.868697
186,12.166667,6.900000,8.754667,0.000000,0.839766
187,12.166667,6.933333,8.699333,0.000000,0.884509
188,12.166667,6.966667,8.723333,0.000000,0.858799
189,12.166667,7.066667,8.786667,0.000000,0.862182
190,12.166667,6.900000,8.788667,0.000000,0.879095
191,12.166667,7.000000,8.726667,0.000000,0.846882
192,12.166667,7.033333,8.744667,0.000000,0.868432
193,12.166667,6.900000,8.781333,0.000000,0.911842
194,12.166667,7.066667,8.702667,0.000000,0.852358
195,12.166667,6.866667,8.724000,0.000000,0.877318
196,12.166667,7.033333,8.754000,0.000000,0.882319
197,12.166667,6.933333,8.736667,0.000000,0.896600
198,12.166667,7.166667,8.728667,0.000000,0.837408
199,12.166667,7.000000,8.737333,0.000000,0.882075
200,12.166667,7.033333,8.738000,0.000000,0.832240
BestSdev: 0.238118, Time: 3m59.47419391s