gen,best,worst,mean,rep,sdev
1,10.300000,7.300000,8.738333,0.000000,0.845033
2,10.533333,7.333333,8.783333,0.000000,0.821777
3,10.766667,7.233333,8.731667,0.000000,0.863944
4,10.900000,7.300000,8.763333,0.000000,0.845161
5,10.933333,7.166667,8.765000,0.000000,0.874363
6,11.000000,7.133333,8.746667,0.000000,0.821586
7,11.100000,7.200000,8.786667,0.000000,0.877756
8,11.166667,7.133333,8.741667,0.000000,0.915011
9,11.166667,7.233333,8.728333,0.000000,0.815362
10,11.233333,7.366667,8.778333,0.000000,0.840997
11,11.300000,7.233333,8.715000,0.000000,0.804437
12,11.300000,7.200000,8.668333,0.000000,0.813383
13,11.300000,7.433333,8.766667,0.000000,0.838225
14,11.300000,7.266667,8.728333,0.000000,0.848567
15,11.300000,7.400000,8.723333,0.000000,0.794552
16,11.300000,7.166667,8.695000,0.000000,0.851036
17,11.300000,7.333333,8.745000,0.000000,0.840392
18,11.300000,7.366667,8.786667,0.000000,0.808811
19,11.333333,7.333333,8.716667,0.000000,0.833609
20,11.333333,7.300000,8.770000,0.000000,0.847613
BestSdev: 0.283211, Time: 12.585968909s