gen,best,worst,mean,rep,sdev
1,11.166667,6.866667,8.735000,0.000000,0.858028
2,11.433333,6.800000,8.727833,0.000000,0.862161
3,11.533333,6.833333,8.725333,0.000000,0.862703
4,11.633333,6.800000,8.740500,0.000000,0.866183
5,11.766667,6.700000,8.757000,0.033333,0.885651
6,11.833333,6.700000,8.746500,0.000000,0.873685
7,11.866667,6.833333,8.754667,0.000000,0.863870
8,11.900000,6.933333,8.736667,0.000000,0.862354
9,11.933333,6.766667,8.726167,0.000000,0.870931
10,11.933333,6.833333,8.735500,0.000000,0.860521
11,11.933333,6.766667,8.723167,0.000000,0.870717
12,11.933333,6.833333,8.743833,0.000000,0.867680
13,11.933333,6.800000,8.738833,0.000000,0.870886
14,11.966667,6.866667,8.718667,0.000000,0.856914
15,11.966667,6.900000,8.720000,0.000000,0.863160
16,11.966667,6.733333,8.710333,0.000000,0.866911
17,11.966667,6.766667,8.726833,0.000000,0.864823
18,11.966667,6.800000,8.729333,0.000000,0.869571
19,11.966667,6.866667,8.742167,0.000000,0.864094
20,11.966667,6.866667,8.719500,0.000000,0.861148
21,11.966667,6.733333,8.740000,0.000000,0.892102
22,12.033333,6.800000,8.743833,0.000000,0.892397
23,12.033333,6.833333,8.718333,0.000000,0.854254
24,12.033333,6.900000,8.764667,0.000000,0.867813
25,12.033333,6.800000,8.737333,0.000000,0.870853
26,12.033333,6.866667,8.740500,0.000000,0.868518
27,12.033333,6.800000,8.723000,0.000000,0.879952
28,12.033333,6.700000,8.753000,0.000000,0.871036
29,12.033333,6.900000,8.740333,0.000000,0.881505
30,12.033333,6.866667,8.741667,0.000000,0.877459
31,12.033333,6.900000,8.747500,0.000000,0.867221
32,12.033333,6.666667,8.726500,0.000000,0.878746
33,12.033333,6.900000,8.734667,0.000000,0.873446
34,12.033333,6.900000,8.749667,0.033333,0.862595
35,12.033333,6.766667,8.758500,0.000000,0.876166
36,12.066667,6.733333,8.752667,0.000000,0.860482
37,12.066667,6.833333,8.740167,0.000000,0.860080
38,12.066667,6.833333,8.728833,0.000000,0.862607
39,12.066667,6.633333,8.735333,0.000000,0.866515
40,12.066667,6.700000,8.721167,0.000000,0.873117
41,12.066667,6.766667,8.748333,0.000000,0.867568
42,12.066667,6.800000,8.724000,0.000000,0.864769
43,12.066667,6.733333,8.738333,0.000000,0.862395
44,12.066667,6.866667,8.743667,0.000000,0.869242
45,12.066667,6.833333,8.725000,0.000000,0.869087
46,12.066667,6.733333,8.720333,0.000000,0.868137
47,12.066667,6.866667,8.747333,0.000000,0.865935
48,12.100000,6.866667,8.737667,0.000000,0.859141
49,12.100000,6.900000,8.737333,0.000000,0.861863
50,12.133333,6.866667,8.728167,0.000000,0.869356
BestSdev: 0.175833, Time: 2m46.270961197s