gen,best,worst,mean,rep,sdev
1,10.800000,6.900000,8.718333,0.000000,0.855357
2,11.133333,6.800000,8.760667,0.000000,0.866680
3,11.200000,6.900000,8.726000,0.000000,0.857886
4,11.233333,6.766667,8.720333,0.000000,0.855932
5,11.300000,6.833333,8.724000,0.000000,0.871737
6,11.366667,6.933333,8.743000,0.000000,0.856691
7,11.400000,6.766667,8.708667,0.000000,0.875762
8,11.400000,6.966667,8.706333,0.000000,0.860654
9,11.500000,6.900000,8.740000,0.000000,0.870963
10,11.500000,7.000000,8.722333,0.000000,0.855772
11,11.533333,6.866667,8.718000,0.000000,0.853887
12,11.566667,6.933333,8.734333,0.000000,0.881372
13,11.600000,6.966667,8.730000,0.000000,0.852467
14,11.700000,6.900000,8.732667,0.000000,0.874646
15,11.733333,6.866667,8.739000,0.000000,0.870279
16,11.766667,6.900000,8.761000,0.000000,0.877557
17,11.800000,6.966667,8.756333,0.000000,0.868917
18,11.833333,6.866667,8.756000,0.000000,0.883128
19,11.833333,6.866667,8.704000,0.000000,0.862558
20,11.900000,6.866667,8.758000,0.000000,0.872076
21,11.933333,6.933333,8.742333,0.000000,0.872556
22,11.933333,6.733333,8.735000,0.000000,0.871787
23,11.933333,6.933333,8.715000,0.000000,0.866411
24,11.933333,6.933333,8.758667,0.000000,0.862737
25,11.966667,6.933333,8.727333,0.000000,0.865928
26,11.966667,7.000000,8.758667,0.000000,0.882874
27,11.966667,6.800000,8.710000,0.000000,0.871406
28,11.966667,6.900000,8.754667,0.000000,0.866068
29,11.966667,6.900000,8.730667,0.000000,0.868998
30,11.966667,6.833333,8.753000,0.000000,0.865422
31,11.966667,6.800000,8.717667,0.000000,0.867819
32,11.966667,6.833333,8.721667,0.000000,0.857297
33,11.966667,6.900000,8.718667,0.000000,0.873970
34,11.966667,7.000000,8.742000,0.000000,0.866433
35,11.966667,6.766667,8.750667,0.000000,0.855001
36,11.966667,6.866667,8.723333,0.000000,0.869727
37,11.966667,6.900000,8.696667,0.000000,0.849377
38,11.966667,6.800000,8.748667,0.000000,0.877055
39,11.966667,6.933333,8.705667,0.000000,0.866602
40,11.966667,7.033333,8.732000,0.000000,0.852176
41,12.000000,6.800000,8.729333,0.000000,0.870833
42,12.000000,6.933333,8.734333,0.000000,0.872384
43,12.000000,6.866667,8.725000,0.000000,0.871511
44,12.000000,6.866667,8.723000,0.000000,0.865312
45,12.033333,6.900000,8.739667,0.000000,0.873416
46,12.033333,6.866667,8.760667,0.000000,0.849875
47,12.033333,6.866667,8.746000,0.000000,0.854733
48,12.033333,7.000000,8.736333,0.000000,0.855028
49,12.033333,6.933333,8.704667,0.000000,0.844906
50,12.033333,6.933333,8.735000,0.000000,0.859223
51,12.033333,6.900000,8.747667,0.000000,0.868315
52,12.066667,6.766667,8.742333,0.000000,0.889090
53,12.066667,6.866667,8.747000,0.000000,0.885461
54,12.066667,6.800000,8.749667,0.000000,0.874001
55,12.100000,6.933333,8.739000,0.000000,0.852874
56,12.133333,6.966667,8.735333,0.000000,0.858452
57,12.133333,6.933333,8.734667,0.000000,0.865364
58,12.133333,6.900000,8.735000,0.000000,0.855862
59,12.133333,6.900000,8.710000,0.000000,0.859849
60,12.133333,6.966667,8.746667,0.000000,0.849590
61,12.133333,6.866667,8.733667,0.000000,0.868719
62,12.133333,6.866667,8.747667,0.000000,0.874711
63,12.133333,6.833333,8.707333,0.000000,0.866935
64,12.133333,6.933333,8.762333,0.000000,0.856531
65,12.133333,6.900000,8.716667,0.000000,0.853575
66,12.133333,6.833333,8.716667,0.000000,0.849088
67,12.133333,6.966667,8.752333,0.000000,0.861798
68,12.133333,6.900000,8.755333,0.000000,0.868779
69,12.133333,6.933333,8.737667,0.000000,0.852854
70,12.133333,6.966667,8.723000,0.000000,0.852303
71,12.133333,6.900000,8.744000,0.000000,0.867869
72,12.133333,6.933333,8.745000,0.000000,0.877928
73,12.166667,6.966667,8.748000,0.000000,0.869753
74,12.166667,6.866667,8.710333,0.000000,0.874216
75,12.166667,6.866667,8.735000,0.000000,0.857993
76,12.166667,6.933333,8.736000,0.000000,0.868407
77,12.166667,6.866667,8.757333,0.000000,0.859202
78,12.166667,6.933333,8.721333,0.000000,0.850220
79,12.166667,6.933333,8.712333,0.000000,0.868811
80,12.166667,6.966667,8.712333,0.000000,0.872305
81,12.166667,6.800000,8.722667,0.000000,0.869685
82,12.166667,6.933333,8.736333,0.000000,0.876170
83,12.166667,6.933333,8.717667,0.000000,0.863456
84,12.166667,6.866667,8.740667,0.000000,0.881844
85,12.166667,6.900000,8.714667,0.000000,0.857777
86,12.166667,6.966667,8.730667,0.000000,0.862765
87,12.166667,6.933333,8.780000,0.000000,0.876120
88,12.166667,7.000000,8.719000,0.000000,0.867552
89,12.166667,6.866667,8.736667,0.000000,0.876574
90,12.166667,6.966667,8.718333,0.000000,0.855890
91,12.166667,6.900000,8.746333,0.000000,0.867025
92,12.166667,6.833333,8.730667,0.000000,0.878102
93,12.166667,6.900000,8.742333,0.000000,0.876024
94,12.166667,6.900000,8.742333,0.000000,0.845434
95,12.166667,6.833333,8.728333,0.000000,0.866244
96,12.166667,6.800000,8.730667,0.000000,0.863293
97,12.166667,6.966667,8.720333,0.000000,0.858625
98,12.166667,6.933333,8.698333,0.000000,0.845345
99,12.166667,6.900000,8.731000,0.000000,0.873814
100,12.166667,6.900000,8.722667,0.000000,0.858279
101,12.166667,6.866667,8.728333,0.000000,0.850354
102,12.166667,6.900000,8.714333,0.000000,0.864251
103,12.166667,6.933333,8.731000,0.000000,0.865536
104,12.166667,7.000000,8.749333,0.000000,0.871097
105,12.166667,6.733333,8.738000,0.000000,0.858363
106,12.166667,6.900000,8.745333,0.000000,0.859254
107,12.200000,6.933333,8.738333,0.000000,0.867963
108,12.200000,6.966667,8.737667,0.000000,0.867552
109,12.200000,6.866667,8.717667,0.000000,0.871888
110,12.200000,6.933333,8.747000,0.000000,0.865996
111,12.200000,6.933333,8.751667,0.000000,0.869541
112,12.200000,6.966667,8.736000,0.000000,0.861435
113,12.200000,6.866667,8.733333,0.000000,0.859208
114,12.200000,7.033333,8.709333,0.000000,0.839125
115,12.200000,6.833333,8.730667,0.000000,0.872764
116,12.200000,6.933333,8.722000,0.000000,0.843514
117,12.200000,6.900000,8.724333,0.000000,0.872068
118,12.200000,6.900000,8.725333,0.000000,0.857993
119,12.200000,6.933333,8.736333,0.000000,0.884572
120,12.200000,7.000000,8.730333,0.000000,0.880946
121,12.200000,6.866667,8.735667,0.000000,0.874629
122,12.200000,6.966667,8.739000,0.000000,0.862115
123,12.200000,6.866667,8.761333,0.000000,0.863244
124,12.200000,6.900000,8.733667,0.000000,0.858677
125,12.200000,6.933333,8.726333,0.000000,0.849144
126,12.200000,6.866667,8.744333,0.000000,0.868519
127,12.200000,6.933333,8.736667,0.000000,0.885154
128,12.200000,6.933333,8.725667,0.000000,0.868351
129,12.200000,6.900000,8.697667,0.000000,0.859628
130,12.200000,6.900000,8.750667,0.000000,0.874785
131,12.200000,6.833333,8.743667,0.000000,0.882651
132,12.200000,6.800000,8.720000,0.000000,0.872836
133,12.200000,6.966667,8.765667,0.000000,0.867450
134,12.200000,6.933333,8.781667,0.000000,0.872637
135,12.200000,6.800000,8.736333,0.000000,0.851945
136,12.200000,6.933333,8.754333,0.000000,0.863552
137,12.200000,6.900000,8.738667,0.000000,0.881467
138,12.200000,6.833333,8.738000,0.000000,0.885304
139,12.200000,6.933333,8.716667,0.000000,0.886706
140,12.200000,6.866667,8.760333,0.000000,0.848990
141,12.200000,6.900000,8.732000,0.000000,0.868795
142,12.200000,6.866667,8.765000,0.000000,0.869849
143,12.200000,6.900000,8.718667,0.000000,0.858936
144,12.200000,6.833333,8.721667,0.000000,0.862840
145,12.200000,6.933333,8.713000,0.000000,0.869049
146,12.200000,6.900000,8.695667,0.000000,0.861044
147,12.200000,6.966667,8.737333,0.000000,0.866858
148,12.200000,6.933333,8.744667,0.000000,0.855372
149,12.200000,6.866667,8.731333,0.000000,0.863237
150,12.200000,7.000000,8.712667,0.000000,0.845916
151,12.200000,6.866667,8.749000,0.000000,0.868241
152,12.200000,6.866667,8.752000,0.000000,0.872889
153,12.200000,6.900000,8.732000,0.000000,0.867770
154,12.200000,6.900000,8.728333,0.000000,0.854092
155,12.233333,6.933333,8.711000,0.000000,0.857893
156,12.233333,6.966667,8.742000,0.000000,0.867338
157,12.233333,7.000000,8.740333,0.000000,0.860469
158,12.233333,6.800000,8.752333,0.000000,0.862867
159,12.233333,6.933333,8.704667,0.000000,0.885370
160,12.233333,6.933333,8.741667,0.000000,0.868671
161,12.233333,6.900000,8.726000,0.000000,0.865453
162,12.233333,6.933333,8.733667,0.000000,0.890682
163,12.233333,6.933333,8.744000,0.000000,0.861667
164,12.233333,6.866667,8.735667,0.000000,0.878346
165,12.233333,6.900000,8.767667,0.000000,0.860484
166,12.233333,6.933333,8.729000,0.000000,0.872152
167,12.233333,6.933333,8.733333,0.000000,0.859915
168,12.233333,6.900000,8.721000,0.000000,0.855458
169,12.233333,6.933333,8.735667,0.000000,0.861403
170,12.233333,6.766667,8.738000,0.000000,0.870793
171,12.233333,6.833333,8.734667,0.000000,0.871615
172,12.233333,6.966667,8.735000,0.000000,0.858180
173,12.233333,6.900000,8.745333,0.000000,0.870270
174,12.233333,6.866667,8.725333,0.000000,0.862756
175,12.266667,6.800000,8.724000,0.000000,0.878404
176,12.266667,6.833333,8.711333,0.000000,0.866688
177,12.266667,6.866667,8.715667,0.000000,0.869145
178,12.266667,6.833333,8.740000,0.000000,0.872900
179,12.266667,6.866667,8.717667,0.000000,0.868723
180,12.266667,6.800000,8.713667,0.000000,0.861440
181,12.266667,6.966667,8.767000,0.000000,0.872506
182,12.266667,6.866667,8.716333,0.000000,0.847252
183,12.266667,6.933333,8.729333,0.000000,0.848145
184,12.266667,7.000000,8.743333,0.000000,0.873924
185,12.266667,6.766667,8.733333,0.000000,0.857892
186,12.266667,6.800000,8.724333,0.000000,0.878131
187,12.266667,6.866667,8.740667,0.000000,0.891917
188,12.266667,6.966667,8.701667,0.000000,0.861589
189,12.266667,7.033333,8.782667,0.000000,0.845145
190,12.266667,6.800000,8.725333,0.000000,0.867570
191,12.266667,6.900000,8.707333,0.000000,0.859136
192,12.266667,6.900000,8.731333,0.000000,0.863124
193,12.266667,6.933333,8.732333,0.000000,0.875793
194,12.266667,6.900000,8.748000,0.000000,0.866175
195,12.266667,6.933333,8.754333,0.000000,0.859775
196,12.266667,6.900000,8.739000,0.000000,0.865170
197,12.266667,6.833333,8.728000,0.000000,0.866759
198,12.266667,7.000000,8.729333,0.000000,0.861651
199,12.266667,6.866667,8.740000,0.000000,0.865608
200,12.266667,6.833333,8.718333,0.000000,0.860278
BestSdev: 0.232262, Time: 7m10.773554137s