gen,best,worst,mean,rep,sdev
1,11.333333,6.566667,8.732733,0.000000,0.867037
2,11.666667,6.666667,8.720133,0.000000,0.875888
3,11.800000,6.600000,8.744667,0.000000,0.859783
4,11.866667,6.533333,8.726267,0.000000,0.878864
5,11.900000,6.666667,8.734267,0.000000,0.871432
6,11.966667,6.533333,8.733533,0.000000,0.872935
7,12.000000,6.666667,8.730133,0.000000,0.877327
8,12.000000,6.500000,8.747333,0.000000,0.872555
9,12.033333,6.733333,8.734733,0.000000,0.874869
10,12.033333,6.500000,8.726733,0.000000,0.876403
11,12.033333,6.600000,8.736333,0.000000,0.864106
12,12.033333,6.600000,8.731333,0.000000,0.876569
13,12.033333,6.666667,8.735933,0.033333,0.869211
14,12.033333,6.533333,8.730267,0.000000,0.870852
15,12.033333,6.500000,8.732000,0.000000,0.867925
16,12.066667,6.533333,8.733067,0.000000,0.870988
17,12.066667,6.566667,8.743533,0.000000,0.874604
18,12.066667,6.600000,8.736600,0.000000,0.873191
19,12.100000,6.600000,8.731600,0.000000,0.873005
20,12.133333,6.566667,8.733733,0.066667,0.868980
BestSdev: 0.179072, Time: 2m40.005430439s