gen,best,worst,mean,rep,sdev
1,10.233333,7.266667,8.681667,0.000000,0.807088
2,10.566667,7.200000,8.780000,0.000000,0.857896
3,10.833333,7.266667,8.743333,0.000000,0.886960
4,11.033333,7.200000,8.766667,0.000000,0.866633
5,11.100000,7.066667,8.680000,0.000000,0.862778
6,11.133333,7.133333,8.690000,0.000000,0.821482
7,11.166667,7.333333,8.693333,0.000000,0.843733
8,11.166667,7.200000,8.703333,0.000000,0.843648
9,11.200000,7.200000,8.693333,0.000000,0.870844
10,11.300000,7.233333,8.735000,0.000000,0.852949
11,11.300000,7.300000,8.696667,0.000000,0.817940
12,11.300000,7.266667,8.695000,0.000000,0.812534
13,11.333333,7.333333,8.808333,0.000000,0.872297
14,11.333333,7.200000,8.726667,0.000000,0.821310
15,11.366667,7.333333,8.763333,0.000000,0.846708
16,11.400000,7.300000,8.760000,0.000000,0.857020
17,11.400000,7.200000,8.671667,0.000000,0.824981
18,11.400000,7.200000,8.701667,0.000000,0.864687
19,11.400000,7.300000,8.681667,0.000000,0.799035
20,11.400000,7.166667,8.753333,0.000000,0.848919
21,11.433333,7.466667,8.810000,0.000000,0.838028
22,11.466667,7.100000,8.735000,0.000000,0.854548
23,11.466667,7.300000,8.736667,0.000000,0.818295
24,11.466667,7.200000,8.715000,0.000000,0.827118
25,11.466667,7.200000,8.668333,0.000000,0.883158
26,11.500000,7.333333,8.685000,0.000000,0.791769
27,11.500000,7.200000,8.715000,0.000000,0.849660
28,11.500000,7.266667,8.693333,0.000000,0.823404
29,11.500000,7.366667,8.755000,0.000000,0.823300
30,11.500000,7.233333,8.780000,0.000000,0.844954
31,11.500000,7.200000,8.780000,0.000000,0.845478
32,11.500000,7.200000,8.726667,0.000000,0.845350
33,11.533333,7.233333,8.751667,0.000000,0.864001
34,11.566667,7.233333,8.790000,0.000000,0.810417
35,11.566667,7.300000,8.728333,0.000000,0.828457
36,11.566667,7.266667,8.696667,0.000000,0.815476
37,11.566667,7.200000,8.723333,0.000000,0.829409
38,11.566667,7.333333,8.713333,0.000000,0.828343
39,11.566667,7.300000,8.668333,0.000000,0.846581
40,11.600000,7.166667,8.750000,0.000000,0.881691
41,11.633333,7.266667,8.765000,0.000000,0.855933
42,11.633333,7.233333,8.720000,0.000000,0.829587
43,11.633333,7.133333,8.688333,0.000000,0.846359
44,11.666667,7.300000,8.761667,0.000000,0.812806
45,11.666667,7.166667,8.731667,0.000000,0.851951
46,11.666667,7.333333,8.760000,0.000000,0.848963
47,11.666667,7.333333,8.753333,0.000000,0.799035
48,11.666667,7.166667,8.650000,0.000000,0.809790
49,11.666667,7.233333,8.718333,0.000000,0.835210
50,11.666667,7.133333,8.713333,0.000000,0.906629
51,11.666667,7.200000,8.718333,0.000000,0.880781
52,11.666667,7.166667,8.721667,0.000000,0.852651
53,11.700000,7.200000,8.698333,0.000000,0.836650
54,11.700000,7.233333,8.728333,0.000000,0.853723
55,11.700000,7.300000,8.693333,0.000000,0.840321
56,11.700000,7.266667,8.685000,0.000000,0.817417
57,11.733333,7.366667,8.713333,0.000000,0.853820
58,11.733333,7.200000,8.776667,0.000000,0.839996
59,11.733333,7.300000,8.736667,0.000000,0.854340
60,11.733333,7.300000,8.701667,0.000000,0.840816
61,11.766667,7.400000,8.750000,0.000000,0.849823
62,11.766667,7.266667,8.701667,0.000000,0.814988
63,11.766667,7.166667,8.698333,0.000000,0.820903
64,11.800000,7.400000,8.740000,0.000000,0.804857
65,11.800000,7.233333,8.740000,0.000000,0.858426
66,11.800000,7.100000,8.658333,0.000000,0.853996
67,11.800000,7.200000,8.715000,0.000000,0.807198
68,11.800000,7.200000,8.701667,0.000000,0.817856
69,11.800000,7.333333,8.738333,0.000000,0.837774
70,11.800000,7.233333,8.733333,0.000000,0.824724
71,11.800000,7.233333,8.770000,0.000000,0.813764
72,11.800000,7.266667,8.753333,0.000000,0.830643
73,11.800000,7.133333,8.698333,0.000000,0.853953
74,11.800000,7.233333,8.766667,0.000000,0.836366
75,11.800000,7.233333,8.740000,0.000000,0.854135
76,11.800000,7.266667,8.760000,0.000000,0.825480
77,11.800000,7.266667,8.710000,0.000000,0.831752
78,11.800000,7.400000,8.728333,0.000000,0.813732
79,11.800000,7.333333,8.780000,0.000000,0.829947
80,11.800000,7.333333,8.721667,0.000000,0.820876
81,11.800000,7.266667,8.741667,0.000000,0.841952
82,11.800000,7.233333,8.680000,0.000000,0.832637
83,11.800000,7.233333,8.688333,0.000000,0.838448
84,11.800000,7.166667,8.665000,0.000000,0.816223
85,11.800000,7.300000,8.735000,0.000000,0.877626
86,11.833333,7.233333,8.721667,0.000000,0.864217
87,11.833333,7.200000,8.701667,0.000000,0.867136
88,11.833333,7.333333,8.691667,0.000000,0.826829
89,11.833333,7.300000,8.761667,0.000000,0.820813
90,11.833333,7.200000,8.691667,0.000000,0.868672
91,11.833333,7.166667,8.703333,0.000000,0.829639
92,11.833333,7.166667,8.678333,0.000000,0.828808
93,11.833333,7.200000,8.725000,0.000000,0.841039
94,11.833333,7.133333,8.786667,0.000000,0.849360
95,11.833333,7.200000,8.703333,0.000000,0.894790
96,11.833333,7.366667,8.723333,0.000000,0.856816
97,11.833333,7.266667,8.721667,0.000000,0.835081
98,11.833333,7.266667,8.703333,0.000000,0.811262
99,11.833333,7.266667,8.743333,0.000000,0.832411
100,11.833333,7.266667,8.723333,0.000000,0.866141
BestSdev: 0.276192, Time: 56.151645475s