gen,best,worst,mean,rep,sdev
1,10.166667,7.233333,8.641667,0.000000,0.820460
2,10.500000,7.166667,8.706667,0.000000,0.886625
3,10.700000,7.200000,8.743333,0.000000,0.864843
4,10.866667,7.266667,8.690000,0.000000,0.843317
5,10.933333,7.233333,8.730000,0.000000,0.853887
6,10.966667,7.266667,8.681667,0.000000,0.802439
7,11.000000,7.200000,8.735000,0.000000,0.839143
8,11.033333,7.266667,8.693333,0.000000,0.840379
9,11.033333,7.233333,8.643333,0.000000,0.821296
10,11.066667,7.366667,8.743333,0.000000,0.826979
11,11.066667,7.233333,8.686667,0.000000,0.816741
12,11.066667,7.366667,8.755000,0.000000,0.798355
13,11.066667,7.200000,8.710000,0.000000,0.841179
14,11.100000,7.266667,8.706667,0.000000,0.842102
15,11.100000,7.266667,8.738333,0.000000,0.831574
16,11.133333,7.233333,8.725000,0.000000,0.818814
17,11.200000,7.266667,8.700000,0.000000,0.802601
18,11.200000,7.166667,8.753333,0.000000,0.872856
19,11.200000,7.266667,8.718333,0.000000,0.831345
20,11.200000,7.333333,8.738333,0.000000,0.825694
21,11.233333,7.266667,8.668333,0.000000,0.824138
22,11.233333,7.200000,8.731667,0.000000,0.834805
23,11.233333,7.266667,8.668333,0.000000,0.844529
24,11.266667,7.266667,8.785000,0.000000,0.841211
25,11.266667,7.133333,8.703333,0.000000,0.847885
26,11.266667,7.200000,8.750000,0.000000,0.838949
27,11.300000,7.200000,8.781667,0.000000,0.878546
28,11.300000,7.166667,8.776667,0.000000,0.859401
29,11.366667,7.300000,8.693333,0.000000,0.827580
30,11.366667,7.200000,8.710000,0.000000,0.880012
31,11.366667,7.200000,8.748333,0.000000,0.834138
32,11.366667,7.233333,8.708333,0.000000,0.844995
33,11.366667,7.300000,8.720000,0.000000,0.827427
34,11.366667,7.233333,8.711667,0.000000,0.814161
35,11.366667,7.166667,8.690000,0.000000,0.841826
36,11.366667,7.366667,8.735000,0.000000,0.812578
37,11.366667,7.433333,8.711667,0.000000,0.801710
38,11.366667,7.400000,8.756667,0.000000,0.816802
39,11.400000,7.366667,8.833333,0.000000,0.838266
40,11.400000,7.300000,8.660000,0.000000,0.816439
41,11.400000,7.266667,8.683333,0.000000,0.822434
42,11.433333,7.133333,8.715000,0.000000,0.869322
43,11.433333,7.266667,8.778333,0.000000,0.844555
44,11.466667,7.300000,8.706667,0.000000,0.833911
45,11.466667,7.166667,8.670000,0.000000,0.829187
46,11.466667,7.266667,8.745000,0.000000,0.791745
47,11.466667,7.400000,8.851667,0.000000,0.802289
48,11.500000,7.366667,8.818333,0.000000,0.858715
49,11.500000,7.166667,8.701667,0.000000,0.847381
50,11.500000,7.233333,8.716667,0.000000,0.865640
BestSdev: 0.257703, Time: 27.611854075s