gen,best,worst,mean,rep,sdev
1,11.333333,6.533333,8.727600,0.000000,0.872053
2,11.633333,6.633333,8.734733,0.000000,0.871627
3,11.866667,6.700000,8.738600,0.000000,0.870365
4,11.933333,6.666667,8.731000,0.033333,0.875704
5,11.933333,6.633333,8.729600,0.000000,0.878783
6,11.966667,6.633333,8.733133,0.000000,0.866901
7,12.000000,6.533333,8.729533,0.000000,0.875278
8,12.000000,6.600000,8.727867,0.000000,0.862123
9,12.033333,6.566667,8.732733,0.000000,0.867454
10,12.033333,6.533333,8.732267,0.000000,0.867585
11,12.033333,6.766667,8.733933,0.000000,0.873949
12,12.033333,6.666667,8.729000,0.000000,0.864795
13,12.033333,6.466667,8.737133,0.000000,0.869254
14,12.033333,6.700000,8.736133,0.000000,0.863887
15,12.033333,6.400000,8.724800,0.000000,0.866759
16,12.066667,6.666667,8.734733,0.000000,0.869312
17,12.066667,6.566667,8.738333,0.000000,0.866534
18,12.066667,6.500000,8.730867,0.000000,0.877758
19,12.100000,6.600000,8.733200,0.000000,0.865828
20,12.100000,6.633333,8.740000,0.000000,0.876285
21,12.133333,6.600000,8.730400,0.000000,0.873174
22,12.133333,6.633333,8.739733,0.033333,0.874816
23,12.133333,6.566667,8.725067,0.000000,0.860675
24,12.133333,6.600000,8.736800,0.000000,0.870438
25,12.133333,6.566667,8.727800,0.033333,0.870257
26,12.133333,6.600000,8.734467,0.000000,0.870245
27,12.133333,6.600000,8.743400,0.000000,0.874429
28,12.133333,6.700000,8.727733,0.000000,0.865387
29,12.133333,6.666667,8.737467,0.000000,0.882021
30,12.133333,6.766667,8.748267,0.000000,0.871146
31,12.133333,6.466667,8.745600,0.033333,0.874172
32,12.133333,6.500000,8.738067,0.000000,0.871227
33,12.133333,6.533333,8.731267,0.000000,0.867556
34,12.133333,6.733333,8.728867,0.000000,0.866693
35,12.133333,6.666667,8.729067,0.000000,0.869668
36,12.133333,6.466667,8.731600,0.000000,0.866818
37,12.133333,6.533333,8.721800,0.000000,0.867300
38,12.133333,6.600000,8.736400,0.000000,0.870011
39,12.166667,6.466667,8.749933,0.000000,0.876976
40,12.166667,6.633333,8.732333,0.000000,0.868162
41,12.166667,6.566667,8.728200,0.000000,0.874741
42,12.166667,6.500000,8.727667,0.033333,0.868261
43,12.266667,6.700000,8.732333,0.000000,0.875683
44,12.266667,6.700000,8.741067,0.000000,0.874016
45,12.266667,6.566667,8.718133,0.000000,0.867834
46,12.266667,6.533333,8.746800,0.000000,0.868493
47,12.266667,6.500000,8.736200,0.000000,0.881410
48,12.300000,6.433333,8.726867,0.000000,0.876140
49,12.300000,6.666667,8.739867,0.033333,0.873646
50,12.300000,6.600000,8.744400,0.033333,0.874041
BestSdev: 0.160078, Time: 6m37.731561811s