gen,best,worst,mean,rep,sdev
1,10.900000,6.900000,8.722000,0.000000,0.860862
2,11.033333,7.000000,8.748333,0.000000,0.865515
3,11.133333,6.966667,8.735667,0.000000,0.860488
4,11.333333,6.866667,8.746667,0.000000,0.890356
5,11.333333,6.933333,8.738000,0.000000,0.864132
6,11.500000,6.900000,8.717000,0.000000,0.879361
7,11.500000,6.866667,8.716333,0.000000,0.863830
8,11.533333,6.900000,8.742333,0.000000,0.866322
9,11.566667,6.866667,8.724333,0.000000,0.849657
10,11.600000,6.800000,8.717333,0.000000,0.882231
11,11.633333,6.800000,8.723333,0.000000,0.864819
12,11.700000,7.000000,8.744000,0.000000,0.860054
13,11.700000,6.800000,8.754000,0.000000,0.870187
14,11.733333,6.833333,8.737000,0.000000,0.877194
15,11.800000,6.866667,8.701000,0.000000,0.853002
16,11.833333,6.933333,8.744333,0.000000,0.856889
17,11.866667,6.866667,8.753000,0.000000,0.856870
18,11.900000,6.833333,8.716667,0.000000,0.893557
19,11.900000,6.866667,8.751333,0.000000,0.856455
20,11.900000,6.900000,8.728667,0.000000,0.881127
21,11.900000,6.866667,8.721667,0.000000,0.854429
22,11.900000,6.800000,8.730667,0.000000,0.880270
23,11.900000,6.966667,8.760333,0.000000,0.863995
24,11.900000,6.900000,8.743000,0.000000,0.873531
25,11.900000,6.933333,8.722667,0.000000,0.852495
26,11.900000,6.933333,8.716000,0.000000,0.838429
27,11.900000,6.900000,8.723333,0.000000,0.865349
28,11.900000,6.933333,8.737000,0.000000,0.864026
29,11.900000,6.933333,8.709000,0.000000,0.858583
30,11.900000,6.933333,8.727667,0.000000,0.866684
31,11.900000,6.933333,8.734667,0.000000,0.851990
32,11.900000,6.900000,8.730000,0.000000,0.873904
33,11.900000,6.966667,8.699667,0.000000,0.846248
34,11.966667,6.966667,8.727667,0.000000,0.871115
35,11.966667,6.933333,8.721333,0.000000,0.870123
36,11.966667,6.966667,8.714333,0.000000,0.861358
37,11.966667,6.933333,8.731000,0.000000,0.868985
38,11.966667,6.966667,8.767333,0.000000,0.871930
39,11.966667,6.966667,8.749000,0.000000,0.860560
40,11.966667,6.933333,8.745000,0.000000,0.859517
41,11.966667,6.933333,8.744667,0.000000,0.857639
42,11.966667,6.933333,8.745333,0.000000,0.861531
43,11.966667,6.833333,8.755333,0.000000,0.876648
44,11.966667,6.900000,8.754333,0.000000,0.851929
45,11.966667,6.900000,8.752000,0.000000,0.854344
46,11.966667,6.833333,8.718333,0.000000,0.857666
47,11.966667,6.933333,8.730667,0.000000,0.862859
48,11.966667,6.866667,8.752667,0.000000,0.883656
49,11.966667,6.900000,8.732667,0.000000,0.871413
50,11.966667,6.933333,8.736333,0.000000,0.858551
51,11.966667,6.900000,8.701000,0.000000,0.853637
52,11.966667,7.000000,8.740667,0.000000,0.865664
53,12.000000,6.766667,8.759667,0.000000,0.873142
54,12.000000,6.933333,8.729667,0.000000,0.850286
55,12.000000,6.866667,8.720333,0.000000,0.870608
56,12.000000,6.766667,8.718000,0.000000,0.881468
57,12.000000,6.866667,8.712667,0.000000,0.858731
58,12.000000,6.933333,8.709667,0.000000,0.881021
59,12.000000,6.933333,8.728667,0.000000,0.865824
60,12.000000,6.766667,8.744667,0.000000,0.881741
61,12.000000,6.900000,8.721333,0.000000,0.851829
62,12.000000,6.800000,8.708667,0.000000,0.866363
63,12.000000,6.900000,8.728667,0.000000,0.880758
64,12.033333,6.900000,8.753667,0.000000,0.872445
65,12.033333,6.900000,8.728667,0.000000,0.851970
66,12.033333,6.866667,8.736333,0.000000,0.867498
67,12.033333,6.866667,8.709667,0.000000,0.871606
68,12.033333,6.900000,8.731667,0.000000,0.835782
69,12.033333,7.000000,8.732667,0.000000,0.863423
70,12.033333,6.800000,8.739333,0.000000,0.891141
71,12.033333,6.966667,8.716667,0.000000,0.857878
72,12.033333,6.833333,8.744333,0.000000,0.864106
73,12.033333,6.866667,8.721333,0.000000,0.880417
74,12.033333,6.933333,8.715000,0.000000,0.873502
75,12.033333,6.866667,8.719333,0.000000,0.868135
76,12.033333,6.966667,8.762333,0.000000,0.863009
77,12.033333,6.933333,8.733000,0.000000,0.842854
78,12.033333,6.900000,8.719333,0.000000,0.879229
79,12.033333,6.833333,8.724333,0.000000,0.858111
80,12.033333,6.900000,8.702000,0.000000,0.857433
81,12.033333,6.866667,8.722000,0.000000,0.845792
82,12.033333,6.900000,8.730333,0.000000,0.856956
83,12.033333,6.833333,8.740667,0.000000,0.850264
84,12.033333,6.733333,8.721667,0.000000,0.878887
85,12.033333,6.966667,8.725333,0.000000,0.863844
86,12.033333,6.900000,8.729667,0.000000,0.876634
87,12.033333,6.833333,8.727000,0.000000,0.886761
88,12.033333,6.800000,8.724000,0.000000,0.864085
89,12.033333,6.866667,8.751667,0.000000,0.870764
90,12.033333,6.933333,8.728000,0.000000,0.872908
91,12.033333,6.866667,8.729667,0.000000,0.865410
92,12.033333,6.833333,8.720667,0.000000,0.871945
93,12.033333,6.933333,8.729333,0.000000,0.851153
94,12.033333,6.866667,8.759667,0.033333,0.877216
95,12.033333,6.800000,8.731000,0.000000,0.854402
96,12.033333,6.900000,8.730000,0.000000,0.874022
97,12.033333,6.966667,8.735000,0.000000,0.859179
98,12.033333,6.900000,8.768667,0.000000,0.862984
99,12.033333,6.900000,8.718333,0.000000,0.846085
100,12.033333,6.900000,8.726333,0.000000,0.864254
BestSdev: 0.216297, Time: 3m31.550617438s