gen,best,worst,mean,rep,sdev
1,10.700000,7.033333,8.721333,0.000000,0.857261
2,10.933333,7.033333,8.770000,0.000000,0.852551
3,11.033333,6.966667,8.722000,0.000000,0.853990
4,11.133333,6.966667,8.703333,0.000000,0.866935
5,11.266667,7.033333,8.740000,0.000000,0.883133
6,11.300000,7.000000,8.712000,0.000000,0.879335
7,11.333333,6.933333,8.710000,0.000000,0.846683
8,11.366667,6.966667,8.720667,0.000000,0.872797
9,11.433333,6.900000,8.734000,0.000000,0.859908
10,11.466667,6.933333,8.720667,0.033333,0.860692
11,11.466667,7.000000,8.733333,0.000000,0.854707
12,11.500000,7.100000,8.738667,0.000000,0.865185
13,11.566667,6.933333,8.720000,0.000000,0.884208
14,11.600000,7.066667,8.746000,0.000000,0.856758
15,11.600000,7.066667,8.736000,0.000000,0.883731
16,11.600000,7.033333,8.716000,0.000000,0.847764
17,11.633333,7.000000,8.768000,0.000000,0.855514
18,11.633333,7.100000,8.738667,0.000000,0.836660
19,11.633333,6.966667,8.740000,0.000000,0.860405
20,11.700000,6.866667,8.729333,0.000000,0.894936
21,11.700000,7.033333,8.744667,0.000000,0.860332
22,11.733333,7.000000,8.722000,0.000000,0.874091
23,11.733333,7.033333,8.728667,0.000000,0.862972
24,11.733333,6.933333,8.738000,0.000000,0.857374
25,11.733333,6.866667,8.736667,0.000000,0.858821
26,11.733333,6.900000,8.693333,0.000000,0.864856
27,11.733333,6.966667,8.726667,0.000000,0.840672
28,11.766667,7.000000,8.731333,0.000000,0.864860
29,11.800000,7.066667,8.710000,0.000000,0.839084
30,11.833333,7.000000,8.732667,0.000000,0.849548
31,11.866667,7.000000,8.734667,0.000000,0.862586
32,11.900000,6.900000,8.748000,0.000000,0.854225
33,11.900000,6.966667,8.690667,0.000000,0.848899
34,11.933333,6.900000,8.735333,0.000000,0.865425
35,11.933333,6.933333,8.736667,0.000000,0.836474
36,11.966667,7.066667,8.694000,0.000000,0.849444
37,11.966667,7.033333,8.764000,0.000000,0.856666
38,11.966667,7.066667,8.706667,0.000000,0.835928
39,11.966667,7.033333,8.743333,0.000000,0.857258
40,12.000000,7.000000,8.687333,0.000000,0.887783
41,12.000000,6.966667,8.798667,0.000000,0.866143
42,12.000000,6.966667,8.757333,0.000000,0.865389
43,12.033333,7.033333,8.744667,0.000000,0.881689
44,12.033333,7.033333,8.712000,0.000000,0.858853
45,12.033333,6.900000,8.725333,0.000000,0.855312
46,12.033333,7.000000,8.722000,0.000000,0.873150
47,12.033333,6.966667,8.758000,0.000000,0.867371
48,12.033333,6.933333,8.727333,0.000000,0.880470
49,12.033333,6.966667,8.721333,0.000000,0.837758
50,12.033333,6.966667,8.714000,0.000000,0.846643
51,12.033333,6.900000,8.713333,0.000000,0.858559
52,12.033333,6.933333,8.734000,0.000000,0.850902
53,12.033333,7.033333,8.757333,0.000000,0.900088
54,12.033333,7.000000,8.706000,0.000000,0.844603
55,12.033333,6.966667,8.772667,0.000000,0.870590
56,12.033333,7.033333,8.730667,0.000000,0.850146
57,12.033333,7.033333,8.697333,0.000000,0.806202
58,12.033333,7.000000,8.723333,0.000000,0.893382
59,12.033333,6.966667,8.729333,0.000000,0.878596
60,12.033333,7.000000,8.723333,0.000000,0.865732
61,12.033333,6.933333,8.708000,0.000000,0.858970
62,12.066667,6.833333,8.732667,0.000000,0.874419
63,12.066667,7.066667,8.733333,0.000000,0.832655
64,12.066667,6.966667,8.750000,0.000000,0.877033
65,12.066667,6.966667,8.711333,0.000000,0.866025
66,12.066667,6.933333,8.712667,0.000000,0.880253
67,12.066667,6.933333,8.725333,0.000000,0.891584
68,12.066667,7.033333,8.739333,0.000000,0.860856
69,12.066667,7.000000,8.750000,0.000000,0.889663
70,12.066667,7.033333,8.760667,0.000000,0.852918
71,12.066667,6.933333,8.723333,0.000000,0.859441
72,12.066667,7.000000,8.698667,0.000000,0.872249
73,12.066667,6.900000,8.744000,0.000000,0.882473
74,12.066667,6.966667,8.716667,0.000000,0.892514
75,12.066667,7.000000,8.757333,0.000000,0.883369
76,12.066667,6.966667,8.753333,0.000000,0.835711
77,12.066667,6.966667,8.746000,0.000000,0.872788
78,12.066667,7.000000,8.707333,0.000000,0.848944
79,12.066667,6.900000,8.697333,0.000000,0.875064
80,12.066667,6.966667,8.708667,0.000000,0.835561
81,12.066667,7.000000,8.698000,0.000000,0.877017
82,12.066667,6.966667,8.691333,0.000000,0.843010
83,12.066667,7.000000,8.754000,0.000000,0.868257
84,12.066667,6.966667,8.715333,0.000000,0.856914
85,12.066667,6.933333,8.754000,0.000000,0.870738
86,12.066667,7.033333,8.737333,0.000000,0.854980
87,12.066667,7.000000,8.682667,0.000000,0.841486
88,12.066667,6.966667,8.716667,0.000000,0.822241
89,12.066667,7.033333,8.754000,0.000000,0.856920
90,12.066667,6.933333,8.750000,0.000000,0.879301
91,12.066667,6.933333,8.735333,0.000000,0.875234
92,12.066667,6.933333,8.739333,0.000000,0.857777
93,12.066667,6.966667,8.692667,0.000000,0.850086
94,12.066667,7.000000,8.714000,0.000000,0.868933
95,12.066667,7.033333,8.771333,0.000000,0.852070
96,12.066667,6.933333,8.735333,0.000000,0.869364
97,12.066667,6.933333,8.766667,0.000000,0.853157
98,12.066667,6.933333,8.746000,0.000000,0.856025
99,12.066667,7.000000,8.716667,0.000000,0.854613
100,12.066667,6.966667,8.757333,0.000000,0.862973
101,12.066667,7.000000,8.743333,0.000000,0.867676
102,12.066667,6.966667,8.723333,0.000000,0.851275
103,12.066667,6.866667,8.722667,0.000000,0.859330
104,12.066667,7.000000,8.728667,0.000000,0.868397
105,12.066667,7.000000,8.684667,0.000000,0.841244
106,12.066667,7.033333,8.723333,0.000000,0.832230
107,12.066667,6.966667,8.706000,0.000000,0.846032
108,12.066667,7.000000,8.740667,0.000000,0.873110
109,12.066667,6.966667,8.726667,0.000000,0.848002
110,12.066667,6.933333,8.722667,0.000000,0.864628
111,12.100000,7.033333,8.730667,0.000000,0.861348
112,12.100000,7.000000,8.730667,0.000000,0.851486
113,12.100000,7.100000,8.748000,0.000000,0.848473
114,12.100000,7.000000,8.740667,0.000000,0.888052
115,12.100000,7.000000,8.722667,0.000000,0.832341
116,12.100000,6.800000,8.730667,0.000000,0.874879
117,12.100000,7.000000,8.752667,0.000000,0.871768
118,12.100000,7.000000,8.724000,0.000000,0.868038
119,12.100000,7.033333,8.749333,0.000000,0.858263
120,12.100000,6.933333,8.746667,0.000000,0.843564
121,12.100000,7.000000,8.703333,0.000000,0.856738
122,12.100000,7.033333,8.711333,0.000000,0.841175
123,12.100000,7.000000,8.736667,0.000000,0.819421
124,12.100000,6.933333,8.714000,0.000000,0.841940
125,12.100000,7.000000,8.742000,0.000000,0.888603
126,12.100000,6.900000,8.739333,0.000000,0.868124
127,12.100000,7.033333,8.752667,0.000000,0.854711
128,12.100000,7.066667,8.700667,0.000000,0.863781
129,12.100000,6.966667,8.730000,0.000000,0.854302
130,12.100000,7.033333,8.723333,0.000000,0.842143
131,12.100000,7.166667,8.735333,0.000000,0.816264
132,12.100000,7.000000,8.722667,0.000000,0.810568
133,12.100000,7.033333,8.742000,0.000000,0.820907
134,12.100000,6.966667,8.696000,0.000000,0.868940
135,12.100000,7.066667,8.703333,0.000000,0.841257
136,12.100000,7.033333,8.708667,0.000000,0.867893
137,12.100000,7.000000,8.738667,0.000000,0.871162
138,12.100000,6.966667,8.716000,0.000000,0.852633
139,12.100000,7.033333,8.746000,0.000000,0.847963
140,12.100000,7.000000,8.724000,0.000000,0.866370
141,12.100000,7.000000,8.709333,0.000000,0.851112
142,12.100000,6.933333,8.749333,0.000000,0.878315
143,12.100000,6.966667,8.695333,0.000000,0.861891
144,12.100000,6.933333,8.736000,0.000000,0.858238
145,12.100000,6.966667,8.738667,0.000000,0.870473
146,12.100000,6.966667,8.772667,0.000000,0.874959
147,12.100000,6.833333,8.740000,0.000000,0.890918
148,12.133333,7.033333,8.716000,0.000000,0.858654
149,12.133333,7.000000,8.757333,0.000000,0.872250
150,12.133333,6.900000,8.726667,0.000000,0.880185
151,12.133333,6.933333,8.706000,0.000000,0.869803
152,12.133333,6.866667,8.684000,0.000000,0.855397
153,12.133333,7.033333,8.736667,0.000000,0.853208
154,12.133333,7.066667,8.742000,0.000000,0.854352
155,12.133333,6.966667,8.720000,0.000000,0.862200
156,12.133333,7.000000,8.737333,0.000000,0.857687
157,12.133333,7.000000,8.713333,0.000000,0.879677
158,12.133333,6.966667,8.743333,0.000000,0.861584
159,12.133333,6.933333,8.735333,0.000000,0.886973
160,12.133333,7.100000,8.713333,0.000000,0.849350
161,12.133333,7.033333,8.766000,0.000000,0.865300
162,12.133333,6.966667,8.749333,0.000000,0.860360
163,12.133333,7.100000,8.770667,0.000000,0.850478
164,12.133333,6.933333,8.735333,0.033333,0.869520
165,12.133333,7.000000,8.706667,0.000000,0.851819
166,12.133333,7.000000,8.720667,0.000000,0.852137
167,12.133333,7.033333,8.746667,0.000000,0.859962
168,12.133333,6.966667,8.713333,0.000000,0.864993
169,12.133333,6.900000,8.732000,0.000000,0.891905
170,12.133333,7.000000,8.752667,0.000000,0.847298
171,12.133333,7.000000,8.705333,0.000000,0.863618
172,12.133333,6.933333,8.719333,0.000000,0.859533
173,12.133333,7.000000,8.702000,0.000000,0.854028
174,12.133333,6.933333,8.682000,0.000000,0.865153
175,12.133333,6.966667,8.704667,0.000000,0.872742
176,12.133333,6.966667,8.739333,0.000000,0.878991
177,12.133333,6.966667,8.730667,0.000000,0.873549
178,12.133333,7.033333,8.757333,0.000000,0.848874
179,12.133333,7.066667,8.766000,0.000000,0.859300
180,12.133333,6.966667,8.699333,0.000000,0.847745
181,12.133333,6.933333,8.716000,0.000000,0.865095
182,12.133333,7.066667,8.754667,0.000000,0.871421
183,12.133333,6.966667,8.748667,0.000000,0.846179
184,12.133333,7.000000,8.721333,0.000000,0.862822
185,12.133333,7.000000,8.725333,0.000000,0.845774
186,12.133333,6.966667,8.704667,0.000000,0.862333
187,12.133333,7.000000,8.722000,0.000000,0.834227
188,12.133333,7.033333,8.735333,0.000000,0.875096
189,12.133333,7.000000,8.700667,0.000000,0.856938
190,12.133333,7.033333,8.743333,0.000000,0.856483
191,12.133333,7.000000,8.762000,0.000000,0.867076
192,12.133333,7.033333,8.735333,0.000000,0.867521
193,12.133333,7.000000,8.726667,0.000000,0.840228
194,12.133333,7.000000,8.732000,0.000000,0.843325
195,12.133333,7.000000,8.739333,0.000000,0.870053
196,12.133333,7.000000,8.700000,0.000000,0.848623
197,12.133333,6.966667,8.691333,0.000000,0.867262
198,12.133333,7.033333,8.766667,0.000000,0.837644
199,12.133333,6.933333,8.681333,0.000000,0.851957
200,12.133333,6.933333,8.706667,0.000000,0.869523
201,12.133333,6.866667,8.741333,0.000000,0.842053
202,12.133333,7.033333,8.731333,0.000000,0.864088
203,12.133333,7.000000,8.730000,0.000000,0.893633
204,12.133333,7.033333,8.732000,0.000000,0.850894
205,12.133333,6.966667,8.759333,0.000000,0.868143
206,12.133333,6.966667,8.692667,0.000000,0.863805
207,12.133333,6.966667,8.756000,0.000000,0.890258
208,12.133333,6.966667,8.689333,0.000000,0.876080
209,12.133333,6.933333,8.748000,0.000000,0.851776
210,12.133333,7.066667,8.767333,0.000000,0.842581
211,12.133333,7.100000,8.720667,0.000000,0.864616
212,12.133333,7.000000,8.712667,0.000000,0.832877
213,12.133333,7.033333,8.773333,0.000000,0.846190
214,12.133333,7.033333,8.779333,0.000000,0.869830
215,12.133333,6.966667,8.754667,0.000000,0.885282
216,12.133333,7.033333,8.750667,0.000000,0.843489
217,12.133333,7.000000,8.694000,0.000000,0.845673
218,12.133333,6.900000,8.730667,0.000000,0.853374
219,12.133333,6.933333,8.704000,0.000000,0.855686
220,12.133333,6.933333,8.752000,0.000000,0.850221
221,12.133333,7.000000,8.730667,0.000000,0.864983
222,12.133333,6.966667,8.712667,0.000000,0.848801
223,12.133333,7.000000,8.782000,0.000000,0.880771
224,12.133333,7.000000,8.734000,0.000000,0.868407
225,12.133333,6.966667,8.737333,0.000000,0.850072
226,12.133333,7.033333,8.752000,0.000000,0.863823
227,12.133333,6.966667,8.702000,0.000000,0.852111
228,12.133333,7.000000,8.718000,0.000000,0.839189
229,12.133333,6.966667,8.715333,0.000000,0.862019
230,12.133333,7.033333,8.748667,0.000000,0.865096
231,12.133333,6.933333,8.748667,0.000000,0.869647
232,12.133333,7.000000,8.774667,0.000000,0.869877
233,12.133333,6.900000,8.769333,0.000000,0.871766
234,12.133333,7.000000,8.722667,0.000000,0.848352
235,12.133333,6.966667,8.723333,0.000000,0.871222
236,12.133333,6.933333,8.728000,0.000000,0.858262
237,12.133333,7.066667,8.750667,0.000000,0.843709
238,12.133333,7.100000,8.717333,0.000000,0.870521
239,12.133333,7.066667,8.694667,0.000000,0.828077
240,12.133333,7.000000,8.720000,0.000000,0.870289
241,12.133333,6.933333,8.693333,0.000000,0.861217
242,12.133333,7.000000,8.732667,0.000000,0.885970
243,12.133333,6.966667,8.686667,0.000000,0.868182
244,12.133333,6.933333,8.755333,0.000000,0.863195
245,12.133333,6.966667,8.790667,0.000000,0.885022
246,12.133333,6.966667,8.693333,0.000000,0.866236
247,12.133333,6.966667,8.758667,0.000000,0.878306
248,12.133333,7.100000,8.711333,0.000000,0.855570
249,12.133333,6.966667,8.742667,0.000000,0.881256
250,12.133333,7.033333,8.733333,0.000000,0.875580
251,12.133333,7.000000,8.723333,0.000000,0.866764
252,12.133333,6.933333,8.760000,0.000000,0.844711
253,12.133333,7.000000,8.767333,0.000000,0.880727
254,12.133333,7.066667,8.743333,0.000000,0.860347
255,12.133333,7.033333,8.738000,0.000000,0.865304
256,12.133333,6.966667,8.726667,0.000000,0.841399
257,12.133333,7.033333,8.752667,0.000000,0.867677
258,12.133333,7.066667,8.742667,0.000000,0.867266
259,12.133333,7.000000,8.706000,0.000000,0.850168
260,12.133333,7.066667,8.731333,0.000000,0.854070
261,12.133333,6.933333,8.730667,0.000000,0.875764
262,12.133333,6.933333,8.735333,0.000000,0.886450
263,12.133333,7.033333,8.752667,0.000000,0.867293
264,12.133333,6.933333,8.751333,0.000000,0.868523
265,12.133333,7.066667,8.755333,0.000000,0.825961
266,12.133333,7.033333,8.742667,0.000000,0.852968
267,12.133333,6.933333,8.728667,0.000000,0.839039
268,12.133333,7.033333,8.745333,0.000000,0.832454
269,12.133333,6.933333,8.705333,0.000000,0.854497
270,12.133333,6.966667,8.725333,0.000000,0.877215
271,12.133333,7.000000,8.762667,0.000000,0.872270
272,12.166667,6.866667,8.698667,0.000000,0.869166
273,12.166667,7.000000,8.759333,0.000000,0.862689
274,12.166667,7.000000,8.762000,0.000000,0.885316
275,12.166667,6.966667,8.732667,0.000000,0.894994
276,12.166667,7.066667,8.740000,0.000000,0.848474
277,12.166667,7.100000,8.758000,0.000000,0.872663
278,12.166667,7.000000,8.749333,0.000000,0.867086
279,12.166667,7.033333,8.718000,0.000000,0.822220
280,12.166667,6.966667,8.724667,0.000000,0.865889
281,12.166667,7.066667,8.744667,0.000000,0.853806
282,12.166667,7.066667,8.696667,0.000000,0.836855
283,12.166667,6.966667,8.761333,0.000000,0.863167
284,12.166667,6.966667,8.728000,0.000000,0.872829
285,12.166667,7.033333,8.749333,0.000000,0.848592
286,12.166667,6.966667,8.714000,0.000000,0.871343
287,12.166667,7.033333,8.760000,0.000000,0.859864
288,12.166667,6.966667,8.714667,0.000000,0.851456
289,12.166667,6.966667,8.692667,0.000000,0.864056
290,12.166667,6.933333,8.749333,0.000000,0.887865
291,12.166667,7.000000,8.738000,0.000000,0.867075
292,12.166667,7.066667,8.740000,0.000000,0.860356
293,12.166667,6.966667,8.730667,0.000000,0.864735
294,12.166667,6.933333,8.754667,0.000000,0.881414
295,12.166667,7.000000,8.722000,0.000000,0.873297
296,12.166667,7.066667,8.726667,0.000000,0.834542
297,12.166667,6.866667,8.718667,0.000000,0.842713
298,12.166667,6.966667,8.707333,0.000000,0.845023
299,12.166667,6.933333,8.717333,0.000000,0.869598
300,12.166667,7.000000,8.725333,0.000000,0.847175
301,12.166667,6.966667,8.762000,0.000000,0.882817
302,12.166667,6.966667,8.739333,0.000000,0.860898
303,12.166667,7.066667,8.799333,0.000000,0.858659
304,12.166667,7.066667,8.750667,0.000000,0.871798
305,12.166667,7.000000,8.745333,0.000000,0.838517
306,12.166667,7.000000,8.751333,0.000000,0.879337
307,12.166667,7.033333,8.728000,0.000000,0.833638
308,12.166667,7.066667,8.699333,0.000000,0.832472
309,12.166667,7.000000,8.680000,0.000000,0.845603
310,12.166667,7.033333,8.738667,0.000000,0.860756
311,12.166667,7.033333,8.698667,0.000000,0.855895
312,12.166667,7.000000,8.742667,0.000000,0.816658
313,12.166667,6.966667,8.737333,0.000000,0.849664
314,12.166667,6.900000,8.709333,0.000000,0.883290
315,12.166667,7.033333,8.727333,0.000000,0.854705
316,12.166667,6.966667,8.720000,0.000000,0.865991
317,12.166667,6.966667,8.698000,0.000000,0.842320
318,12.166667,6.933333,8.697333,0.000000,0.852992
319,12.166667,7.000000,8.734000,0.000000,0.858690
320,12.166667,7.133333,8.764000,0.000000,0.861135
321,12.166667,7.000000,8.733333,0.000000,0.867209
322,12.166667,7.066667,8.742000,0.000000,0.867463
323,12.166667,7.033333,8.747333,0.000000,0.864602
324,12.166667,7.000000,8.720000,0.000000,0.840618
325,12.166667,7.100000,8.712000,0.000000,0.839643
326,12.166667,7.000000,8.730667,0.000000,0.860821
327,12.166667,6.966667,8.729333,0.000000,0.895494
328,12.166667,6.900000,8.702667,0.000000,0.865369
329,12.166667,6.900000,8.724667,0.000000,0.860114
330,12.166667,6.900000,8.726667,0.000000,0.871232
331,12.166667,6.933333,8.708667,0.000000,0.853759
332,12.166667,7.033333,8.746000,0.000000,0.876423
333,12.166667,7.100000,8.711333,0.000000,0.806271
334,12.200000,7.066667,8.723333,0.000000,0.859365
335,12.200000,6.866667,8.749333,0.000000,0.863576
336,12.200000,7.033333,8.788667,0.000000,0.833631
337,12.200000,6.966667,8.764667,0.000000,0.867360
338,12.200000,6.866667,8.732000,0.000000,0.867298
339,12.200000,6.966667,8.732000,0.000000,0.862458
340,12.200000,6.966667,8.731333,0.000000,0.869363
341,12.200000,7.000000,8.696667,0.000000,0.871877
342,12.200000,7.000000,8.746667,0.000000,0.848530
343,12.200000,7.000000,8.732000,0.000000,0.860936
344,12.200000,7.033333,8.748000,0.000000,0.827973
345,12.200000,6.933333,8.704000,0.000000,0.851366
346,12.200000,6.966667,8.692667,0.000000,0.817610
347,12.200000,6.966667,8.726667,0.000000,0.871184
348,12.200000,7.000000,8.734667,0.000000,0.875817
349,12.200000,6.900000,8.722000,0.000000,0.855952
350,12.200000,6.966667,8.734000,0.000000,0.871979
351,12.200000,6.966667,8.718667,0.000000,0.858810
352,12.200000,7.000000,8.732000,0.000000,0.861696
353,12.200000,7.033333,8.752667,0.000000,0.847629
354,12.200000,7.033333,8.706667,0.000000,0.839837
355,12.200000,6.900000,8.725333,0.000000,0.855241
356,12.200000,6.966667,8.729333,0.000000,0.866858
357,12.200000,7.033333,8.757333,0.000000,0.879719
358,12.200000,6.933333,8.752000,0.000000,0.877865
359,12.200000,7.166667,8.752667,0.000000,0.876140
360,12.200000,6.866667,8.704667,0.000000,0.858337
361,12.200000,6.933333,8.738000,0.000000,0.872956
362,12.200000,7.000000,8.732000,0.000000,0.831762
363,12.200000,7.000000,8.782000,0.000000,0.871236
364,12.200000,7.033333,8.742000,0.000000,0.862403
365,12.200000,7.000000,8.715333,0.000000,0.875151
366,12.200000,7.000000,8.733333,0.000000,0.847224
367,12.200000,7.000000,8.732667,0.000000,0.852697
368,12.200000,6.966667,8.728000,0.000000,0.852618
369,12.200000,7.033333,8.783333,0.000000,0.848408
370,12.200000,7.000000,8.740667,0.000000,0.857320
371,12.200000,6.933333,8.729333,0.000000,0.865861
372,12.200000,6.933333,8.750000,0.000000,0.887869
373,12.200000,7.066667,8.722000,0.000000,0.850993
374,12.200000,7.000000,8.730667,0.000000,0.864195
375,12.200000,7.000000,8.726000,0.000000,0.842293
376,12.200000,6.900000,8.723333,0.000000,0.870010
377,12.200000,7.000000,8.725333,0.000000,0.836437
378,12.200000,7.000000,8.741333,0.000000,0.846630
379,12.200000,6.900000,8.731333,0.000000,0.875874
380,12.200000,6.966667,8.718667,0.000000,0.843072
381,12.200000,7.033333,8.728667,0.000000,0.864469
382,12.200000,7.000000,8.718667,0.000000,0.832956
383,12.200000,7.000000,8.746667,0.000000,0.861644
384,12.200000,7.033333,8.744000,0.000000,0.864038
385,12.200000,6.933333,8.746667,0.000000,0.865170
386,12.200000,6.966667,8.757333,0.000000,0.862778
387,12.200000,6.933333,8.732000,0.000000,0.869705
388,12.200000,6.900000,8.729333,0.000000,0.866336
389,12.200000,7.000000,8.726000,0.000000,0.850028
390,12.200000,6.966667,8.780000,0.000000,0.849985
391,12.200000,6.933333,8.723333,0.000000,0.854109
392,12.200000,6.966667,8.746667,0.000000,0.867358
393,12.200000,7.000000,8.721333,0.000000,0.872709
394,12.200000,7.100000,8.766667,0.000000,0.847144
395,12.200000,6.966667,8.763333,0.000000,0.878453
396,12.200000,7.000000,8.726667,0.000000,0.854499
397,12.200000,6.900000,8.655333,0.000000,0.861428
398,12.200000,6.900000,8.747333,0.000000,0.867858
399,12.200000,6.900000,8.736000,0.000000,0.862320
400,12.200000,7.000000,8.744667,0.000000,0.860343
401,12.200000,7.000000,8.780667,0.000000,0.843745
402,12.233333,7.033333,8.716000,0.000000,0.880213
403,12.233333,6.933333,8.714667,0.000000,0.873128
404,12.233333,7.033333,8.699333,0.000000,0.838853
405,12.233333,6.966667,8.740000,0.000000,0.852143
406,12.233333,7.000000,8.712000,0.000000,0.847771
407,12.233333,7.000000,8.718000,0.000000,0.853287
408,12.233333,7.066667,8.752000,0.000000,0.869060
409,12.233333,7.033333,8.722000,0.000000,0.852691
410,12.233333,7.033333,8.747333,0.000000,0.863171
411,12.233333,6.933333,8.732667,0.000000,0.850940
412,12.233333,7.033333,8.727333,0.000000,0.868617
413,12.233333,7.033333,8.758000,0.000000,0.871054
414,12.233333,7.000000,8.734667,0.000000,0.834641
415,12.233333,6.966667,8.744667,0.000000,0.848506
416,12.233333,7.033333,8.723333,0.000000,0.860501
417,12.233333,6.933333,8.721333,0.000000,0.849324
418,12.233333,7.000000,8.741333,0.000000,0.865541
419,12.233333,7.033333,8.750000,0.000000,0.856936
420,12.233333,6.900000,8.776000,0.000000,0.868186
421,12.233333,7.033333,8.776667,0.000000,0.863014
422,12.233333,7.033333,8.756000,0.000000,0.817173
423,12.233333,6.966667,8.713333,0.000000,0.824586
424,12.233333,6.933333,8.728000,0.000000,0.863103
425,12.233333,7.000000,8.698000,0.000000,0.820833
426,12.233333,7.000000,8.740000,0.000000,0.846681
427,12.233333,6.933333,8.740667,0.000000,0.882803
428,12.233333,6.966667,8.742667,0.000000,0.865870
429,12.233333,7.033333,8.738667,0.000000,0.890955
430,12.233333,7.033333,8.688667,0.000000,0.868019
431,12.233333,6.900000,8.704667,0.000000,0.850040
432,12.233333,6.966667,8.776000,0.000000,0.879603
433,12.266667,6.933333,8.744000,0.000000,0.893463
434,12.266667,6.900000,8.694000,0.000000,0.855358
435,12.266667,6.933333,8.701333,0.000000,0.848154
436,12.266667,7.000000,8.763333,0.000000,0.876625
437,12.266667,7.033333,8.718667,0.000000,0.851234
438,12.266667,7.000000,8.673333,0.000000,0.828444
439,12.266667,7.000000,8.742667,0.000000,0.863987
440,12.266667,6.966667,8.738000,0.000000,0.865363
441,12.266667,7.000000,8.718667,0.000000,0.858269
442,12.266667,6.966667,8.761333,0.000000,0.872493
443,12.266667,6.933333,8.688667,0.000000,0.858448
444,12.266667,6.933333,8.771333,0.000000,0.885619
445,12.266667,6.966667,8.763333,0.000000,0.867352
446,12.266667,7.000000,8.722000,0.000000,0.861606
447,12.266667,7.100000,8.742667,0.000000,0.831061
448,12.266667,7.000000,8.744000,0.000000,0.837143
449,12.266667,6.933333,8.730667,0.000000,0.884926
450,12.266667,6.966667,8.724000,0.000000,0.884245
451,12.266667,7.033333,8.737333,0.000000,0.866187
452,12.266667,6.866667,8.692667,0.000000,0.877764
453,12.266667,6.900000,8.717333,0.000000,0.872957
454,12.266667,6.966667,8.677333,0.000000,0.842686
455,12.266667,6.966667,8.724000,0.000000,0.872849
456,12.266667,7.066667,8.696000,0.000000,0.839075
457,12.266667,6.966667,8.749333,0.000000,0.854969
458,12.266667,7.000000,8.732667,0.000000,0.861523
459,12.266667,7.000000,8.740667,0.000000,0.840433
460,12.266667,7.033333,8.723333,0.000000,0.863958
461,12.266667,6.966667,8.742667,0.000000,0.869454
462,12.266667,7.033333,8.792000,0.000000,0.858002
463,12.266667,6.966667,8.761333,0.000000,0.859330
464,12.266667,7.033333,8.760000,0.000000,0.863736
465,12.266667,6.933333,8.742000,0.000000,0.862702
466,12.266667,6.900000,8.734667,0.000000,0.875862
467,12.266667,7.000000,8.717333,0.000000,0.864904
468,12.266667,7.066667,8.728000,0.000000,0.841383
469,12.266667,6.966667,8.777333,0.000000,0.843917
470,12.266667,6.966667,8.759333,0.000000,0.874374
471,12.266667,6.966667,8.720667,0.000000,0.847246
472,12.266667,7.066667,8.738667,0.000000,0.839988
473,12.266667,7.033333,8.761333,0.000000,0.858149
474,12.266667,7.033333,8.717333,0.000000,0.859596
475,12.266667,7.100000,8.745333,0.000000,0.818685
476,12.266667,6.933333,8.736000,0.000000,0.872290
477,12.266667,7.000000,8.746667,0.000000,0.849957
478,12.266667,7.000000,8.777333,0.000000,0.850737
479,12.266667,7.033333,8.716667,0.000000,0.872039
480,12.266667,7.000000,8.740000,0.000000,0.870794
481,12.266667,7.033333,8.752667,0.000000,0.860882
482,12.266667,6.933333,8.728667,0.000000,0.872251
483,12.266667,7.000000,8.754667,0.000000,0.863285
484,12.266667,7.066667,8.735333,0.000000,0.855332
485,12.266667,6.933333,8.744667,0.000000,0.871562
486,12.266667,6.966667,8.744667,0.000000,0.845771
487,12.266667,6.966667,8.717333,0.000000,0.874830
488,12.266667,7.000000,8.740000,0.000000,0.844290
489,12.266667,6.966667,8.752667,0.000000,0.872476
490,12.266667,7.000000,8.721333,0.000000,0.868513
491,12.266667,6.900000,8.709333,0.000000,0.858183
492,12.266667,7.033333,8.722667,0.000000,0.843378
493,12.266667,6.833333,8.687333,0.000000,0.872992
494,12.266667,6.900000,8.729333,0.000000,0.865029
495,12.266667,7.000000,8.729333,0.000000,0.868521
496,12.266667,7.066667,8.760000,0.000000,0.833546
497,12.266667,6.966667,8.734667,0.000000,0.870353
498,12.266667,6.900000,8.732667,0.000000,0.862938
499,12.266667,7.000000,8.749333,0.000000,0.858307
500,12.266667,6.933333,8.722667,0.000000,0.855698
BestSdev: 0.180966, Time: 9m59.071584694s