gen,best,worst,mean,rep,sdev
1,11.233333,6.933333,8.750333,0.000000,0.888451
2,11.300000,6.933333,8.725333,0.000000,0.860309
3,11.400000,6.900000,8.741333,0.000000,0.864652
4,11.466667,6.966667,8.745667,0.000000,0.851651
5,11.466667,6.933333,8.736667,0.000000,0.862701
6,11.533333,6.866667,8.739667,0.000000,0.848323
7,11.700000,6.900000,8.746000,0.000000,0.883715
8,11.733333,6.933333,8.699333,0.000000,0.851212
9,11.733333,6.966667,8.732667,0.000000,0.866163
10,11.833333,6.966667,8.750000,0.000000,0.875566
11,11.833333,6.800000,8.732333,0.000000,0.852823
12,11.866667,6.900000,8.760333,0.000000,0.882082
13,11.933333,6.966667,8.742000,0.000000,0.866562
14,11.966667,6.866667,8.752333,0.000000,0.857578
15,11.966667,7.033333,8.762333,0.000000,0.857733
16,11.966667,6.966667,8.756000,0.000000,0.866957
17,11.966667,6.966667,8.739667,0.000000,0.845964
18,11.966667,6.966667,8.739000,0.000000,0.860103
19,11.966667,6.966667,8.760000,0.000000,0.876065
20,11.966667,6.833333,8.711000,0.000000,0.861193
21,11.966667,6.833333,8.739333,0.000000,0.869525
22,12.000000,6.900000,8.710667,0.000000,0.886623
23,12.000000,6.866667,8.731000,0.033333,0.851782
24,12.000000,6.900000,8.710333,0.033333,0.853749
25,12.000000,6.933333,8.724667,0.000000,0.874853
26,12.000000,6.866667,8.728333,0.000000,0.846435
27,12.000000,6.900000,8.725333,0.000000,0.887258
28,12.000000,6.866667,8.718000,0.000000,0.872309
29,12.000000,6.800000,8.728000,0.000000,0.867599
30,12.000000,6.900000,8.755333,0.000000,0.870205
31,12.000000,6.800000,8.748000,0.000000,0.859143
32,12.000000,6.933333,8.717333,0.000000,0.878942
33,12.033333,6.900000,8.769667,0.000000,0.894060
34,12.033333,6.866667,8.731333,0.000000,0.867099
35,12.033333,6.866667,8.725000,0.000000,0.871591
36,12.033333,6.900000,8.734667,0.000000,0.854158
37,12.033333,6.900000,8.730000,0.000000,0.870324
38,12.033333,6.833333,8.720000,0.000000,0.856972
39,12.033333,6.866667,8.706667,0.000000,0.854086
40,12.033333,6.933333,8.723333,0.000000,0.877615
41,12.033333,6.866667,8.760000,0.000000,0.854188
42,12.033333,6.933333,8.723000,0.000000,0.848759
43,12.066667,6.866667,8.734000,0.000000,0.861476
44,12.066667,6.900000,8.743333,0.000000,0.863679
45,12.066667,6.966667,8.744000,0.000000,0.861850
46,12.066667,6.966667,8.705000,0.000000,0.866812
47,12.066667,6.800000,8.738000,0.000000,0.847081
48,12.066667,6.966667,8.755667,0.000000,0.862016
49,12.066667,6.900000,8.747333,0.000000,0.862329
50,12.066667,6.866667,8.729000,0.000000,0.887466
51,12.066667,6.866667,8.703333,0.000000,0.876147
52,12.066667,6.933333,8.737333,0.000000,0.856206
53,12.066667,6.900000,8.731000,0.000000,0.872366
54,12.066667,6.933333,8.725667,0.000000,0.853941
55,12.100000,6.966667,8.766000,0.000000,0.853985
56,12.100000,7.000000,8.723000,0.000000,0.860226
57,12.100000,6.833333,8.744333,0.000000,0.862063
58,12.100000,7.000000,8.733000,0.000000,0.860699
59,12.133333,6.966667,8.744333,0.000000,0.843526
60,12.133333,6.900000,8.738667,0.000000,0.863543
61,12.133333,6.800000,8.769667,0.000000,0.881436
62,12.133333,6.800000,8.711000,0.000000,0.874332
63,12.133333,6.800000,8.745333,0.000000,0.855790
64,12.133333,6.900000,8.717333,0.000000,0.854830
65,12.133333,7.033333,8.757667,0.000000,0.859915
66,12.133333,6.900000,8.741000,0.000000,0.867157
67,12.133333,6.800000,8.742000,0.000000,0.863114
68,12.133333,6.900000,8.746667,0.000000,0.877061
69,12.133333,6.933333,8.727667,0.000000,0.851585
70,12.133333,6.933333,8.717000,0.000000,0.876996
71,12.133333,6.800000,8.714000,0.000000,0.883657
72,12.133333,6.833333,8.721667,0.000000,0.859796
73,12.133333,6.833333,8.738000,0.000000,0.878264
74,12.133333,6.866667,8.748000,0.000000,0.868548
75,12.133333,6.800000,8.706000,0.000000,0.868743
76,12.133333,6.966667,8.747333,0.000000,0.870135
77,12.133333,6.800000,8.737000,0.000000,0.857907
78,12.166667,6.966667,8.739667,0.000000,0.872349
79,12.166667,6.966667,8.731000,0.000000,0.864382
80,12.166667,6.733333,8.735333,0.000000,0.872466
81,12.166667,6.866667,8.748333,0.000000,0.852925
82,12.166667,6.933333,8.714000,0.000000,0.862252
83,12.166667,6.966667,8.755000,0.000000,0.867561
84,12.166667,7.000000,8.750667,0.000000,0.849390
85,12.166667,6.900000,8.745667,0.000000,0.861730
86,12.166667,6.900000,8.746000,0.000000,0.875878
87,12.166667,6.800000,8.733000,0.000000,0.880612
88,12.166667,6.900000,8.741667,0.000000,0.857286
89,12.166667,6.900000,8.703333,0.000000,0.870738
90,12.166667,6.800000,8.743000,0.000000,0.863550
91,12.166667,6.800000,8.724000,0.000000,0.880421
92,12.166667,6.933333,8.731333,0.000000,0.855939
93,12.166667,6.766667,8.714000,0.000000,0.850461
94,12.166667,7.000000,8.733333,0.000000,0.863574
95,12.166667,6.766667,8.712333,0.000000,0.874227
96,12.166667,6.866667,8.721333,0.000000,0.877754
97,12.166667,6.866667,8.756667,0.000000,0.856416
98,12.166667,6.900000,8.712000,0.000000,0.850454
99,12.166667,6.766667,8.726667,0.000000,0.864424
100,12.166667,6.900000,8.732667,0.000000,0.870762
101,12.166667,6.966667,8.715667,0.000000,0.857684
102,12.166667,6.900000,8.762667,0.000000,0.869813
103,12.166667,6.833333,8.718667,0.000000,0.863973
104,12.166667,6.833333,8.747000,0.000000,0.874184
105,12.166667,6.933333,8.724000,0.000000,0.869710
106,12.166667,6.700000,8.724000,0.000000,0.865639
107,12.166667,6.900000,8.731000,0.000000,0.870161
108,12.166667,6.900000,8.720667,0.000000,0.872534
109,12.166667,6.900000,8.732333,0.000000,0.854162
110,12.166667,6.900000,8.735333,0.000000,0.879022
111,12.166667,6.800000,8.703667,0.000000,0.869590
112,12.200000,6.933333,8.737333,0.000000,0.863329
113,12.200000,6.833333,8.738000,0.000000,0.876615
114,12.200000,6.966667,8.753000,0.000000,0.860625
115,12.200000,6.933333,8.726000,0.000000,0.884725
116,12.200000,6.833333,8.718667,0.000000,0.865760
117,12.200000,6.866667,8.737667,0.000000,0.885377
118,12.200000,6.866667,8.756000,0.000000,0.859483
119,12.200000,6.933333,8.708667,0.000000,0.855216
120,12.200000,6.800000,8.725000,0.000000,0.871069
121,12.200000,6.933333,8.747333,0.000000,0.861387
122,12.200000,6.900000,8.739000,0.000000,0.873337
123,12.200000,6.766667,8.712667,0.000000,0.875716
124,12.200000,6.866667,8.741000,0.000000,0.861459
125,12.200000,6.833333,8.741333,0.000000,0.862033
126,12.200000,6.933333,8.721667,0.000000,0.857161
127,12.200000,6.866667,8.741000,0.000000,0.871770
128,12.200000,6.966667,8.743333,0.000000,0.857273
129,12.200000,6.966667,8.717000,0.000000,0.861122
130,12.200000,6.900000,8.758333,0.000000,0.860682
131,12.200000,6.833333,8.736667,0.000000,0.863565
132,12.200000,6.833333,8.732000,0.000000,0.853660
133,12.200000,6.900000,8.739000,0.000000,0.861027
134,12.200000,6.866667,8.754333,0.000000,0.854413
135,12.200000,6.933333,8.733667,0.000000,0.865434
136,12.200000,6.833333,8.721667,0.000000,0.883241
137,12.200000,6.866667,8.727000,0.000000,0.865035
138,12.200000,6.866667,8.729667,0.000000,0.870943
139,12.200000,6.900000,8.743667,0.000000,0.858066
140,12.200000,6.900000,8.743667,0.000000,0.853761
141,12.200000,6.933333,8.743333,0.000000,0.860009
142,12.200000,6.900000,8.715000,0.000000,0.865992
143,12.200000,6.900000,8.734667,0.000000,0.844571
144,12.200000,6.866667,8.755333,0.000000,0.871809
145,12.200000,6.933333,8.756333,0.000000,0.872083
146,12.200000,6.966667,8.746000,0.000000,0.862052
147,12.233333,6.900000,8.707000,0.000000,0.870383
148,12.233333,6.866667,8.715000,0.000000,0.873565
149,12.233333,6.900000,8.719333,0.000000,0.862096
150,12.233333,6.900000,8.739333,0.000000,0.882575
151,12.233333,6.766667,8.729667,0.000000,0.870390
152,12.233333,6.866667,8.755000,0.000000,0.875431
153,12.233333,6.866667,8.703667,0.000000,0.861385
154,12.233333,6.966667,8.734000,0.000000,0.870910
155,12.233333,6.966667,8.759667,0.000000,0.873091
156,12.233333,6.866667,8.746333,0.000000,0.859620
157,12.233333,6.933333,8.733000,0.000000,0.864738
158,12.233333,6.933333,8.712000,0.000000,0.851688
159,12.233333,6.900000,8.729000,0.000000,0.855074
160,12.233333,7.033333,8.752667,0.000000,0.846724
161,12.233333,6.833333,8.738667,0.000000,0.860274
162,12.233333,6.833333,8.739667,0.000000,0.864917
163,12.233333,7.033333,8.700667,0.000000,0.868077
164,12.233333,7.000000,8.713667,0.000000,0.863180
165,12.233333,6.933333,8.740333,0.000000,0.877947
166,12.233333,6.833333,8.706667,0.000000,0.857433
167,12.233333,6.866667,8.699333,0.000000,0.846859
168,12.233333,6.900000,8.721667,0.000000,0.868444
169,12.233333,6.966667,8.737667,0.000000,0.851713
170,12.233333,6.933333,8.737667,0.000000,0.852700
171,12.233333,6.933333,8.751000,0.000000,0.854647
172,12.233333,6.966667,8.741000,0.000000,0.882331
173,12.233333,6.900000,8.723333,0.000000,0.851984
174,12.233333,6.966667,8.751000,0.000000,0.863215
175,12.233333,6.833333,8.733333,0.000000,0.858616
176,12.233333,6.966667,8.733000,0.000000,0.854879
177,12.233333,6.933333,8.704000,0.000000,0.856093
178,12.233333,6.800000,8.722333,0.000000,0.854636
179,12.233333,6.866667,8.723667,0.000000,0.874738
180,12.233333,6.800000,8.729333,0.000000,0.858483
181,12.233333,6.966667,8.711333,0.000000,0.861973
182,12.233333,6.866667,8.751000,0.000000,0.873604
183,12.233333,6.833333,8.716000,0.000000,0.869916
184,12.233333,6.933333,8.720333,0.000000,0.868678
185,12.266667,6.900000,8.735000,0.000000,0.885194
186,12.266667,6.866667,8.736667,0.000000,0.876512
187,12.266667,6.866667,8.691667,0.000000,0.885384
188,12.300000,6.933333,8.728667,0.000000,0.874494
189,12.300000,6.866667,8.723667,0.000000,0.862402
190,12.300000,6.933333,8.713333,0.000000,0.863258
191,12.300000,6.833333,8.713333,0.000000,0.871829
192,12.300000,6.933333,8.721667,0.000000,0.867721
193,12.300000,6.933333,8.718000,0.000000,0.829984
194,12.300000,6.900000,8.753333,0.000000,0.868333
195,12.300000,6.966667,8.732667,0.000000,0.876470
196,12.300000,6.866667,8.755000,0.000000,0.867099
197,12.300000,6.900000,8.764333,0.000000,0.863897
198,12.300000,6.800000,8.713333,0.000000,0.854375
199,12.300000,6.900000,8.707667,0.000000,0.848264
200,12.333333,6.900000,8.743000,0.000000,0.870268
201,12.333333,6.833333,8.732000,0.000000,0.875829
202,12.333333,6.866667,8.738667,0.000000,0.868030
203,12.333333,6.833333,8.768333,0.000000,0.890518
204,12.333333,6.900000,8.755667,0.000000,0.874303
205,12.333333,6.966667,8.739667,0.000000,0.870595
206,12.366667,6.900000,8.748333,0.000000,0.870631
207,12.366667,6.833333,8.739000,0.000000,0.870523
208,12.366667,6.900000,8.753667,0.000000,0.869336
209,12.366667,6.933333,8.739667,0.000000,0.871841
210,12.366667,6.933333,8.716333,0.000000,0.845071
211,12.366667,6.866667,8.713667,0.000000,0.870921
212,12.366667,6.866667,8.725667,0.000000,0.882451
213,12.366667,6.900000,8.707333,0.000000,0.859082
214,12.366667,6.900000,8.723333,0.000000,0.848336
215,12.366667,6.900000,8.716667,0.000000,0.870662
216,12.366667,6.900000,8.716000,0.000000,0.875816
217,12.400000,7.000000,8.723000,0.000000,0.862888
218,12.400000,6.966667,8.758000,0.000000,0.855119
219,12.400000,6.933333,8.731667,0.000000,0.854613
220,12.400000,6.833333,8.706000,0.000000,0.861746
221,12.400000,6.900000,8.762333,0.000000,0.880951
222,12.400000,6.933333,8.727333,0.000000,0.865787
223,12.400000,6.866667,8.722667,0.000000,0.879855
224,12.400000,6.866667,8.732333,0.000000,0.880695
225,12.400000,7.000000,8.701667,0.000000,0.834833
226,12.400000,6.800000,8.726667,0.000000,0.863620
227,12.400000,6.900000,8.755000,0.000000,0.881775
228,12.400000,6.933333,8.741667,0.000000,0.856947
229,12.400000,6.933333,8.750333,0.000000,0.876331
230,12.400000,6.900000,8.725000,0.000000,0.855315
231,12.400000,6.966667,8.709000,0.000000,0.858614
232,12.400000,6.900000,8.745667,0.000000,0.863735
233,12.400000,6.866667,8.760000,0.000000,0.871833
234,12.400000,6.900000,8.706000,0.000000,0.861206
235,12.400000,6.866667,8.727333,0.000000,0.866793
236,12.400000,6.933333,8.759000,0.000000,0.874091
237,12.400000,6.900000,8.734667,0.000000,0.870255
238,12.400000,6.933333,8.745667,0.000000,0.839307
239,12.400000,6.933333,8.753667,0.000000,0.872023
240,12.400000,6.966667,8.714000,0.000000,0.862854
241,12.433333,6.966667,8.750000,0.000000,0.873733
242,12.433333,6.966667,8.740333,0.000000,0.843399
243,12.433333,7.000000,8.727333,0.033333,0.881002
244,12.433333,6.866667,8.695000,0.000000,0.853983
245,12.433333,6.900000,8.706000,0.000000,0.858829
246,12.433333,6.833333,8.731667,0.000000,0.872054
247,12.433333,6.766667,8.732333,0.000000,0.875135
248,12.433333,6.866667,8.732667,0.000000,0.869760
249,12.433333,6.800000,8.712333,0.000000,0.874681
250,12.433333,6.900000,8.722667,0.000000,0.858232
251,12.433333,6.900000,8.733667,0.000000,0.866545
252,12.433333,7.033333,8.742333,0.000000,0.872665
253,12.433333,6.866667,8.716667,0.000000,0.842808
254,12.433333,6.966667,8.747000,0.000000,0.858348
255,12.433333,6.833333,8.727667,0.000000,0.863240
256,12.433333,6.966667,8.735000,0.000000,0.872897
257,12.433333,6.900000,8.739667,0.000000,0.873588
258,12.433333,6.933333,8.740000,0.000000,0.860835
259,12.433333,6.833333,8.707333,0.000000,0.862718
260,12.433333,6.866667,8.694333,0.000000,0.862668
261,12.433333,6.900000,8.748333,0.000000,0.870439
262,12.433333,6.833333,8.733333,0.000000,0.868108
263,12.433333,6.900000,8.726000,0.000000,0.865997
264,12.433333,6.933333,8.748333,0.000000,0.885359
265,12.433333,6.833333,8.728000,0.000000,0.876020
266,12.433333,6.933333,8.731667,0.000000,0.842542
267,12.466667,6.900000,8.751000,0.000000,0.867378
268,12.466667,6.900000,8.748667,0.000000,0.864945
269,12.466667,6.833333,8.730000,0.000000,0.854791
270,12.466667,6.833333,8.744333,0.000000,0.862761
271,12.466667,6.900000,8.727000,0.000000,0.862700
272,12.466667,6.866667,8.739333,0.000000,0.865080
273,12.466667,6.866667,8.756333,0.000000,0.886725
274,12.466667,6.900000,8.752333,0.000000,0.886051
275,12.466667,6.866667,8.737667,0.000000,0.860891
276,12.466667,6.833333,8.734667,0.000000,0.890494
277,12.466667,6.933333,8.702000,0.000000,0.871856
278,12.466667,6.933333,8.738667,0.000000,0.865094
279,12.466667,6.933333,8.742333,0.000000,0.850870
280,12.466667,6.966667,8.739333,0.000000,0.876099
281,12.466667,6.833333,8.739000,0.000000,0.860087
282,12.466667,6.833333,8.734000,0.000000,0.861878
283,12.466667,6.966667,8.732667,0.000000,0.867498
284,12.466667,6.866667,8.714000,0.000000,0.875172
285,12.466667,6.866667,8.723333,0.000000,0.868811
286,12.466667,6.900000,8.732667,0.000000,0.862454
287,12.466667,6.833333,8.725333,0.000000,0.862177
288,12.466667,6.866667,8.730000,0.000000,0.877629
289,12.466667,6.900000,8.749333,0.000000,0.859093
290,12.466667,6.900000,8.744000,0.000000,0.857835
291,12.466667,6.800000,8.735667,0.000000,0.863459
292,12.466667,6.866667,8.736667,0.000000,0.862295
293,12.466667,6.800000,8.727333,0.000000,0.882875
294,12.466667,6.800000,8.747667,0.000000,0.872297
295,12.466667,6.933333,8.718333,0.000000,0.868872
296,12.466667,6.733333,8.761667,0.000000,0.863645
297,12.466667,6.833333,8.729667,0.000000,0.860333
298,12.466667,6.866667,8.761333,0.000000,0.877767
299,12.466667,7.000000,8.740000,0.000000,0.846003
300,12.466667,6.833333,8.711000,0.000000,0.891238
301,12.466667,6.966667,8.731333,0.000000,0.848052
302,12.466667,6.900000,8.713333,0.000000,0.860353
303,12.466667,6.933333,8.744000,0.000000,0.845547
304,12.466667,6.866667,8.726333,0.000000,0.865168
305,12.466667,6.933333,8.758333,0.000000,0.842257
306,12.466667,6.900000,8.712333,0.000000,0.880984
307,12.466667,6.866667,8.744333,0.000000,0.874691
308,12.466667,6.833333,8.717667,0.000000,0.861210
309,12.466667,6.866667,8.729000,0.000000,0.876948
310,12.466667,6.933333,8.724000,0.000000,0.881394
311,12.466667,6.833333,8.696333,0.000000,0.875789
312,12.466667,6.900000,8.741667,0.000000,0.868005
313,12.466667,6.900000,8.749000,0.000000,0.854544
314,12.466667,6.900000,8.751333,0.000000,0.869360
315,12.466667,6.866667,8.750667,0.000000,0.879291
316,12.466667,6.933333,8.764333,0.000000,0.877140
317,12.466667,7.033333,8.762667,0.000000,0.856469
318,12.466667,6.966667,8.749333,0.000000,0.869753
319,12.466667,6.900000,8.755333,0.000000,0.851882
320,12.466667,7.000000,8.713333,0.000000,0.841743
321,12.466667,6.933333,8.691667,0.000000,0.856456
322,12.466667,6.900000,8.737667,0.000000,0.868737
323,12.466667,6.933333,8.752667,0.000000,0.867219
324,12.466667,6.866667,8.745333,0.000000,0.863267
325,12.466667,7.000000,8.730667,0.000000,0.863429
326,12.466667,6.933333,8.722000,0.000000,0.857545
327,12.466667,6.800000,8.740667,0.000000,0.854475
328,12.466667,6.933333,8.729667,0.000000,0.874962
329,12.466667,6.900000,8.714333,0.000000,0.861310
330,12.466667,6.900000,8.729333,0.000000,0.863166
331,12.466667,6.933333,8.744667,0.000000,0.873747
332,12.466667,6.900000,8.719000,0.000000,0.865412
333,12.466667,6.966667,8.746667,0.000000,0.853428
334,12.466667,7.000000,8.720000,0.000000,0.853679
335,12.466667,6.900000,8.734333,0.000000,0.850877
336,12.466667,7.000000,8.742333,0.000000,0.848094
337,12.466667,6.900000,8.732000,0.000000,0.862579
338,12.466667,6.866667,8.733000,0.000000,0.871321
339,12.466667,6.900000,8.731333,0.000000,0.867216
340,12.466667,6.900000,8.712667,0.000000,0.866635
341,12.466667,6.866667,8.744667,0.000000,0.875382
342,12.466667,6.966667,8.723000,0.000000,0.868208
343,12.466667,6.900000,8.724000,0.000000,0.865105
344,12.466667,6.900000,8.732333,0.000000,0.877909
345,12.466667,6.900000,8.730667,0.000000,0.878241
346,12.466667,6.866667,8.730333,0.000000,0.857038
347,12.466667,6.966667,8.741333,0.000000,0.863146
348,12.466667,6.966667,8.710000,0.000000,0.864810
349,12.466667,6.900000,8.735000,0.000000,0.866030
350,12.466667,6.833333,8.725333,0.000000,0.869460
351,12.466667,6.900000,8.780000,0.000000,0.885090
352,12.466667,6.933333,8.719333,0.000000,0.870503
353,12.466667,6.933333,8.723667,0.000000,0.872465
354,12.466667,6.966667,8.708333,0.000000,0.849199
355,12.466667,6.800000,8.731000,0.000000,0.858895
356,12.466667,6.866667,8.721667,0.000000,0.865764
357,12.466667,6.933333,8.750333,0.000000,0.854708
358,12.466667,7.000000,8.713333,0.000000,0.850089
359,12.466667,6.900000,8.731667,0.000000,0.880428
360,12.466667,6.966667,8.726333,0.000000,0.871054
361,12.466667,6.866667,8.738333,0.000000,0.871973
362,12.500000,6.900000,8.729667,0.000000,0.874813
363,12.500000,6.900000,8.727000,0.000000,0.862794
364,12.500000,6.866667,8.725333,0.000000,0.868625
365,12.500000,6.900000,8.730333,0.000000,0.837413
366,12.500000,6.966667,8.744667,0.000000,0.876891
367,12.533333,6.833333,8.725333,0.000000,0.858212
368,12.533333,6.866667,8.698333,0.000000,0.856360
369,12.533333,7.000000,8.735333,0.000000,0.838555
370,12.533333,6.933333,8.730333,0.000000,0.869196
371,12.533333,6.933333,8.722667,0.000000,0.868180
372,12.533333,6.833333,8.719333,0.000000,0.858784
373,12.533333,6.866667,8.765333,0.000000,0.872286
374,12.533333,6.900000,8.753000,0.000000,0.864159
375,12.533333,6.966667,8.716000,0.000000,0.856135
376,12.533333,6.966667,8.746000,0.000000,0.851275
377,12.533333,6.866667,8.730000,0.000000,0.862483
378,12.533333,7.000000,8.732333,0.000000,0.867389
379,12.533333,6.900000,8.720333,0.000000,0.868994
380,12.533333,6.933333,8.747333,0.000000,0.883188
381,12.533333,6.833333,8.727000,0.000000,0.869764
382,12.533333,6.833333,8.727000,0.000000,0.864570
383,12.533333,6.833333,8.743667,0.000000,0.855790
384,12.533333,6.933333,8.722667,0.000000,0.882486
385,12.533333,6.900000,8.743667,0.000000,0.894733
386,12.533333,6.933333,8.733000,0.000000,0.856033
387,12.533333,6.900000,8.717000,0.000000,0.858475
388,12.533333,6.900000,8.754667,0.000000,0.879479
389,12.533333,6.900000,8.735000,0.000000,0.864410
390,12.533333,6.966667,8.766667,0.000000,0.888809
391,12.533333,6.933333,8.744667,0.000000,0.877036
392,12.533333,6.833333,8.755667,0.000000,0.884597
393,12.533333,6.933333,8.753333,0.000000,0.868610
394,12.533333,6.966667,8.732000,0.000000,0.860570
395,12.533333,6.900000,8.703000,0.000000,0.867322
396,12.533333,6.866667,8.796000,0.000000,0.874376
397,12.533333,6.833333,8.715333,0.000000,0.870994
398,12.533333,6.933333,8.736333,0.000000,0.858799
399,12.533333,6.966667,8.745667,0.000000,0.864191
400,12.533333,6.900000,8.746000,0.000000,0.877367
401,12.533333,6.900000,8.742667,0.000000,0.851245
402,12.533333,6.966667,8.729000,0.000000,0.881124
403,12.533333,6.866667,8.771000,0.000000,0.864538
404,12.533333,6.866667,8.724667,0.000000,0.856481
405,12.533333,6.800000,8.724333,0.000000,0.867691
406,12.533333,6.933333,8.749000,0.000000,0.865577
407,12.533333,7.000000,8.739667,0.000000,0.848964
408,12.533333,6.933333,8.736667,0.000000,0.846830
409,12.533333,6.966667,8.743667,0.000000,0.851893
410,12.533333,6.900000,8.736667,0.000000,0.884779
411,12.533333,6.900000,8.757667,0.000000,0.876332
412,12.533333,6.866667,8.721667,0.000000,0.865396
413,12.533333,6.933333,8.727333,0.000000,0.865249
414,12.533333,6.966667,8.719667,0.000000,0.869543
415,12.533333,6.900000,8.733000,0.000000,0.869172
416,12.533333,6.966667,8.739000,0.000000,0.858136
417,12.533333,6.833333,8.723667,0.000000,0.850403
418,12.566667,6.900000,8.736333,0.000000,0.875195
419,12.566667,7.000000,8.743000,0.000000,0.839268
420,12.566667,6.900000,8.767667,0.000000,0.865103
421,12.566667,6.933333,8.731000,0.000000,0.869215
422,12.566667,6.933333,8.736333,0.000000,0.863018
423,12.566667,6.900000,8.714000,0.000000,0.849164
424,12.566667,7.000000,8.756333,0.000000,0.845671
425,12.566667,6.933333,8.720333,0.000000,0.862744
426,12.566667,6.933333,8.750667,0.000000,0.868913
427,12.566667,6.933333,8.756667,0.000000,0.872399
428,12.566667,6.933333,8.722667,0.000000,0.864937
429,12.566667,6.900000,8.707333,0.000000,0.845837
430,12.566667,6.966667,8.744667,0.000000,0.867135
431,12.566667,6.900000,8.736667,0.000000,0.865113
432,12.566667,6.966667,8.742000,0.000000,0.870339
433,12.566667,6.900000,8.741000,0.000000,0.861091
434,12.566667,6.900000,8.729667,0.000000,0.882545
435,12.566667,6.966667,8.742000,0.000000,0.862377
436,12.566667,6.933333,8.714333,0.000000,0.867176
437,12.566667,6.866667,8.756667,0.000000,0.875423
438,12.566667,6.800000,8.735667,0.000000,0.878232
439,12.566667,6.866667,8.725000,0.000000,0.879577
440,12.566667,7.000000,8.756667,0.000000,0.871728
441,12.566667,6.900000,8.711333,0.000000,0.864107
442,12.566667,6.933333,8.744000,0.000000,0.868174
443,12.566667,6.800000,8.697667,0.000000,0.866655
444,12.566667,6.966667,8.741000,0.000000,0.830953
445,12.566667,6.900000,8.730333,0.000000,0.880753
446,12.566667,6.833333,8.739333,0.000000,0.862012
447,12.566667,7.000000,8.716000,0.000000,0.846724
448,12.566667,6.966667,8.741000,0.000000,0.850828
449,12.566667,6.900000,8.760333,0.000000,0.876796
450,12.566667,6.866667,8.747667,0.000000,0.872706
451,12.566667,6.866667,8.747000,0.000000,0.879614
452,12.566667,6.933333,8.722333,0.000000,0.875259
453,12.566667,6.966667,8.740333,0.000000,0.847947
454,12.566667,6.866667,8.746667,0.000000,0.862652
455,12.566667,6.900000,8.719667,0.000000,0.840029
456,12.566667,6.900000,8.731000,0.000000,0.886714
457,12.566667,6.900000,8.707000,0.000000,0.868075
458,12.566667,6.933333,8.731333,0.000000,0.863273
459,12.566667,6.966667,8.744333,0.000000,0.868150
460,12.566667,6.900000,8.714000,0.000000,0.861993
461,12.566667,6.966667,8.753333,0.000000,0.866113
462,12.566667,6.866667,8.733667,0.000000,0.869145
463,12.566667,6.900000,8.730333,0.000000,0.869576
464,12.566667,6.966667,8.762000,0.000000,0.881950
465,12.566667,6.900000,8.726667,0.000000,0.881359
466,12.566667,6.966667,8.761667,0.000000,0.876680
467,12.566667,6.800000,8.744333,0.000000,0.869013
468,12.566667,6.966667,8.733333,0.000000,0.853229
469,12.566667,6.933333,8.722000,0.000000,0.871611
470,12.566667,6.866667,8.744667,0.000000,0.855572
471,12.566667,6.900000,8.759667,0.000000,0.876083
472,12.566667,6.866667,8.758000,0.000000,0.878569
473,12.566667,6.866667,8.717667,0.000000,0.871971
474,12.566667,6.833333,8.755667,0.000000,0.875264
475,12.566667,6.933333,8.751667,0.000000,0.862065
476,12.566667,6.966667,8.738667,0.000000,0.858969
477,12.566667,6.833333,8.741000,0.000000,0.868672
478,12.566667,6.900000,8.711000,0.000000,0.865636
479,12.566667,6.866667,8.716333,0.000000,0.865030
480,12.566667,6.900000,8.719000,0.000000,0.873047
481,12.566667,6.900000,8.710333,0.000000,0.859480
482,12.566667,6.900000,8.757667,0.000000,0.854960
483,12.566667,7.000000,8.725333,0.000000,0.847559
484,12.566667,6.900000,8.736000,0.000000,0.871239
485,12.566667,6.933333,8.721667,0.000000,0.882116
486,12.566667,6.933333,8.741667,0.000000,0.868560
487,12.566667,6.900000,8.749000,0.000000,0.861477
488,12.566667,6.900000,8.743667,0.000000,0.869559
489,12.566667,6.900000,8.710000,0.000000,0.868003
490,12.566667,6.966667,8.746667,0.000000,0.867589
491,12.566667,6.933333,8.744667,0.000000,0.889117
492,12.566667,6.966667,8.736333,0.000000,0.872263
493,12.566667,6.966667,8.742333,0.000000,0.877476
494,12.566667,6.933333,8.738000,0.000000,0.853412
495,12.566667,6.833333,8.750333,0.000000,0.858051
496,12.566667,6.900000,8.757333,0.000000,0.893217
497,12.600000,6.900000,8.733000,0.000000,0.872293
498,12.600000,6.900000,8.741667,0.000000,0.883752
499,12.600000,6.833333,8.717667,0.000000,0.856551
500,12.600000,6.933333,8.721667,0.000000,0.854794
BestSdev: 0.214698, Time: 17m38.856747968s