gen,best,worst,mean,rep,sdev
1,10.900000,6.900000,8.723000,0.000000,0.870964
2,11.133333,6.900000,8.718000,0.000000,0.873956
3,11.200000,6.900000,8.751667,0.000000,0.871361
4,11.333333,7.000000,8.756667,0.000000,0.875195
5,11.366667,6.900000,8.731667,0.000000,0.847033
6,11.433333,6.866667,8.717667,0.000000,0.861024
7,11.466667,6.900000,8.754333,0.000000,0.874178
8,11.600000,7.000000,8.723667,0.000000,0.876711
9,11.733333,6.900000,8.716333,0.000000,0.871294
10,11.800000,6.933333,8.753667,0.000000,0.862845
11,11.800000,6.966667,8.754000,0.000000,0.883451
12,11.866667,6.900000,8.735000,0.000000,0.864285
13,11.900000,6.900000,8.723000,0.000000,0.867236
14,11.900000,6.933333,8.724000,0.000000,0.856473
15,11.900000,6.833333,8.738667,0.000000,0.858074
16,11.933333,6.900000,8.719000,0.000000,0.874484
17,11.933333,6.866667,8.741333,0.000000,0.874495
18,11.933333,6.866667,8.732667,0.000000,0.879885
19,11.933333,6.833333,8.745000,0.000000,0.871014
20,11.933333,6.866667,8.727000,0.000000,0.875209
BestSdev: 0.314907, Time: 41.349276416s