gen,best,worst,mean,rep,sdev
1,11.133333,6.900000,8.718167,0.000000,0.876470
2,11.333333,6.900000,8.731667,0.000000,0.862174
3,11.433333,6.800000,8.725333,0.000000,0.868848
4,11.566667,6.733333,8.729667,0.000000,0.869559
5,11.566667,6.833333,8.725833,0.000000,0.865810
6,11.633333,6.766667,8.744000,0.000000,0.865540
7,11.666667,6.700000,8.743500,0.000000,0.866717
8,11.833333,6.733333,8.734500,0.000000,0.871161
9,11.933333,6.766667,8.727000,0.000000,0.875018
10,11.933333,6.900000,8.727000,0.000000,0.862096
11,11.966667,6.633333,8.715500,0.000000,0.857008
12,11.966667,6.833333,8.726333,0.000000,0.855763
13,11.966667,6.833333,8.745000,0.000000,0.860602
14,11.966667,6.800000,8.737833,0.000000,0.875570
15,11.966667,6.833333,8.741500,0.000000,0.877227
16,11.966667,6.866667,8.738333,0.000000,0.888191
17,11.966667,6.833333,8.734333,0.000000,0.877701
18,12.033333,6.633333,8.734833,0.000000,0.880176
19,12.033333,6.733333,8.730833,0.000000,0.866081
20,12.033333,6.866667,8.757000,0.000000,0.866700
21,12.033333,6.800000,8.749500,0.000000,0.867076
22,12.033333,6.633333,8.731833,0.000000,0.865951
23,12.033333,6.800000,8.750833,0.000000,0.861831
24,12.066667,6.766667,8.752500,0.000000,0.865914
25,12.066667,6.933333,8.735500,0.000000,0.868124
26,12.066667,6.666667,8.723333,0.000000,0.859509
27,12.066667,6.766667,8.742833,0.000000,0.876352
28,12.066667,6.800000,8.735333,0.000000,0.864388
29,12.066667,6.700000,8.745667,0.000000,0.877024
30,12.100000,6.933333,8.704333,0.000000,0.874289
31,12.133333,6.833333,8.712167,0.000000,0.876639
32,12.133333,6.800000,8.720333,0.000000,0.884686
33,12.166667,6.800000,8.754333,0.000000,0.875875
34,12.166667,6.766667,8.733833,0.000000,0.869297
35,12.166667,6.833333,8.720833,0.000000,0.864583
36,12.166667,6.733333,8.725333,0.000000,0.860759
37,12.166667,6.733333,8.725833,0.000000,0.869440
38,12.166667,6.833333,8.720333,0.000000,0.860594
39,12.166667,6.733333,8.722667,0.000000,0.874214
40,12.166667,6.733333,8.727167,0.000000,0.878949
41,12.166667,6.933333,8.743167,0.000000,0.857976
42,12.200000,6.700000,8.718500,0.000000,0.880675
43,12.200000,6.900000,8.743333,0.000000,0.872082
44,12.200000,6.733333,8.734667,0.000000,0.862418
45,12.200000,6.700000,8.738500,0.000000,0.864236
46,12.200000,6.833333,8.749500,0.000000,0.874920
47,12.200000,6.866667,8.733833,0.000000,0.868255
48,12.200000,6.766667,8.718000,0.000000,0.869027
49,12.200000,6.733333,8.736000,0.000000,0.866333
50,12.200000,6.866667,8.741500,0.000000,0.856793
51,12.200000,6.833333,8.737500,0.000000,0.865337
52,12.200000,6.833333,8.738333,0.000000,0.875647
53,12.200000,6.800000,8.730000,0.000000,0.871699
54,12.200000,6.666667,8.723833,0.000000,0.867146
55,12.200000,6.833333,8.733167,0.000000,0.881749
56,12.200000,6.933333,8.736500,0.000000,0.855436
57,12.200000,6.866667,8.726833,0.000000,0.863177
58,12.233333,6.933333,8.744167,0.000000,0.865641
59,12.233333,6.733333,8.736667,0.000000,0.879648
60,12.233333,6.766667,8.736167,0.000000,0.881044
61,12.233333,6.766667,8.728333,0.000000,0.875328
62,12.233333,6.633333,8.731667,0.000000,0.865231
63,12.233333,6.700000,8.727000,0.000000,0.869030
64,12.233333,6.900000,8.732833,0.000000,0.871637
65,12.233333,6.866667,8.730167,0.000000,0.860566
66,12.233333,6.733333,8.728000,0.000000,0.862871
67,12.233333,6.866667,8.713167,0.000000,0.867288
68,12.233333,6.733333,8.738833,0.000000,0.870058
69,12.233333,6.733333,8.741000,0.000000,0.861220
70,12.233333,6.866667,8.729333,0.000000,0.862275
71,12.233333,6.633333,8.739667,0.000000,0.867388
72,12.233333,6.833333,8.723500,0.000000,0.861324
73,12.233333,6.766667,8.747000,0.000000,0.861822
74,12.233333,6.866667,8.741000,0.000000,0.871091
75,12.233333,6.900000,8.722667,0.000000,0.880466
76,12.233333,6.800000,8.726833,0.000000,0.871062
77,12.233333,6.900000,8.730500,0.000000,0.863741
78,12.233333,6.933333,8.728500,0.000000,0.865968
79,12.233333,6.700000,8.734000,0.000000,0.893172
80,12.233333,6.833333,8.739167,0.000000,0.864430
81,12.233333,6.866667,8.719000,0.000000,0.872464
82,12.233333,6.733333,8.716500,0.000000,0.873029
83,12.233333,6.833333,8.738833,0.000000,0.867421
84,12.266667,6.866667,8.738667,0.000000,0.872011
85,12.266667,6.866667,8.732500,0.000000,0.867579
86,12.266667,6.833333,8.737000,0.000000,0.876585
87,12.266667,6.733333,8.739500,0.000000,0.869490
88,12.266667,6.733333,8.738667,0.000000,0.872093
89,12.266667,6.766667,8.730000,0.000000,0.873934
90,12.266667,6.833333,8.727833,0.000000,0.868910
91,12.266667,6.933333,8.734333,0.000000,0.846320
92,12.266667,6.900000,8.744167,0.000000,0.873227
93,12.266667,6.900000,8.722333,0.000000,0.871515
94,12.266667,6.733333,8.701333,0.033333,0.868615
95,12.266667,6.766667,8.724667,0.000000,0.856809
96,12.266667,6.733333,8.742333,0.000000,0.883602
97,12.333333,6.766667,8.735333,0.000000,0.878911
98,12.333333,6.766667,8.741667,0.000000,0.872909
99,12.333333,6.800000,8.753333,0.000000,0.864612
100,12.333333,6.833333,8.722500,0.000000,0.861995
101,12.366667,6.733333,8.751000,0.000000,0.867423
102,12.366667,6.900000,8.738167,0.000000,0.861129
103,12.400000,6.733333,8.713000,0.000000,0.877354
104,12.400000,6.833333,8.737500,0.000000,0.881706
105,12.400000,6.800000,8.750000,0.000000,0.880451
106,12.400000,6.866667,8.750000,0.000000,0.863519
107,12.433333,6.866667,8.722667,0.000000,0.875443
108,12.433333,6.866667,8.719000,0.000000,0.851543
109,12.433333,6.833333,8.724000,0.000000,0.855570
110,12.433333,6.700000,8.743333,0.000000,0.867941
111,12.433333,6.833333,8.722500,0.000000,0.866904
112,12.433333,6.833333,8.727833,0.000000,0.867571
113,12.433333,6.800000,8.725667,0.000000,0.873688
114,12.433333,6.766667,8.736333,0.000000,0.875972
115,12.433333,6.733333,8.747167,0.000000,0.883222
116,12.433333,6.666667,8.725833,0.000000,0.864044
117,12.433333,6.966667,8.750500,0.000000,0.870089
118,12.433333,6.833333,8.748500,0.000000,0.860104
119,12.433333,6.800000,8.742833,0.000000,0.880355
120,12.433333,6.800000,8.735833,0.000000,0.886126
121,12.433333,6.800000,8.745500,0.000000,0.871045
122,12.433333,6.666667,8.744833,0.000000,0.866295
123,12.433333,6.766667,8.743500,0.000000,0.874974
124,12.433333,6.766667,8.737500,0.000000,0.874399
125,12.433333,6.900000,8.728833,0.000000,0.870817
126,12.433333,6.833333,8.720000,0.000000,0.877420
127,12.433333,6.733333,8.744333,0.000000,0.858597
128,12.433333,6.866667,8.741833,0.000000,0.868073
129,12.433333,6.866667,8.723333,0.000000,0.866647
130,12.433333,6.800000,8.737500,0.000000,0.870566
131,12.433333,6.633333,8.751333,0.000000,0.883241
132,12.433333,6.800000,8.744000,0.000000,0.871855
133,12.433333,6.800000,8.752333,0.000000,0.875706
134,12.433333,6.866667,8.733000,0.000000,0.863652
135,12.433333,6.766667,8.730333,0.000000,0.855428
136,12.433333,6.833333,8.724833,0.000000,0.854754
137,12.433333,6.766667,8.731000,0.000000,0.866624
138,12.433333,6.866667,8.746667,0.000000,0.866967
139,12.433333,6.766667,8.728000,0.000000,0.858948
140,12.433333,6.633333,8.721500,0.000000,0.875712
141,12.433333,6.900000,8.735333,0.000000,0.862350
142,12.433333,6.766667,8.723500,0.000000,0.867784
143,12.466667,6.833333,8.723000,0.000000,0.881792
144,12.466667,6.866667,8.722000,0.000000,0.857045
145,12.466667,6.766667,8.719500,0.000000,0.861261
146,12.466667,6.833333,8.745500,0.000000,0.865602
147,12.466667,6.833333,8.731833,0.000000,0.874599
148,12.466667,6.900000,8.761667,0.000000,0.873869
149,12.466667,6.733333,8.732500,0.000000,0.868650
150,12.466667,6.933333,8.732000,0.000000,0.865023
151,12.466667,6.766667,8.748667,0.000000,0.863764
152,12.466667,6.700000,8.749500,0.000000,0.880865
153,12.466667,6.900000,8.727167,0.000000,0.871552
154,12.466667,6.700000,8.742333,0.000000,0.867428
155,12.466667,6.900000,8.743333,0.000000,0.869390
156,12.500000,6.733333,8.751833,0.000000,0.866357
157,12.500000,6.833333,8.732167,0.000000,0.871337
158,12.500000,6.866667,8.748667,0.000000,0.876357
159,12.500000,6.866667,8.748500,0.000000,0.871135
160,12.500000,6.800000,8.755333,0.000000,0.865491
161,12.500000,6.700000,8.732333,0.000000,0.872991
162,12.500000,6.700000,8.732000,0.000000,0.878585
163,12.500000,6.866667,8.726500,0.000000,0.873708
164,12.500000,6.766667,8.736000,0.000000,0.865970
165,12.500000,6.800000,8.741833,0.000000,0.858360
166,12.500000,6.900000,8.727000,0.000000,0.863592
167,12.500000,6.833333,8.734167,0.000000,0.876920
168,12.500000,6.766667,8.725333,0.000000,0.865043
169,12.500000,6.833333,8.749167,0.000000,0.875694
170,12.500000,6.666667,8.728833,0.000000,0.871417
171,12.500000,6.833333,8.723833,0.000000,0.855848
172,12.500000,6.700000,8.714500,0.000000,0.861417
173,12.500000,6.766667,8.718833,0.000000,0.870314
174,12.500000,6.800000,8.738833,0.000000,0.872234
175,12.500000,6.766667,8.750000,0.000000,0.866127
176,12.500000,6.833333,8.754500,0.000000,0.882000
177,12.500000,6.833333,8.725000,0.000000,0.873440
178,12.500000,6.800000,8.735000,0.000000,0.866970
179,12.500000,6.766667,8.738000,0.000000,0.871060
180,12.500000,6.833333,8.733667,0.000000,0.866684
181,12.500000,6.766667,8.726000,0.000000,0.856294
182,12.500000,6.733333,8.745000,0.000000,0.861884
183,12.500000,6.833333,8.731833,0.000000,0.870472
184,12.500000,6.700000,8.726333,0.000000,0.858875
185,12.500000,6.766667,8.727000,0.000000,0.871804
186,12.500000,6.966667,8.752167,0.000000,0.875806
187,12.500000,6.666667,8.741000,0.000000,0.890424
188,12.500000,6.833333,8.737167,0.000000,0.865034
189,12.500000,6.733333,8.732000,0.000000,0.858997
190,12.500000,6.866667,8.730667,0.000000,0.870468
191,12.500000,6.900000,8.730500,0.000000,0.857473
192,12.533333,6.733333,8.738167,0.000000,0.871156
193,12.533333,6.733333,8.730500,0.000000,0.877237
194,12.533333,6.633333,8.733667,0.000000,0.873908
195,12.533333,6.833333,8.728500,0.000000,0.860721
196,12.533333,6.966667,8.740333,0.000000,0.875193
197,12.533333,6.766667,8.755833,0.000000,0.870175
198,12.533333,6.800000,8.726667,0.000000,0.858627
199,12.533333,6.833333,8.728333,0.000000,0.862055
200,12.533333,6.900000,8.741000,0.000000,0.864674
BestSdev: 0.229257, Time: 11m39.520192924s