gen,best,worst,mean,rep,sdev
1,11.300000,6.633333,8.729800,0.000000,0.868928
2,11.600000,6.600000,8.738467,0.000000,0.869182
3,11.633333,6.433333,8.745267,0.000000,0.871736
4,11.766667,6.466667,8.738467,0.000000,0.877078
5,11.900000,6.633333,8.736733,0.033333,0.865213
6,11.933333,6.633333,8.731600,0.000000,0.875730
7,12.000000,6.433333,8.740133,0.000000,0.867868
8,12.000000,6.566667,8.738333,0.000000,0.866094
9,12.000000,6.533333,8.730800,0.000000,0.873915
10,12.000000,6.566667,8.732000,0.000000,0.874776
11,12.000000,6.533333,8.734800,0.000000,0.874314
12,12.000000,6.766667,8.724933,0.000000,0.869930
13,12.000000,6.433333,8.728067,0.000000,0.862823
14,12.000000,6.566667,8.730400,0.000000,0.875724
15,12.000000,6.566667,8.744533,0.000000,0.865111
16,12.033333,6.500000,8.738933,0.000000,0.869625
17,12.033333,6.666667,8.727867,0.000000,0.863022
18,12.033333,6.500000,8.733733,0.000000,0.871667
19,12.033333,6.500000,8.722933,0.000000,0.872277
20,12.066667,6.500000,8.726533,0.000000,0.873044
21,12.066667,6.533333,8.724400,0.000000,0.873337
22,12.066667,6.700000,8.736133,0.033333,0.867294
23,12.066667,6.600000,8.729467,0.033333,0.869776
24,12.100000,6.600000,8.730267,0.000000,0.873461
25,12.133333,6.566667,8.740267,0.000000,0.872315
26,12.133333,6.666667,8.731200,0.000000,0.869176
27,12.133333,6.400000,8.727267,0.000000,0.869171
28,12.166667,6.533333,8.729733,0.000000,0.863377
29,12.166667,6.600000,8.725667,0.000000,0.877449
30,12.166667,6.533333,8.726467,0.000000,0.869128
31,12.166667,6.733333,8.741667,0.000000,0.864424
32,12.166667,6.600000,8.725867,0.033333,0.866898
33,12.166667,6.700000,8.725333,0.000000,0.862060
34,12.166667,6.466667,8.738000,0.000000,0.875223
35,12.200000,6.700000,8.736600,0.000000,0.869480
36,12.233333,6.566667,8.728667,0.000000,0.866189
37,12.233333,6.600000,8.733867,0.000000,0.863379
38,12.233333,6.566667,8.736067,0.000000,0.868011
39,12.233333,6.633333,8.736200,0.000000,0.868414
40,12.233333,6.600000,8.734000,0.000000,0.866435
41,12.233333,6.466667,8.723667,0.000000,0.867553
42,12.233333,6.633333,8.740533,0.000000,0.868433
43,12.266667,6.500000,8.729467,0.000000,0.878533
44,12.300000,6.566667,8.740667,0.000000,0.874098
45,12.300000,6.633333,8.735667,0.000000,0.868521
46,12.300000,6.633333,8.727667,0.000000,0.873618
47,12.300000,6.500000,8.729467,0.000000,0.874463
48,12.300000,6.800000,8.732333,0.000000,0.863640
49,12.300000,6.666667,8.734667,0.000000,0.867046
50,12.300000,6.633333,8.744133,0.000000,0.874286
51,12.300000,6.633333,8.725267,0.033333,0.878158
52,12.300000,6.666667,8.743933,0.000000,0.868873
53,12.300000,6.666667,8.725133,0.000000,0.874193
54,12.300000,6.600000,8.725133,0.000000,0.864132
55,12.300000,6.366667,8.735400,0.000000,0.879220
56,12.300000,6.533333,8.733133,0.033333,0.875146
57,12.300000,6.566667,8.733200,0.000000,0.873116
58,12.300000,6.500000,8.748133,0.000000,0.871524
59,12.300000,6.600000,8.733933,0.000000,0.873712
60,12.300000,6.466667,8.735200,0.000000,0.882043
61,12.300000,6.466667,8.724267,0.000000,0.867024
62,12.300000,6.600000,8.729133,0.000000,0.862385
63,12.300000,6.666667,8.741133,0.000000,0.868601
64,12.300000,6.466667,8.733667,0.000000,0.868765
65,12.300000,6.600000,8.735000,0.033333,0.872254
66,12.300000,6.500000,8.733800,0.000000,0.868122
67,12.300000,6.600000,8.736467,0.033333,0.863759
68,12.300000,6.466667,8.736333,0.000000,0.865614
69,12.300000,6.633333,8.742733,0.000000,0.866627
70,12.333333,6.633333,8.725533,0.000000,0.867335
71,12.366667,6.633333,8.729333,0.000000,0.874585
72,12.366667,6.266667,8.747000,0.000000,0.872312
73,12.366667,6.600000,8.725467,0.000000,0.866514
74,12.366667,6.566667,8.733933,0.000000,0.870669
75,12.400000,6.466667,8.737867,0.000000,0.875716
76,12.400000,6.500000,8.738267,0.000000,0.865993
77,12.400000,6.633333,8.736600,0.000000,0.874572
78,12.400000,6.400000,8.740467,0.000000,0.877093
79,12.400000,6.700000,8.721400,0.000000,0.871092
80,12.400000,6.433333,8.727267,0.000000,0.868652
81,12.466667,6.600000,8.736067,0.000000,0.877669
82,12.500000,6.500000,8.721667,0.000000,0.861307
83,12.500000,6.600000,8.746933,0.000000,0.873495
84,12.500000,6.566667,8.739933,0.033333,0.876920
85,12.500000,6.533333,8.728000,0.000000,0.865246
86,12.533333,6.533333,8.729667,0.000000,0.879541
87,12.533333,6.500000,8.729333,0.000000,0.869847
88,12.533333,6.600000,8.739133,0.000000,0.874895
89,12.533333,6.666667,8.725267,0.000000,0.872863
90,12.533333,6.400000,8.731200,0.000000,0.871716
91,12.566667,6.600000,8.732933,0.000000,0.868606
92,12.566667,6.600000,8.720667,0.000000,0.875274
93,12.566667,6.500000,8.734067,0.000000,0.876874
94,12.566667,6.800000,8.746333,0.000000,0.867925
95,12.566667,6.433333,8.729400,0.000000,0.859260
96,12.566667,6.600000,8.742067,0.000000,0.859945
97,12.566667,6.433333,8.747467,0.000000,0.876528
98,12.566667,6.600000,8.724933,0.000000,0.864532
99,12.566667,6.600000,8.734600,0.033333,0.875264
100,12.566667,6.533333,8.732867,0.000000,0.868556
BestSdev: 0.226395, Time: 12m59.101144458s