gen,best,worst,mean,rep,sdev
1,11.166667,6.700000,8.725000,0.000000,0.867532
2,11.333333,6.833333,8.746000,0.000000,0.870464
3,11.533333,6.800000,8.728667,0.000000,0.883758
4,11.533333,6.733333,8.717167,0.000000,0.864404
5,11.666667,6.833333,8.750167,0.000000,0.871956
6,11.700000,6.733333,8.734333,0.000000,0.883552
7,11.800000,6.733333,8.724500,0.000000,0.872645
8,11.833333,6.866667,8.723000,0.000000,0.864718
9,11.833333,6.866667,8.742667,0.000000,0.861129
10,11.900000,6.833333,8.732667,0.000000,0.863836
11,11.933333,6.766667,8.749333,0.000000,0.868698
12,11.933333,6.800000,8.742667,0.000000,0.863136
13,11.966667,6.800000,8.716167,0.000000,0.859046
14,11.966667,6.833333,8.735000,0.000000,0.863850
15,12.000000,6.800000,8.741333,0.000000,0.862677
16,12.000000,6.866667,8.723667,0.000000,0.861269
17,12.033333,6.833333,8.744333,0.000000,0.880245
18,12.033333,6.766667,8.747833,0.000000,0.853216
19,12.066667,6.833333,8.732333,0.000000,0.871666
20,12.066667,6.933333,8.744000,0.000000,0.870397
BestSdev: 0.246864, Time: 1m9.463553928s