gen,best,worst,mean,rep,sdev
1,10.666667,6.966667,8.765333,0.000000,0.848618
2,10.933333,6.966667,8.737333,0.000000,0.862042
3,11.100000,6.933333,8.749333,0.000000,0.856892
4,11.166667,7.033333,8.721333,0.000000,0.863036
5,11.166667,7.000000,8.758000,0.000000,0.860366
6,11.166667,7.000000,8.710000,0.000000,0.855692
7,11.233333,6.933333,8.726667,0.000000,0.872937
8,11.233333,6.966667,8.722000,0.000000,0.850466
9,11.266667,6.833333,8.664667,0.000000,0.864624
10,11.366667,7.133333,8.727333,0.000000,0.869032
11,11.400000,7.066667,8.773333,0.000000,0.839998
12,11.466667,7.000000,8.740667,0.000000,0.898335
13,11.533333,6.900000,8.700667,0.000000,0.835474
14,11.533333,6.966667,8.748000,0.000000,0.869349
15,11.533333,7.100000,8.761333,0.000000,0.861688
16,11.533333,7.033333,8.730000,0.000000,0.856076
17,11.600000,6.966667,8.712000,0.000000,0.850760
18,11.600000,6.933333,8.727333,0.000000,0.872736
19,11.666667,7.000000,8.751333,0.000000,0.879028
20,11.733333,6.933333,8.747333,0.000000,0.863396
21,11.733333,6.966667,8.750667,0.000000,0.873941
22,11.733333,7.000000,8.744667,0.000000,0.857971
23,11.733333,7.000000,8.736667,0.000000,0.859050
24,11.766667,7.033333,8.704667,0.000000,0.854462
25,11.766667,7.100000,8.739333,0.000000,0.841905
26,11.766667,7.000000,8.715333,0.000000,0.845229
27,11.766667,7.066667,8.731333,0.000000,0.845502
28,11.800000,6.933333,8.762000,0.000000,0.852241
29,11.800000,6.900000,8.770667,0.000000,0.870096
30,11.800000,7.033333,8.748000,0.000000,0.869591
31,11.800000,7.033333,8.760000,0.000000,0.871180
32,11.833333,7.066667,8.750000,0.000000,0.875531
33,11.833333,7.100000,8.742000,0.000000,0.822849
34,11.833333,7.000000,8.740000,0.000000,0.844357
35,11.900000,7.000000,8.750667,0.000000,0.849762
36,11.900000,7.033333,8.730667,0.000000,0.844990
37,11.933333,7.033333,8.755333,0.000000,0.852552
38,11.933333,7.033333,8.718000,0.000000,0.841048
39,11.933333,6.966667,8.710667,0.000000,0.877317
40,11.933333,6.966667,8.725333,0.000000,0.841231
41,11.933333,7.066667,8.763333,0.000000,0.839679
42,11.933333,6.933333,8.708667,0.000000,0.865417
43,11.933333,7.000000,8.758667,0.000000,0.842129
44,11.933333,7.000000,8.770000,0.000000,0.880368
45,11.933333,6.966667,8.752000,0.000000,0.860774
46,11.933333,7.033333,8.742000,0.000000,0.854941
47,11.933333,6.966667,8.761333,0.000000,0.879256
48,11.966667,7.033333,8.745333,0.000000,0.902668
49,11.966667,6.966667,8.737333,0.000000,0.848622
50,11.966667,7.033333,8.662667,0.000000,0.835154
51,12.000000,6.966667,8.748000,0.000000,0.847328
52,12.000000,7.033333,8.744667,0.000000,0.860995
53,12.000000,7.033333,8.719333,0.000000,0.843806
54,12.000000,7.000000,8.719333,0.000000,0.840767
55,12.000000,7.033333,8.724667,0.000000,0.869565
56,12.000000,7.100000,8.770000,0.000000,0.869537
57,12.000000,6.933333,8.717333,0.000000,0.875799
58,12.000000,6.966667,8.713333,0.000000,0.866237
59,12.000000,6.966667,8.724000,0.000000,0.856126
60,12.000000,7.066667,8.734000,0.000000,0.835439
61,12.033333,7.100000,8.776000,0.000000,0.851900
62,12.066667,7.166667,8.749333,0.000000,0.862117
63,12.066667,7.100000,8.735333,0.000000,0.856360
64,12.066667,6.966667,8.707333,0.000000,0.859697
65,12.066667,7.033333,8.752667,0.000000,0.858009
66,12.066667,7.000000,8.746667,0.000000,0.855511
67,12.066667,7.000000,8.730667,0.000000,0.861693
68,12.066667,7.100000,8.732667,0.000000,0.855457
69,12.066667,6.900000,8.727333,0.000000,0.917804
70,12.066667,7.033333,8.738667,0.000000,0.858898
71,12.066667,7.133333,8.762667,0.000000,0.845859
72,12.066667,7.033333,8.750000,0.000000,0.868103
73,12.066667,7.000000,8.774000,0.000000,0.865184
74,12.066667,6.933333,8.718000,0.000000,0.857296
75,12.066667,7.000000,8.771333,0.000000,0.859300
76,12.066667,7.133333,8.727333,0.000000,0.832489
77,12.066667,7.100000,8.734667,0.000000,0.842418
78,12.066667,6.966667,8.768667,0.000000,0.866061
79,12.066667,6.966667,8.808000,0.000000,0.881430
80,12.066667,7.033333,8.747333,0.000000,0.866801
81,12.066667,6.966667,8.750000,0.000000,0.878469
82,12.100000,6.966667,8.752667,0.000000,0.888411
83,12.100000,7.033333,8.742000,0.000000,0.864858
84,12.100000,7.033333,8.758667,0.000000,0.843030
85,12.100000,7.066667,8.735333,0.000000,0.833373
86,12.100000,7.033333,8.730000,0.000000,0.870231
87,12.100000,6.966667,8.738000,0.000000,0.873714
88,12.100000,7.000000,8.759333,0.000000,0.881148
89,12.100000,6.900000,8.708000,0.000000,0.846568
90,12.100000,6.966667,8.739333,0.000000,0.865643
91,12.100000,6.966667,8.706000,0.000000,0.832922
92,12.100000,6.933333,8.696667,0.000000,0.868495
93,12.100000,7.000000,8.706667,0.000000,0.860858
94,12.100000,7.066667,8.752000,0.000000,0.865946
95,12.100000,6.966667,8.739333,0.000000,0.849316
96,12.100000,6.933333,8.742667,0.000000,0.837141
97,12.100000,6.933333,8.763333,0.000000,0.888258
98,12.100000,6.966667,8.738667,0.000000,0.886316
99,12.100000,7.000000,8.736000,0.000000,0.841157
100,12.100000,6.966667,8.722000,0.000000,0.821162
101,12.100000,6.933333,8.752667,0.000000,0.864007
102,12.100000,7.033333,8.738000,0.000000,0.845446
103,12.100000,7.033333,8.755333,0.000000,0.853629
104,12.100000,7.033333,8.718000,0.000000,0.854619
105,12.100000,6.933333,8.736667,0.000000,0.876929
106,12.100000,7.000000,8.756000,0.000000,0.848844
107,12.100000,6.966667,8.724667,0.000000,0.870628
108,12.100000,7.033333,8.759333,0.000000,0.858485
109,12.100000,6.866667,8.740667,0.000000,0.885106
110,12.100000,6.966667,8.758000,0.000000,0.868260
111,12.100000,7.033333,8.696000,0.000000,0.844307
112,12.100000,7.033333,8.698667,0.000000,0.863791
113,12.100000,7.000000,8.704667,0.000000,0.864276
114,12.100000,7.066667,8.780667,0.000000,0.853093
115,12.100000,6.966667,8.710667,0.000000,0.874708
116,12.100000,6.933333,8.700000,0.000000,0.864568
117,12.133333,7.000000,8.793333,0.000000,0.884809
118,12.133333,6.933333,8.749333,0.000000,0.853874
119,12.133333,6.933333,8.736667,0.000000,0.863398
120,12.133333,7.033333,8.720667,0.000000,0.859510
121,12.133333,6.966667,8.775333,0.000000,0.872158
122,12.133333,7.033333,8.751333,0.000000,0.852039
123,12.133333,6.933333,8.714000,0.000000,0.850591
124,12.133333,6.966667,8.751333,0.000000,0.861891
125,12.133333,7.033333,8.740667,0.000000,0.871072
126,12.133333,6.933333,8.702667,0.000000,0.842650
127,12.133333,7.033333,8.738000,0.000000,0.856810
128,12.133333,6.933333,8.764667,0.000000,0.867510
129,12.133333,7.000000,8.744667,0.000000,0.892003
130,12.133333,6.966667,8.775333,0.000000,0.859143
131,12.133333,6.866667,8.706000,0.000000,0.887821
132,12.133333,7.033333,8.723333,0.000000,0.848276
133,12.133333,7.066667,8.750667,0.000000,0.838216
134,12.133333,7.066667,8.729333,0.000000,0.859631
135,12.133333,7.033333,8.744000,0.000000,0.834415
136,12.133333,6.966667,8.762000,0.000000,0.869938
137,12.133333,6.966667,8.699333,0.000000,0.868224
138,12.133333,6.900000,8.719333,0.000000,0.859301
139,12.133333,6.933333,8.756667,0.000000,0.867569
140,12.133333,7.000000,8.803333,0.000000,0.874633
141,12.133333,7.000000,8.736000,0.000000,0.894468
142,12.133333,7.033333,8.731333,0.000000,0.870195
143,12.133333,6.900000,8.776000,0.000000,0.861933
144,12.133333,7.033333,8.740000,0.000000,0.835404
145,12.133333,6.933333,8.712000,0.000000,0.869515
146,12.133333,6.966667,8.742000,0.000000,0.891199
147,12.133333,7.066667,8.722000,0.000000,0.864618
148,12.133333,7.000000,8.722000,0.000000,0.858930
149,12.133333,7.033333,8.738667,0.000000,0.877912
150,12.133333,6.966667,8.727333,0.000000,0.862807
151,12.133333,6.900000,8.742667,0.000000,0.852115
152,12.133333,6.966667,8.769333,0.000000,0.876523
153,12.133333,7.033333,8.747333,0.000000,0.834468
154,12.133333,7.100000,8.758000,0.000000,0.816423
155,12.133333,7.100000,8.725333,0.000000,0.840749
156,12.133333,6.933333,8.753333,0.000000,0.865257
157,12.166667,6.933333,8.735333,0.000000,0.852610
158,12.166667,7.033333,8.693333,0.000000,0.871115
159,12.166667,7.000000,8.728000,0.000000,0.837782
160,12.166667,7.000000,8.736000,0.000000,0.847231
161,12.166667,7.000000,8.730667,0.000000,0.852595
162,12.166667,7.066667,8.748667,0.000000,0.864505
163,12.166667,6.900000,8.714000,0.000000,0.858880
164,12.166667,6.900000,8.717333,0.000000,0.873617
165,12.166667,7.033333,8.770667,0.000000,0.867331
166,12.166667,7.133333,8.758667,0.000000,0.834209
167,12.166667,7.000000,8.741333,0.000000,0.852820
168,12.166667,7.033333,8.741333,0.000000,0.834081
169,12.166667,6.900000,8.768000,0.000000,0.863182
170,12.166667,7.033333,8.742000,0.000000,0.857945
171,12.166667,7.000000,8.763333,0.000000,0.827318
172,12.166667,7.000000,8.769333,0.000000,0.845144
173,12.166667,7.033333,8.724667,0.000000,0.854871
174,12.166667,7.033333,8.752000,0.000000,0.850329
175,12.166667,6.966667,8.736667,0.000000,0.847050
176,12.166667,7.000000,8.729333,0.000000,0.855794
177,12.166667,7.066667,8.740667,0.000000,0.826114
178,12.166667,7.033333,8.709333,0.000000,0.833076
179,12.166667,7.000000,8.719333,0.000000,0.851292
180,12.166667,6.933333,8.700667,0.000000,0.877906
181,12.166667,7.066667,8.738000,0.000000,0.853157
182,12.166667,7.000000,8.746667,0.000000,0.888251
183,12.166667,6.933333,8.764000,0.000000,0.900549
184,12.166667,7.066667,8.730000,0.000000,0.865480
185,12.166667,6.933333,8.726000,0.000000,0.858225
186,12.166667,7.100000,8.742000,0.000000,0.857234
187,12.166667,7.033333,8.733333,0.000000,0.865164
188,12.166667,6.933333,8.734667,0.000000,0.878678
189,12.166667,6.933333,8.760667,0.000000,0.840967
190,12.166667,6.966667,8.768667,0.000000,0.856098
191,12.166667,7.066667,8.736000,0.000000,0.846794
192,12.166667,6.966667,8.742667,0.000000,0.868030
193,12.166667,6.966667,8.732667,0.000000,0.866447
194,12.166667,7.000000,8.741333,0.000000,0.841631
195,12.166667,7.100000,8.782000,0.000000,0.854150
196,12.166667,7.000000,8.749333,0.000000,0.852673
197,12.166667,6.900000,8.714000,0.000000,0.877819
198,12.166667,7.066667,8.734667,0.000000,0.859388
199,12.166667,6.966667,8.718667,0.000000,0.860311
200,12.166667,6.900000,8.742667,0.000000,0.853702
201,12.166667,7.000000,8.744667,0.000000,0.862869
202,12.166667,6.866667,8.702000,0.000000,0.842393
203,12.166667,6.966667,8.699333,0.000000,0.866829
204,12.166667,7.033333,8.724667,0.000000,0.828455
205,12.166667,6.966667,8.749333,0.000000,0.854236
206,12.166667,6.966667,8.700000,0.000000,0.871327
207,12.166667,6.933333,8.697333,0.000000,0.829644
208,12.200000,7.000000,8.733333,0.000000,0.874669
209,12.200000,7.033333,8.696667,0.000000,0.832092
210,12.200000,6.966667,8.759333,0.000000,0.880133
211,12.200000,6.933333,8.748667,0.000000,0.878954
212,12.200000,7.000000,8.736000,0.000000,0.881140
213,12.200000,7.000000,8.735333,0.000000,0.846421
214,12.200000,6.933333,8.736000,0.000000,0.844261
215,12.200000,6.866667,8.713333,0.000000,0.848570
216,12.200000,7.000000,8.729333,0.000000,0.882840
217,12.200000,6.866667,8.738000,0.000000,0.874127
218,12.200000,6.933333,8.710000,0.000000,0.853388
219,12.200000,6.900000,8.692000,0.000000,0.840839
220,12.200000,7.000000,8.774667,0.000000,0.848081
221,12.200000,6.900000,8.724000,0.000000,0.844571
222,12.200000,6.966667,8.734667,0.000000,0.877758
223,12.200000,7.033333,8.748667,0.000000,0.859216
224,12.200000,7.133333,8.725333,0.000000,0.836150
225,12.200000,6.833333,8.682667,0.000000,0.841612
226,12.200000,7.000000,8.706000,0.000000,0.830392
227,12.200000,6.933333,8.713333,0.000000,0.866561
228,12.200000,6.900000,8.711333,0.000000,0.866257
229,12.200000,6.933333,8.726000,0.000000,0.869245
230,12.200000,7.000000,8.754667,0.000000,0.863811
231,12.200000,6.933333,8.721333,0.000000,0.850758
232,12.200000,6.933333,8.722667,0.000000,0.842771
233,12.200000,6.966667,8.716000,0.000000,0.822240
234,12.200000,6.966667,8.724000,0.000000,0.865991
235,12.200000,6.966667,8.710667,0.000000,0.857871
236,12.200000,7.000000,8.763333,0.000000,0.857348
237,12.200000,6.966667,8.698000,0.000000,0.861489
238,12.200000,7.066667,8.732667,0.000000,0.840569
239,12.200000,7.000000,8.756667,0.000000,0.849164
240,12.200000,7.000000,8.731333,0.000000,0.872556
241,12.200000,7.033333,8.782667,0.000000,0.848271
242,12.200000,6.933333,8.714667,0.000000,0.870262
243,12.200000,7.033333,8.718667,0.000000,0.847244
244,12.200000,7.100000,8.743333,0.000000,0.849067
245,12.200000,6.966667,8.724000,0.000000,0.853003
246,12.200000,7.000000,8.704000,0.000000,0.876537
247,12.200000,6.966667,8.780000,0.000000,0.877817
248,12.200000,6.966667,8.737333,0.000000,0.842821
249,12.200000,6.966667,8.716667,0.000000,0.873754
250,12.200000,6.933333,8.745333,0.000000,0.875476
251,12.200000,6.900000,8.736667,0.000000,0.866600
252,12.200000,7.000000,8.752000,0.000000,0.867859
253,12.200000,6.966667,8.724000,0.000000,0.876046
254,12.200000,6.966667,8.718667,0.000000,0.843921
255,12.200000,7.033333,8.740667,0.000000,0.859319
256,12.200000,7.000000,8.728667,0.000000,0.848798
257,12.200000,6.966667,8.729333,0.000000,0.863745
258,12.200000,6.966667,8.701333,0.000000,0.860832
259,12.200000,7.100000,8.726000,0.000000,0.829281
260,12.200000,6.933333,8.703333,0.000000,0.839981
261,12.200000,7.066667,8.722000,0.000000,0.841982
262,12.200000,7.100000,8.734667,0.000000,0.814130
263,12.200000,6.966667,8.732000,0.000000,0.850451
264,12.200000,7.100000,8.726000,0.000000,0.816367
265,12.200000,6.966667,8.758667,0.000000,0.881556
266,12.200000,6.966667,8.729333,0.000000,0.866769
267,12.200000,7.000000,8.744000,0.000000,0.862254
268,12.200000,6.966667,8.684667,0.000000,0.836010
269,12.200000,6.966667,8.774000,0.000000,0.884334
270,12.200000,7.033333,8.768000,0.000000,0.865641
271,12.200000,7.033333,8.724667,0.000000,0.834844
272,12.233333,7.100000,8.755333,0.000000,0.857506
273,12.233333,7.000000,8.741333,0.000000,0.855088
274,12.233333,7.033333,8.736667,0.000000,0.846513
275,12.233333,7.000000,8.775333,0.000000,0.811880
276,12.233333,7.000000,8.760000,0.000000,0.873230
277,12.233333,7.000000,8.754000,0.000000,0.848079
278,12.233333,7.066667,8.712000,0.000000,0.849282
279,12.233333,6.933333,8.716000,0.000000,0.852499
280,12.233333,7.033333,8.766000,0.000000,0.861383
281,12.233333,7.000000,8.720000,0.000000,0.853988
282,12.233333,7.033333,8.741333,0.000000,0.839382
283,12.233333,7.000000,8.715333,0.000000,0.856868
284,12.233333,6.933333,8.743333,0.000000,0.856106
285,12.233333,7.100000,8.741333,0.000000,0.857076
286,12.233333,7.000000,8.738000,0.000000,0.869032
287,12.233333,6.966667,8.708000,0.000000,0.869498
288,12.233333,7.000000,8.751333,0.000000,0.880802
289,12.233333,6.966667,8.710667,0.000000,0.881641
290,12.233333,6.933333,8.717333,0.000000,0.864370
291,12.233333,7.000000,8.752000,0.000000,0.850073
292,12.266667,6.966667,8.743333,0.000000,0.894131
293,12.266667,7.100000,8.775333,0.000000,0.852367
294,12.266667,7.033333,8.759333,0.000000,0.821933
295,12.266667,6.933333,8.701333,0.000000,0.904898
296,12.266667,7.000000,8.712667,0.000000,0.882159
297,12.266667,6.933333,8.761333,0.000000,0.862238
298,12.266667,7.000000,8.735333,0.000000,0.855600
299,12.266667,7.033333,8.733333,0.000000,0.855186
300,12.266667,7.033333,8.727333,0.000000,0.866417
301,12.266667,7.033333,8.732000,0.000000,0.867310
302,12.266667,7.100000,8.738000,0.000000,0.861747
303,12.266667,7.066667,8.736000,0.000000,0.865398
304,12.266667,7.000000,8.750000,0.000000,0.833785
305,12.266667,7.033333,8.716000,0.000000,0.852374
306,12.266667,7.066667,8.751333,0.000000,0.848632
307,12.266667,6.900000,8.719333,0.000000,0.866959
308,12.266667,6.900000,8.746667,0.000000,0.867475
309,12.266667,7.000000,8.743333,0.000000,0.903497
310,12.266667,7.000000,8.734000,0.000000,0.865933
311,12.266667,6.966667,8.702000,0.000000,0.862632
312,12.266667,6.966667,8.753333,0.000000,0.857915
313,12.266667,7.000000,8.747333,0.000000,0.845743
314,12.266667,7.066667,8.722667,0.000000,0.843140
315,12.266667,7.000000,8.710000,0.000000,0.835742
316,12.266667,7.100000,8.744667,0.000000,0.844845
317,12.266667,6.966667,8.716667,0.000000,0.863207
318,12.266667,6.966667,8.737333,0.000000,0.863942
319,12.266667,6.933333,8.689333,0.000000,0.869027
320,12.266667,6.966667,8.727333,0.000000,0.874853
321,12.266667,7.033333,8.717333,0.000000,0.857204
322,12.266667,7.033333,8.721333,0.000000,0.850782
323,12.266667,6.966667,8.778667,0.000000,0.885101
324,12.266667,7.000000,8.748000,0.000000,0.859858
325,12.266667,7.033333,8.727333,0.000000,0.839524
326,12.266667,6.966667,8.751333,0.000000,0.879007
327,12.266667,6.966667,8.712667,0.000000,0.876917
328,12.266667,7.033333,8.770667,0.000000,0.876096
329,12.266667,7.033333,8.726000,0.000000,0.857333
330,12.266667,6.966667,8.765333,0.000000,0.871261
331,12.266667,7.033333,8.722667,0.000000,0.860289
332,12.266667,7.033333,8.772000,0.000000,0.882515
333,12.266667,7.000000,8.748667,0.000000,0.844484
334,12.266667,7.000000,8.734000,0.000000,0.870141
335,12.266667,7.000000,8.708000,0.000000,0.882336
336,12.266667,7.000000,8.782667,0.000000,0.875210
337,12.266667,6.966667,8.736667,0.000000,0.841750
338,12.266667,7.066667,8.779333,0.000000,0.855484
339,12.266667,7.033333,8.719333,0.000000,0.853532
340,12.266667,6.966667,8.722667,0.000000,0.832255
341,12.266667,7.100000,8.738667,0.000000,0.852647
342,12.300000,7.066667,8.762000,0.000000,0.859167
343,12.300000,7.000000,8.739333,0.000000,0.850065
344,12.300000,7.033333,8.714000,0.000000,0.817627
345,12.300000,7.033333,8.739333,0.000000,0.831387
346,12.300000,7.000000,8.715333,0.000000,0.853089
347,12.300000,7.033333,8.725333,0.000000,0.855567
348,12.300000,6.933333,8.738667,0.000000,0.872224
349,12.333333,6.900000,8.707333,0.000000,0.871095
350,12.333333,7.000000,8.704000,0.000000,0.848286
351,12.333333,7.066667,8.767333,0.000000,0.881413
352,12.333333,7.033333,8.758667,0.000000,0.865385
353,12.333333,6.966667,8.727333,0.000000,0.853726
354,12.333333,6.900000,8.729333,0.000000,0.893797
355,12.333333,7.100000,8.753333,0.000000,0.829413
356,12.333333,6.966667,8.738000,0.000000,0.862532
357,12.333333,7.100000,8.738000,0.000000,0.848205
358,12.333333,6.933333,8.710667,0.000000,0.856131
359,12.333333,7.000000,8.724667,0.000000,0.866337
360,12.333333,6.933333,8.711333,0.000000,0.891438
361,12.333333,7.066667,8.762000,0.000000,0.835741
362,12.333333,7.000000,8.765333,0.000000,0.880141
363,12.333333,6.966667,8.719333,0.000000,0.859659
364,12.333333,6.966667,8.760667,0.000000,0.857261
365,12.333333,7.000000,8.754000,0.000000,0.862804
366,12.333333,6.966667,8.722000,0.000000,0.851522
367,12.333333,6.966667,8.755333,0.000000,0.857162
368,12.333333,6.966667,8.777333,0.000000,0.881505
369,12.333333,6.966667,8.740000,0.000000,0.852656
370,12.333333,6.933333,8.707333,0.000000,0.836778
371,12.333333,7.000000,8.722667,0.000000,0.852722
372,12.333333,7.033333,8.754667,0.000000,0.829009
373,12.333333,6.966667,8.767333,0.000000,0.858641
374,12.333333,6.966667,8.734000,0.000000,0.874593
375,12.333333,6.900000,8.678000,0.000000,0.859750
376,12.333333,7.000000,8.702000,0.000000,0.853811
377,12.333333,7.000000,8.683333,0.000000,0.827802
378,12.333333,7.033333,8.726667,0.000000,0.857877
379,12.333333,7.000000,8.725333,0.000000,0.826431
380,12.333333,6.966667,8.709333,0.000000,0.848987
381,12.333333,6.966667,8.720667,0.000000,0.867449
382,12.333333,7.033333,8.737333,0.000000,0.879230
383,12.333333,6.933333,8.716000,0.000000,0.894854
384,12.333333,7.133333,8.773333,0.000000,0.859106
385,12.333333,6.966667,8.750000,0.000000,0.883279
386,12.333333,7.000000,8.744000,0.000000,0.854419
387,12.333333,6.900000,8.746000,0.000000,0.857831
388,12.333333,7.100000,8.780667,0.000000,0.851997
389,12.333333,6.900000,8.757333,0.000000,0.855846
390,12.333333,6.966667,8.730667,0.000000,0.853186
391,12.333333,6.933333,8.734000,0.000000,0.865078
392,12.333333,7.066667,8.736667,0.000000,0.842627
393,12.333333,6.933333,8.726000,0.000000,0.886511
394,12.333333,7.033333,8.746667,0.000000,0.867710
395,12.333333,6.966667,8.731333,0.000000,0.847277
396,12.333333,6.966667,8.718000,0.000000,0.848143
397,12.333333,7.000000,8.756000,0.000000,0.856792
398,12.333333,6.966667,8.735333,0.000000,0.852159
399,12.333333,7.000000,8.698000,0.000000,0.832987
400,12.333333,6.966667,8.732667,0.000000,0.865474
401,12.333333,6.966667,8.679333,0.000000,0.879470
402,12.333333,7.000000,8.745333,0.000000,0.871237
403,12.333333,6.933333,8.757333,0.000000,0.875850
404,12.333333,6.966667,8.736667,0.000000,0.856737
405,12.333333,6.966667,8.716667,0.000000,0.895815
406,12.333333,6.933333,8.751333,0.000000,0.860134
407,12.333333,7.066667,8.728000,0.000000,0.827079
408,12.333333,6.933333,8.718000,0.000000,0.865786
409,12.333333,6.900000,8.724000,0.000000,0.872208
410,12.333333,6.933333,8.706667,0.000000,0.859510
411,12.333333,7.000000,8.732000,0.000000,0.861788
412,12.333333,7.000000,8.724667,0.000000,0.846513
413,12.333333,7.000000,8.752000,0.000000,0.865769
414,12.333333,6.966667,8.702667,0.000000,0.833836
415,12.333333,6.866667,8.740000,0.000000,0.857212
416,12.333333,6.933333,8.737333,0.000000,0.876691
417,12.333333,6.933333,8.764667,0.000000,0.838425
418,12.333333,7.033333,8.778667,0.000000,0.832675
419,12.333333,6.966667,8.728667,0.000000,0.867719
420,12.333333,7.000000,8.714000,0.000000,0.848617
421,12.333333,6.966667,8.730667,0.000000,0.863375
422,12.333333,7.033333,8.741333,0.000000,0.871710
423,12.333333,6.933333,8.736667,0.000000,0.849137
424,12.333333,7.066667,8.759333,0.000000,0.871554
425,12.333333,6.966667,8.722000,0.000000,0.859208
426,12.333333,7.000000,8.710000,0.000000,0.856886
427,12.333333,7.100000,8.742000,0.000000,0.858827
428,12.333333,7.000000,8.680667,0.000000,0.846658
429,12.333333,6.900000,8.746000,0.000000,0.870836
430,12.333333,7.000000,8.746667,0.000000,0.886610
431,12.333333,6.966667,8.730667,0.000000,0.859995
432,12.333333,7.000000,8.752000,0.000000,0.842406
433,12.333333,7.000000,8.743333,0.000000,0.866794
434,12.333333,7.066667,8.755333,0.000000,0.846190
435,12.333333,6.933333,8.744667,0.000000,0.848267
436,12.333333,6.966667,8.680667,0.000000,0.865205
437,12.333333,6.966667,8.692667,0.000000,0.875532
438,12.333333,6.966667,8.713333,0.000000,0.858629
439,12.333333,7.000000,8.769333,0.000000,0.891290
440,12.333333,7.000000,8.737333,0.000000,0.864225
441,12.333333,6.900000,8.744667,0.000000,0.882391
442,12.333333,6.933333,8.688000,0.000000,0.835333
443,12.366667,7.000000,8.718000,0.000000,0.848504
444,12.366667,6.966667,8.771333,0.000000,0.850870
445,12.366667,7.000000,8.755333,0.000000,0.868426
446,12.366667,6.966667,8.707333,0.000000,0.832758
447,12.366667,7.100000,8.774000,0.000000,0.835635
448,12.366667,6.966667,8.736667,0.000000,0.880858
449,12.366667,6.966667,8.712667,0.000000,0.869763
450,12.366667,7.000000,8.741333,0.000000,0.871705
451,12.366667,7.000000,8.683333,0.000000,0.857851
452,12.366667,7.033333,8.740000,0.000000,0.854612
453,12.366667,6.966667,8.724000,0.000000,0.858459
454,12.366667,6.933333,8.704667,0.000000,0.813860
455,12.366667,6.933333,8.678000,0.000000,0.869998
456,12.366667,7.000000,8.782000,0.000000,0.834700
457,12.366667,7.033333,8.790667,0.000000,0.858311
458,12.366667,7.033333,8.770000,0.000000,0.890044
459,12.366667,7.000000,8.712667,0.000000,0.859625
460,12.366667,6.933333,8.715333,0.000000,0.849299
461,12.366667,7.066667,8.762667,0.000000,0.861726
462,12.366667,6.966667,8.766667,0.000000,0.906410
463,12.400000,7.000000,8.728000,0.000000,0.861295
464,12.400000,7.066667,8.725333,0.000000,0.854956
465,12.400000,7.033333,8.755333,0.000000,0.872088
466,12.400000,6.933333,8.738000,0.000000,0.861850
467,12.400000,7.066667,8.732000,0.000000,0.845462
468,12.400000,7.000000,8.732667,0.000000,0.874914
469,12.400000,7.000000,8.721333,0.000000,0.858988
470,12.400000,6.966667,8.722000,0.000000,0.871200
471,12.400000,6.966667,8.722667,0.000000,0.885146
472,12.400000,7.033333,8.727333,0.000000,0.838447
473,12.400000,7.033333,8.768000,0.000000,0.865076
474,12.400000,7.000000,8.731333,0.000000,0.845420
475,12.400000,7.066667,8.713333,0.000000,0.824503
476,12.400000,7.000000,8.775333,0.000000,0.883308
477,12.400000,6.966667,8.698000,0.000000,0.857952
478,12.400000,7.066667,8.742667,0.000000,0.869618
479,12.400000,7.033333,8.748000,0.000000,0.862570
480,12.400000,6.966667,8.724000,0.000000,0.852128
481,12.400000,7.033333,8.698667,0.000000,0.868160
482,12.400000,7.066667,8.750000,0.000000,0.863236
483,12.400000,7.066667,8.705333,0.000000,0.872133
484,12.400000,6.966667,8.724000,0.000000,0.860841
485,12.400000,7.033333,8.785333,0.000000,0.873572
486,12.400000,6.966667,8.734000,0.000000,0.854984
487,12.400000,6.900000,8.739333,0.000000,0.871927
488,12.400000,7.033333,8.711333,0.000000,0.867644
489,12.400000,7.066667,8.761333,0.000000,0.841001
490,12.400000,6.966667,8.715333,0.000000,0.863996
491,12.400000,7.066667,8.720000,0.000000,0.826010
492,12.400000,6.900000,8.685333,0.000000,0.845792
493,12.400000,6.900000,8.712667,0.000000,0.885746
494,12.400000,7.000000,8.746000,0.000000,0.854106
495,12.400000,6.966667,8.766000,0.000000,0.859654
496,12.400000,7.066667,8.762000,0.000000,0.847930
497,12.400000,6.933333,8.767333,0.000000,0.856024
498,12.400000,6.966667,8.806000,0.000000,0.866897
499,12.400000,7.066667,8.775333,0.000000,0.864145
500,12.400000,7.000000,8.719333,0.000000,0.850139
BestSdev: 0.222304, Time: 10m2.260420641s