gen,best,worst,mean,rep,sdev
1,10.500000,7.000000,8.748000,0.000000,0.852581
2,10.900000,6.966667,8.686000,0.000000,0.837713
3,11.033333,6.933333,8.732000,0.000000,0.868286
4,11.100000,6.933333,8.722667,0.000000,0.863012
5,11.200000,7.133333,8.752000,0.000000,0.846660
6,11.266667,7.066667,8.742000,0.000000,0.866578
7,11.300000,7.033333,8.746667,0.000000,0.844386
8,11.366667,6.966667,8.751333,0.000000,0.869672
9,11.400000,6.966667,8.738000,0.000000,0.851058
10,11.433333,6.900000,8.725333,0.000000,0.876203
11,11.500000,6.966667,8.709333,0.000000,0.877456
12,11.533333,6.866667,8.726000,0.000000,0.857432
13,11.633333,6.966667,8.706000,0.000000,0.888282
14,11.633333,6.966667,8.696000,0.000000,0.828936
15,11.633333,7.000000,8.760667,0.000000,0.854829
16,11.633333,7.066667,8.712000,0.000000,0.850584
17,11.633333,7.066667,8.735333,0.000000,0.840106
18,11.633333,7.033333,8.723333,0.000000,0.848377
19,11.633333,6.966667,8.716000,0.000000,0.868869
20,11.633333,6.966667,8.732000,0.000000,0.863420
21,11.666667,7.066667,8.736667,0.000000,0.852739
22,11.666667,6.933333,8.733333,0.000000,0.880011
23,11.666667,7.000000,8.730000,0.000000,0.844731
24,11.700000,7.033333,8.760000,0.000000,0.875025
25,11.700000,7.133333,8.766667,0.000000,0.828089
26,11.733333,7.000000,8.748000,0.000000,0.861696
27,11.733333,6.933333,8.746667,0.000000,0.845212
28,11.733333,6.966667,8.772667,0.000000,0.878413
29,11.733333,7.000000,8.728000,0.000000,0.865139
30,11.766667,6.866667,8.703333,0.000000,0.849735
31,11.766667,7.100000,8.755333,0.000000,0.850714
32,11.833333,7.100000,8.734000,0.000000,0.855316
33,11.833333,7.033333,8.744000,0.000000,0.876257
34,11.833333,6.966667,8.732667,0.000000,0.876752
35,11.833333,7.000000,8.752667,0.000000,0.863208
36,11.833333,6.933333,8.740000,0.000000,0.863866
37,11.833333,7.066667,8.736667,0.000000,0.850162
38,11.833333,6.966667,8.737333,0.000000,0.882063
39,11.866667,7.066667,8.723333,0.000000,0.861329
40,11.866667,7.066667,8.704667,0.000000,0.861084
41,11.866667,6.833333,8.730667,0.000000,0.867186
42,11.866667,7.000000,8.737333,0.000000,0.842226
43,11.866667,6.933333,8.738000,0.000000,0.852331
44,11.866667,7.066667,8.724667,0.000000,0.850523
45,11.866667,7.000000,8.746667,0.000000,0.843929
46,11.900000,7.000000,8.776000,0.000000,0.862270
47,11.933333,7.000000,8.720667,0.000000,0.888669
48,11.933333,6.933333,8.742000,0.000000,0.878041
49,11.933333,7.000000,8.728667,0.000000,0.849145
50,11.966667,6.933333,8.752667,0.000000,0.879562
BestSdev: 0.292976, Time: 57.439468214s