gen,best,worst,mean,rep,sdev
1,11.466667,6.566667,8.729333,0.000000,0.870400
2,11.600000,6.700000,8.745800,0.033333,0.870836
3,11.666667,6.633333,8.729200,0.000000,0.863459
4,11.766667,6.500000,8.729267,0.000000,0.879920
5,11.800000,6.466667,8.741467,0.000000,0.873325
6,11.866667,6.433333,8.731933,0.000000,0.885660
7,12.000000,6.533333,8.733200,0.000000,0.870888
8,12.033333,6.666667,8.747333,0.000000,0.867930
9,12.033333,6.500000,8.733667,0.000000,0.865140
10,12.066667,6.700000,8.741200,0.000000,0.873848
11,12.066667,6.500000,8.734067,0.000000,0.871342
12,12.066667,6.666667,8.727400,0.000000,0.867998
13,12.066667,6.600000,8.741200,0.033333,0.871788
14,12.066667,6.666667,8.730667,0.000000,0.874550
15,12.066667,6.600000,8.734067,0.000000,0.872470
16,12.066667,6.633333,8.733600,0.000000,0.878054
17,12.066667,6.600000,8.735800,0.033333,0.868423
18,12.066667,6.500000,8.732467,0.000000,0.865998
19,12.066667,6.500000,8.729067,0.000000,0.868281
20,12.066667,6.633333,8.727200,0.000000,0.873596
21,12.066667,6.566667,8.737400,0.000000,0.869004
22,12.133333,6.633333,8.723600,0.000000,0.860577
23,12.133333,6.533333,8.720133,0.000000,0.871912
24,12.133333,6.566667,8.727333,0.000000,0.862194
25,12.133333,6.533333,8.735267,0.000000,0.866853
26,12.133333,6.500000,8.726467,0.000000,0.873286
27,12.166667,6.700000,8.738400,0.000000,0.871781
28,12.166667,6.500000,8.738400,0.000000,0.873768
29,12.166667,6.533333,8.733333,0.000000,0.874294
30,12.166667,6.533333,8.734800,0.000000,0.871515
31,12.166667,6.566667,8.736067,0.000000,0.867211
32,12.166667,6.500000,8.737400,0.000000,0.872519
33,12.166667,6.700000,8.737533,0.033333,0.867284
34,12.166667,6.666667,8.733133,0.000000,0.859977
35,12.166667,6.566667,8.730067,0.000000,0.874105
36,12.166667,6.400000,8.747400,0.000000,0.870272
37,12.166667,6.533333,8.722067,0.000000,0.864166
38,12.166667,6.533333,8.742467,0.000000,0.880520
39,12.200000,6.533333,8.739333,0.000000,0.875202
40,12.200000,6.500000,8.747667,0.000000,0.872970
41,12.200000,6.566667,8.742067,0.000000,0.873643
42,12.200000,6.466667,8.732733,0.000000,0.874408
43,12.200000,6.500000,8.734333,0.000000,0.870509
44,12.200000,6.666667,8.730933,0.000000,0.860680
45,12.233333,6.533333,8.737733,0.000000,0.868252
46,12.233333,6.700000,8.735067,0.000000,0.862623
47,12.266667,6.466667,8.727467,0.000000,0.875702
48,12.266667,6.533333,8.739400,0.033333,0.875674
49,12.266667,6.433333,8.735133,0.000000,0.882768
50,12.266667,6.633333,8.734733,0.033333,0.873956
51,12.266667,6.533333,8.733200,0.000000,0.870101
52,12.266667,6.566667,8.734733,0.000000,0.868472
53,12.266667,6.600000,8.737467,0.033333,0.859995
54,12.266667,6.733333,8.733067,0.033333,0.866973
55,12.266667,6.633333,8.740133,0.000000,0.860541
56,12.266667,6.566667,8.741333,0.000000,0.872196
57,12.266667,6.466667,8.735733,0.000000,0.873432
58,12.266667,6.666667,8.733733,0.000000,0.876581
59,12.266667,6.600000,8.740000,0.000000,0.869232
60,12.266667,6.500000,8.737267,0.000000,0.871364
61,12.266667,6.366667,8.726133,0.033333,0.872710
62,12.266667,6.666667,8.739600,0.000000,0.871041
63,12.266667,6.733333,8.734067,0.033333,0.873542
64,12.266667,6.666667,8.746667,0.033333,0.869214
65,12.266667,6.700000,8.738000,0.000000,0.869446
66,12.266667,6.500000,8.728467,0.000000,0.867469
67,12.266667,6.566667,8.734667,0.000000,0.876935
68,12.300000,6.600000,8.732000,0.000000,0.872615
69,12.300000,6.633333,8.724667,0.000000,0.869779
70,12.300000,6.533333,8.746267,0.000000,0.872651
71,12.300000,6.533333,8.734733,0.000000,0.870791
72,12.300000,6.433333,8.734067,0.000000,0.882368
73,12.300000,6.400000,8.739467,0.000000,0.870705
74,12.300000,6.800000,8.739867,0.000000,0.863452
75,12.333333,6.600000,8.722667,0.000000,0.864767
76,12.333333,6.633333,8.741333,0.000000,0.862372
77,12.333333,6.433333,8.739333,0.000000,0.873375
78,12.333333,6.633333,8.735267,0.000000,0.871515
79,12.333333,6.666667,8.742533,0.000000,0.874457
80,12.333333,6.500000,8.738667,0.000000,0.871582
81,12.333333,6.733333,8.722333,0.000000,0.871710
82,12.333333,6.700000,8.749600,0.000000,0.867544
83,12.366667,6.466667,8.734533,0.000000,0.874472
84,12.366667,6.633333,8.744267,0.000000,0.867609
85,12.366667,6.466667,8.718933,0.000000,0.862446
86,12.366667,6.400000,8.734333,0.000000,0.874070
87,12.366667,6.566667,8.744867,0.000000,0.869005
88,12.366667,6.533333,8.734533,0.000000,0.878334
89,12.366667,6.533333,8.729267,0.000000,0.868760
90,12.366667,6.666667,8.736867,0.000000,0.883358
91,12.366667,6.466667,8.720933,0.000000,0.873802
92,12.366667,6.666667,8.729067,0.000000,0.862306
93,12.366667,6.533333,8.731067,0.000000,0.865636
94,12.366667,6.466667,8.735133,0.000000,0.870507
95,12.366667,6.566667,8.737667,0.000000,0.869727
96,12.366667,6.600000,8.721933,0.000000,0.876190
97,12.366667,6.500000,8.734200,0.000000,0.866500
98,12.366667,6.566667,8.726200,0.000000,0.866011
99,12.400000,6.700000,8.743400,0.000000,0.869413
100,12.400000,6.566667,8.732133,0.033333,0.874327
101,12.400000,6.666667,8.728000,0.000000,0.869045
102,12.400000,6.600000,8.740200,0.066667,0.880795
103,12.400000,6.533333,8.734067,0.000000,0.878621
104,12.400000,6.533333,8.738200,0.000000,0.865601
105,12.400000,6.666667,8.743733,0.000000,0.868837
106,12.400000,6.766667,8.740133,0.000000,0.868223
107,12.400000,6.633333,8.739533,0.000000,0.872135
108,12.433333,6.533333,8.740400,0.000000,0.872303
109,12.466667,6.433333,8.744267,0.033333,0.873052
110,12.466667,6.566667,8.730600,0.000000,0.870266
111,12.466667,6.633333,8.736733,0.000000,0.863996
112,12.466667,6.533333,8.734333,0.033333,0.874423
113,12.500000,6.400000,8.733533,0.000000,0.864268
114,12.500000,6.633333,8.746467,0.000000,0.867401
115,12.500000,6.700000,8.742733,0.000000,0.869206
116,12.500000,6.433333,8.729733,0.000000,0.875631
117,12.500000,6.466667,8.729467,0.000000,0.867824
118,12.500000,6.633333,8.725533,0.000000,0.874208
119,12.533333,6.566667,8.736533,0.000000,0.875988
120,12.533333,6.566667,8.727200,0.000000,0.862638
121,12.533333,6.366667,8.740067,0.000000,0.868006
122,12.566667,6.433333,8.723867,0.000000,0.867491
123,12.566667,6.366667,8.731733,0.000000,0.876856
124,12.566667,6.666667,8.737867,0.033333,0.867699
125,12.566667,6.633333,8.740667,0.000000,0.872659
126,12.566667,6.533333,8.729333,0.000000,0.873804
127,12.566667,6.466667,8.738333,0.000000,0.874197
128,12.566667,6.366667,8.724400,0.000000,0.866816
129,12.566667,6.433333,8.728800,0.000000,0.879420
130,12.633333,6.533333,8.740533,0.000000,0.868937
131,12.633333,6.600000,8.735000,0.000000,0.875163
132,12.633333,6.466667,8.732800,0.000000,0.872270
133,12.633333,6.566667,8.735733,0.000000,0.874257
134,12.633333,6.433333,8.738933,0.000000,0.868199
135,12.633333,6.600000,8.735867,0.000000,0.877732
136,12.633333,6.500000,8.733333,0.000000,0.868047
137,12.633333,6.566667,8.733067,0.000000,0.867229
138,12.633333,6.633333,8.745800,0.000000,0.867282
139,12.633333,6.566667,8.729600,0.000000,0.870643
140,12.633333,6.666667,8.743267,0.000000,0.874555
141,12.633333,6.666667,8.728000,0.000000,0.877274
142,12.633333,6.533333,8.740067,0.000000,0.876890
143,12.633333,6.533333,8.739333,0.000000,0.866966
144,12.633333,6.533333,8.730667,0.000000,0.866727
145,12.633333,6.600000,8.737800,0.000000,0.874185
146,12.633333,6.600000,8.731867,0.000000,0.866050
147,12.633333,6.533333,8.722667,0.000000,0.867531
148,12.633333,6.500000,8.732800,0.033333,0.870284
149,12.633333,6.533333,8.734533,0.033333,0.872515
150,12.633333,6.300000,8.733000,0.000000,0.864874
151,12.633333,6.433333,8.740600,0.000000,0.870354
152,12.633333,6.700000,8.726733,0.000000,0.860335
153,12.633333,6.666667,8.736600,0.000000,0.875483
154,12.633333,6.700000,8.749733,0.000000,0.874967
155,12.633333,6.533333,8.737400,0.000000,0.878233
156,12.633333,6.366667,8.727733,0.000000,0.874554
157,12.633333,6.433333,8.736800,0.000000,0.867144
158,12.633333,6.566667,8.745267,0.000000,0.870037
159,12.633333,6.633333,8.732067,0.000000,0.871380
160,12.633333,6.700000,8.733133,0.000000,0.868950
161,12.633333,6.366667,8.726467,0.000000,0.880427
162,12.633333,6.600000,8.728733,0.033333,0.866281
163,12.633333,6.700000,8.742933,0.000000,0.871734
164,12.633333,6.600000,8.741333,0.033333,0.869931
165,12.633333,6.500000,8.728000,0.000000,0.866671
166,12.633333,6.600000,8.727733,0.000000,0.873794
167,12.633333,6.466667,8.739267,0.000000,0.873174
168,12.633333,6.766667,8.731733,0.000000,0.862868
169,12.633333,6.566667,8.736200,0.000000,0.870549
170,12.633333,6.533333,8.730600,0.000000,0.880620
171,12.633333,6.666667,8.733067,0.000000,0.862750
172,12.633333,6.600000,8.731333,0.000000,0.867246
173,12.633333,6.466667,8.730267,0.000000,0.874659
174,12.633333,6.333333,8.735733,0.000000,0.875201
175,12.633333,6.666667,8.715200,0.000000,0.869520
176,12.633333,6.600000,8.723133,0.000000,0.872623
177,12.633333,6.566667,8.730667,0.000000,0.866669
178,12.666667,6.500000,8.738867,0.000000,0.865371
179,12.666667,6.600000,8.739267,0.000000,0.876288
180,12.666667,6.533333,8.737867,0.000000,0.868655
181,12.666667,6.700000,8.727333,0.000000,0.874603
182,12.666667,6.666667,8.725333,0.000000,0.866871
183,12.666667,6.533333,8.726600,0.000000,0.869400
184,12.666667,6.700000,8.733267,0.000000,0.876110
185,12.666667,6.600000,8.731667,0.000000,0.872123
186,12.700000,6.733333,8.741533,0.000000,0.870141
187,12.700000,6.533333,8.731533,0.000000,0.880149
188,12.700000,6.666667,8.733467,0.000000,0.865124
189,12.700000,6.666667,8.733600,0.000000,0.870339
190,12.700000,6.633333,8.727533,0.000000,0.867231
191,12.700000,6.400000,8.738400,0.000000,0.880142
192,12.733333,6.566667,8.736333,0.000000,0.874632
193,12.733333,6.600000,8.718933,0.000000,0.869878
194,12.733333,6.566667,8.734867,0.033333,0.870526
195,12.733333,6.533333,8.732800,0.000000,0.870229
196,12.766667,6.633333,8.741000,0.000000,0.862817
197,12.766667,6.533333,8.735600,0.000000,0.876947
198,12.766667,6.466667,8.737933,0.000000,0.868064
199,12.766667,6.533333,8.741867,0.000000,0.871216
200,12.800000,6.533333,8.727867,0.000000,0.863152
BestSdev: 0.243591, Time: 26m15.942133822s