gen,best,worst,mean,rep,sdev
1,10.966667,6.866667,8.720667,0.000000,0.865033
2,11.300000,6.966667,8.751333,0.000000,0.873638
3,11.333333,6.900000,8.713667,0.000000,0.872386
4,11.366667,6.933333,8.742667,0.000000,0.867174
5,11.400000,6.900000,8.730333,0.000000,0.858677
6,11.433333,6.933333,8.710667,0.000000,0.852142
7,11.466667,7.000000,8.722667,0.000000,0.852211
8,11.500000,6.933333,8.767667,0.000000,0.861306
9,11.500000,6.866667,8.725667,0.000000,0.879540
10,11.533333,6.700000,8.723667,0.000000,0.872293
11,11.566667,6.833333,8.750667,0.000000,0.873516
12,11.666667,6.833333,8.727333,0.000000,0.872356
13,11.700000,7.000000,8.738000,0.000000,0.856271
14,11.700000,6.900000,8.734000,0.000000,0.865820
15,11.733333,6.933333,8.754000,0.000000,0.857243
16,11.766667,6.966667,8.761667,0.000000,0.870368
17,11.766667,6.966667,8.733333,0.000000,0.828550
18,11.800000,6.933333,8.741333,0.000000,0.876800
19,11.866667,6.900000,8.725333,0.000000,0.852640
20,11.866667,6.900000,8.714667,0.000000,0.862327
21,11.866667,6.933333,8.717000,0.000000,0.859453
22,11.866667,6.933333,8.718333,0.000000,0.866185
23,11.866667,6.966667,8.726667,0.000000,0.862179
24,11.866667,6.900000,8.737667,0.000000,0.862229
25,11.900000,6.833333,8.738000,0.000000,0.897809
26,11.900000,6.866667,8.732667,0.000000,0.869098
27,11.900000,6.933333,8.733333,0.000000,0.848348
28,11.900000,6.866667,8.743000,0.000000,0.871508
29,11.900000,6.900000,8.736333,0.000000,0.874545
30,11.900000,6.900000,8.765667,0.000000,0.857321
31,11.900000,6.900000,8.740333,0.000000,0.850627
32,11.900000,6.966667,8.717333,0.000000,0.839317
33,11.900000,6.833333,8.726333,0.000000,0.864577
34,11.900000,6.833333,8.735333,0.000000,0.875673
35,11.933333,6.900000,8.740333,0.000000,0.882817
36,11.966667,6.900000,8.736333,0.000000,0.875844
37,11.966667,6.866667,8.724667,0.000000,0.864467
38,11.966667,6.866667,8.725667,0.000000,0.887357
39,12.000000,6.833333,8.721667,0.000000,0.877257
40,12.000000,7.000000,8.736000,0.000000,0.880186
41,12.066667,6.966667,8.702333,0.000000,0.865101
42,12.066667,6.966667,8.725667,0.000000,0.835409
43,12.100000,6.933333,8.751000,0.000000,0.876499
44,12.100000,6.933333,8.744667,0.000000,0.863379
45,12.100000,6.900000,8.733667,0.000000,0.881941
46,12.100000,6.966667,8.755000,0.000000,0.845914
47,12.100000,6.966667,8.735000,0.000000,0.849336
48,12.100000,6.966667,8.768000,0.000000,0.877869
49,12.100000,6.933333,8.752000,0.000000,0.860076
50,12.100000,6.866667,8.716667,0.000000,0.858114
BestSdev: 0.255781, Time: 1m43.552840446s