gen,best,worst,mean,rep,sdev
1,10.566667,7.133333,8.737333,0.000000,0.820590
2,10.833333,7.000000,8.750667,0.000000,0.880780
3,11.133333,6.866667,8.756000,0.000000,0.863042
4,11.233333,6.900000,8.724000,0.000000,0.881838
5,11.233333,7.000000,8.724000,0.000000,0.835810
6,11.233333,6.933333,8.720667,0.000000,0.874953
7,11.233333,6.900000,8.708000,0.000000,0.868469
8,11.333333,6.933333,8.703333,0.000000,0.857186
9,11.400000,6.966667,8.753333,0.000000,0.886892
10,11.400000,7.000000,8.732000,0.000000,0.841740
11,11.400000,7.033333,8.730667,0.000000,0.876999
12,11.400000,7.033333,8.757333,0.000000,0.871405
13,11.433333,6.966667,8.760000,0.000000,0.871707
14,11.466667,7.033333,8.715333,0.000000,0.825051
15,11.533333,6.933333,8.751333,0.000000,0.889386
16,11.533333,6.933333,8.746667,0.000000,0.863865
17,11.566667,6.966667,8.746000,0.000000,0.854779
18,11.566667,6.933333,8.735333,0.000000,0.857513
19,11.600000,7.000000,8.763333,0.000000,0.856426
20,11.633333,7.033333,8.741333,0.000000,0.847615
21,11.633333,7.100000,8.727333,0.000000,0.833516
22,11.633333,7.000000,8.703333,0.000000,0.863508
23,11.633333,6.933333,8.727333,0.000000,0.874117
24,11.633333,7.033333,8.697333,0.000000,0.850184
25,11.666667,6.966667,8.708000,0.000000,0.866374
26,11.666667,6.966667,8.719333,0.000000,0.867644
27,11.666667,7.000000,8.732000,0.000000,0.871901
28,11.666667,7.033333,8.725333,0.000000,0.866963
29,11.666667,6.966667,8.675333,0.000000,0.879737
30,11.666667,6.966667,8.746000,0.000000,0.845543
31,11.700000,7.000000,8.709333,0.000000,0.851845
32,11.700000,6.966667,8.716667,0.000000,0.877729
33,11.766667,7.000000,8.728000,0.000000,0.879637
34,11.800000,7.066667,8.758667,0.000000,0.876699
35,11.833333,7.000000,8.727333,0.000000,0.872773
36,11.833333,7.000000,8.746667,0.000000,0.872366
37,11.866667,6.933333,8.724000,0.000000,0.861674
38,11.866667,6.900000,8.760000,0.000000,0.873895
39,11.900000,7.033333,8.726667,0.000000,0.862392
40,11.900000,6.966667,8.728667,0.000000,0.871839
41,11.900000,6.933333,8.722000,0.000000,0.882382
42,11.900000,7.033333,8.743333,0.000000,0.863846
43,11.900000,6.966667,8.697333,0.000000,0.866224
44,11.900000,6.933333,8.737333,0.000000,0.854273
45,11.900000,7.033333,8.761333,0.000000,0.866575
46,11.900000,7.000000,8.735333,0.000000,0.868810
47,11.900000,6.833333,8.718667,0.000000,0.859924
48,11.933333,7.033333,8.727333,0.000000,0.860983
49,11.933333,6.966667,8.710000,0.000000,0.892768
50,11.933333,7.100000,8.742000,0.000000,0.835897
51,11.933333,7.000000,8.716667,0.000000,0.866207
52,11.966667,6.933333,8.714000,0.000000,0.839458
53,11.966667,7.033333,8.740000,0.000000,0.849192
54,11.966667,6.933333,8.732667,0.000000,0.876907
55,11.966667,6.933333,8.670667,0.000000,0.874618
56,11.966667,7.033333,8.747333,0.000000,0.888463
57,11.966667,6.966667,8.732000,0.000000,0.866687
58,11.966667,7.000000,8.726000,0.000000,0.843831
59,11.966667,6.966667,8.713333,0.000000,0.872173
60,11.966667,6.966667,8.710000,0.000000,0.861898
61,11.966667,6.966667,8.699333,0.000000,0.864851
62,11.966667,7.000000,8.746667,0.000000,0.838553
63,11.966667,6.866667,8.730000,0.000000,0.854907
64,11.966667,7.000000,8.714667,0.000000,0.834065
65,11.966667,7.066667,8.725333,0.000000,0.844385
66,11.966667,6.900000,8.735333,0.000000,0.880999
67,11.966667,7.000000,8.767333,0.000000,0.859005
68,11.966667,7.000000,8.777333,0.000000,0.856873
69,11.966667,7.000000,8.738000,0.000000,0.854945
70,11.966667,7.000000,8.738667,0.000000,0.889283
71,11.966667,6.933333,8.698000,0.000000,0.850124
72,11.966667,7.033333,8.757333,0.000000,0.859382
73,11.966667,6.966667,8.699333,0.000000,0.868920
74,11.966667,6.966667,8.774000,0.000000,0.856025
75,11.966667,7.066667,8.750000,0.000000,0.829538
76,12.000000,6.966667,8.693333,0.000000,0.837844
77,12.000000,6.966667,8.728000,0.000000,0.859706
78,12.000000,6.900000,8.704667,0.000000,0.855810
79,12.000000,6.966667,8.718000,0.000000,0.864030
80,12.000000,6.966667,8.736667,0.000000,0.858872
81,12.000000,7.000000,8.756000,0.000000,0.869280
82,12.000000,7.033333,8.750000,0.000000,0.881806
83,12.033333,6.933333,8.725333,0.000000,0.875098
84,12.033333,7.000000,8.727333,0.000000,0.842395
85,12.033333,7.000000,8.761333,0.000000,0.876643
86,12.033333,6.966667,8.732667,0.000000,0.875135
87,12.033333,7.000000,8.751333,0.000000,0.858951
88,12.033333,7.066667,8.742000,0.000000,0.857159
89,12.033333,6.933333,8.708667,0.000000,0.890120
90,12.033333,7.000000,8.715333,0.000000,0.842942
91,12.033333,6.933333,8.732000,0.000000,0.882271
92,12.033333,7.033333,8.698667,0.000000,0.856515
93,12.033333,6.933333,8.706667,0.000000,0.867493
94,12.033333,6.933333,8.747333,0.000000,0.891268
95,12.033333,6.900000,8.742000,0.000000,0.863841
96,12.033333,7.033333,8.757333,0.000000,0.889614
97,12.033333,6.966667,8.781333,0.000000,0.883405
98,12.033333,7.033333,8.714000,0.000000,0.845506
99,12.033333,7.033333,8.723333,0.000000,0.856021
100,12.033333,7.000000,8.725333,0.000000,0.866520
101,12.033333,7.000000,8.742667,0.000000,0.867756
102,12.033333,7.066667,8.748000,0.000000,0.856628
103,12.033333,6.900000,8.731333,0.000000,0.877551
104,12.033333,7.000000,8.706667,0.000000,0.858246
105,12.033333,7.033333,8.747333,0.000000,0.879170
106,12.033333,6.933333,8.685333,0.000000,0.862950
107,12.033333,7.066667,8.731333,0.000000,0.845943
108,12.033333,7.033333,8.706667,0.000000,0.860742
109,12.033333,6.966667,8.694000,0.000000,0.858442
110,12.033333,6.966667,8.723333,0.000000,0.873949
111,12.033333,7.033333,8.766000,0.000000,0.859310
112,12.033333,7.000000,8.740667,0.000000,0.866648
113,12.033333,7.100000,8.739333,0.000000,0.851657
114,12.033333,6.900000,8.730000,0.000000,0.864861
115,12.066667,7.000000,8.752000,0.000000,0.860617
116,12.066667,6.966667,8.762000,0.000000,0.855593
117,12.066667,6.966667,8.734667,0.000000,0.881822
118,12.066667,7.166667,8.757333,0.000000,0.855170
119,12.066667,7.066667,8.748667,0.000000,0.855281
120,12.066667,7.066667,8.736000,0.000000,0.881015
121,12.066667,7.000000,8.754000,0.000000,0.845861
122,12.066667,7.000000,8.708667,0.000000,0.842982
123,12.066667,6.900000,8.686000,0.000000,0.831752
124,12.066667,6.866667,8.722667,0.000000,0.862788
125,12.066667,6.933333,8.748667,0.000000,0.877084
126,12.066667,7.000000,8.743333,0.000000,0.873077
127,12.066667,6.966667,8.726000,0.000000,0.857656
128,12.066667,6.933333,8.742000,0.000000,0.848339
129,12.066667,6.900000,8.729333,0.000000,0.887400
130,12.066667,6.966667,8.752667,0.000000,0.846637
131,12.066667,6.866667,8.748667,0.000000,0.832974
132,12.066667,6.933333,8.736000,0.000000,0.886495
133,12.066667,6.900000,8.738667,0.000000,0.868602
134,12.066667,7.000000,8.717333,0.000000,0.850381
135,12.066667,7.000000,8.745333,0.000000,0.848747
136,12.066667,7.033333,8.750000,0.000000,0.870886
137,12.066667,7.033333,8.684000,0.000000,0.846880
138,12.066667,7.100000,8.723333,0.000000,0.857492
139,12.066667,7.033333,8.740000,0.000000,0.839955
140,12.066667,6.900000,8.728667,0.000000,0.858285
141,12.066667,7.033333,8.724667,0.000000,0.839993
142,12.066667,7.000000,8.761333,0.000000,0.862788
143,12.066667,6.900000,8.721333,0.000000,0.850960
144,12.066667,7.066667,8.788000,0.000000,0.871457
145,12.066667,7.133333,8.745333,0.000000,0.846664
146,12.066667,7.033333,8.764000,0.000000,0.867194
147,12.066667,6.900000,8.729333,0.000000,0.886639
148,12.066667,6.933333,8.739333,0.000000,0.889161
149,12.066667,6.933333,8.705333,0.000000,0.862998
150,12.066667,6.933333,8.727333,0.000000,0.880053
151,12.066667,7.000000,8.708000,0.000000,0.838766
152,12.066667,7.033333,8.758667,0.000000,0.866671
153,12.066667,6.933333,8.756000,0.000000,0.848343
154,12.066667,6.966667,8.710000,0.000000,0.827526
155,12.066667,6.933333,8.736000,0.000000,0.865041
156,12.066667,7.000000,8.706000,0.000000,0.849825
157,12.066667,7.033333,8.754667,0.000000,0.847365
158,12.066667,7.066667,8.794667,0.000000,0.861664
159,12.066667,7.033333,8.760667,0.000000,0.863452
160,12.066667,7.033333,8.782000,0.000000,0.871995
161,12.066667,7.066667,8.738000,0.000000,0.860797
162,12.066667,6.933333,8.746667,0.000000,0.861037
163,12.100000,7.066667,8.728667,0.000000,0.853623
164,12.100000,6.933333,8.706000,0.000000,0.860103
165,12.100000,7.000000,8.732667,0.000000,0.885916
166,12.100000,7.000000,8.728667,0.000000,0.857770
167,12.100000,6.900000,8.730000,0.000000,0.860670
168,12.100000,7.033333,8.724667,0.000000,0.843541
169,12.100000,7.033333,8.750000,0.000000,0.856510
170,12.100000,7.066667,8.733333,0.000000,0.860393
171,12.100000,7.033333,8.725333,0.000000,0.848691
172,12.100000,6.966667,8.709333,0.000000,0.817980
173,12.100000,6.933333,8.708000,0.000000,0.838999
174,12.100000,7.066667,8.734667,0.000000,0.834570
175,12.100000,6.866667,8.712667,0.000000,0.871496
176,12.100000,7.033333,8.708667,0.000000,0.860407
177,12.100000,7.066667,8.756667,0.000000,0.846919
178,12.100000,6.933333,8.762000,0.000000,0.864479
179,12.100000,7.000000,8.708667,0.000000,0.859854
180,12.100000,7.033333,8.712000,0.000000,0.847892
181,12.100000,6.966667,8.736667,0.000000,0.844968
182,12.100000,6.966667,8.702000,0.000000,0.851086
183,12.100000,7.000000,8.698667,0.000000,0.852856
184,12.100000,7.033333,8.709333,0.000000,0.856300
185,12.100000,7.133333,8.708000,0.000000,0.870827
186,12.100000,6.933333,8.718667,0.000000,0.865295
187,12.100000,7.033333,8.722000,0.000000,0.854027
188,12.100000,6.966667,8.738000,0.000000,0.894144
189,12.100000,6.866667,8.695333,0.000000,0.853954
190,12.100000,7.033333,8.743333,0.000000,0.876804
191,12.100000,6.966667,8.720667,0.000000,0.857545
192,12.100000,6.966667,8.737333,0.000000,0.873630
193,12.100000,6.933333,8.679333,0.000000,0.852975
194,12.100000,6.933333,8.698667,0.000000,0.854967
195,12.100000,6.933333,8.748667,0.000000,0.892527
196,12.100000,7.000000,8.767333,0.000000,0.869549
197,12.100000,6.833333,8.764667,0.000000,0.876495
198,12.100000,7.100000,8.706000,0.000000,0.854984
199,12.100000,6.933333,8.753333,0.000000,0.870763
200,12.100000,6.966667,8.714000,0.000000,0.868706
BestSdev: 0.241809, Time: 3m58.099684599s