gen,best,worst,mean,rep,sdev
1,11.000000,6.833333,8.744667,0.000000,0.859462
2,11.166667,6.866667,8.740000,0.000000,0.883415
3,11.200000,6.900000,8.741333,0.000000,0.851397
4,11.233333,7.000000,8.723000,0.000000,0.848418
5,11.366667,6.866667,8.737667,0.000000,0.844046
6,11.433333,6.933333,8.709667,0.000000,0.850750
7,11.466667,6.933333,8.761667,0.000000,0.850598
8,11.500000,6.933333,8.712667,0.000000,0.879222
9,11.600000,6.733333,8.744667,0.000000,0.869549
10,11.600000,6.933333,8.715000,0.000000,0.840204
11,11.700000,6.966667,8.741000,0.000000,0.856628
12,11.700000,6.800000,8.725667,0.000000,0.866980
13,11.766667,6.933333,8.726333,0.000000,0.860725
14,11.766667,6.833333,8.717333,0.000000,0.869909
15,11.900000,6.933333,8.738333,0.000000,0.887708
16,11.900000,6.800000,8.741333,0.000000,0.878649
17,11.900000,6.866667,8.739667,0.000000,0.866017
18,11.900000,6.866667,8.747333,0.000000,0.863458
19,11.933333,6.866667,8.699667,0.000000,0.867570
20,11.933333,6.900000,8.719667,0.000000,0.882938
21,11.933333,6.833333,8.723333,0.000000,0.892253
22,11.966667,6.900000,8.711667,0.000000,0.862842
23,12.000000,6.866667,8.722667,0.000000,0.873182
24,12.000000,6.833333,8.728000,0.000000,0.869170
25,12.000000,6.833333,8.725667,0.000000,0.859883
26,12.000000,6.966667,8.710333,0.000000,0.867726
27,12.033333,6.900000,8.737667,0.000000,0.861468
28,12.033333,6.966667,8.729667,0.000000,0.858205
29,12.033333,6.966667,8.719333,0.000000,0.867994
30,12.033333,7.000000,8.752667,0.000000,0.871039
31,12.033333,6.833333,8.730333,0.000000,0.885184
32,12.066667,6.966667,8.731000,0.000000,0.881423
33,12.066667,6.833333,8.745000,0.000000,0.854234
34,12.100000,6.866667,8.756333,0.000000,0.889475
35,12.100000,6.966667,8.740333,0.000000,0.847597
36,12.100000,6.800000,8.759000,0.000000,0.879942
37,12.100000,6.933333,8.764667,0.000000,0.868417
38,12.100000,6.966667,8.733000,0.000000,0.850395
39,12.100000,6.866667,8.754333,0.000000,0.860030
40,12.100000,6.866667,8.719333,0.000000,0.861935
41,12.100000,6.833333,8.736333,0.000000,0.842644
42,12.100000,6.966667,8.733333,0.000000,0.866832
43,12.100000,6.866667,8.715667,0.000000,0.855221
44,12.100000,6.866667,8.715000,0.000000,0.873203
45,12.100000,6.900000,8.723333,0.000000,0.858457
46,12.100000,6.833333,8.758000,0.000000,0.871790
47,12.100000,6.766667,8.733333,0.000000,0.897365
48,12.100000,6.766667,8.724667,0.000000,0.885705
49,12.100000,6.800000,8.732000,0.000000,0.865223
50,12.100000,6.866667,8.749333,0.000000,0.862279
51,12.100000,6.933333,8.757667,0.000000,0.844916
52,12.100000,6.933333,8.713000,0.000000,0.862767
53,12.100000,6.933333,8.733333,0.000000,0.879165
54,12.100000,6.866667,8.741667,0.000000,0.869830
55,12.133333,6.900000,8.746333,0.000000,0.896049
56,12.133333,6.833333,8.723333,0.000000,0.885205
57,12.133333,6.900000,8.732333,0.000000,0.860921
58,12.133333,6.933333,8.729000,0.000000,0.876916
59,12.133333,6.933333,8.748333,0.000000,0.875040
60,12.133333,6.933333,8.731667,0.000000,0.842155
61,12.133333,6.833333,8.716667,0.000000,0.842015
62,12.133333,6.800000,8.710667,0.000000,0.848869
63,12.133333,6.933333,8.736333,0.000000,0.858742
64,12.133333,6.766667,8.717000,0.000000,0.880936
65,12.133333,6.966667,8.722000,0.000000,0.858257
66,12.133333,6.933333,8.745333,0.000000,0.873801
67,12.133333,6.833333,8.740000,0.000000,0.888764
68,12.133333,6.966667,8.711000,0.000000,0.872485
69,12.133333,6.800000,8.737333,0.000000,0.869013
70,12.166667,6.900000,8.754333,0.000000,0.852271
71,12.166667,6.900000,8.694667,0.000000,0.849911
72,12.166667,6.900000,8.753000,0.000000,0.870519
73,12.166667,7.000000,8.742333,0.000000,0.855343
74,12.166667,6.866667,8.731000,0.000000,0.854679
75,12.166667,6.833333,8.739667,0.000000,0.871615
76,12.166667,6.900000,8.701333,0.000000,0.879810
77,12.166667,6.966667,8.720333,0.000000,0.864031
78,12.166667,7.000000,8.741667,0.000000,0.851696
79,12.166667,6.800000,8.723000,0.000000,0.880630
80,12.166667,6.800000,8.716667,0.000000,0.867878
81,12.200000,6.900000,8.747667,0.000000,0.861022
82,12.200000,6.866667,8.745667,0.000000,0.866998
83,12.200000,6.866667,8.739667,0.000000,0.878121
84,12.200000,6.966667,8.732667,0.000000,0.851447
85,12.200000,6.933333,8.746000,0.000000,0.871378
86,12.200000,6.833333,8.727667,0.000000,0.875445
87,12.200000,6.833333,8.773667,0.000000,0.877122
88,12.200000,6.866667,8.740333,0.000000,0.887880
89,12.200000,6.900000,8.771333,0.000000,0.856099
90,12.200000,6.800000,8.764333,0.000000,0.876527
91,12.200000,6.900000,8.731333,0.000000,0.850918
92,12.200000,6.900000,8.722333,0.000000,0.862056
93,12.200000,6.900000,8.702667,0.000000,0.857284
94,12.200000,6.933333,8.718667,0.000000,0.853301
95,12.200000,6.966667,8.725333,0.000000,0.871355
96,12.200000,6.866667,8.769000,0.000000,0.862828
97,12.200000,6.966667,8.735667,0.000000,0.878556
98,12.200000,6.900000,8.763667,0.000000,0.889022
99,12.200000,6.733333,8.740667,0.000000,0.891571
100,12.200000,6.900000,8.724000,0.000000,0.869430
101,12.200000,6.966667,8.742333,0.000000,0.848239
102,12.200000,6.766667,8.723000,0.000000,0.871371
103,12.200000,6.900000,8.764000,0.000000,0.874087
104,12.200000,6.966667,8.727000,0.000000,0.858491
105,12.200000,6.866667,8.713333,0.000000,0.864487
106,12.200000,6.833333,8.725667,0.000000,0.862534
107,12.200000,6.833333,8.723000,0.000000,0.854833
108,12.200000,6.866667,8.745000,0.000000,0.879805
109,12.200000,6.833333,8.704000,0.000000,0.869197
110,12.200000,6.733333,8.723000,0.000000,0.858820
111,12.200000,6.900000,8.730333,0.000000,0.845481
112,12.200000,6.900000,8.730333,0.000000,0.878616
113,12.200000,6.866667,8.738333,0.000000,0.861647
114,12.200000,6.900000,8.723667,0.000000,0.884875
115,12.200000,6.966667,8.730333,0.000000,0.860005
116,12.200000,6.866667,8.741667,0.000000,0.875083
117,12.200000,6.966667,8.738333,0.000000,0.886641
118,12.200000,6.833333,8.721000,0.000000,0.859597
119,12.200000,6.800000,8.747000,0.000000,0.867772
120,12.200000,6.866667,8.719000,0.000000,0.860788
121,12.200000,6.900000,8.715333,0.000000,0.870493
122,12.200000,6.900000,8.738000,0.000000,0.860793
123,12.200000,6.866667,8.755333,0.000000,0.899897
124,12.200000,6.866667,8.721000,0.000000,0.855109
125,12.200000,6.933333,8.710667,0.000000,0.845446
126,12.233333,6.933333,8.714333,0.000000,0.873325
127,12.233333,6.933333,8.723667,0.000000,0.856460
128,12.233333,6.833333,8.758333,0.000000,0.874182
129,12.233333,6.900000,8.737000,0.000000,0.891342
130,12.233333,6.933333,8.727333,0.000000,0.853460
131,12.233333,6.800000,8.721000,0.000000,0.861889
132,12.233333,6.833333,8.741000,0.000000,0.862537
133,12.233333,6.833333,8.725000,0.000000,0.869341
134,12.233333,6.900000,8.732000,0.000000,0.869073
135,12.233333,6.833333,8.717667,0.000000,0.867328
136,12.233333,6.833333,8.708000,0.000000,0.845728
137,12.233333,6.933333,8.740667,0.000000,0.869255
138,12.233333,6.933333,8.729667,0.000000,0.850428
139,12.266667,6.933333,8.723667,0.000000,0.854502
140,12.266667,6.933333,8.723000,0.000000,0.870620
141,12.266667,6.933333,8.756000,0.000000,0.861101
142,12.266667,6.833333,8.720333,0.000000,0.845568
143,12.266667,6.900000,8.732333,0.000000,0.869846
144,12.266667,6.933333,8.756333,0.000000,0.875670
145,12.266667,6.900000,8.739667,0.000000,0.860138
146,12.266667,6.833333,8.742000,0.000000,0.867029
147,12.266667,6.900000,8.761667,0.000000,0.864086
148,12.266667,6.966667,8.738000,0.000000,0.871167
149,12.266667,6.766667,8.722000,0.000000,0.873252
150,12.266667,6.900000,8.698667,0.000000,0.856885
151,12.266667,6.900000,8.688000,0.000000,0.850233
152,12.266667,6.900000,8.761000,0.000000,0.866207
153,12.266667,6.966667,8.730333,0.000000,0.842586
154,12.266667,6.833333,8.743000,0.000000,0.871011
155,12.266667,6.900000,8.715333,0.000000,0.859704
156,12.266667,6.900000,8.725000,0.000000,0.875315
157,12.266667,6.800000,8.722333,0.000000,0.872241
158,12.266667,6.866667,8.719667,0.000000,0.864742
159,12.266667,6.833333,8.715667,0.000000,0.861287
160,12.266667,6.833333,8.720667,0.000000,0.859437
161,12.266667,6.900000,8.749667,0.000000,0.868111
162,12.300000,6.933333,8.717333,0.000000,0.859374
163,12.300000,6.800000,8.723000,0.000000,0.881375
164,12.300000,6.800000,8.734667,0.000000,0.873571
165,12.300000,6.933333,8.745667,0.000000,0.854082
166,12.300000,6.800000,8.733333,0.000000,0.859591
167,12.300000,6.966667,8.744000,0.000000,0.855243
168,12.300000,6.900000,8.725000,0.000000,0.866224
169,12.300000,6.933333,8.696333,0.000000,0.874972
170,12.300000,6.800000,8.736667,0.000000,0.877883
171,12.300000,6.866667,8.706000,0.000000,0.883014
172,12.300000,6.966667,8.718333,0.000000,0.859361
173,12.300000,6.900000,8.728667,0.000000,0.875597
174,12.300000,6.900000,8.728333,0.000000,0.866713
175,12.300000,6.966667,8.734333,0.000000,0.852492
176,12.300000,6.833333,8.736000,0.000000,0.867183
177,12.300000,6.866667,8.724333,0.000000,0.871239
178,12.300000,6.833333,8.720333,0.000000,0.871773
179,12.300000,7.000000,8.728333,0.000000,0.845251
180,12.300000,6.800000,8.722667,0.000000,0.892588
181,12.300000,6.866667,8.740667,0.000000,0.865504
182,12.300000,6.866667,8.716333,0.000000,0.862795
183,12.300000,6.900000,8.727000,0.000000,0.871800
184,12.300000,6.900000,8.770333,0.000000,0.871622
185,12.300000,6.766667,8.726333,0.000000,0.861642
186,12.300000,6.933333,8.739000,0.000000,0.857497
187,12.300000,6.900000,8.735333,0.000000,0.880135
188,12.300000,6.933333,8.713667,0.000000,0.859320
189,12.300000,6.866667,8.733667,0.000000,0.876559
190,12.300000,6.966667,8.727333,0.000000,0.847319
191,12.300000,6.900000,8.723000,0.000000,0.867564
192,12.300000,6.933333,8.744000,0.000000,0.868583
193,12.300000,7.000000,8.711000,0.000000,0.855671
194,12.300000,6.966667,8.733667,0.000000,0.872584
195,12.300000,6.933333,8.753333,0.000000,0.867531
196,12.300000,6.900000,8.742667,0.000000,0.893918
197,12.300000,6.900000,8.735333,0.000000,0.860870
198,12.300000,6.766667,8.699667,0.000000,0.878250
199,12.300000,6.966667,8.705333,0.000000,0.862631
200,12.300000,6.966667,8.729667,0.000000,0.861539
BestSdev: 0.216582, Time: 7m7.029123572s