gen,best,worst,mean,rep,sdev
1,10.233333,7.066667,8.655000,0.000000,0.829670
2,10.566667,7.400000,8.788333,0.000000,0.825031
3,10.766667,7.200000,8.725000,0.000000,0.820638
4,10.966667,7.400000,8.801667,0.000000,0.835524
5,11.033333,7.066667,8.680000,0.000000,0.875908
6,11.133333,7.233333,8.670000,0.000000,0.819549
7,11.200000,7.466667,8.806667,0.000000,0.817117
8,11.266667,7.166667,8.696667,0.000000,0.866390
9,11.266667,7.333333,8.715000,0.000000,0.814211
10,11.300000,7.366667,8.760000,0.000000,0.858076
11,11.300000,7.166667,8.735000,0.000000,0.891126
12,11.300000,7.266667,8.721667,0.000000,0.823596
13,11.300000,7.266667,8.765000,0.000000,0.795065
14,11.333333,7.366667,8.763333,0.000000,0.831613
15,11.333333,7.200000,8.696667,0.000000,0.853033
16,11.400000,7.200000,8.728333,0.000000,0.857381
17,11.400000,7.200000,8.700000,0.000000,0.786128
18,11.433333,7.300000,8.793333,0.000000,0.818120
19,11.433333,7.233333,8.718333,0.000000,0.838618
20,11.433333,7.200000,8.756667,0.000000,0.877796
21,11.433333,7.166667,8.751667,0.000000,0.855302
22,11.500000,7.300000,8.683333,0.000000,0.814148
23,11.533333,7.233333,8.701667,0.000000,0.843961
24,11.533333,7.100000,8.723333,0.000000,0.862812
25,11.533333,7.266667,8.740000,0.000000,0.861113
26,11.533333,7.066667,8.788333,0.000000,0.910804
27,11.533333,7.166667,8.706667,0.000000,0.804283
28,11.533333,7.233333,8.745000,0.000000,0.844052
29,11.533333,7.266667,8.755000,0.000000,0.776794
30,11.533333,7.233333,8.786667,0.000000,0.877506
31,11.533333,7.300000,8.665000,0.000000,0.825470
32,11.566667,7.200000,8.746667,0.000000,0.848813
33,11.566667,7.166667,8.733333,0.000000,0.839320
34,11.600000,7.233333,8.785000,0.000000,0.832307
35,11.600000,7.333333,8.718333,0.000000,0.805213
36,11.600000,7.133333,8.646667,0.000000,0.849101
37,11.600000,7.266667,8.706667,0.000000,0.853121
38,11.600000,7.233333,8.741667,0.000000,0.852227
39,11.600000,7.166667,8.726667,0.000000,0.842846
40,11.600000,7.166667,8.728333,0.000000,0.870469
41,11.600000,7.433333,8.735000,0.000000,0.811265
42,11.633333,7.233333,8.716667,0.000000,0.878288
43,11.633333,7.266667,8.738333,0.000000,0.815278
44,11.633333,7.200000,8.690000,0.000000,0.878701
45,11.633333,7.333333,8.761667,0.000000,0.816900
46,11.633333,7.333333,8.796667,0.000000,0.803272
47,11.666667,7.266667,8.705000,0.000000,0.817932
48,11.666667,7.233333,8.733333,0.000000,0.831932
49,11.666667,7.433333,8.745000,0.000000,0.819554
50,11.700000,7.133333,8.703333,0.000000,0.868115
51,11.733333,7.300000,8.730000,0.000000,0.855195
52,11.733333,7.233333,8.706667,0.000000,0.856360
53,11.733333,7.333333,8.735000,0.000000,0.841138
54,11.733333,7.233333,8.750000,0.000000,0.849227
55,11.766667,7.266667,8.746667,0.000000,0.825349
56,11.766667,7.200000,8.721667,0.000000,0.811715
57,11.766667,7.200000,8.746667,0.000000,0.874168
58,11.766667,7.500000,8.763333,0.000000,0.836190
59,11.766667,7.233333,8.723333,0.000000,0.846317
60,11.800000,7.166667,8.701667,0.000000,0.861015
61,11.800000,7.100000,8.715000,0.000000,0.857188
62,11.800000,7.333333,8.745000,0.000000,0.867052
63,11.800000,7.233333,8.756667,0.000000,0.834574
64,11.800000,7.433333,8.758333,0.000000,0.827056
65,11.833333,7.266667,8.741667,0.000000,0.866955
66,11.833333,7.300000,8.723333,0.000000,0.848539
67,11.833333,7.366667,8.735000,0.000000,0.814356
68,11.833333,7.366667,8.725000,0.000000,0.808619
69,11.833333,7.333333,8.708333,0.000000,0.815029
70,11.833333,7.200000,8.716667,0.000000,0.852629
71,11.866667,7.266667,8.731667,0.000000,0.833689
72,11.866667,7.266667,8.763333,0.000000,0.830624
73,11.866667,7.266667,8.763333,0.000000,0.804135
74,11.866667,7.300000,8.705000,0.000000,0.815550
75,11.866667,7.133333,8.718333,0.000000,0.866575
76,11.866667,7.266667,8.760000,0.000000,0.826223
77,11.866667,7.366667,8.751667,0.000000,0.832064
78,11.866667,7.300000,8.748333,0.000000,0.820148
79,11.866667,7.200000,8.691667,0.000000,0.830947
80,11.866667,7.433333,8.691667,0.000000,0.765049
81,11.866667,7.266667,8.773333,0.000000,0.818806
82,11.866667,7.266667,8.741667,0.000000,0.884313
83,11.866667,7.266667,8.738333,0.000000,0.867779
84,11.866667,7.266667,8.700000,0.000000,0.827805
85,11.866667,7.233333,8.698333,0.000000,0.815110
86,11.866667,7.200000,8.670000,0.000000,0.827060
87,11.866667,7.266667,8.713333,0.000000,0.823663
88,11.866667,7.300000,8.750000,0.000000,0.851923
89,11.900000,7.400000,8.751667,0.000000,0.798714
90,11.900000,7.133333,8.746667,0.000000,0.846963
91,11.900000,7.233333,8.655000,0.000000,0.827180
92,11.933333,7.300000,8.735000,0.000000,0.843645
93,11.933333,7.400000,8.736667,0.000000,0.773742
94,11.933333,7.333333,8.795000,0.000000,0.830018
95,11.933333,7.233333,8.748333,0.000000,0.832712
96,11.933333,7.033333,8.728333,0.000000,0.851824
97,11.933333,7.266667,8.780000,0.000000,0.838319
98,11.933333,7.266667,8.720000,0.000000,0.814827
99,12.000000,7.233333,8.750000,0.000000,0.812147
100,12.000000,7.266667,8.785000,0.000000,0.847470
BestSdev: 0.299771, Time: 54.449346177s