gen,best,worst,mean,rep,sdev
1,10.966667,6.933333,8.729000,0.000000,0.880309
2,11.200000,6.800000,8.748667,0.000000,0.858553
3,11.200000,6.900000,8.738000,0.000000,0.859633
4,11.333333,6.966667,8.758667,0.000000,0.870556
5,11.466667,6.866667,8.754333,0.000000,0.853628
6,11.500000,6.900000,8.737667,0.000000,0.872747
7,11.566667,6.933333,8.721000,0.000000,0.868731
8,11.566667,6.900000,8.724000,0.000000,0.855299
9,11.566667,6.900000,8.723667,0.000000,0.863556
10,11.566667,6.833333,8.720000,0.000000,0.869830
11,11.566667,6.900000,8.766000,0.000000,0.871985
12,11.633333,6.900000,8.754000,0.000000,0.859658
13,11.733333,6.933333,8.732000,0.000000,0.863441
14,11.733333,6.833333,8.765667,0.000000,0.865224
15,11.733333,6.900000,8.752000,0.000000,0.875205
16,11.733333,6.966667,8.708000,0.000000,0.841626
17,11.733333,6.900000,8.722667,0.000000,0.848172
18,11.733333,6.966667,8.737667,0.000000,0.853821
19,11.833333,7.000000,8.777667,0.000000,0.872225
20,11.866667,6.966667,8.746667,0.000000,0.854091
BestSdev: 0.226881, Time: 41.544563271s