gen,best,worst,mean,rep,sdev
1,11.200000,6.800000,8.742500,0.000000,0.879892
2,11.300000,6.700000,8.727833,0.000000,0.877486
3,11.400000,6.766667,8.727333,0.000000,0.863935
4,11.600000,6.900000,8.736500,0.000000,0.874557
5,11.700000,6.866667,8.720167,0.000000,0.862173
6,11.833333,6.766667,8.736333,0.000000,0.871829
7,11.900000,6.766667,8.730167,0.000000,0.867506
8,11.900000,6.833333,8.737833,0.000000,0.878110
9,11.900000,6.900000,8.725167,0.000000,0.857891
10,11.900000,6.733333,8.723500,0.000000,0.859462
11,11.900000,6.900000,8.744667,0.000000,0.865676
12,11.933333,6.733333,8.757667,0.033333,0.876817
13,11.933333,6.800000,8.721833,0.000000,0.858682
14,11.933333,6.766667,8.718833,0.000000,0.867241
15,11.966667,6.933333,8.742167,0.000000,0.865911
16,12.033333,6.800000,8.727667,0.000000,0.876920
17,12.066667,6.866667,8.727167,0.000000,0.875462
18,12.066667,6.866667,8.737333,0.000000,0.879539
19,12.066667,6.733333,8.745500,0.000000,0.875140
20,12.066667,6.833333,8.735667,0.000000,0.876277
BestSdev: 0.252301, Time: 1m13.624012125s