gen,best,worst,mean,rep,sdev
1,10.200000,7.233333,8.713333,0.000000,0.840139
2,10.600000,7.100000,8.688333,0.000000,0.883885
3,10.800000,7.233333,8.718333,0.000000,0.879993
4,10.866667,7.200000,8.695000,0.000000,0.815997
5,10.900000,7.166667,8.743333,0.000000,0.797646
6,10.933333,7.133333,8.653333,0.000000,0.813453
7,11.000000,7.133333,8.750000,0.000000,0.876106
8,11.000000,7.200000,8.700000,0.000000,0.841722
9,11.166667,7.200000,8.715000,0.000000,0.866650
10,11.200000,7.233333,8.638333,0.000000,0.821405
11,11.200000,7.200000,8.696667,0.000000,0.846753
12,11.300000,7.066667,8.743333,0.000000,0.879578
13,11.333333,7.300000,8.791667,0.000000,0.835194
14,11.333333,7.366667,8.721667,0.000000,0.821489
15,11.333333,7.166667,8.766667,0.000000,0.847260
16,11.366667,7.300000,8.715000,0.000000,0.805178
17,11.366667,7.233333,8.678333,0.000000,0.803534
18,11.366667,7.233333,8.756667,0.000000,0.850900
19,11.400000,7.333333,8.746667,0.000000,0.847751
20,11.433333,7.266667,8.713333,0.000000,0.848406
BestSdev: 0.310962, Time: 12.742105949s