gen,best,worst,mean,rep,sdev
1,11.266667,7.000000,8.740500,0.000000,0.865139
2,11.400000,6.800000,8.735333,0.000000,0.871900
3,11.400000,6.800000,8.733833,0.000000,0.861249
4,11.533333,6.666667,8.733333,0.000000,0.872336
5,11.633333,6.700000,8.729000,0.000000,0.863031
6,11.666667,6.833333,8.738167,0.000000,0.854310
7,11.700000,6.900000,8.737333,0.000000,0.873560
8,11.766667,6.700000,8.734000,0.000000,0.883987
9,11.800000,6.833333,8.738333,0.000000,0.871259
10,11.833333,6.833333,8.731833,0.000000,0.874584
11,11.933333,6.866667,8.734333,0.000000,0.860111
12,11.933333,6.766667,8.744667,0.000000,0.869032
13,12.000000,6.733333,8.749667,0.000000,0.879423
14,12.000000,6.700000,8.735500,0.000000,0.874733
15,12.000000,6.766667,8.733500,0.000000,0.863960
16,12.000000,6.700000,8.739500,0.000000,0.859831
17,12.000000,6.800000,8.745000,0.000000,0.873477
18,12.000000,6.866667,8.753333,0.000000,0.862456
19,12.000000,6.733333,8.743667,0.000000,0.871992
20,12.000000,6.866667,8.738500,0.000000,0.877632
21,12.066667,6.700000,8.729667,0.000000,0.867651
22,12.066667,6.700000,8.753333,0.000000,0.872509
23,12.066667,6.700000,8.723333,0.000000,0.869716
24,12.066667,6.666667,8.722167,0.000000,0.892106
25,12.066667,6.833333,8.720833,0.000000,0.866222
26,12.066667,6.666667,8.739333,0.000000,0.863977
27,12.066667,6.766667,8.759667,0.000000,0.885041
28,12.100000,6.766667,8.733833,0.000000,0.877171
29,12.133333,6.800000,8.708000,0.000000,0.865374
30,12.133333,6.600000,8.752167,0.000000,0.867036
31,12.166667,6.833333,8.714667,0.000000,0.873359
32,12.200000,6.933333,8.724833,0.000000,0.864326
33,12.200000,6.833333,8.741500,0.000000,0.865134
34,12.200000,6.733333,8.726333,0.000000,0.874320
35,12.200000,6.733333,8.727833,0.000000,0.874931
36,12.200000,6.800000,8.725333,0.000000,0.872538
37,12.200000,6.900000,8.735500,0.000000,0.867976
38,12.200000,6.766667,8.736667,0.000000,0.865736
39,12.200000,6.733333,8.727333,0.000000,0.871597
40,12.200000,6.866667,8.722333,0.000000,0.876924
41,12.200000,6.833333,8.737500,0.033333,0.872884
42,12.200000,6.733333,8.726333,0.000000,0.881457
43,12.200000,6.766667,8.736667,0.000000,0.878449
44,12.200000,6.900000,8.767500,0.000000,0.880775
45,12.200000,6.900000,8.736333,0.000000,0.862009
46,12.200000,6.866667,8.724500,0.000000,0.879095
47,12.200000,6.766667,8.728500,0.000000,0.864702
48,12.200000,6.866667,8.728167,0.000000,0.864717
49,12.200000,6.800000,8.719500,0.000000,0.854325
50,12.200000,6.866667,8.738500,0.000000,0.865119
51,12.200000,6.633333,8.737667,0.000000,0.867151
52,12.200000,6.800000,8.749500,0.000000,0.858074
53,12.233333,6.833333,8.744333,0.000000,0.888868
54,12.233333,6.900000,8.725333,0.000000,0.869832
55,12.233333,6.800000,8.742000,0.000000,0.876604
56,12.233333,6.800000,8.729000,0.000000,0.882874
57,12.233333,6.733333,8.725500,0.000000,0.864099
58,12.233333,6.733333,8.710000,0.000000,0.876838
59,12.233333,6.766667,8.724333,0.000000,0.867674
60,12.233333,6.866667,8.732667,0.000000,0.862170
61,12.233333,6.866667,8.728500,0.000000,0.857456
62,12.233333,6.933333,8.720167,0.000000,0.864147
63,12.233333,6.700000,8.739667,0.000000,0.872020
64,12.233333,6.633333,8.734500,0.000000,0.872047
65,12.233333,6.733333,8.738167,0.000000,0.869214
66,12.233333,6.700000,8.729500,0.000000,0.864236
67,12.233333,6.700000,8.732833,0.000000,0.874514
68,12.266667,6.766667,8.730500,0.000000,0.871055
69,12.266667,6.800000,8.730667,0.000000,0.869854
70,12.266667,6.866667,8.709333,0.000000,0.860402
71,12.266667,6.833333,8.751833,0.000000,0.878663
72,12.266667,6.933333,8.722000,0.000000,0.862380
73,12.300000,6.766667,8.727167,0.000000,0.873359
74,12.300000,6.866667,8.737667,0.000000,0.860160
75,12.300000,6.700000,8.741833,0.000000,0.873331
76,12.300000,6.700000,8.743167,0.000000,0.866523
77,12.300000,6.700000,8.729833,0.000000,0.878059
78,12.300000,6.800000,8.728667,0.000000,0.876759
79,12.300000,6.700000,8.738167,0.000000,0.868124
80,12.300000,6.600000,8.738667,0.000000,0.880034
81,12.300000,6.800000,8.734333,0.000000,0.864922
82,12.300000,6.700000,8.732167,0.000000,0.867967
83,12.300000,6.766667,8.750000,0.000000,0.871777
84,12.300000,6.800000,8.721833,0.000000,0.869833
85,12.300000,6.766667,8.726333,0.000000,0.871831
86,12.300000,6.533333,8.749167,0.000000,0.885838
87,12.300000,6.733333,8.726667,0.000000,0.868098
88,12.300000,6.700000,8.734833,0.000000,0.862828
89,12.300000,6.733333,8.715667,0.000000,0.859994
90,12.300000,6.900000,8.728333,0.033333,0.859106
91,12.300000,6.833333,8.730333,0.000000,0.864419
92,12.333333,6.766667,8.719667,0.000000,0.872638
93,12.333333,6.766667,8.714500,0.000000,0.882469
94,12.333333,6.800000,8.734833,0.000000,0.856815
95,12.333333,6.866667,8.742000,0.000000,0.859546
96,12.333333,6.866667,8.727333,0.033333,0.863841
97,12.333333,6.800000,8.712500,0.000000,0.857565
98,12.333333,6.933333,8.742333,0.000000,0.868270
99,12.366667,6.800000,8.742500,0.000000,0.864576
100,12.366667,6.600000,8.714500,0.000000,0.867480
101,12.366667,6.800000,8.748500,0.000000,0.877044
102,12.366667,6.566667,8.751667,0.000000,0.878334
103,12.366667,6.833333,8.724333,0.000000,0.858081
104,12.366667,6.866667,8.735000,0.000000,0.863432
105,12.366667,6.566667,8.742833,0.000000,0.875391
106,12.366667,6.733333,8.759833,0.000000,0.876044
107,12.366667,6.700000,8.721500,0.000000,0.868025
108,12.366667,6.766667,8.731167,0.000000,0.875089
109,12.366667,6.800000,8.726333,0.000000,0.870044
110,12.366667,6.833333,8.725500,0.000000,0.856296
111,12.366667,6.800000,8.734167,0.000000,0.860073
112,12.366667,6.800000,8.730833,0.000000,0.873553
113,12.366667,6.766667,8.732333,0.000000,0.873755
114,12.366667,6.900000,8.736333,0.000000,0.880292
115,12.366667,6.700000,8.742000,0.000000,0.868655
116,12.366667,6.900000,8.747167,0.000000,0.860750
117,12.366667,6.666667,8.728167,0.000000,0.865349
118,12.366667,6.800000,8.737833,0.000000,0.871053
119,12.366667,6.833333,8.734667,0.000000,0.874024
120,12.366667,6.766667,8.723333,0.000000,0.870009
121,12.366667,6.766667,8.735333,0.000000,0.876444
122,12.366667,6.833333,8.718667,0.000000,0.869795
123,12.400000,6.766667,8.736000,0.000000,0.869813
124,12.400000,6.800000,8.731000,0.000000,0.864356
125,12.400000,6.700000,8.737333,0.000000,0.877511
126,12.400000,6.833333,8.748667,0.000000,0.864974
127,12.400000,6.766667,8.720833,0.000000,0.858289
128,12.400000,6.833333,8.736000,0.000000,0.876578
129,12.400000,6.800000,8.742167,0.000000,0.867284
130,12.400000,6.800000,8.748000,0.000000,0.871298
131,12.400000,6.900000,8.731833,0.000000,0.865069
132,12.400000,6.733333,8.741333,0.000000,0.872192
133,12.400000,6.733333,8.741833,0.000000,0.884418
134,12.400000,6.800000,8.712833,0.000000,0.871914
135,12.400000,6.900000,8.734500,0.000000,0.880832
136,12.400000,6.833333,8.718500,0.000000,0.862720
137,12.400000,6.900000,8.732667,0.000000,0.869584
138,12.400000,6.833333,8.746500,0.000000,0.869390
139,12.400000,6.800000,8.731667,0.000000,0.869930
140,12.400000,6.833333,8.725000,0.000000,0.864746
141,12.400000,6.766667,8.728333,0.000000,0.873512
142,12.433333,6.766667,8.734667,0.000000,0.864696
143,12.433333,6.900000,8.723167,0.000000,0.863961
144,12.433333,6.766667,8.737500,0.000000,0.872671
145,12.433333,6.900000,8.746333,0.000000,0.872310
146,12.433333,6.766667,8.725500,0.000000,0.869585
147,12.433333,6.766667,8.735500,0.000000,0.861072
148,12.433333,6.633333,8.713833,0.000000,0.875706
149,12.433333,6.800000,8.740167,0.000000,0.877122
150,12.433333,6.833333,8.732667,0.000000,0.861833
151,12.433333,6.666667,8.740667,0.000000,0.866463
152,12.433333,6.866667,8.735500,0.000000,0.879827
153,12.433333,6.866667,8.745000,0.000000,0.868702
154,12.433333,6.833333,8.740000,0.000000,0.872437
155,12.433333,6.833333,8.737667,0.000000,0.859722
156,12.433333,6.833333,8.723667,0.000000,0.870123
157,12.433333,6.833333,8.722000,0.000000,0.870948
158,12.433333,6.766667,8.736167,0.000000,0.862256
159,12.433333,6.633333,8.758333,0.000000,0.879572
160,12.433333,6.900000,8.756000,0.000000,0.861270
161,12.433333,6.800000,8.740833,0.000000,0.847564
162,12.433333,6.766667,8.724667,0.000000,0.878108
163,12.433333,6.833333,8.722667,0.000000,0.861317
164,12.433333,6.733333,8.714833,0.000000,0.868966
165,12.433333,6.866667,8.730667,0.000000,0.872438
166,12.433333,6.833333,8.732167,0.000000,0.870331
167,12.433333,6.933333,8.743667,0.000000,0.880947
168,12.433333,6.866667,8.749167,0.000000,0.849667
169,12.433333,6.766667,8.737833,0.000000,0.865153
170,12.433333,6.766667,8.734833,0.000000,0.870949
171,12.433333,6.766667,8.731833,0.000000,0.862146
172,12.466667,6.633333,8.750167,0.000000,0.888030
173,12.466667,6.833333,8.731167,0.000000,0.870775
174,12.466667,6.833333,8.739000,0.000000,0.888094
175,12.466667,6.633333,8.740333,0.000000,0.874476
176,12.466667,6.900000,8.740667,0.000000,0.875142
177,12.466667,6.766667,8.724000,0.000000,0.875408
178,12.466667,6.666667,8.742000,0.000000,0.872059
179,12.466667,6.766667,8.712167,0.000000,0.855433
180,12.466667,6.900000,8.733167,0.000000,0.860137
181,12.466667,6.866667,8.761833,0.000000,0.878483
182,12.466667,6.733333,8.724333,0.000000,0.861477
183,12.466667,6.666667,8.723833,0.000000,0.873754
184,12.466667,6.766667,8.727500,0.000000,0.863745
185,12.466667,6.800000,8.719833,0.000000,0.864743
186,12.466667,6.766667,8.736833,0.000000,0.864622
187,12.466667,6.733333,8.723000,0.000000,0.868477
188,12.466667,6.800000,8.727333,0.000000,0.873817
189,12.466667,6.866667,8.732500,0.000000,0.847636
190,12.466667,6.933333,8.725667,0.000000,0.871437
191,12.466667,6.733333,8.729667,0.000000,0.870103
192,12.466667,6.800000,8.725667,0.000000,0.865920
193,12.466667,6.833333,8.726667,0.000000,0.847376
194,12.466667,6.833333,8.749167,0.000000,0.877910
195,12.466667,6.800000,8.736167,0.000000,0.877807
196,12.466667,6.900000,8.749833,0.000000,0.871346
197,12.466667,6.666667,8.730667,0.000000,0.863521
198,12.466667,6.800000,8.728000,0.000000,0.877293
199,12.466667,6.766667,8.745667,0.000000,0.869317
200,12.466667,6.833333,8.738833,0.000000,0.869595
BestSdev: 0.207282, Time: 12m58.854347467s