gen,best,worst,mean,rep,sdev
1,11.300000,6.600000,8.731533,0.000000,0.874521
2,11.566667,6.633333,8.739267,0.000000,0.867223
3,11.733333,6.566667,8.733267,0.000000,0.866377
4,11.800000,6.600000,8.741933,0.000000,0.865983
5,11.900000,6.600000,8.730667,0.000000,0.864559
6,11.966667,6.500000,8.735600,0.000000,0.870640
7,12.033333,6.500000,8.735933,0.000000,0.871922
8,12.033333,6.633333,8.739200,0.000000,0.867496
9,12.033333,6.733333,8.735867,0.000000,0.869036
10,12.033333,6.500000,8.736467,0.000000,0.870223
11,12.066667,6.433333,8.750133,0.000000,0.869348
12,12.100000,6.500000,8.739933,0.000000,0.874197
13,12.166667,6.433333,8.741933,0.000000,0.876886
14,12.166667,6.766667,8.739200,0.000000,0.874426
15,12.166667,6.500000,8.727867,0.000000,0.868952
16,12.200000,6.500000,8.730933,0.000000,0.870687
17,12.200000,6.533333,8.728067,0.000000,0.872556
18,12.200000,6.633333,8.745800,0.000000,0.867788
19,12.200000,6.533333,8.743800,0.000000,0.873873
20,12.200000,6.733333,8.728800,0.000000,0.872336
21,12.200000,6.566667,8.728867,0.000000,0.866126
22,12.200000,6.600000,8.737067,0.000000,0.875293
23,12.200000,6.300000,8.719267,0.000000,0.876545
24,12.200000,6.500000,8.732800,0.000000,0.869681
25,12.200000,6.600000,8.724400,0.000000,0.867826
26,12.200000,6.533333,8.722667,0.000000,0.871409
27,12.200000,6.533333,8.732267,0.033333,0.870596
28,12.200000,6.600000,8.725533,0.000000,0.867059
29,12.233333,6.566667,8.739600,0.000000,0.878374
30,12.233333,6.533333,8.743200,0.000000,0.870944
31,12.233333,6.600000,8.736133,0.000000,0.868377
32,12.233333,6.600000,8.738800,0.000000,0.875218
33,12.233333,6.633333,8.735267,0.000000,0.866442
34,12.233333,6.500000,8.728933,0.000000,0.870667
35,12.233333,6.366667,8.726067,0.000000,0.869751
36,12.233333,6.633333,8.728067,0.000000,0.872486
37,12.233333,6.533333,8.747600,0.000000,0.874718
38,12.233333,6.566667,8.731667,0.000000,0.868129
39,12.233333,6.633333,8.739400,0.000000,0.868864
40,12.233333,6.600000,8.735333,0.000000,0.877770
41,12.233333,6.700000,8.740333,0.000000,0.872847
42,12.233333,6.566667,8.739000,0.000000,0.868947
43,12.233333,6.633333,8.734133,0.033333,0.878975
44,12.233333,6.566667,8.734467,0.000000,0.865155
45,12.233333,6.466667,8.730333,0.000000,0.873358
46,12.233333,6.633333,8.733867,0.000000,0.878584
47,12.233333,6.533333,8.734733,0.000000,0.868703
48,12.233333,6.500000,8.738533,0.000000,0.870831
49,12.233333,6.766667,8.724867,0.000000,0.862880
50,12.233333,6.600000,8.721400,0.000000,0.868864
51,12.233333,6.633333,8.735200,0.000000,0.873044
52,12.233333,6.666667,8.736467,0.000000,0.869067
53,12.233333,6.500000,8.743133,0.000000,0.880626
54,12.233333,6.466667,8.733533,0.000000,0.887634
55,12.233333,6.566667,8.733067,0.033333,0.867632
56,12.233333,6.400000,8.736133,0.000000,0.885888
57,12.233333,6.700000,8.724067,0.000000,0.877610
58,12.233333,6.600000,8.731533,0.000000,0.866921
59,12.233333,6.500000,8.733467,0.000000,0.862986
60,12.233333,6.600000,8.742800,0.000000,0.870981
61,12.233333,6.600000,8.739467,0.000000,0.864956
62,12.233333,6.633333,8.732667,0.000000,0.873467
63,12.233333,6.633333,8.746800,0.000000,0.873034
64,12.233333,6.600000,8.737067,0.000000,0.871005
65,12.233333,6.666667,8.733533,0.000000,0.865562
66,12.233333,6.566667,8.718600,0.000000,0.870231
67,12.266667,6.633333,8.738067,0.000000,0.870631
68,12.333333,6.600000,8.730933,0.000000,0.869525
69,12.333333,6.500000,8.740400,0.000000,0.879092
70,12.366667,6.600000,8.738267,0.000000,0.881254
71,12.366667,6.600000,8.730067,0.000000,0.874376
72,12.366667,6.933333,8.730333,0.000000,0.861369
73,12.366667,6.366667,8.736667,0.000000,0.878782
74,12.366667,6.500000,8.734600,0.000000,0.866983
75,12.400000,6.600000,8.727400,0.000000,0.871548
76,12.400000,6.633333,8.748600,0.000000,0.863783
77,12.400000,6.366667,8.730733,0.000000,0.873874
78,12.433333,6.633333,8.737267,0.000000,0.870648
79,12.433333,6.666667,8.734267,0.000000,0.859411
80,12.433333,6.633333,8.737800,0.000000,0.867369
81,12.433333,6.366667,8.735200,0.000000,0.881610
82,12.433333,6.600000,8.738067,0.033333,0.867935
83,12.433333,6.600000,8.734400,0.000000,0.864372
84,12.433333,6.666667,8.734000,0.000000,0.872650
85,12.433333,6.433333,8.735067,0.000000,0.871078
86,12.433333,6.600000,8.735333,0.000000,0.866298
87,12.433333,6.633333,8.729467,0.000000,0.871788
88,12.466667,6.566667,8.742733,0.000000,0.877129
89,12.466667,6.633333,8.716800,0.000000,0.865725
90,12.500000,6.666667,8.742533,0.000000,0.865974
91,12.500000,6.666667,8.730000,0.000000,0.869293
92,12.533333,6.600000,8.738667,0.033333,0.875263
93,12.566667,6.633333,8.735133,0.000000,0.862711
94,12.566667,6.466667,8.725600,0.000000,0.867810
95,12.566667,6.433333,8.720933,0.000000,0.871789
96,12.566667,6.633333,8.716067,0.000000,0.866215
97,12.566667,6.533333,8.735133,0.000000,0.871996
98,12.566667,6.733333,8.728133,0.000000,0.864718
99,12.566667,6.566667,8.733067,0.000000,0.876246
100,12.566667,6.566667,8.735667,0.000000,0.873819
BestSdev: 0.198235, Time: 13m4.741070239s