gen,best,worst,mean,rep,sdev
1,11.166667,6.833333,8.741167,0.000000,0.862984
2,11.233333,6.766667,8.726000,0.000000,0.862904
3,11.333333,6.866667,8.713667,0.000000,0.870016
4,11.466667,6.800000,8.727500,0.000000,0.860842
5,11.600000,6.866667,8.750333,0.000000,0.867874
6,11.766667,6.833333,8.726333,0.000000,0.875200
7,11.900000,6.833333,8.731833,0.000000,0.867530
8,11.966667,6.900000,8.745167,0.000000,0.863601
9,11.966667,6.833333,8.746333,0.000000,0.867818
10,11.966667,6.800000,8.727000,0.000000,0.875394
11,11.966667,6.833333,8.737500,0.000000,0.867895
12,11.966667,6.733333,8.739000,0.000000,0.873916
13,12.000000,6.800000,8.737833,0.000000,0.867746
14,12.000000,6.800000,8.734833,0.000000,0.871288
15,12.033333,6.733333,8.734667,0.000000,0.859824
16,12.033333,6.766667,8.756000,0.000000,0.874830
17,12.033333,6.900000,8.744000,0.000000,0.878614
18,12.033333,6.833333,8.714500,0.000000,0.863595
19,12.033333,6.933333,8.748833,0.000000,0.873064
20,12.033333,6.733333,8.728333,0.000000,0.864989
21,12.066667,6.800000,8.763500,0.000000,0.886509
22,12.066667,6.866667,8.737667,0.000000,0.868761
23,12.066667,6.800000,8.713333,0.000000,0.864744
24,12.066667,6.733333,8.713000,0.000000,0.868940
25,12.066667,6.766667,8.723667,0.000000,0.881496
26,12.066667,6.900000,8.731333,0.000000,0.865888
27,12.066667,6.733333,8.729667,0.000000,0.878361
28,12.066667,6.700000,8.738000,0.000000,0.867833
29,12.066667,6.933333,8.728000,0.000000,0.857764
30,12.066667,6.800000,8.752000,0.000000,0.883187
31,12.066667,6.800000,8.741833,0.000000,0.875479
32,12.100000,6.700000,8.727000,0.000000,0.879765
33,12.100000,6.800000,8.738000,0.000000,0.875115
34,12.100000,6.733333,8.742833,0.000000,0.878892
35,12.133333,6.866667,8.748000,0.000000,0.863692
36,12.133333,6.933333,8.713333,0.000000,0.857826
37,12.133333,6.833333,8.731500,0.000000,0.868162
38,12.133333,6.866667,8.728667,0.000000,0.856869
39,12.166667,6.833333,8.732500,0.000000,0.876363
40,12.166667,6.733333,8.729500,0.000000,0.875939
41,12.166667,6.833333,8.753333,0.000000,0.881512
42,12.166667,6.900000,8.733500,0.000000,0.866914
43,12.166667,6.900000,8.747500,0.000000,0.895697
44,12.166667,6.900000,8.719333,0.000000,0.866339
45,12.166667,6.766667,8.747833,0.000000,0.854565
46,12.166667,6.833333,8.737667,0.000000,0.868244
47,12.200000,6.766667,8.745667,0.000000,0.874275
48,12.200000,6.833333,8.746667,0.000000,0.878236
49,12.200000,6.766667,8.711667,0.000000,0.860349
50,12.200000,6.800000,8.731000,0.000000,0.864339
BestSdev: 0.235763, Time: 2m50.110125679s