gen,best,worst,mean,rep,sdev
1,11.100000,6.866667,8.743500,0.000000,0.868525
2,11.166667,6.866667,8.737500,0.000000,0.863313
3,11.366667,6.766667,8.739167,0.000000,0.896937
4,11.500000,6.966667,8.730667,0.000000,0.873779
5,11.600000,6.833333,8.753000,0.000000,0.858803
6,11.733333,6.833333,8.741167,0.000000,0.881588
7,11.800000,6.766667,8.752500,0.000000,0.866985
8,11.800000,6.733333,8.734333,0.000000,0.862540
9,11.866667,6.866667,8.748167,0.000000,0.856040
10,11.866667,6.800000,8.749333,0.000000,0.855933
11,11.866667,6.800000,8.739667,0.000000,0.874507
12,11.933333,6.800000,8.724000,0.000000,0.875927
13,11.966667,6.666667,8.727667,0.000000,0.868249
14,12.000000,6.800000,8.738333,0.000000,0.871418
15,12.000000,6.866667,8.732000,0.000000,0.859870
16,12.000000,6.733333,8.741167,0.000000,0.874542
17,12.033333,6.933333,8.751667,0.000000,0.862728
18,12.033333,6.766667,8.730000,0.000000,0.870967
19,12.033333,6.766667,8.753500,0.000000,0.875002
20,12.033333,6.766667,8.721167,0.000000,0.871116
21,12.033333,6.800000,8.746000,0.000000,0.873346
22,12.066667,6.866667,8.750500,0.000000,0.874028
23,12.066667,6.800000,8.729167,0.000000,0.863168
24,12.066667,6.800000,8.721667,0.000000,0.862009
25,12.100000,6.733333,8.731500,0.000000,0.879628
26,12.100000,6.833333,8.746833,0.000000,0.868755
27,12.100000,6.766667,8.743333,0.000000,0.873393
28,12.100000,6.800000,8.741333,0.000000,0.875451
29,12.100000,6.800000,8.706667,0.000000,0.886884
30,12.100000,6.800000,8.710500,0.000000,0.863370
31,12.100000,6.866667,8.720333,0.000000,0.861685
32,12.100000,6.733333,8.723500,0.000000,0.851758
33,12.100000,6.866667,8.738500,0.000000,0.870874
34,12.100000,6.800000,8.725333,0.000000,0.866338
35,12.100000,6.900000,8.724000,0.000000,0.859875
36,12.133333,6.866667,8.716000,0.000000,0.878874
37,12.133333,6.700000,8.710000,0.000000,0.863820
38,12.133333,6.833333,8.724000,0.000000,0.862506
39,12.133333,6.733333,8.734333,0.000000,0.875362
40,12.133333,6.766667,8.712667,0.000000,0.866450
41,12.133333,6.900000,8.718667,0.000000,0.872084
42,12.133333,6.900000,8.737833,0.000000,0.864437
43,12.166667,6.800000,8.744167,0.000000,0.870117
44,12.166667,6.833333,8.740167,0.000000,0.876080
45,12.166667,6.700000,8.732500,0.000000,0.877311
46,12.166667,6.766667,8.723667,0.000000,0.865367
47,12.166667,6.900000,8.727500,0.000000,0.866301
48,12.166667,6.766667,8.725667,0.000000,0.870769
49,12.166667,6.966667,8.747500,0.000000,0.875897
50,12.166667,6.766667,8.740333,0.000000,0.872299
51,12.166667,6.833333,8.737333,0.000000,0.852275
52,12.166667,6.800000,8.745333,0.000000,0.861250
53,12.166667,6.866667,8.717333,0.000000,0.859390
54,12.166667,6.800000,8.740667,0.000000,0.883490
55,12.166667,6.966667,8.725333,0.000000,0.859614
56,12.166667,6.933333,8.732333,0.000000,0.866772
57,12.166667,6.933333,8.730833,0.000000,0.857216
58,12.166667,6.733333,8.736500,0.000000,0.883111
59,12.166667,6.833333,8.745167,0.000000,0.880990
60,12.166667,6.866667,8.746167,0.000000,0.875346
61,12.166667,6.800000,8.728833,0.000000,0.878508
62,12.166667,6.833333,8.724667,0.000000,0.872328
63,12.166667,6.833333,8.736000,0.000000,0.865336
64,12.200000,6.766667,8.729667,0.000000,0.864144
65,12.200000,6.900000,8.738833,0.000000,0.874876
66,12.233333,6.800000,8.746667,0.000000,0.872457
67,12.233333,6.700000,8.726667,0.000000,0.882906
68,12.233333,6.833333,8.738333,0.000000,0.858509
69,12.233333,6.866667,8.729000,0.000000,0.858133
70,12.233333,6.800000,8.723000,0.000000,0.858711
71,12.300000,6.833333,8.725000,0.000000,0.868574
72,12.300000,6.800000,8.704667,0.000000,0.857343
73,12.300000,6.733333,8.728000,0.000000,0.874197
74,12.300000,6.933333,8.729000,0.000000,0.864181
75,12.300000,6.800000,8.737667,0.000000,0.849108
76,12.300000,6.833333,8.746667,0.000000,0.873636
77,12.300000,6.800000,8.723333,0.000000,0.854819
78,12.300000,6.700000,8.722667,0.033333,0.882362
79,12.300000,6.866667,8.747667,0.000000,0.889198
80,12.300000,6.800000,8.719333,0.000000,0.865869
81,12.300000,6.733333,8.734333,0.033333,0.857704
82,12.300000,6.733333,8.728167,0.000000,0.873608
83,12.300000,6.766667,8.736000,0.000000,0.867181
84,12.300000,6.700000,8.739000,0.000000,0.875881
85,12.300000,6.800000,8.733833,0.000000,0.870643
86,12.300000,6.833333,8.741500,0.000000,0.872541
87,12.300000,6.800000,8.732833,0.000000,0.863530
88,12.300000,6.866667,8.728000,0.000000,0.867397
89,12.300000,6.833333,8.736333,0.000000,0.876435
90,12.300000,6.800000,8.745167,0.000000,0.866191
91,12.333333,6.700000,8.732333,0.000000,0.870786
92,12.333333,6.766667,8.749833,0.000000,0.879992
93,12.333333,6.833333,8.735167,0.000000,0.864410
94,12.333333,6.800000,8.722167,0.000000,0.862592
95,12.333333,6.766667,8.733833,0.000000,0.865601
96,12.333333,6.766667,8.719000,0.000000,0.878308
97,12.333333,6.733333,8.731167,0.000000,0.877498
98,12.333333,6.866667,8.736333,0.000000,0.854488
99,12.333333,6.800000,8.729500,0.000000,0.873987
100,12.333333,6.700000,8.734833,0.033333,0.862218
BestSdev: 0.225748, Time: 5m44.465279217s