gen,best,worst,mean,rep,sdev
1,10.700000,6.933333,8.728667,0.000000,0.858756
2,10.800000,6.933333,8.724667,0.000000,0.859585
3,11.000000,7.000000,8.705333,0.000000,0.862840
4,11.066667,6.966667,8.750000,0.000000,0.871312
5,11.066667,7.000000,8.729333,0.000000,0.853721
6,11.133333,6.866667,8.697333,0.000000,0.878199
7,11.166667,7.033333,8.761333,0.000000,0.861669
8,11.233333,6.900000,8.706667,0.000000,0.881951
9,11.266667,6.966667,8.727333,0.000000,0.856648
10,11.333333,6.933333,8.742667,0.000000,0.859063
11,11.400000,7.033333,8.776000,0.000000,0.848542
12,11.466667,7.066667,8.742667,0.000000,0.859390
13,11.466667,7.000000,8.718667,0.000000,0.856945
14,11.466667,6.933333,8.713333,0.000000,0.843400
15,11.500000,7.000000,8.763333,0.000000,0.878260
16,11.500000,6.900000,8.745333,0.000000,0.832830
17,11.500000,6.900000,8.731333,0.000000,0.877169
18,11.533333,7.033333,8.732000,0.000000,0.874768
19,11.633333,7.033333,8.760000,0.000000,0.849542
20,11.633333,6.933333,8.750000,0.000000,0.873985
21,11.666667,6.966667,8.718000,0.000000,0.866858
22,11.666667,6.966667,8.744000,0.000000,0.877411
23,11.666667,7.000000,8.740667,0.000000,0.849507
24,11.666667,6.966667,8.750000,0.000000,0.873100
25,11.666667,6.933333,8.742667,0.000000,0.861398
26,11.666667,7.000000,8.717333,0.000000,0.866444
27,11.666667,7.000000,8.710000,0.000000,0.819783
28,11.666667,6.966667,8.770000,0.000000,0.872449
29,11.666667,7.000000,8.714000,0.033333,0.834035
30,11.700000,7.000000,8.753333,0.000000,0.877211
31,11.733333,7.033333,8.756000,0.000000,0.882973
32,11.733333,7.000000,8.742667,0.000000,0.875687
33,11.766667,6.933333,8.731333,0.000000,0.872497
34,11.833333,7.000000,8.730000,0.000000,0.856520
35,11.833333,7.066667,8.765333,0.000000,0.849220
36,11.866667,7.033333,8.721333,0.000000,0.874611
37,11.900000,6.933333,8.697333,0.000000,0.836350
38,11.900000,6.900000,8.721333,0.000000,0.858178
39,11.900000,7.000000,8.726667,0.000000,0.864679
40,11.900000,6.933333,8.722667,0.000000,0.867252
41,11.933333,7.033333,8.774000,0.000000,0.859312
42,11.933333,7.000000,8.720000,0.000000,0.857172
43,11.933333,6.900000,8.722667,0.000000,0.846592
44,11.933333,7.033333,8.736667,0.000000,0.849370
45,11.933333,7.033333,8.726000,0.000000,0.866995
46,11.933333,6.966667,8.745333,0.000000,0.850192
47,11.933333,7.033333,8.753333,0.000000,0.857454
48,11.966667,7.033333,8.762667,0.000000,0.851085
49,11.966667,7.033333,8.694000,0.000000,0.872620
50,11.966667,6.966667,8.734667,0.000000,0.866058
51,11.966667,7.000000,8.716000,0.000000,0.869978
52,11.966667,6.966667,8.734000,0.000000,0.864038
53,11.966667,7.033333,8.746000,0.000000,0.866707
54,12.000000,7.066667,8.752000,0.000000,0.867724
55,12.000000,6.966667,8.698667,0.000000,0.852658
56,12.000000,6.966667,8.737333,0.000000,0.855359
57,12.000000,6.933333,8.753333,0.000000,0.871168
58,12.000000,6.866667,8.724667,0.000000,0.854980
59,12.000000,7.000000,8.722667,0.000000,0.867948
60,12.000000,6.966667,8.724667,0.000000,0.844654
61,12.000000,7.033333,8.731333,0.000000,0.848629
62,12.000000,7.000000,8.748000,0.000000,0.862714
63,12.033333,7.000000,8.734667,0.000000,0.866241
64,12.033333,6.933333,8.774667,0.000000,0.871174
65,12.033333,6.733333,8.728000,0.000000,0.878471
66,12.033333,7.000000,8.722000,0.000000,0.864956
67,12.033333,6.966667,8.784667,0.000000,0.878779
68,12.033333,7.000000,8.713333,0.000000,0.870464
69,12.033333,7.000000,8.730667,0.000000,0.863380
70,12.033333,6.966667,8.740000,0.000000,0.880438
71,12.033333,6.866667,8.713333,0.000000,0.882224
72,12.033333,6.933333,8.739333,0.000000,0.893001
73,12.033333,7.066667,8.724000,0.000000,0.862919
74,12.033333,6.966667,8.715333,0.000000,0.851682
75,12.033333,7.000000,8.724000,0.000000,0.867950
76,12.033333,6.966667,8.751333,0.000000,0.865778
77,12.033333,6.966667,8.730667,0.000000,0.854872
78,12.033333,7.033333,8.755333,0.000000,0.864980
79,12.033333,6.933333,8.741333,0.000000,0.857905
80,12.033333,6.933333,8.689333,0.000000,0.854405
81,12.033333,7.033333,8.740667,0.000000,0.856269
82,12.033333,7.000000,8.679333,0.000000,0.830583
83,12.033333,6.900000,8.751333,0.000000,0.874082
84,12.033333,6.966667,8.708667,0.000000,0.860863
85,12.033333,6.966667,8.715333,0.000000,0.856618
86,12.066667,6.933333,8.724000,0.000000,0.869930
87,12.066667,6.933333,8.767333,0.000000,0.875916
88,12.066667,6.966667,8.760000,0.000000,0.874864
89,12.066667,7.033333,8.749333,0.000000,0.846798
90,12.066667,7.000000,8.762000,0.000000,0.859041
91,12.066667,6.966667,8.719333,0.000000,0.853317
92,12.066667,7.066667,8.758000,0.000000,0.853962
93,12.066667,6.966667,8.736667,0.000000,0.864635
94,12.066667,6.966667,8.721333,0.000000,0.870515
95,12.066667,6.866667,8.711333,0.000000,0.862972
96,12.066667,6.966667,8.752000,0.000000,0.871858
97,12.066667,6.966667,8.738667,0.000000,0.849878
98,12.066667,7.000000,8.736000,0.000000,0.903865
99,12.066667,7.033333,8.733333,0.000000,0.869282
100,12.066667,7.066667,8.748667,0.000000,0.858109
BestSdev: 0.310480, Time: 1m56.501709519s