gen,best,worst,mean,rep,sdev
1,11.433333,6.633333,8.727000,0.066667,0.877375
2,11.700000,6.600000,8.738733,0.000000,0.873708
3,11.900000,6.533333,8.735267,0.000000,0.864663
4,11.933333,6.666667,8.748533,0.000000,0.872763
5,11.966667,6.766667,8.734333,0.000000,0.859992
6,12.000000,6.566667,8.725000,0.000000,0.872752
7,12.000000,6.533333,8.732533,0.000000,0.872987
8,12.000000,6.533333,8.741000,0.000000,0.871544
9,12.033333,6.566667,8.743733,0.000000,0.867376
10,12.033333,6.466667,8.726933,0.000000,0.872086
11,12.033333,6.600000,8.723067,0.000000,0.872258
12,12.033333,6.800000,8.729933,0.000000,0.870582
13,12.033333,6.566667,8.741067,0.000000,0.876282
14,12.066667,6.533333,8.746000,0.000000,0.874917
15,12.066667,6.600000,8.740333,0.000000,0.877139
16,12.100000,6.600000,8.739000,0.000000,0.874436
17,12.133333,6.533333,8.744933,0.000000,0.874116
18,12.133333,6.433333,8.732600,0.000000,0.872664
19,12.133333,6.633333,8.735333,0.000000,0.878240
20,12.133333,6.700000,8.735533,0.033333,0.881825
21,12.133333,6.600000,8.740867,0.000000,0.875241
22,12.133333,6.633333,8.741267,0.000000,0.873413
23,12.133333,6.433333,8.729933,0.033333,0.866381
24,12.166667,6.533333,8.729467,0.000000,0.868181
25,12.166667,6.533333,8.738200,0.000000,0.869309
26,12.166667,6.566667,8.734800,0.000000,0.866842
27,12.166667,6.700000,8.743333,0.000000,0.871712
28,12.166667,6.600000,8.732067,0.000000,0.873187
29,12.166667,6.633333,8.729600,0.000000,0.869371
30,12.166667,6.666667,8.728467,0.000000,0.869623
31,12.166667,6.700000,8.746333,0.000000,0.869297
32,12.166667,6.433333,8.738067,0.000000,0.869509
33,12.166667,6.433333,8.717067,0.000000,0.870364
34,12.166667,6.600000,8.741333,0.000000,0.880783
35,12.166667,6.600000,8.726600,0.000000,0.868010
36,12.166667,6.566667,8.732333,0.000000,0.872293
37,12.166667,6.600000,8.717067,0.000000,0.869445
38,12.166667,6.733333,8.730733,0.000000,0.870855
39,12.166667,6.600000,8.738933,0.000000,0.866886
40,12.166667,6.500000,8.730867,0.000000,0.869530
41,12.166667,6.500000,8.735667,0.000000,0.878491
42,12.166667,6.666667,8.727933,0.000000,0.870749
43,12.166667,6.466667,8.744667,0.000000,0.877614
44,12.200000,6.800000,8.737133,0.000000,0.864267
45,12.200000,6.400000,8.732867,0.000000,0.878497
46,12.200000,6.533333,8.730667,0.000000,0.873079
47,12.233333,6.633333,8.728667,0.000000,0.871265
48,12.233333,6.633333,8.734067,0.000000,0.871382
49,12.233333,6.700000,8.739000,0.000000,0.866974
50,12.233333,6.666667,8.731400,0.000000,0.860142
51,12.233333,6.600000,8.741133,0.000000,0.878142
52,12.233333,6.566667,8.746533,0.000000,0.873887
53,12.233333,6.733333,8.725400,0.000000,0.865784
54,12.233333,6.700000,8.735467,0.000000,0.862672
55,12.233333,6.566667,8.740533,0.000000,0.865438
56,12.233333,6.500000,8.735600,0.000000,0.876925
57,12.233333,6.566667,8.723867,0.000000,0.871192
58,12.266667,6.600000,8.738733,0.000000,0.869460
59,12.300000,6.666667,8.729933,0.000000,0.870511
60,12.333333,6.566667,8.732133,0.000000,0.872935
61,12.366667,6.533333,8.732667,0.000000,0.871297
62,12.366667,6.600000,8.728467,0.000000,0.875726
63,12.366667,6.533333,8.736267,0.000000,0.865945
64,12.400000,6.566667,8.730333,0.000000,0.873284
65,12.400000,6.500000,8.723000,0.000000,0.878207
66,12.400000,6.666667,8.744600,0.000000,0.869863
67,12.400000,6.633333,8.728600,0.033333,0.870659
68,12.400000,6.566667,8.730000,0.000000,0.871104
69,12.400000,6.533333,8.731533,0.000000,0.874208
70,12.400000,6.500000,8.737600,0.000000,0.875978
71,12.433333,6.733333,8.732333,0.000000,0.861145
72,12.433333,6.466667,8.731267,0.033333,0.875273
73,12.433333,6.666667,8.729733,0.000000,0.874021
74,12.433333,6.633333,8.735000,0.000000,0.876407
75,12.433333,6.466667,8.729400,0.000000,0.873615
76,12.433333,6.666667,8.727067,0.000000,0.869531
77,12.433333,6.533333,8.738200,0.000000,0.875408
78,12.466667,6.633333,8.748133,0.000000,0.867923
79,12.466667,6.566667,8.736933,0.000000,0.873194
80,12.466667,6.666667,8.750067,0.000000,0.869801
81,12.466667,6.800000,8.746667,0.000000,0.875103
82,12.466667,6.633333,8.733067,0.000000,0.868691
83,12.500000,6.500000,8.719067,0.000000,0.875043
84,12.500000,6.300000,8.731933,0.000000,0.872768
85,12.500000,6.566667,8.730733,0.000000,0.876529
86,12.500000,6.500000,8.723467,0.033333,0.864475
87,12.500000,6.466667,8.745400,0.033333,0.872477
88,12.500000,6.500000,8.724333,0.000000,0.874374
89,12.500000,6.666667,8.740467,0.000000,0.876659
90,12.500000,6.500000,8.735600,0.000000,0.859227
91,12.500000,6.466667,8.740933,0.000000,0.868967
92,12.500000,6.566667,8.723533,0.000000,0.881987
93,12.500000,6.466667,8.733400,0.000000,0.873249
94,12.500000,6.633333,8.727733,0.000000,0.874167
95,12.500000,6.533333,8.741067,0.000000,0.874539
96,12.500000,6.500000,8.739333,0.000000,0.875911
97,12.500000,6.566667,8.722067,0.000000,0.877284
98,12.500000,6.433333,8.732333,0.000000,0.868385
99,12.500000,6.633333,8.750800,0.033333,0.875900
100,12.500000,6.700000,8.728533,0.000000,0.866509
BestSdev: 0.195538, Time: 13m45.893336257s