gen,best,worst,mean,rep,sdev
1,11.566667,6.633333,8.732400,0.000000,0.862353
2,11.833333,6.500000,8.725600,0.033333,0.870698
3,11.866667,6.600000,8.735800,0.000000,0.876183
4,12.033333,6.533333,8.726000,0.033333,0.869740
5,12.100000,6.566667,8.732200,0.000000,0.871085
6,12.133333,6.700000,8.728267,0.000000,0.872221
7,12.133333,6.533333,8.741600,0.033333,0.872488
8,12.133333,6.500000,8.733200,0.000000,0.868812
9,12.133333,6.700000,8.731867,0.000000,0.871846
10,12.133333,6.733333,8.729533,0.000000,0.868501
11,12.133333,6.666667,8.730867,0.000000,0.861104
12,12.133333,6.533333,8.716800,0.000000,0.878282
13,12.133333,6.666667,8.735067,0.000000,0.877737
14,12.133333,6.666667,8.728200,0.000000,0.869228
15,12.133333,6.600000,8.737333,0.033333,0.875058
16,12.133333,6.566667,8.714667,0.000000,0.873629
17,12.133333,6.466667,8.735133,0.000000,0.868309
18,12.133333,6.533333,8.733467,0.000000,0.868577
19,12.166667,6.600000,8.735933,0.000000,0.870830
20,12.166667,6.533333,8.739200,0.000000,0.873087
21,12.200000,6.400000,8.723200,0.000000,0.870135
22,12.200000,6.700000,8.748067,0.000000,0.864977
23,12.200000,6.333333,8.736133,0.000000,0.877370
24,12.233333,6.633333,8.733533,0.000000,0.869369
25,12.233333,6.533333,8.734933,0.000000,0.873316
26,12.233333,6.533333,8.740067,0.000000,0.873569
27,12.266667,6.566667,8.728067,0.000000,0.868141
28,12.300000,6.566667,8.734733,0.000000,0.864319
29,12.300000,6.433333,8.733933,0.000000,0.876727
30,12.366667,6.633333,8.736467,0.000000,0.864608
31,12.366667,6.666667,8.737467,0.000000,0.873014
32,12.366667,6.666667,8.737733,0.000000,0.864400
33,12.366667,6.600000,8.740867,0.000000,0.872951
34,12.366667,6.633333,8.743400,0.000000,0.874213
35,12.366667,6.533333,8.737200,0.000000,0.873136
36,12.366667,6.466667,8.737600,0.000000,0.872973
37,12.366667,6.533333,8.733867,0.000000,0.865935
38,12.400000,6.700000,8.736133,0.000000,0.877397
39,12.400000,6.600000,8.725600,0.000000,0.869521
40,12.400000,6.566667,8.744933,0.000000,0.872172
41,12.400000,6.600000,8.743600,0.000000,0.863502
42,12.400000,6.566667,8.733667,0.000000,0.873157
43,12.400000,6.733333,8.729600,0.000000,0.870992
44,12.400000,6.633333,8.727267,0.000000,0.867461
45,12.400000,6.533333,8.725933,0.000000,0.870292
46,12.400000,6.566667,8.731000,0.000000,0.874488
47,12.400000,6.500000,8.722600,0.000000,0.876309
48,12.400000,6.666667,8.726467,0.000000,0.873396
49,12.400000,6.566667,8.740467,0.033333,0.884340
50,12.400000,6.533333,8.721067,0.000000,0.869101
51,12.400000,6.600000,8.725733,0.000000,0.874587
52,12.400000,6.366667,8.725667,0.000000,0.872327
53,12.400000,6.566667,8.729733,0.000000,0.864322
54,12.400000,6.633333,8.733333,0.000000,0.866982
55,12.400000,6.500000,8.728933,0.000000,0.868175
56,12.400000,6.433333,8.734267,0.000000,0.862691
57,12.400000,6.533333,8.735800,0.000000,0.870926
58,12.400000,6.566667,8.732600,0.000000,0.869168
59,12.466667,6.700000,8.739400,0.000000,0.880136
60,12.466667,6.600000,8.729733,0.000000,0.871528
61,12.466667,6.766667,8.733933,0.000000,0.865301
62,12.466667,6.433333,8.730467,0.000000,0.877672
63,12.533333,6.666667,8.733600,0.000000,0.864985
64,12.533333,6.433333,8.734133,0.000000,0.876262
65,12.533333,6.700000,8.729933,0.000000,0.873021
66,12.533333,6.533333,8.725533,0.000000,0.870732
67,12.533333,6.433333,8.734667,0.000000,0.863959
68,12.533333,6.633333,8.727133,0.000000,0.867381
69,12.566667,6.433333,8.734600,0.000000,0.877622
70,12.566667,6.533333,8.738800,0.000000,0.871549
71,12.566667,6.500000,8.727667,0.000000,0.874340
72,12.566667,6.733333,8.737533,0.000000,0.870246
73,12.566667,6.700000,8.725667,0.000000,0.873169
74,12.566667,6.666667,8.733800,0.000000,0.866707
75,12.566667,6.600000,8.727533,0.000000,0.874199
76,12.566667,6.700000,8.746067,0.000000,0.875136
77,12.566667,6.633333,8.730067,0.000000,0.865500
78,12.566667,6.466667,8.743467,0.000000,0.870980
79,12.566667,6.700000,8.729200,0.000000,0.860319
80,12.566667,6.666667,8.732733,0.000000,0.874468
81,12.566667,6.733333,8.724467,0.000000,0.866958
82,12.566667,6.533333,8.736333,0.000000,0.872668
83,12.566667,6.400000,8.739867,0.000000,0.872247
84,12.566667,6.600000,8.744667,0.000000,0.873629
85,12.566667,6.433333,8.731133,0.000000,0.879975
86,12.566667,6.733333,8.725733,0.000000,0.871774
87,12.566667,6.700000,8.733867,0.000000,0.864491
88,12.566667,6.566667,8.733867,0.000000,0.873145
89,12.566667,6.333333,8.742000,0.000000,0.876934
90,12.566667,6.600000,8.737533,0.000000,0.870113
91,12.566667,6.666667,8.738400,0.000000,0.870139
92,12.566667,6.600000,8.740600,0.000000,0.868559
93,12.566667,6.633333,8.733867,0.066667,0.875825
94,12.566667,6.500000,8.741400,0.000000,0.864374
95,12.566667,6.566667,8.740600,0.000000,0.870902
96,12.566667,6.733333,8.726733,0.000000,0.867143
97,12.566667,6.500000,8.726000,0.000000,0.867242
98,12.566667,6.566667,8.733267,0.000000,0.870569
99,12.566667,6.566667,8.733467,0.000000,0.872120
100,12.566667,6.500000,8.740667,0.000000,0.866394
101,12.566667,6.566667,8.740067,0.000000,0.871716
102,12.566667,6.500000,8.723467,0.000000,0.868906
103,12.566667,6.566667,8.737867,0.000000,0.863860
104,12.600000,6.633333,8.743133,0.000000,0.876954
105,12.600000,6.633333,8.725267,0.033333,0.872546
106,12.600000,6.533333,8.730667,0.000000,0.866524
107,12.600000,6.666667,8.736000,0.000000,0.866182
108,12.600000,6.533333,8.740200,0.000000,0.867471
109,12.600000,6.700000,8.742067,0.000000,0.865123
110,12.600000,6.733333,8.745600,0.033333,0.866657
111,12.600000,6.566667,8.731800,0.000000,0.869504
112,12.600000,6.500000,8.733933,0.033333,0.872752
113,12.600000,6.633333,8.735467,0.000000,0.872117
114,12.600000,6.533333,8.727267,0.000000,0.869776
115,12.600000,6.466667,8.717600,0.000000,0.868957
116,12.600000,6.600000,8.721067,0.000000,0.865277
117,12.600000,6.566667,8.735067,0.000000,0.869234
118,12.633333,6.700000,8.732933,0.000000,0.870942
119,12.633333,6.733333,8.743667,0.000000,0.877514
120,12.633333,6.566667,8.745800,0.000000,0.873143
121,12.633333,6.566667,8.735667,0.000000,0.866061
122,12.633333,6.566667,8.731733,0.000000,0.869488
123,12.633333,6.600000,8.723733,0.000000,0.870650
124,12.633333,6.500000,8.720933,0.000000,0.865899
125,12.633333,6.666667,8.726333,0.000000,0.869814
126,12.666667,6.600000,8.718800,0.000000,0.877441
127,12.666667,6.633333,8.738333,0.000000,0.870018
128,12.700000,6.566667,8.732333,0.000000,0.875909
129,12.700000,6.500000,8.729400,0.000000,0.875331
130,12.700000,6.500000,8.729067,0.000000,0.865773
131,12.733333,6.533333,8.732200,0.000000,0.870179
132,12.733333,6.466667,8.737267,0.000000,0.869642
133,12.733333,6.466667,8.733533,0.000000,0.876752
134,12.733333,6.566667,8.737400,0.000000,0.873460
135,12.733333,6.633333,8.731533,0.000000,0.870153
136,12.733333,6.600000,8.742400,0.000000,0.875344
137,12.733333,6.600000,8.722733,0.000000,0.864912
138,12.733333,6.500000,8.737933,0.000000,0.869057
139,12.733333,6.500000,8.730467,0.000000,0.871001
140,12.733333,6.366667,8.737867,0.000000,0.868360
141,12.733333,6.466667,8.746200,0.000000,0.871117
142,12.733333,6.700000,8.722533,0.000000,0.863519
143,12.733333,6.633333,8.735267,0.000000,0.875775
144,12.733333,6.633333,8.741800,0.000000,0.875126
145,12.733333,6.566667,8.735667,0.000000,0.877994
146,12.733333,6.533333,8.742067,0.000000,0.859471
147,12.733333,6.433333,8.728267,0.000000,0.881165
148,12.733333,6.633333,8.740200,0.000000,0.871795
149,12.733333,6.500000,8.730200,0.000000,0.875270
150,12.733333,6.600000,8.730800,0.000000,0.869910
151,12.733333,6.666667,8.730733,0.000000,0.867586
152,12.733333,6.533333,8.732333,0.000000,0.861678
153,12.766667,6.600000,8.742000,0.000000,0.878440
154,12.766667,6.633333,8.722733,0.000000,0.874007
155,12.766667,6.766667,8.736667,0.000000,0.865749
156,12.766667,6.700000,8.738667,0.000000,0.869095
157,12.800000,6.500000,8.739600,0.000000,0.875842
158,12.800000,6.633333,8.735667,0.000000,0.866911
159,12.800000,6.633333,8.719000,0.000000,0.875670
160,12.800000,6.700000,8.735400,0.000000,0.866687
161,12.800000,6.633333,8.732067,0.000000,0.864356
162,12.800000,6.633333,8.748400,0.000000,0.870915
163,12.800000,6.566667,8.725667,0.000000,0.875868
164,12.800000,6.500000,8.729800,0.000000,0.864594
165,12.800000,6.700000,8.746867,0.000000,0.868137
166,12.800000,6.500000,8.732467,0.000000,0.875620
167,12.800000,6.666667,8.742000,0.000000,0.865219
168,12.800000,6.500000,8.710733,0.000000,0.872370
169,12.800000,6.500000,8.728867,0.000000,0.882262
170,12.800000,6.666667,8.725867,0.000000,0.862612
171,12.800000,6.600000,8.736400,0.000000,0.872271
172,12.800000,6.700000,8.728000,0.000000,0.867221
173,12.800000,6.566667,8.732667,0.033333,0.871687
174,12.800000,6.500000,8.725467,0.000000,0.870816
175,12.800000,6.700000,8.750600,0.000000,0.870948
176,12.800000,6.666667,8.726200,0.000000,0.866571
177,12.800000,6.766667,8.739733,0.000000,0.869603
178,12.800000,6.666667,8.747333,0.000000,0.863004
179,12.800000,6.466667,8.738333,0.033333,0.885209
180,12.833333,6.566667,8.739133,0.000000,0.880651
181,12.833333,6.566667,8.729733,0.000000,0.876634
182,12.833333,6.666667,8.728267,0.000000,0.865806
183,12.833333,6.666667,8.747667,0.000000,0.872617
184,12.833333,6.466667,8.743867,0.000000,0.865866
185,12.833333,6.633333,8.740733,0.000000,0.871835
186,12.833333,6.533333,8.731933,0.000000,0.868557
187,12.833333,6.600000,8.731133,0.000000,0.864195
188,12.833333,6.766667,8.723600,0.000000,0.868037
189,12.833333,6.400000,8.733467,0.000000,0.874473
190,12.833333,6.600000,8.721333,0.000000,0.872210
191,12.833333,6.633333,8.731400,0.000000,0.873160
192,12.833333,6.600000,8.733333,0.000000,0.876340
193,12.833333,6.600000,8.730467,0.000000,0.874060
194,12.833333,6.633333,8.733400,0.000000,0.878984
195,12.833333,6.400000,8.722400,0.000000,0.874317
196,12.833333,6.466667,8.731133,0.000000,0.872991
197,12.833333,6.533333,8.735400,0.000000,0.883054
198,12.833333,6.466667,8.728400,0.000000,0.869435
199,12.833333,6.566667,8.723400,0.000000,0.865693
200,12.833333,6.666667,8.738600,0.000000,0.865725
201,12.833333,6.566667,8.735467,0.000000,0.863230
202,12.833333,6.566667,8.740200,0.000000,0.880946
203,12.833333,6.433333,8.722600,0.000000,0.873140
204,12.866667,6.700000,8.737800,0.000000,0.867501
205,12.866667,6.466667,8.733400,0.000000,0.864267
206,12.866667,6.700000,8.747333,0.000000,0.868749
207,12.866667,6.466667,8.740267,0.000000,0.871474
208,12.866667,6.600000,8.732467,0.000000,0.870652
209,12.866667,6.433333,8.739000,0.000000,0.862189
210,12.866667,6.566667,8.736067,0.000000,0.872431
211,12.866667,6.566667,8.738933,0.000000,0.872292
212,12.866667,6.600000,8.745467,0.000000,0.874898
213,12.866667,6.366667,8.745067,0.000000,0.870274
214,12.866667,6.600000,8.731067,0.000000,0.869507
215,12.866667,6.400000,8.737800,0.000000,0.871569
216,12.866667,6.666667,8.726267,0.000000,0.869531
217,12.866667,6.600000,8.719333,0.000000,0.871514
218,12.866667,6.700000,8.742000,0.000000,0.873023
219,12.866667,6.533333,8.751867,0.000000,0.866910
220,12.866667,6.700000,8.725867,0.033333,0.864802
221,12.866667,6.566667,8.723133,0.000000,0.862101
222,12.866667,6.700000,8.718067,0.000000,0.873677
223,12.866667,6.566667,8.736267,0.000000,0.873162
224,12.866667,6.733333,8.743533,0.000000,0.862480
225,12.866667,6.500000,8.731467,0.000000,0.874784
226,12.866667,6.466667,8.730533,0.000000,0.861670
227,12.866667,6.500000,8.731067,0.000000,0.871579
228,12.866667,6.533333,8.738067,0.000000,0.861221
229,12.900000,6.666667,8.741067,0.000000,0.877189
230,12.900000,6.433333,8.738333,0.033333,0.871443
231,12.900000,6.500000,8.743533,0.000000,0.869029
232,12.900000,6.600000,8.736067,0.000000,0.869958
233,12.900000,6.633333,8.727867,0.000000,0.883317
234,12.900000,6.533333,8.730933,0.000000,0.870711
235,12.900000,6.566667,8.737533,0.000000,0.875759
236,12.900000,6.533333,8.737133,0.000000,0.878382
237,12.900000,6.633333,8.739000,0.000000,0.867118
238,12.900000,6.666667,8.730733,0.000000,0.875917
239,12.900000,6.700000,8.735133,0.033333,0.873823
240,12.900000,6.600000,8.730133,0.000000,0.869697
241,12.900000,6.600000,8.737533,0.000000,0.877691
242,12.900000,6.733333,8.740133,0.000000,0.866169
243,12.900000,6.533333,8.731533,0.000000,0.871542
244,12.900000,6.866667,8.730133,0.000000,0.860611
245,12.900000,6.533333,8.739067,0.000000,0.875597
246,12.900000,6.533333,8.734000,0.000000,0.875630
247,12.900000,6.700000,8.755200,0.000000,0.871273
248,12.900000,6.566667,8.735733,0.000000,0.873814
249,12.900000,6.466667,8.737267,0.066667,0.876278
250,12.900000,6.433333,8.732933,0.000000,0.864127
251,12.900000,6.633333,8.743400,0.000000,0.875530
252,12.900000,6.600000,8.735067,0.000000,0.873620
253,12.900000,6.633333,8.734467,0.000000,0.884722
254,12.900000,6.633333,8.736667,0.000000,0.863681
255,12.900000,6.566667,8.744600,0.000000,0.877958
256,12.900000,6.666667,8.727467,0.000000,0.868407
257,12.900000,6.733333,8.743000,0.000000,0.877261
258,12.900000,6.833333,8.735267,0.033333,0.860115
259,12.900000,6.600000,8.739600,0.000000,0.875809
260,12.900000,6.700000,8.736267,0.000000,0.880927
261,12.900000,6.566667,8.734000,0.000000,0.871258
262,12.900000,6.433333,8.727400,0.000000,0.876413
263,12.900000,6.433333,8.747600,0.000000,0.866191
264,12.900000,6.533333,8.736600,0.000000,0.868364
265,12.900000,6.633333,8.733933,0.000000,0.870572
266,12.900000,6.566667,8.740067,0.000000,0.861582
267,12.900000,6.633333,8.737200,0.000000,0.875529
268,12.900000,6.533333,8.738600,0.000000,0.871002
269,12.900000,6.733333,8.726600,0.000000,0.865593
270,12.900000,6.533333,8.734267,0.000000,0.874207
271,12.900000,6.433333,8.735600,0.000000,0.879050
272,12.900000,6.533333,8.736133,0.000000,0.877384
273,12.900000,6.466667,8.718000,0.000000,0.874524
274,12.933333,6.500000,8.731867,0.000000,0.872361
275,12.933333,6.633333,8.732200,0.000000,0.879873
276,12.933333,6.633333,8.742333,0.000000,0.872638
277,12.933333,6.666667,8.737000,0.000000,0.873542
278,12.933333,6.566667,8.728000,0.000000,0.867197
279,12.933333,6.700000,8.721600,0.000000,0.879424
280,12.933333,6.500000,8.738667,0.000000,0.875416
281,12.933333,6.533333,8.739933,0.000000,0.871249
282,12.933333,6.533333,8.738667,0.000000,0.879330
283,12.933333,6.466667,8.740000,0.000000,0.863537
284,12.933333,6.600000,8.747000,0.000000,0.869358
285,12.933333,6.533333,8.726200,0.033333,0.874861
286,12.933333,6.666667,8.729467,0.000000,0.872101
287,12.933333,6.533333,8.715933,0.033333,0.865462
288,12.933333,6.566667,8.724000,0.000000,0.869608
289,12.933333,6.566667,8.722267,0.000000,0.873137
290,12.933333,6.566667,8.726800,0.033333,0.865226
291,12.933333,6.633333,8.733533,0.000000,0.870964
292,12.933333,6.466667,8.724467,0.000000,0.864369
293,12.933333,6.666667,8.740800,0.000000,0.873136
294,12.933333,6.500000,8.740733,0.000000,0.879294
295,12.933333,6.633333,8.735400,0.000000,0.869866
296,12.933333,6.666667,8.734067,0.000000,0.865277
297,12.933333,6.566667,8.733333,0.000000,0.868398
298,12.933333,6.600000,8.749400,0.000000,0.869027
299,12.933333,6.733333,8.737733,0.000000,0.867942
300,12.933333,6.633333,8.735400,0.000000,0.872163
301,12.933333,6.466667,8.735533,0.000000,0.864580
302,12.933333,6.800000,8.733200,0.000000,0.867971
303,12.933333,6.600000,8.732333,0.000000,0.870024
304,12.933333,6.600000,8.733133,0.000000,0.878756
305,12.933333,6.466667,8.726400,0.000000,0.870523
306,12.933333,6.633333,8.733133,0.000000,0.870794
307,12.933333,6.633333,8.728333,0.033333,0.870138
308,12.933333,6.400000,8.733067,0.000000,0.872064
309,12.933333,6.533333,8.745333,0.000000,0.873704
310,12.933333,6.533333,8.733133,0.000000,0.883838
311,12.933333,6.500000,8.741067,0.000000,0.868434
312,12.933333,6.566667,8.743333,0.000000,0.871494
313,12.933333,6.533333,8.734333,0.000000,0.876848
314,12.933333,6.733333,8.735733,0.000000,0.867213
315,12.933333,6.633333,8.732600,0.000000,0.864963
316,12.933333,6.566667,8.731333,0.000000,0.872621
317,12.933333,6.700000,8.722533,0.000000,0.865304
318,12.933333,6.533333,8.739133,0.000000,0.869600
319,12.933333,6.566667,8.725600,0.000000,0.880958
320,12.933333,6.666667,8.723400,0.000000,0.871650
321,12.933333,6.566667,8.732733,0.000000,0.871030
322,12.933333,6.666667,8.744267,0.033333,0.872756
323,12.933333,6.600000,8.741533,0.000000,0.876216
324,12.933333,6.700000,8.744067,0.000000,0.865332
325,12.933333,6.600000,8.729533,0.033333,0.872047
326,12.933333,6.700000,8.741200,0.000000,0.868849
327,12.933333,6.533333,8.737200,0.000000,0.870623
328,12.933333,6.600000,8.736333,0.000000,0.875450
329,12.933333,6.733333,8.741133,0.000000,0.866645
330,12.933333,6.700000,8.735867,0.000000,0.870282
331,12.933333,6.633333,8.736933,0.000000,0.873999
332,12.933333,6.700000,8.741800,0.000000,0.872877
333,12.933333,6.500000,8.734267,0.000000,0.864185
334,12.933333,6.733333,8.726400,0.000000,0.870698
335,12.933333,6.400000,8.731000,0.000000,0.871498
336,12.933333,6.666667,8.747133,0.000000,0.872785
337,12.933333,6.700000,8.728400,0.000000,0.866241
338,12.933333,6.533333,8.746533,0.000000,0.878482
339,12.933333,6.533333,8.736000,0.000000,0.871539
340,12.933333,6.633333,8.724400,0.000000,0.866209
341,12.933333,6.600000,8.728333,0.033333,0.874692
342,12.933333,6.633333,8.739067,0.000000,0.861847
343,12.933333,6.566667,8.725400,0.000000,0.869795
344,12.933333,6.500000,8.738267,0.000000,0.877632
345,12.933333,6.533333,8.733800,0.000000,0.869862
346,12.933333,6.466667,8.729600,0.033333,0.860877
347,12.933333,6.566667,8.727133,0.000000,0.868859
348,12.933333,6.600000,8.724933,0.000000,0.872213
349,12.933333,6.833333,8.738400,0.000000,0.864450
350,12.933333,6.600000,8.731133,0.000000,0.871146
351,12.933333,6.566667,8.744067,0.000000,0.876687
352,12.933333,6.666667,8.744333,0.000000,0.873881
353,12.933333,6.666667,8.742333,0.000000,0.868384
354,12.933333,6.533333,8.731467,0.000000,0.866036
355,12.933333,6.766667,8.727600,0.000000,0.869397
356,12.933333,6.500000,8.732667,0.000000,0.877947
357,12.933333,6.633333,8.737467,0.000000,0.873301
358,12.933333,6.600000,8.730200,0.000000,0.867140
359,12.966667,6.500000,8.732133,0.000000,0.865201
360,12.966667,6.633333,8.726600,0.000000,0.878783
361,12.966667,6.566667,8.734533,0.000000,0.881527
362,12.966667,6.566667,8.722000,0.033333,0.868959
363,12.966667,6.500000,8.728867,0.000000,0.875850
364,12.966667,6.500000,8.732667,0.000000,0.871226
365,12.966667,6.533333,8.742733,0.000000,0.875108
366,12.966667,6.500000,8.727200,0.000000,0.873255
367,12.966667,6.600000,8.728400,0.000000,0.870337
368,12.966667,6.466667,8.721800,0.000000,0.871428
369,12.966667,6.533333,8.738933,0.000000,0.863684
370,12.966667,6.666667,8.741800,0.000000,0.869975
371,12.966667,6.733333,8.734933,0.000000,0.875807
372,12.966667,6.533333,8.722200,0.000000,0.876742
373,12.966667,6.600000,8.734933,0.000000,0.869442
374,12.966667,6.600000,8.731867,0.000000,0.871272
375,12.966667,6.666667,8.725933,0.000000,0.874865
376,12.966667,6.600000,8.717200,0.000000,0.867577
377,12.966667,6.733333,8.735600,0.000000,0.867082
378,12.966667,6.466667,8.730667,0.000000,0.871091
379,12.966667,6.600000,8.726667,0.000000,0.871814
380,12.966667,6.600000,8.725733,0.000000,0.866865
381,12.966667,6.533333,8.717867,0.033333,0.871024
382,12.966667,6.566667,8.723333,0.000000,0.877895
383,12.966667,6.466667,8.720333,0.000000,0.861562
384,12.966667,6.500000,8.739933,0.000000,0.862070
385,12.966667,6.633333,8.733133,0.000000,0.869395
386,12.966667,6.533333,8.730400,0.000000,0.881478
387,12.966667,6.500000,8.730733,0.000000,0.874255
388,12.966667,6.533333,8.739400,0.000000,0.874168
389,12.966667,6.600000,8.741600,0.000000,0.870802
390,12.966667,6.633333,8.739400,0.000000,0.873567
391,12.966667,6.466667,8.727267,0.000000,0.870463
392,12.966667,6.700000,8.741800,0.000000,0.869233
393,12.966667,6.533333,8.747133,0.000000,0.867258
394,12.966667,6.400000,8.738800,0.033333,0.871484
395,12.966667,6.566667,8.733467,0.000000,0.882294
396,12.966667,6.566667,8.728867,0.000000,0.871811
397,12.966667,6.500000,8.729667,0.000000,0.873011
398,12.966667,6.500000,8.725533,0.000000,0.864774
399,12.966667,6.500000,8.727000,0.000000,0.874197
400,12.966667,6.566667,8.740467,0.000000,0.873521
401,12.966667,6.733333,8.737933,0.000000,0.864489
402,12.966667,6.566667,8.733467,0.000000,0.869275
403,12.966667,6.433333,8.746400,0.033333,0.875163
404,12.966667,6.633333,8.732467,0.000000,0.870958
405,12.966667,6.666667,8.734800,0.000000,0.868402
406,12.966667,6.600000,8.740267,0.000000,0.874600
407,12.966667,6.633333,8.722733,0.000000,0.872051
408,12.966667,6.633333,8.736867,0.000000,0.869288
409,12.966667,6.533333,8.737933,0.000000,0.873366
410,12.966667,6.700000,8.727000,0.000000,0.868156
411,12.966667,6.633333,8.718933,0.000000,0.872278
412,12.966667,6.533333,8.736467,0.000000,0.859997
413,12.966667,6.400000,8.747467,0.000000,0.871675
414,12.966667,6.566667,8.732600,0.000000,0.878641
415,12.966667,6.433333,8.726267,0.000000,0.868035
416,12.966667,6.600000,8.727200,0.000000,0.868570
417,12.966667,6.766667,8.739267,0.000000,0.872608
418,12.966667,6.633333,8.739067,0.000000,0.869008
419,12.966667,6.500000,8.735667,0.033333,0.886435
420,12.966667,6.600000,8.737867,0.000000,0.865018
421,12.966667,6.533333,8.744200,0.000000,0.874410
422,12.966667,6.466667,8.742533,0.000000,0.868410
423,12.966667,6.533333,8.733733,0.000000,0.870387
424,12.966667,6.666667,8.740867,0.000000,0.870538
425,12.966667,6.600000,8.726933,0.033333,0.872324
426,12.966667,6.533333,8.736600,0.000000,0.864938
427,12.966667,6.600000,8.734733,0.000000,0.877798
428,12.966667,6.600000,8.735800,0.000000,0.858981
429,12.966667,6.533333,8.724467,0.000000,0.864390
430,12.966667,6.600000,8.737267,0.000000,0.869413
431,12.966667,6.600000,8.744733,0.000000,0.865151
432,12.966667,6.600000,8.741933,0.000000,0.870171
433,12.966667,6.600000,8.733333,0.000000,0.872815
434,12.966667,6.566667,8.735333,0.000000,0.868053
435,12.966667,6.700000,8.739133,0.000000,0.862255
436,12.966667,6.600000,8.717800,0.000000,0.872687
437,12.966667,6.500000,8.743067,0.000000,0.875184
438,12.966667,6.466667,8.743400,0.000000,0.876073
439,12.966667,6.566667,8.722800,0.000000,0.863250
440,12.966667,6.366667,8.727667,0.000000,0.875296
441,12.966667,6.533333,8.738400,0.000000,0.874179
442,12.966667,6.566667,8.737867,0.000000,0.869986
443,12.966667,6.633333,8.732333,0.000000,0.877497
444,12.966667,6.666667,8.739200,0.000000,0.867103
445,12.966667,6.666667,8.727533,0.000000,0.862862
446,12.966667,6.633333,8.731067,0.000000,0.866144
447,12.966667,6.400000,8.731133,0.000000,0.866715
448,12.966667,6.533333,8.732400,0.000000,0.870127
449,12.966667,6.566667,8.733733,0.000000,0.871171
450,12.966667,6.600000,8.727667,0.000000,0.871175
451,12.966667,6.733333,8.725133,0.000000,0.864463
452,12.966667,6.500000,8.738267,0.000000,0.870120
453,12.966667,6.600000,8.721467,0.000000,0.863324
454,12.966667,6.833333,8.725533,0.000000,0.868351
455,12.966667,6.500000,8.742733,0.000000,0.872989
456,12.966667,6.366667,8.726600,0.000000,0.875024
457,12.966667,6.566667,8.736867,0.000000,0.880697
458,12.966667,6.633333,8.736267,0.000000,0.867803
459,12.966667,6.500000,8.727933,0.000000,0.877150
460,12.966667,6.466667,8.729733,0.000000,0.870814
461,12.966667,6.466667,8.732533,0.000000,0.866930
462,12.966667,6.633333,8.734667,0.000000,0.870490
463,12.966667,6.466667,8.728200,0.000000,0.875416
464,12.966667,6.633333,8.739333,0.000000,0.873422
465,12.966667,6.700000,8.741333,0.000000,0.861284
466,12.966667,6.666667,8.733600,0.000000,0.870591
467,12.966667,6.466667,8.734933,0.000000,0.873830
468,12.966667,6.700000,8.726800,0.000000,0.873355
469,12.966667,6.766667,8.724200,0.000000,0.868138
470,12.966667,6.633333,8.737333,0.000000,0.873000
471,12.966667,6.666667,8.736200,0.000000,0.857943
472,12.966667,6.466667,8.714800,0.000000,0.879185
473,12.966667,6.500000,8.752800,0.000000,0.870376
474,12.966667,6.666667,8.743800,0.000000,0.863401
475,12.966667,6.566667,8.730200,0.000000,0.868573
476,12.966667,6.500000,8.732000,0.000000,0.875929
477,12.966667,6.600000,8.734467,0.000000,0.866890
478,12.966667,6.666667,8.737133,0.033333,0.874860
479,12.966667,6.666667,8.726400,0.033333,0.866656
480,12.966667,6.533333,8.727800,0.000000,0.881333
481,12.966667,6.733333,8.731867,0.000000,0.862497
482,12.966667,6.600000,8.737600,0.000000,0.871259
483,12.966667,6.566667,8.741267,0.000000,0.869727
484,12.966667,6.633333,8.731933,0.000000,0.871686
485,12.966667,6.633333,8.737733,0.000000,0.872205
486,12.966667,6.733333,8.735333,0.000000,0.865825
487,12.966667,6.566667,8.729200,0.000000,0.872644
488,12.966667,6.400000,8.738133,0.033333,0.872311
489,12.966667,6.500000,8.733400,0.000000,0.873144
490,12.966667,6.666667,8.730333,0.000000,0.868561
491,12.966667,6.633333,8.730133,0.000000,0.870385
492,12.966667,6.666667,8.734600,0.000000,0.863976
493,12.966667,6.433333,8.716800,0.000000,0.879772
494,12.966667,6.500000,8.734733,0.000000,0.876118
495,12.966667,6.633333,8.728067,0.000000,0.869174
496,12.966667,6.433333,8.739267,0.000000,0.884734
497,12.966667,6.733333,8.737333,0.000000,0.876076
498,12.966667,6.566667,8.719933,0.000000,0.869961
499,12.966667,6.600000,8.740200,0.000000,0.881351
500,12.966667,6.500000,8.733467,0.000000,0.867412
BestSdev: 0.238118, Time: 1h27m52.793966364s