gen,best,worst,mean,rep,sdev
1,11.366667,6.500000,8.725200,0.000000,0.874073
2,11.633333,6.500000,8.742600,0.000000,0.866575
3,11.833333,6.466667,8.728600,0.000000,0.881258
4,11.900000,6.433333,8.733600,0.000000,0.874024
5,11.966667,6.466667,8.736800,0.000000,0.869136
6,11.966667,6.600000,8.734000,0.000000,0.865082
7,12.000000,6.700000,8.739867,0.000000,0.871796
8,12.000000,6.600000,8.737400,0.000000,0.875883
9,12.000000,6.666667,8.733200,0.000000,0.867208
10,12.000000,6.500000,8.734200,0.000000,0.866496
11,12.000000,6.533333,8.735733,0.000000,0.868506
12,12.000000,6.566667,8.741867,0.000000,0.875121
13,12.000000,6.566667,8.738600,0.000000,0.869584
14,12.000000,6.466667,8.733600,0.000000,0.880714
15,12.000000,6.533333,8.731467,0.000000,0.873365
16,12.000000,6.566667,8.730600,0.000000,0.875925
17,12.000000,6.766667,8.727400,0.000000,0.859713
18,12.000000,6.533333,8.735400,0.000000,0.877596
19,12.000000,6.600000,8.729933,0.000000,0.866549
20,12.033333,6.566667,8.738667,0.000000,0.877621
21,12.033333,6.700000,8.742867,0.000000,0.870206
22,12.033333,6.566667,8.732067,0.000000,0.872035
23,12.033333,6.500000,8.734200,0.000000,0.867693
24,12.033333,6.666667,8.728533,0.000000,0.865715
25,12.033333,6.666667,8.743867,0.000000,0.872372
26,12.033333,6.566667,8.727533,0.000000,0.870538
27,12.033333,6.533333,8.731600,0.000000,0.879462
28,12.100000,6.500000,8.739200,0.000000,0.875266
29,12.100000,6.666667,8.733467,0.000000,0.866367
30,12.100000,6.566667,8.733133,0.000000,0.865418
31,12.100000,6.500000,8.724600,0.000000,0.876109
32,12.133333,6.633333,8.730600,0.000000,0.868161
33,12.133333,6.666667,8.739400,0.000000,0.875007
34,12.133333,6.566667,8.750133,0.000000,0.882258
35,12.133333,6.633333,8.746067,0.000000,0.869941
36,12.166667,6.633333,8.742800,0.000000,0.865418
37,12.166667,6.500000,8.735733,0.000000,0.872152
38,12.166667,6.433333,8.734600,0.000000,0.876010
39,12.166667,6.433333,8.732200,0.000000,0.876372
40,12.200000,6.600000,8.738333,0.000000,0.876466
41,12.200000,6.433333,8.733667,0.000000,0.872308
42,12.200000,6.433333,8.738867,0.033333,0.879597
43,12.233333,6.600000,8.748333,0.033333,0.870026
44,12.233333,6.766667,8.735867,0.000000,0.872919
45,12.233333,6.566667,8.733133,0.000000,0.865410
46,12.233333,6.600000,8.737867,0.000000,0.868550
47,12.233333,6.500000,8.730867,0.000000,0.871175
48,12.233333,6.633333,8.733933,0.000000,0.871323
49,12.233333,6.466667,8.736000,0.000000,0.868145
50,12.233333,6.500000,8.736600,0.000000,0.876624
51,12.233333,6.600000,8.728267,0.000000,0.878413
52,12.266667,6.633333,8.734133,0.000000,0.877504
53,12.266667,6.600000,8.738733,0.000000,0.869869
54,12.266667,6.633333,8.719467,0.000000,0.866736
55,12.266667,6.633333,8.730667,0.000000,0.874041
56,12.300000,6.400000,8.734133,0.000000,0.874650
57,12.300000,6.533333,8.718733,0.000000,0.873724
58,12.300000,6.566667,8.735467,0.000000,0.869274
59,12.300000,6.433333,8.724067,0.000000,0.877692
60,12.300000,6.733333,8.732600,0.000000,0.861983
61,12.300000,6.500000,8.727600,0.000000,0.875515
62,12.300000,6.733333,8.731133,0.000000,0.866037
63,12.300000,6.733333,8.732200,0.000000,0.877364
64,12.300000,6.700000,8.736067,0.000000,0.858143
65,12.333333,6.500000,8.736267,0.000000,0.871147
66,12.333333,6.766667,8.716867,0.000000,0.870289
67,12.333333,6.700000,8.729000,0.000000,0.871305
68,12.333333,6.466667,8.730333,0.000000,0.875976
69,12.333333,6.566667,8.731667,0.000000,0.877599
70,12.333333,6.533333,8.731333,0.000000,0.879164
71,12.366667,6.500000,8.731200,0.033333,0.877673
72,12.366667,6.466667,8.726133,0.000000,0.869429
73,12.366667,6.466667,8.719400,0.000000,0.876278
74,12.366667,6.633333,8.745933,0.000000,0.873242
75,12.366667,6.600000,8.744533,0.000000,0.875484
76,12.433333,6.600000,8.733133,0.000000,0.870829
77,12.433333,6.666667,8.733200,0.000000,0.871039
78,12.433333,6.400000,8.733067,0.000000,0.875448
79,12.433333,6.500000,8.725867,0.000000,0.871887
80,12.466667,6.600000,8.734600,0.000000,0.869585
81,12.466667,6.700000,8.732467,0.000000,0.861079
82,12.466667,6.566667,8.743067,0.000000,0.865140
83,12.466667,6.633333,8.729867,0.000000,0.869312
84,12.466667,6.566667,8.726667,0.000000,0.873449
85,12.466667,6.466667,8.740933,0.000000,0.875849
86,12.466667,6.500000,8.737667,0.000000,0.865193
87,12.466667,6.600000,8.734667,0.000000,0.868179
88,12.466667,6.666667,8.734200,0.000000,0.877392
89,12.466667,6.433333,8.740333,0.000000,0.876782
90,12.466667,6.666667,8.748533,0.000000,0.870328
91,12.466667,6.533333,8.745533,0.000000,0.882337
92,12.466667,6.666667,8.736067,0.000000,0.867927
93,12.466667,6.666667,8.742800,0.000000,0.880408
94,12.466667,6.700000,8.737733,0.000000,0.866613
95,12.466667,6.666667,8.742200,0.000000,0.864865
96,12.500000,6.333333,8.728000,0.000000,0.876304
97,12.500000,6.600000,8.724667,0.000000,0.865095
98,12.500000,6.466667,8.720067,0.000000,0.865588
99,12.500000,6.400000,8.739933,0.000000,0.878006
100,12.500000,6.566667,8.736800,0.000000,0.871330
101,12.500000,6.666667,8.739667,0.000000,0.859079
102,12.500000,6.700000,8.729800,0.000000,0.865866
103,12.500000,6.533333,8.726933,0.000000,0.873036
104,12.500000,6.633333,8.724333,0.000000,0.869187
105,12.500000,6.633333,8.731867,0.000000,0.873919
106,12.500000,6.400000,8.721800,0.000000,0.873176
107,12.500000,6.533333,8.731867,0.000000,0.874706
108,12.500000,6.533333,8.731333,0.000000,0.872218
109,12.500000,6.733333,8.731267,0.000000,0.873546
110,12.500000,6.566667,8.732400,0.000000,0.875678
111,12.500000,6.533333,8.730267,0.000000,0.869570
112,12.500000,6.600000,8.729467,0.000000,0.867034
113,12.500000,6.533333,8.726667,0.000000,0.877938
114,12.500000,6.633333,8.736267,0.000000,0.864121
115,12.500000,6.500000,8.731000,0.000000,0.867125
116,12.500000,6.566667,8.736800,0.000000,0.870978
117,12.533333,6.300000,8.745467,0.000000,0.881324
118,12.533333,6.566667,8.733600,0.000000,0.870121
119,12.566667,6.733333,8.729667,0.000000,0.875248
120,12.566667,6.466667,8.727067,0.000000,0.870617
121,12.566667,6.700000,8.736400,0.000000,0.870578
122,12.566667,6.700000,8.744400,0.000000,0.868526
123,12.600000,6.633333,8.737733,0.000000,0.874844
124,12.600000,6.533333,8.724400,0.000000,0.880647
125,12.633333,6.766667,8.729267,0.000000,0.876787
126,12.633333,6.566667,8.735933,0.000000,0.864076
127,12.633333,6.566667,8.733467,0.000000,0.870806
128,12.666667,6.533333,8.732933,0.000000,0.874400
129,12.666667,6.433333,8.720067,0.000000,0.872124
130,12.666667,6.533333,8.727467,0.000000,0.877725
131,12.666667,6.566667,8.733933,0.033333,0.863564
132,12.666667,6.566667,8.739133,0.033333,0.871852
133,12.666667,6.600000,8.743600,0.033333,0.870854
134,12.666667,6.766667,8.741533,0.000000,0.869255
135,12.666667,6.600000,8.747267,0.000000,0.874371
136,12.666667,6.566667,8.738000,0.000000,0.877271
137,12.666667,6.566667,8.750267,0.000000,0.873391
138,12.666667,6.700000,8.739000,0.000000,0.867448
139,12.666667,6.666667,8.741267,0.000000,0.863994
140,12.666667,6.566667,8.725600,0.000000,0.871227
141,12.666667,6.533333,8.743667,0.000000,0.870186
142,12.666667,6.633333,8.744667,0.000000,0.870195
143,12.666667,6.666667,8.748267,0.000000,0.874509
144,12.666667,6.466667,8.735400,0.000000,0.872763
145,12.666667,6.600000,8.729867,0.000000,0.864253
146,12.666667,6.533333,8.738533,0.000000,0.873060
147,12.700000,6.466667,8.733733,0.000000,0.877527
148,12.700000,6.433333,8.748800,0.066667,0.873747
149,12.700000,6.466667,8.740867,0.000000,0.874651
150,12.700000,6.666667,8.727800,0.000000,0.875098
151,12.733333,6.666667,8.738400,0.000000,0.869344
152,12.733333,6.600000,8.730800,0.000000,0.868107
153,12.766667,6.500000,8.738800,0.000000,0.863054
154,12.766667,6.533333,8.735867,0.000000,0.874787
155,12.766667,6.400000,8.736933,0.000000,0.874692
156,12.800000,6.633333,8.742533,0.000000,0.870529
157,12.800000,6.566667,8.725067,0.033333,0.871726
158,12.800000,6.600000,8.728400,0.000000,0.862735
159,12.800000,6.533333,8.729333,0.033333,0.872379
160,12.800000,6.566667,8.725267,0.000000,0.872892
161,12.800000,6.733333,8.731467,0.000000,0.866389
162,12.800000,6.566667,8.744600,0.000000,0.874477
163,12.800000,6.566667,8.736467,0.000000,0.870869
164,12.800000,6.666667,8.733133,0.000000,0.867201
165,12.800000,6.566667,8.743067,0.000000,0.880571
166,12.800000,6.566667,8.733267,0.000000,0.871023
167,12.800000,6.400000,8.731867,0.000000,0.875131
168,12.800000,6.700000,8.727733,0.000000,0.864856
169,12.800000,6.566667,8.742400,0.000000,0.875432
170,12.800000,6.633333,8.738533,0.000000,0.877252
171,12.800000,6.600000,8.737133,0.000000,0.870676
172,12.800000,6.600000,8.726933,0.033333,0.873922
173,12.800000,6.533333,8.730400,0.000000,0.865132
174,12.800000,6.733333,8.733467,0.000000,0.878421
175,12.800000,6.600000,8.729533,0.000000,0.867014
176,12.800000,6.500000,8.730867,0.000000,0.873641
177,12.800000,6.566667,8.749067,0.000000,0.880093
178,12.800000,6.600000,8.728800,0.000000,0.865970
179,12.800000,6.433333,8.738267,0.033333,0.877143
180,12.800000,6.533333,8.737400,0.000000,0.865324
181,12.800000,6.566667,8.743533,0.000000,0.868993
182,12.800000,6.500000,8.740067,0.000000,0.877688
183,12.800000,6.733333,8.732667,0.000000,0.877539
184,12.800000,6.466667,8.738667,0.000000,0.871942
185,12.800000,6.633333,8.741600,0.000000,0.869360
186,12.800000,6.733333,8.742800,0.000000,0.858485
187,12.833333,6.633333,8.733467,0.000000,0.878768
188,12.833333,6.533333,8.741200,0.000000,0.871434
189,12.833333,6.633333,8.733133,0.000000,0.870245
190,12.833333,6.700000,8.740000,0.000000,0.859694
191,12.833333,6.700000,8.734600,0.000000,0.874333
192,12.833333,6.600000,8.735733,0.000000,0.871355
193,12.833333,6.400000,8.721467,0.000000,0.873715
194,12.833333,6.666667,8.738200,0.000000,0.859690
195,12.833333,6.566667,8.740267,0.000000,0.860170
196,12.833333,6.566667,8.741467,0.000000,0.868079
197,12.833333,6.766667,8.732267,0.000000,0.875330
198,12.833333,6.600000,8.731200,0.000000,0.876005
199,12.833333,6.600000,8.728867,0.000000,0.877628
200,12.833333,6.566667,8.742133,0.000000,0.876840
BestSdev: 0.291395, Time: 26m1.458398371s