gen,best,worst,mean,rep,sdev
1,11.100000,6.766667,8.739167,0.000000,0.860036
2,11.233333,6.800000,8.728167,0.000000,0.876323
3,11.433333,6.966667,8.733667,0.000000,0.881920
4,11.566667,6.900000,8.723333,0.000000,0.876969
5,11.600000,6.700000,8.744833,0.000000,0.869098
6,11.666667,6.833333,8.741833,0.000000,0.879401
7,11.700000,6.733333,8.725167,0.000000,0.866704
8,11.733333,6.866667,8.738500,0.000000,0.885734
9,11.800000,6.800000,8.740500,0.000000,0.858705
10,11.833333,6.766667,8.736167,0.000000,0.866501
11,11.900000,6.833333,8.739333,0.000000,0.880207
12,11.900000,6.733333,8.736667,0.000000,0.879880
13,11.900000,6.866667,8.741167,0.000000,0.861314
14,11.900000,6.800000,8.718833,0.000000,0.882906
15,11.933333,6.800000,8.745500,0.000000,0.872049
16,11.966667,6.866667,8.750167,0.000000,0.856725
17,11.966667,6.800000,8.729167,0.000000,0.864885
18,11.966667,6.700000,8.720500,0.000000,0.877084
19,11.966667,6.733333,8.733000,0.000000,0.864966
20,12.000000,6.833333,8.721500,0.000000,0.882783
BestSdev: 0.248864, Time: 1m9.538857295s