gen,best,worst,mean,rep,sdev
1,11.366667,6.666667,8.728333,0.000000,0.869153
2,11.700000,6.633333,8.745667,0.000000,0.870436
3,11.833333,6.566667,8.742733,0.000000,0.868413
4,11.900000,6.533333,8.740133,0.000000,0.865333
5,11.966667,6.633333,8.729667,0.000000,0.874263
6,12.000000,6.666667,8.733933,0.000000,0.865246
7,12.066667,6.666667,8.723800,0.000000,0.864961
8,12.066667,6.666667,8.751133,0.000000,0.882766
9,12.100000,6.800000,8.745267,0.000000,0.865830
10,12.100000,6.500000,8.718267,0.000000,0.874773
11,12.133333,6.633333,8.732267,0.000000,0.871545
12,12.133333,6.700000,8.734067,0.000000,0.878034
13,12.166667,6.533333,8.730400,0.000000,0.880198
14,12.200000,6.533333,8.731667,0.000000,0.877119
15,12.200000,6.633333,8.730067,0.066667,0.877132
16,12.200000,6.533333,8.733667,0.000000,0.864897
17,12.200000,6.566667,8.735667,0.033333,0.869996
18,12.200000,6.566667,8.732800,0.000000,0.862056
19,12.200000,6.600000,8.723867,0.000000,0.866273
20,12.200000,6.466667,8.732800,0.000000,0.877906
BestSdev: 0.207204, Time: 2m43.921238712s