gen,best,worst,mean,rep,sdev
1,11.433333,6.566667,8.737067,0.000000,0.873071
2,11.566667,6.766667,8.739067,0.000000,0.868691
3,11.833333,6.600000,8.737000,0.000000,0.876758
4,11.833333,6.666667,8.739000,0.000000,0.872420
5,11.900000,6.566667,8.731933,0.033333,0.870325
6,12.000000,6.566667,8.734467,0.000000,0.873707
7,12.066667,6.533333,8.732133,0.000000,0.880787
8,12.066667,6.533333,8.746267,0.000000,0.872605
9,12.100000,6.600000,8.728600,0.000000,0.869847
10,12.133333,6.500000,8.727067,0.000000,0.865704
11,12.133333,6.566667,8.729867,0.000000,0.875652
12,12.133333,6.700000,8.741533,0.000000,0.878447
13,12.133333,6.666667,8.733200,0.000000,0.877357
14,12.166667,6.566667,8.741000,0.000000,0.866527
15,12.166667,6.433333,8.730800,0.000000,0.873523
16,12.166667,6.566667,8.744267,0.000000,0.872453
17,12.166667,6.633333,8.722000,0.000000,0.869448
18,12.166667,6.600000,8.732200,0.000000,0.871526
19,12.166667,6.633333,8.736933,0.000000,0.872296
20,12.200000,6.533333,8.736933,0.000000,0.874052
21,12.200000,6.566667,8.728733,0.000000,0.876699
22,12.200000,6.500000,8.732933,0.000000,0.873604
23,12.200000,6.633333,8.743667,0.000000,0.872157
24,12.200000,6.466667,8.734333,0.000000,0.868391
25,12.200000,6.766667,8.744333,0.000000,0.871488
26,12.200000,6.533333,8.718267,0.000000,0.868967
27,12.200000,6.566667,8.740800,0.000000,0.879286
28,12.200000,6.500000,8.716133,0.000000,0.876305
29,12.200000,6.600000,8.736000,0.000000,0.871124
30,12.200000,6.600000,8.727733,0.000000,0.870611
31,12.200000,6.666667,8.736333,0.000000,0.866045
32,12.200000,6.633333,8.731333,0.000000,0.871624
33,12.200000,6.700000,8.724200,0.000000,0.866185
34,12.200000,6.533333,8.740133,0.000000,0.868308
35,12.200000,6.666667,8.731933,0.000000,0.872382
36,12.200000,6.566667,8.720933,0.000000,0.862390
37,12.200000,6.666667,8.740400,0.000000,0.867055
38,12.200000,6.666667,8.721533,0.000000,0.864268
39,12.200000,6.566667,8.731333,0.000000,0.861430
40,12.200000,6.366667,8.719400,0.000000,0.871212
41,12.200000,6.533333,8.723733,0.000000,0.873734
42,12.200000,6.600000,8.741467,0.000000,0.871092
43,12.200000,6.466667,8.722933,0.000000,0.872552
44,12.200000,6.433333,8.736867,0.000000,0.875537
45,12.300000,6.466667,8.723933,0.000000,0.869069
46,12.300000,6.633333,8.729000,0.000000,0.868622
47,12.300000,6.466667,8.744867,0.000000,0.872069
48,12.300000,6.466667,8.723600,0.000000,0.870960
49,12.333333,6.600000,8.737467,0.000000,0.867950
50,12.333333,6.466667,8.744267,0.000000,0.877882
BestSdev: 0.165924, Time: 6m51.285993618s