gen,best,worst,mean,rep,sdev
1,11.166667,6.733333,8.750500,0.000000,0.860603
2,11.333333,6.833333,8.734500,0.000000,0.874202
3,11.566667,6.733333,8.727333,0.000000,0.871692
4,11.600000,6.900000,8.728333,0.000000,0.856211
5,11.733333,6.900000,8.726667,0.000000,0.870323
6,11.833333,6.766667,8.739333,0.000000,0.871757
7,11.833333,6.800000,8.743000,0.000000,0.875326
8,11.866667,6.733333,8.760500,0.000000,0.872482
9,11.933333,6.833333,8.734333,0.000000,0.860092
10,11.933333,6.800000,8.750833,0.000000,0.871845
11,11.966667,6.800000,8.732167,0.000000,0.877166
12,11.966667,6.766667,8.727167,0.000000,0.872042
13,11.966667,6.766667,8.724500,0.000000,0.873132
14,11.966667,6.700000,8.730000,0.000000,0.859562
15,11.966667,6.766667,8.743000,0.000000,0.864196
16,11.966667,6.866667,8.733667,0.000000,0.859074
17,11.966667,6.733333,8.732167,0.000000,0.869996
18,12.000000,6.733333,8.735833,0.000000,0.863872
19,12.033333,6.800000,8.736500,0.000000,0.885266
20,12.066667,6.866667,8.739667,0.000000,0.863879
21,12.066667,6.866667,8.716167,0.000000,0.865389
22,12.066667,6.833333,8.733833,0.000000,0.858570
23,12.066667,6.800000,8.745667,0.000000,0.869167
24,12.066667,6.733333,8.735500,0.000000,0.885924
25,12.100000,6.800000,8.750000,0.000000,0.880879
26,12.100000,6.833333,8.729833,0.000000,0.869983
27,12.100000,6.833333,8.711667,0.000000,0.861927
28,12.100000,6.866667,8.735500,0.000000,0.865092
29,12.100000,6.800000,8.728333,0.000000,0.874885
30,12.100000,6.900000,8.747667,0.000000,0.874680
31,12.100000,6.766667,8.724000,0.000000,0.859063
32,12.100000,6.866667,8.749167,0.000000,0.889747
33,12.100000,6.700000,8.731500,0.000000,0.861016
34,12.100000,6.700000,8.724333,0.000000,0.876821
35,12.100000,6.833333,8.745333,0.000000,0.890567
36,12.100000,6.766667,8.729500,0.000000,0.873142
37,12.133333,6.733333,8.728167,0.000000,0.863268
38,12.133333,6.700000,8.741000,0.000000,0.873348
39,12.133333,6.766667,8.721500,0.000000,0.861549
40,12.133333,6.833333,8.750333,0.000000,0.872566
41,12.133333,6.733333,8.736667,0.000000,0.872477
42,12.133333,6.866667,8.734167,0.000000,0.878574
43,12.133333,6.700000,8.746500,0.000000,0.877029
44,12.133333,6.833333,8.727167,0.000000,0.870349
45,12.133333,6.766667,8.731167,0.000000,0.877759
46,12.133333,6.766667,8.743833,0.000000,0.876560
47,12.133333,6.800000,8.738833,0.000000,0.873096
48,12.133333,6.700000,8.741667,0.000000,0.877327
49,12.133333,6.700000,8.759333,0.000000,0.866607
50,12.133333,6.833333,8.736500,0.000000,0.879819
BestSdev: 0.201990, Time: 3m4.204295313s