gen,best,worst,mean,rep,sdev
1,11.166667,6.900000,8.724500,0.000000,0.866748
2,11.366667,6.766667,8.730000,0.000000,0.869716
3,11.466667,6.733333,8.727667,0.000000,0.878818
4,11.566667,6.833333,8.724833,0.000000,0.857735
5,11.666667,6.766667,8.732000,0.000000,0.879298
6,11.700000,6.733333,8.739833,0.000000,0.873144
7,11.700000,6.900000,8.727333,0.000000,0.878462
8,11.733333,6.733333,8.733333,0.000000,0.863408
9,11.733333,6.900000,8.718167,0.000000,0.863705
10,11.766667,6.800000,8.729333,0.000000,0.854651
11,11.900000,6.800000,8.751167,0.000000,0.872923
12,11.900000,6.733333,8.736500,0.000000,0.867783
13,11.900000,6.800000,8.735667,0.000000,0.863224
14,11.900000,6.766667,8.728000,0.000000,0.863761
15,11.966667,6.866667,8.738833,0.000000,0.881428
16,11.966667,6.933333,8.727167,0.000000,0.870194
17,11.966667,6.800000,8.731667,0.000000,0.873430
18,12.000000,6.866667,8.735167,0.000000,0.870049
19,12.000000,6.833333,8.749000,0.000000,0.868154
20,12.000000,6.800000,8.722000,0.000000,0.869136
21,12.000000,6.766667,8.720667,0.000000,0.869252
22,12.000000,6.766667,8.714833,0.000000,0.859925
23,12.000000,6.833333,8.740167,0.000000,0.860925
24,12.000000,6.800000,8.729167,0.000000,0.858937
25,12.000000,6.800000,8.740667,0.000000,0.862631
26,12.000000,6.833333,8.764500,0.000000,0.877592
27,12.000000,6.700000,8.745500,0.000000,0.881436
28,12.000000,6.766667,8.734000,0.000000,0.874453
29,12.000000,6.766667,8.716333,0.000000,0.861309
30,12.033333,6.766667,8.735833,0.000000,0.859478
31,12.033333,6.800000,8.733333,0.000000,0.866171
32,12.033333,6.833333,8.738667,0.000000,0.867497
33,12.033333,6.866667,8.743667,0.000000,0.866754
34,12.033333,6.833333,8.728000,0.000000,0.869492
35,12.033333,6.766667,8.708667,0.000000,0.872383
36,12.033333,6.866667,8.726500,0.000000,0.866287
37,12.033333,6.766667,8.729500,0.000000,0.866181
38,12.033333,6.833333,8.748667,0.000000,0.873721
39,12.033333,6.833333,8.739333,0.000000,0.858832
40,12.033333,6.800000,8.740167,0.000000,0.872851
41,12.033333,6.933333,8.733833,0.000000,0.864698
42,12.033333,6.800000,8.749333,0.000000,0.865988
43,12.033333,6.833333,8.741000,0.000000,0.852066
44,12.033333,6.833333,8.727667,0.000000,0.875869
45,12.066667,6.766667,8.716667,0.000000,0.868660
46,12.066667,6.800000,8.723833,0.000000,0.867615
47,12.066667,6.900000,8.766500,0.000000,0.887162
48,12.066667,6.766667,8.718000,0.000000,0.856562
49,12.066667,6.800000,8.726000,0.000000,0.871305
50,12.066667,6.800000,8.734333,0.000000,0.872275
51,12.066667,6.733333,8.722667,0.000000,0.872599
52,12.066667,6.766667,8.739000,0.000000,0.868361
53,12.066667,6.833333,8.728500,0.000000,0.870990
54,12.066667,6.833333,8.735500,0.000000,0.857305
55,12.066667,6.833333,8.753667,0.000000,0.874023
56,12.066667,6.866667,8.743667,0.000000,0.865061
57,12.066667,6.666667,8.719833,0.000000,0.866593
58,12.066667,6.766667,8.754833,0.000000,0.878841
59,12.066667,6.833333,8.738167,0.000000,0.872036
60,12.066667,6.766667,8.723500,0.000000,0.872754
61,12.066667,6.733333,8.744500,0.000000,0.864169
62,12.066667,6.966667,8.735667,0.000000,0.859518
63,12.066667,6.800000,8.752167,0.000000,0.868564
64,12.066667,6.800000,8.743000,0.000000,0.877360
65,12.066667,6.733333,8.724000,0.000000,0.880153
66,12.066667,6.866667,8.740500,0.000000,0.886269
67,12.066667,6.900000,8.750000,0.000000,0.863712
68,12.066667,6.766667,8.722500,0.000000,0.865878
69,12.066667,6.833333,8.714667,0.000000,0.868760
70,12.066667,6.800000,8.731000,0.000000,0.884950
71,12.066667,6.733333,8.746833,0.000000,0.867754
72,12.100000,6.900000,8.731500,0.000000,0.870351
73,12.100000,6.866667,8.732167,0.000000,0.860873
74,12.100000,6.733333,8.720000,0.000000,0.863356
75,12.100000,6.900000,8.723333,0.000000,0.851967
76,12.133333,6.866667,8.734667,0.000000,0.869486
77,12.133333,6.733333,8.736500,0.000000,0.880233
78,12.133333,6.600000,8.725167,0.000000,0.868159
79,12.133333,6.666667,8.737500,0.000000,0.879064
80,12.133333,6.866667,8.733500,0.000000,0.872207
81,12.133333,6.766667,8.735500,0.000000,0.865517
82,12.133333,6.900000,8.732667,0.000000,0.874370
83,12.133333,6.833333,8.740000,0.000000,0.865946
84,12.133333,6.933333,8.720000,0.000000,0.859476
85,12.133333,6.800000,8.727167,0.000000,0.872671
86,12.133333,6.833333,8.722000,0.000000,0.861850
87,12.133333,6.766667,8.738167,0.000000,0.866262
88,12.133333,6.800000,8.745167,0.000000,0.873364
89,12.133333,6.666667,8.717333,0.000000,0.877608
90,12.133333,6.866667,8.727000,0.000000,0.858497
91,12.133333,6.666667,8.746000,0.000000,0.867508
92,12.133333,6.733333,8.741667,0.000000,0.876876
93,12.133333,7.000000,8.731000,0.000000,0.865371
94,12.133333,6.933333,8.744333,0.000000,0.853365
95,12.133333,6.800000,8.719667,0.000000,0.865756
96,12.133333,6.800000,8.732667,0.000000,0.868098
97,12.133333,6.833333,8.733000,0.000000,0.877582
98,12.133333,6.833333,8.734167,0.000000,0.875307
99,12.133333,6.833333,8.764000,0.000000,0.871422
100,12.166667,6.733333,8.731667,0.000000,0.866061
BestSdev: 0.164604, Time: 5m43.61564533s