gen,best,worst,mean,rep,sdev
1,10.666667,7.100000,8.766000,0.000000,0.852903
2,10.933333,7.066667,8.695333,0.000000,0.850743
3,11.033333,7.000000,8.702667,0.000000,0.848784
4,11.100000,7.000000,8.720667,0.000000,0.863544
5,11.200000,7.000000,8.724000,0.000000,0.847795
6,11.200000,7.000000,8.727333,0.000000,0.857078
7,11.266667,7.000000,8.724000,0.000000,0.857821
8,11.266667,7.000000,8.742667,0.000000,0.835142
9,11.433333,6.966667,8.762667,0.000000,0.860204
10,11.500000,7.133333,8.768667,0.000000,0.877685
11,11.500000,7.000000,8.738000,0.000000,0.850466
12,11.500000,6.966667,8.708000,0.000000,0.874270
13,11.566667,6.933333,8.758000,0.000000,0.860830
14,11.566667,7.066667,8.726667,0.000000,0.871488
15,11.566667,6.966667,8.716667,0.000000,0.837593
16,11.600000,7.066667,8.712667,0.000000,0.823139
17,11.600000,7.000000,8.711333,0.000000,0.847290
18,11.600000,7.000000,8.727333,0.000000,0.841786
19,11.600000,7.000000,8.742667,0.000000,0.861145
20,11.633333,7.000000,8.752000,0.000000,0.872715
BestSdev: 0.264785, Time: 22.950263529s