gen,best,worst,mean,rep,sdev
1,11.233333,6.900000,8.728833,0.000000,0.870471
2,11.366667,6.733333,8.724333,0.000000,0.870514
3,11.600000,6.833333,8.736667,0.000000,0.871594
4,11.600000,6.733333,8.727000,0.000000,0.860607
5,11.633333,6.633333,8.733333,0.000000,0.867059
6,11.800000,6.600000,8.722833,0.000000,0.873967
7,11.833333,6.700000,8.734000,0.000000,0.866095
8,11.833333,6.766667,8.740833,0.000000,0.882062
9,11.900000,6.766667,8.731500,0.000000,0.867443
10,11.933333,6.966667,8.748500,0.000000,0.852183
11,11.966667,6.866667,8.728167,0.000000,0.867210
12,11.966667,6.766667,8.720167,0.000000,0.863887
13,12.033333,6.866667,8.728667,0.000000,0.876984
14,12.033333,6.733333,8.748500,0.000000,0.872299
15,12.100000,6.866667,8.746500,0.000000,0.870207
16,12.100000,6.800000,8.744833,0.000000,0.854911
17,12.133333,6.933333,8.741833,0.000000,0.862879
18,12.133333,6.800000,8.734833,0.000000,0.852268
19,12.133333,6.666667,8.728833,0.000000,0.875793
20,12.133333,6.833333,8.741333,0.000000,0.862464
21,12.133333,6.633333,8.697167,0.000000,0.866510
22,12.133333,6.833333,8.715833,0.000000,0.867777
23,12.133333,6.833333,8.734167,0.000000,0.860437
24,12.133333,6.833333,8.732000,0.000000,0.869050
25,12.133333,6.766667,8.747667,0.000000,0.871906
26,12.133333,6.800000,8.720500,0.000000,0.867109
27,12.133333,6.700000,8.731333,0.000000,0.880107
28,12.133333,6.866667,8.725333,0.000000,0.862743
29,12.133333,6.800000,8.760000,0.000000,0.869311
30,12.133333,6.933333,8.724667,0.000000,0.871083
31,12.133333,6.833333,8.744000,0.000000,0.871656
32,12.133333,6.733333,8.727333,0.000000,0.874158
33,12.133333,6.733333,8.725667,0.000000,0.866376
34,12.133333,6.833333,8.726667,0.000000,0.870165
35,12.133333,6.733333,8.712167,0.000000,0.870994
36,12.133333,6.800000,8.743667,0.000000,0.858126
37,12.133333,6.700000,8.758333,0.000000,0.861596
38,12.133333,6.833333,8.735000,0.000000,0.874290
39,12.133333,6.733333,8.721333,0.000000,0.870287
40,12.133333,6.900000,8.747500,0.000000,0.867748
41,12.133333,6.900000,8.735000,0.000000,0.857032
42,12.133333,6.733333,8.722000,0.000000,0.874551
43,12.133333,6.833333,8.747167,0.000000,0.868208
44,12.166667,6.800000,8.745000,0.000000,0.867763
45,12.200000,6.833333,8.732833,0.000000,0.871744
46,12.200000,6.833333,8.730833,0.000000,0.864625
47,12.200000,6.866667,8.728333,0.000000,0.871664
48,12.200000,6.833333,8.744833,0.000000,0.862189
49,12.200000,6.800000,8.731167,0.000000,0.865233
50,12.200000,6.866667,8.754167,0.000000,0.885452
51,12.200000,6.733333,8.733167,0.000000,0.857907
52,12.200000,6.833333,8.717667,0.000000,0.862263
53,12.200000,6.766667,8.734667,0.000000,0.868436
54,12.200000,6.933333,8.730500,0.000000,0.866184
55,12.233333,6.800000,8.736333,0.000000,0.880133
56,12.233333,6.733333,8.727000,0.000000,0.858796
57,12.233333,6.800000,8.739833,0.000000,0.853517
58,12.233333,6.866667,8.734667,0.000000,0.852577
59,12.233333,6.700000,8.723667,0.000000,0.866698
60,12.233333,6.933333,8.728000,0.000000,0.864930
61,12.233333,6.933333,8.725333,0.000000,0.855322
62,12.233333,6.933333,8.761000,0.000000,0.860118
63,12.233333,6.800000,8.715500,0.000000,0.877237
64,12.233333,6.866667,8.742000,0.000000,0.876588
65,12.233333,6.733333,8.737167,0.000000,0.879928
66,12.233333,6.800000,8.725333,0.000000,0.866118
67,12.233333,6.733333,8.732333,0.000000,0.862983
68,12.233333,6.800000,8.731333,0.000000,0.886269
69,12.233333,6.833333,8.742333,0.000000,0.872335
70,12.233333,6.900000,8.754833,0.000000,0.875293
71,12.233333,6.833333,8.743500,0.000000,0.862844
72,12.233333,6.833333,8.725500,0.000000,0.868637
73,12.233333,6.833333,8.743667,0.000000,0.878852
74,12.233333,6.766667,8.714333,0.000000,0.864736
75,12.233333,6.800000,8.724333,0.000000,0.874327
76,12.233333,6.733333,8.718667,0.000000,0.864261
77,12.266667,6.766667,8.722500,0.000000,0.877995
78,12.266667,6.766667,8.732000,0.000000,0.867014
79,12.266667,6.700000,8.717667,0.000000,0.862025
80,12.266667,6.833333,8.719333,0.000000,0.876802
81,12.266667,6.866667,8.743167,0.000000,0.874864
82,12.266667,6.800000,8.729333,0.000000,0.862154
83,12.266667,6.733333,8.730667,0.000000,0.875130
84,12.266667,6.966667,8.732667,0.000000,0.867475
85,12.266667,6.800000,8.743333,0.000000,0.880845
86,12.266667,6.966667,8.736667,0.000000,0.860022
87,12.266667,6.833333,8.719833,0.000000,0.885174
88,12.266667,6.800000,8.739333,0.000000,0.869517
89,12.266667,6.800000,8.731833,0.033333,0.862413
90,12.266667,6.800000,8.716000,0.000000,0.865479
91,12.266667,6.733333,8.723667,0.000000,0.864068
92,12.266667,6.700000,8.720000,0.000000,0.862333
93,12.266667,6.666667,8.706667,0.000000,0.871123
94,12.266667,6.633333,8.742000,0.000000,0.871734
95,12.266667,6.966667,8.734833,0.000000,0.868186
96,12.266667,6.800000,8.725167,0.000000,0.882261
97,12.266667,6.933333,8.729833,0.000000,0.850638
98,12.266667,6.766667,8.730667,0.000000,0.863218
99,12.266667,6.866667,8.741333,0.033333,0.872799
100,12.266667,6.833333,8.733833,0.000000,0.892356
101,12.266667,6.800000,8.723167,0.000000,0.864162
102,12.266667,6.833333,8.737000,0.000000,0.870633
103,12.266667,6.866667,8.765833,0.000000,0.870880
104,12.266667,6.733333,8.720500,0.000000,0.868584
105,12.266667,6.700000,8.720833,0.000000,0.870903
106,12.266667,6.866667,8.726000,0.000000,0.861241
107,12.266667,6.833333,8.729167,0.000000,0.876715
108,12.333333,6.733333,8.711833,0.000000,0.869341
109,12.333333,6.833333,8.744500,0.000000,0.866392
110,12.333333,6.800000,8.731500,0.000000,0.862593
111,12.333333,6.900000,8.733000,0.000000,0.857418
112,12.333333,6.900000,8.712000,0.000000,0.881354
113,12.333333,6.800000,8.733667,0.000000,0.876189
114,12.333333,6.833333,8.713500,0.000000,0.873896
115,12.366667,7.000000,8.751333,0.000000,0.861722
116,12.400000,6.866667,8.749500,0.000000,0.860824
117,12.433333,6.800000,8.729667,0.000000,0.875003
118,12.433333,6.733333,8.720667,0.000000,0.871816
119,12.433333,6.866667,8.729167,0.000000,0.862779
120,12.433333,6.700000,8.732000,0.000000,0.874750
121,12.433333,6.833333,8.725000,0.000000,0.871981
122,12.433333,6.733333,8.748833,0.000000,0.860268
123,12.433333,6.833333,8.749833,0.000000,0.875621
124,12.433333,6.766667,8.741000,0.000000,0.870904
125,12.433333,6.800000,8.724500,0.000000,0.861273
126,12.433333,6.800000,8.714333,0.000000,0.885627
127,12.433333,6.800000,8.713667,0.000000,0.869199
128,12.433333,6.933333,8.730000,0.000000,0.863569
129,12.433333,6.833333,8.718167,0.000000,0.866782
130,12.433333,6.866667,8.753167,0.000000,0.874316
131,12.433333,6.866667,8.723000,0.000000,0.880060
132,12.433333,6.700000,8.732333,0.000000,0.863645
133,12.433333,6.900000,8.739500,0.000000,0.853665
134,12.433333,6.833333,8.739333,0.000000,0.859074
135,12.433333,6.833333,8.746333,0.000000,0.878276
136,12.466667,6.833333,8.747833,0.000000,0.878294
137,12.466667,6.933333,8.750167,0.000000,0.861378
138,12.466667,6.833333,8.732667,0.000000,0.861792
139,12.466667,6.733333,8.721000,0.000000,0.871313
140,12.466667,6.900000,8.725833,0.000000,0.853256
141,12.466667,6.800000,8.752500,0.000000,0.880359
142,12.466667,6.633333,8.727833,0.000000,0.879356
143,12.466667,6.800000,8.728333,0.000000,0.865862
144,12.466667,6.833333,8.749667,0.000000,0.864854
145,12.466667,6.866667,8.717000,0.000000,0.872441
146,12.466667,6.800000,8.726167,0.000000,0.864631
147,12.466667,6.800000,8.711667,0.000000,0.866944
148,12.466667,6.800000,8.717667,0.000000,0.865348
149,12.466667,6.766667,8.729667,0.000000,0.862317
150,12.466667,6.900000,8.734667,0.000000,0.868679
151,12.466667,6.833333,8.736333,0.000000,0.870843
152,12.466667,6.800000,8.717000,0.000000,0.865165
153,12.466667,6.766667,8.705000,0.000000,0.869421
154,12.466667,6.833333,8.709000,0.000000,0.865996
155,12.466667,6.833333,8.717500,0.000000,0.867392
156,12.466667,6.800000,8.724333,0.000000,0.875192
157,12.500000,6.900000,8.723833,0.000000,0.864648
158,12.500000,6.866667,8.747167,0.000000,0.860348
159,12.500000,6.733333,8.722167,0.000000,0.874491
160,12.500000,6.900000,8.712333,0.000000,0.866053
161,12.500000,6.866667,8.737167,0.000000,0.868449
162,12.500000,6.700000,8.729333,0.000000,0.863448
163,12.500000,6.733333,8.739167,0.000000,0.871998
164,12.500000,6.800000,8.721000,0.000000,0.870318
165,12.500000,6.800000,8.746167,0.000000,0.872139
166,12.500000,6.666667,8.715667,0.000000,0.879013
167,12.500000,6.766667,8.751333,0.000000,0.869131
168,12.500000,6.833333,8.715333,0.000000,0.875242
169,12.500000,6.866667,8.735667,0.000000,0.875353
170,12.500000,6.666667,8.715000,0.000000,0.862256
171,12.500000,6.700000,8.717667,0.000000,0.864671
172,12.500000,6.800000,8.735833,0.000000,0.878312
173,12.500000,6.766667,8.742333,0.000000,0.877764
174,12.500000,6.833333,8.735500,0.000000,0.867451
175,12.500000,6.766667,8.710167,0.000000,0.860093
176,12.500000,6.833333,8.765167,0.000000,0.880180
177,12.500000,6.633333,8.721333,0.000000,0.868364
178,12.500000,6.866667,8.709500,0.000000,0.865214
179,12.500000,6.833333,8.724833,0.000000,0.866462
180,12.500000,6.800000,8.725500,0.000000,0.881865
181,12.500000,6.800000,8.727667,0.000000,0.869853
182,12.500000,6.800000,8.702833,0.000000,0.871539
183,12.533333,6.900000,8.751167,0.000000,0.864463
184,12.533333,6.766667,8.719167,0.000000,0.874163
185,12.533333,6.933333,8.733833,0.033333,0.868364
186,12.533333,6.833333,8.728167,0.000000,0.866549
187,12.533333,6.733333,8.741333,0.000000,0.870126
188,12.533333,6.700000,8.725000,0.000000,0.867624
189,12.533333,6.766667,8.726667,0.000000,0.877621
190,12.533333,6.833333,8.735333,0.000000,0.865183
191,12.533333,6.800000,8.722167,0.000000,0.871651
192,12.533333,6.900000,8.731833,0.000000,0.878150
193,12.533333,6.800000,8.732500,0.000000,0.856652
194,12.533333,6.866667,8.731667,0.000000,0.877745
195,12.533333,6.733333,8.731167,0.000000,0.876077
196,12.533333,6.833333,8.737500,0.000000,0.860484
197,12.533333,6.733333,8.745333,0.000000,0.876926
198,12.533333,6.900000,8.751333,0.000000,0.868717
199,12.566667,6.933333,8.736500,0.000000,0.860655
200,12.566667,6.733333,8.729500,0.000000,0.875072
201,12.566667,6.833333,8.721667,0.000000,0.858375
202,12.566667,6.833333,8.733500,0.000000,0.882032
203,12.566667,6.633333,8.696167,0.000000,0.880627
204,12.566667,6.833333,8.728667,0.000000,0.874280
205,12.566667,6.833333,8.733500,0.000000,0.871980
206,12.566667,6.600000,8.709167,0.000000,0.868110
207,12.566667,6.833333,8.738500,0.000000,0.849184
208,12.566667,6.800000,8.739000,0.000000,0.865698
209,12.566667,6.700000,8.737500,0.000000,0.865365
210,12.566667,6.833333,8.736000,0.000000,0.868696
211,12.566667,6.766667,8.719667,0.000000,0.879676
212,12.600000,6.733333,8.738500,0.000000,0.879219
213,12.600000,6.933333,8.731167,0.000000,0.867247
214,12.600000,6.833333,8.711333,0.000000,0.864374
215,12.600000,6.833333,8.731500,0.000000,0.873299
216,12.600000,6.733333,8.740167,0.000000,0.873151
217,12.600000,6.833333,8.742333,0.000000,0.869660
218,12.600000,6.833333,8.721833,0.000000,0.865448
219,12.600000,6.833333,8.733833,0.000000,0.859678
220,12.600000,6.766667,8.729167,0.000000,0.878443
221,12.633333,6.866667,8.730000,0.000000,0.872675
222,12.633333,6.966667,8.744500,0.000000,0.857539
223,12.633333,6.866667,8.731500,0.000000,0.858841
224,12.633333,6.900000,8.722167,0.000000,0.863805
225,12.633333,6.833333,8.727500,0.000000,0.875992
226,12.633333,6.833333,8.738000,0.000000,0.860671
227,12.633333,6.633333,8.751500,0.000000,0.860945
228,12.633333,6.866667,8.744833,0.000000,0.886590
229,12.633333,6.800000,8.746333,0.000000,0.873042
230,12.633333,6.866667,8.729333,0.000000,0.867949
231,12.633333,6.700000,8.733833,0.000000,0.883007
232,12.633333,6.766667,8.718500,0.000000,0.859571
233,12.633333,6.866667,8.732833,0.000000,0.864342
234,12.633333,6.733333,8.732833,0.000000,0.858997
235,12.633333,6.866667,8.735000,0.000000,0.869379
236,12.633333,6.866667,8.723333,0.000000,0.865159
237,12.633333,6.766667,8.737833,0.000000,0.876370
238,12.633333,6.833333,8.720333,0.000000,0.854674
239,12.633333,6.833333,8.730500,0.000000,0.878605
240,12.666667,6.833333,8.731167,0.000000,0.875871
241,12.666667,6.900000,8.733500,0.000000,0.876897
242,12.700000,6.766667,8.723167,0.000000,0.879898
243,12.700000,6.666667,8.728500,0.000000,0.873167
244,12.700000,6.833333,8.723167,0.000000,0.862380
245,12.700000,6.766667,8.732333,0.000000,0.872230
246,12.700000,6.900000,8.729500,0.000000,0.852469
247,12.700000,6.600000,8.739167,0.000000,0.880303
248,12.700000,6.866667,8.734833,0.000000,0.871632
249,12.700000,6.833333,8.731167,0.000000,0.862864
250,12.700000,6.766667,8.737833,0.000000,0.858126
251,12.700000,6.800000,8.722333,0.000000,0.871329
252,12.700000,6.600000,8.735000,0.000000,0.874091
253,12.700000,6.833333,8.728667,0.000000,0.873081
254,12.700000,6.866667,8.726833,0.000000,0.870353
255,12.700000,6.833333,8.735167,0.000000,0.866558
256,12.700000,6.900000,8.737833,0.000000,0.858558
257,12.700000,6.766667,8.748667,0.000000,0.881113
258,12.700000,6.933333,8.748667,0.000000,0.859237
259,12.700000,6.600000,8.705333,0.000000,0.871204
260,12.700000,6.833333,8.732167,0.000000,0.870051
261,12.733333,6.633333,8.724500,0.000000,0.875994
262,12.733333,6.833333,8.750000,0.000000,0.878885
263,12.733333,6.766667,8.741667,0.000000,0.868229
264,12.733333,6.933333,8.705000,0.000000,0.866319
265,12.733333,6.866667,8.719833,0.000000,0.886510
266,12.733333,6.833333,8.727500,0.000000,0.885946
267,12.733333,6.766667,8.705167,0.000000,0.864439
268,12.733333,6.866667,8.711667,0.000000,0.872674
269,12.733333,6.866667,8.724500,0.000000,0.851205
270,12.733333,6.766667,8.718667,0.000000,0.875704
271,12.733333,6.733333,8.733000,0.000000,0.870872
272,12.733333,6.900000,8.740833,0.000000,0.857268
273,12.733333,6.833333,8.730500,0.000000,0.871148
274,12.733333,6.933333,8.727000,0.000000,0.874821
275,12.733333,6.800000,8.729167,0.000000,0.872092
276,12.733333,6.866667,8.747167,0.000000,0.865699
277,12.733333,6.866667,8.737167,0.000000,0.875313
278,12.733333,6.666667,8.723500,0.000000,0.871567
279,12.733333,6.766667,8.737833,0.000000,0.869847
280,12.733333,6.866667,8.744667,0.000000,0.869641
281,12.733333,6.766667,8.735333,0.000000,0.877179
282,12.733333,6.833333,8.752000,0.000000,0.869049
283,12.733333,6.833333,8.734167,0.000000,0.855365
284,12.733333,6.700000,8.725667,0.000000,0.878151
285,12.733333,6.766667,8.732333,0.000000,0.873624
286,12.733333,6.866667,8.735333,0.000000,0.866303
287,12.733333,6.866667,8.726500,0.000000,0.867442
288,12.733333,6.700000,8.716833,0.000000,0.864762
289,12.733333,6.733333,8.725000,0.000000,0.859621
290,12.733333,6.933333,8.726000,0.000000,0.853733
291,12.733333,6.900000,8.729500,0.000000,0.864847
292,12.733333,6.733333,8.772167,0.000000,0.873196
293,12.733333,6.800000,8.736000,0.000000,0.883027
294,12.733333,6.933333,8.741500,0.000000,0.863479
295,12.733333,6.833333,8.739667,0.000000,0.886035
296,12.733333,6.800000,8.731000,0.000000,0.866048
297,12.733333,6.633333,8.731500,0.000000,0.878612
298,12.766667,6.800000,8.749333,0.000000,0.861717
299,12.766667,6.833333,8.748500,0.000000,0.862780
300,12.766667,6.666667,8.732667,0.000000,0.872398
301,12.766667,6.800000,8.717000,0.000000,0.871171
302,12.766667,6.800000,8.719333,0.000000,0.862917
303,12.766667,6.800000,8.734333,0.000000,0.871480
304,12.766667,6.933333,8.724833,0.000000,0.856774
305,12.766667,6.766667,8.749167,0.000000,0.867608
306,12.766667,6.933333,8.726833,0.000000,0.851662
307,12.766667,6.800000,8.717000,0.000000,0.862125
308,12.766667,6.866667,8.753833,0.000000,0.874259
309,12.766667,6.733333,8.727167,0.000000,0.864406
310,12.766667,6.833333,8.749500,0.000000,0.879399
311,12.766667,6.833333,8.748333,0.000000,0.875068
312,12.766667,6.900000,8.718333,0.000000,0.875116
313,12.766667,6.833333,8.701000,0.000000,0.866800
314,12.766667,6.933333,8.736833,0.000000,0.867333
315,12.766667,6.800000,8.731833,0.000000,0.870797
316,12.766667,6.800000,8.736333,0.000000,0.888110
317,12.766667,6.766667,8.738333,0.000000,0.867235
318,12.766667,6.766667,8.728333,0.000000,0.873639
319,12.766667,6.766667,8.719833,0.000000,0.879411
320,12.766667,6.766667,8.725000,0.000000,0.890276
321,12.766667,6.633333,8.724833,0.000000,0.879835
322,12.766667,6.800000,8.725167,0.000000,0.885287
323,12.766667,6.833333,8.716333,0.000000,0.853563
324,12.766667,6.766667,8.723500,0.000000,0.859034
325,12.766667,6.900000,8.737833,0.000000,0.851292
326,12.766667,6.866667,8.730167,0.000000,0.871039
327,12.766667,6.733333,8.720167,0.000000,0.880740
328,12.766667,6.833333,8.746500,0.000000,0.875461
329,12.766667,6.766667,8.733333,0.000000,0.876432
330,12.766667,6.833333,8.734500,0.000000,0.866368
331,12.766667,6.766667,8.744167,0.000000,0.870362
332,12.766667,6.866667,8.770167,0.000000,0.876600
333,12.766667,6.933333,8.741500,0.000000,0.877693
334,12.766667,6.833333,8.736500,0.000000,0.863100
335,12.766667,6.700000,8.749833,0.000000,0.873311
336,12.800000,6.733333,8.712333,0.000000,0.866711
337,12.800000,6.866667,8.709667,0.000000,0.871322
338,12.800000,6.733333,8.718833,0.000000,0.883793
339,12.800000,6.866667,8.748833,0.000000,0.861972
340,12.800000,6.800000,8.740000,0.000000,0.864057
341,12.800000,6.733333,8.748167,0.000000,0.866718
342,12.800000,6.766667,8.722000,0.000000,0.877548
343,12.800000,6.833333,8.734667,0.000000,0.865126
344,12.800000,6.833333,8.722833,0.000000,0.868740
345,12.800000,6.766667,8.742667,0.000000,0.872377
346,12.800000,6.866667,8.717333,0.000000,0.873105
347,12.800000,6.766667,8.740333,0.000000,0.863436
348,12.800000,6.800000,8.731000,0.000000,0.856368
349,12.800000,6.800000,8.741667,0.000000,0.868196
350,12.800000,6.800000,8.727000,0.000000,0.877115
351,12.800000,6.833333,8.719167,0.000000,0.864511
352,12.800000,6.800000,8.730167,0.000000,0.869248
353,12.800000,6.700000,8.723500,0.000000,0.862109
354,12.800000,6.766667,8.739000,0.000000,0.885159
355,12.800000,6.833333,8.733167,0.000000,0.877740
356,12.800000,6.833333,8.743333,0.000000,0.869829
357,12.800000,6.833333,8.745333,0.000000,0.861930
358,12.800000,6.666667,8.726000,0.033333,0.853322
359,12.800000,6.666667,8.712667,0.000000,0.867653
360,12.800000,6.733333,8.723333,0.000000,0.880132
361,12.800000,6.833333,8.727500,0.000000,0.864338
362,12.800000,6.933333,8.746000,0.000000,0.856249
363,12.800000,6.800000,8.739833,0.000000,0.882987
364,12.800000,6.833333,8.743833,0.000000,0.879155
365,12.800000,6.700000,8.745667,0.000000,0.868256
366,12.800000,6.700000,8.735500,0.000000,0.862167
367,12.800000,6.766667,8.746167,0.000000,0.866124
368,12.800000,6.733333,8.735333,0.000000,0.873312
369,12.800000,6.933333,8.735333,0.000000,0.862027
370,12.800000,6.666667,8.728500,0.000000,0.882519
371,12.800000,6.766667,8.756833,0.000000,0.865458
372,12.800000,6.800000,8.737833,0.000000,0.861988
373,12.800000,6.866667,8.732167,0.000000,0.873427
374,12.800000,6.800000,8.730333,0.000000,0.862804
375,12.800000,6.733333,8.726667,0.000000,0.876639
376,12.800000,6.800000,8.728167,0.000000,0.877988
377,12.800000,6.833333,8.742000,0.000000,0.873124
378,12.800000,6.800000,8.721333,0.000000,0.860183
379,12.800000,6.733333,8.731167,0.000000,0.870967
380,12.800000,6.733333,8.709833,0.000000,0.876247
381,12.800000,6.800000,8.752833,0.000000,0.873444
382,12.800000,6.666667,8.746833,0.000000,0.885315
383,12.800000,6.833333,8.709667,0.000000,0.877160
384,12.800000,6.866667,8.762833,0.000000,0.876591
385,12.800000,6.766667,8.722833,0.000000,0.864904
386,12.800000,6.733333,8.731667,0.000000,0.871665
387,12.800000,6.833333,8.739500,0.000000,0.854255
388,12.800000,6.733333,8.735667,0.000000,0.855107
389,12.800000,6.766667,8.743333,0.000000,0.868111
390,12.800000,6.733333,8.717333,0.000000,0.860155
391,12.800000,6.866667,8.744167,0.000000,0.864239
392,12.800000,6.733333,8.726667,0.000000,0.862691
393,12.800000,6.733333,8.743333,0.000000,0.869977
394,12.800000,6.733333,8.718000,0.000000,0.871094
395,12.800000,6.933333,8.733667,0.000000,0.867928
396,12.800000,6.800000,8.736833,0.000000,0.860571
397,12.800000,6.866667,8.709333,0.000000,0.864854
398,12.800000,6.833333,8.727167,0.000000,0.870796
399,12.800000,6.966667,8.726000,0.000000,0.858879
400,12.800000,6.900000,8.758667,0.000000,0.874346
401,12.800000,6.933333,8.736167,0.000000,0.858799
402,12.800000,6.733333,8.713000,0.000000,0.860751
403,12.800000,6.766667,8.741667,0.000000,0.858475
404,12.800000,6.900000,8.725500,0.000000,0.858207
405,12.800000,6.900000,8.740000,0.000000,0.864662
406,12.800000,6.833333,8.744667,0.000000,0.885810
407,12.800000,6.833333,8.747667,0.000000,0.868672
408,12.800000,6.800000,8.748167,0.000000,0.868307
409,12.800000,6.800000,8.740667,0.000000,0.873030
410,12.800000,6.833333,8.729833,0.000000,0.864833
411,12.800000,6.900000,8.730333,0.000000,0.866480
412,12.800000,6.800000,8.734500,0.000000,0.878562
413,12.800000,6.666667,8.723167,0.000000,0.868917
414,12.800000,6.900000,8.730500,0.000000,0.865477
415,12.800000,6.766667,8.750833,0.000000,0.882155
416,12.800000,6.733333,8.726333,0.000000,0.857704
417,12.800000,6.866667,8.723667,0.000000,0.856568
418,12.800000,6.900000,8.727000,0.000000,0.874478
419,12.800000,6.666667,8.730500,0.000000,0.876115
420,12.800000,6.833333,8.730833,0.000000,0.868864
421,12.800000,6.866667,8.730500,0.000000,0.876008
422,12.800000,6.800000,8.721833,0.000000,0.870161
423,12.800000,6.800000,8.725333,0.000000,0.857847
424,12.800000,6.800000,8.725167,0.000000,0.862915
425,12.800000,6.766667,8.739167,0.000000,0.860766
426,12.800000,6.800000,8.733500,0.000000,0.875419
427,12.800000,6.766667,8.734667,0.000000,0.875061
428,12.800000,6.866667,8.711500,0.000000,0.857966
429,12.800000,6.800000,8.713333,0.000000,0.866050
430,12.800000,6.800000,8.744500,0.000000,0.872955
431,12.800000,6.766667,8.723833,0.000000,0.868508
432,12.800000,6.766667,8.735667,0.000000,0.854717
433,12.800000,6.766667,8.731833,0.000000,0.863063
434,12.800000,6.766667,8.731500,0.000000,0.879486
435,12.800000,6.833333,8.720167,0.000000,0.872191
436,12.800000,6.833333,8.731333,0.000000,0.866825
437,12.800000,6.733333,8.735167,0.000000,0.872795
438,12.800000,6.800000,8.731167,0.000000,0.864270
439,12.800000,6.800000,8.760167,0.000000,0.868709
440,12.800000,6.900000,8.748000,0.000000,0.873118
441,12.800000,6.866667,8.722333,0.000000,0.860818
442,12.800000,6.866667,8.737167,0.000000,0.866975
443,12.800000,6.800000,8.738333,0.000000,0.890626
444,12.800000,6.833333,8.733333,0.000000,0.862300
445,12.800000,6.700000,8.727167,0.000000,0.871290
446,12.800000,6.700000,8.710167,0.000000,0.874394
447,12.800000,6.900000,8.724167,0.000000,0.868699
448,12.800000,6.766667,8.739000,0.000000,0.870584
449,12.800000,6.833333,8.753000,0.000000,0.871316
450,12.800000,6.933333,8.710667,0.000000,0.857720
451,12.800000,6.800000,8.738333,0.000000,0.875490
452,12.800000,6.733333,8.744833,0.000000,0.885102
453,12.800000,6.733333,8.751833,0.000000,0.853403
454,12.800000,6.833333,8.717000,0.000000,0.864231
455,12.800000,6.666667,8.748000,0.000000,0.871426
456,12.800000,6.800000,8.743500,0.000000,0.879283
457,12.800000,6.833333,8.746000,0.000000,0.863784
458,12.800000,6.833333,8.750167,0.000000,0.867811
459,12.800000,6.866667,8.725833,0.000000,0.877007
460,12.800000,6.933333,8.720667,0.000000,0.860281
461,12.800000,6.800000,8.722500,0.000000,0.865674
462,12.800000,6.700000,8.735833,0.000000,0.870650
463,12.800000,6.800000,8.723000,0.000000,0.870328
464,12.800000,6.800000,8.746167,0.000000,0.872810
465,12.800000,6.700000,8.732667,0.000000,0.887362
466,12.800000,6.700000,8.740333,0.000000,0.886914
467,12.800000,6.933333,8.730167,0.000000,0.880519
468,12.800000,6.866667,8.731500,0.000000,0.856671
469,12.800000,6.733333,8.730667,0.000000,0.869125
470,12.800000,6.866667,8.743500,0.000000,0.866899
471,12.800000,6.833333,8.750333,0.000000,0.878443
472,12.800000,6.966667,8.724833,0.000000,0.886190
473,12.800000,6.866667,8.721000,0.000000,0.876516
474,12.800000,6.900000,8.741167,0.000000,0.850704
475,12.800000,6.633333,8.736833,0.000000,0.867899
476,12.800000,6.833333,8.736333,0.000000,0.851832
477,12.800000,6.766667,8.731000,0.000000,0.868174
478,12.800000,6.766667,8.761000,0.000000,0.876540
479,12.800000,6.766667,8.749000,0.000000,0.881455
480,12.800000,6.833333,8.754833,0.000000,0.882245
481,12.800000,6.866667,8.725167,0.000000,0.864432
482,12.800000,6.900000,8.726833,0.000000,0.862023
483,12.800000,6.866667,8.737833,0.000000,0.868484
484,12.800000,6.866667,8.739167,0.000000,0.865869
485,12.800000,6.766667,8.740500,0.000000,0.875809
486,12.800000,6.800000,8.740333,0.000000,0.861511
487,12.800000,6.900000,8.720333,0.000000,0.872477
488,12.800000,6.933333,8.725167,0.000000,0.872577
489,12.800000,6.766667,8.736167,0.000000,0.865622
490,12.800000,6.900000,8.736833,0.000000,0.870264
491,12.800000,6.800000,8.742500,0.000000,0.862584
492,12.800000,6.833333,8.731500,0.000000,0.867454
493,12.800000,6.833333,8.743500,0.000000,0.863792
494,12.800000,6.866667,8.717833,0.000000,0.870495
495,12.800000,6.833333,8.733000,0.000000,0.863234
496,12.800000,6.766667,8.736333,0.000000,0.860962
497,12.800000,6.833333,8.720500,0.000000,0.866634
498,12.800000,6.700000,8.732000,0.000000,0.894041
499,12.800000,6.866667,8.730833,0.000000,0.879868
500,12.800000,6.700000,8.739833,0.000000,0.870314
BestSdev: 0.264929, Time: 38m43.187034727s