gen,best,worst,mean,rep,sdev
1,10.700000,7.000000,8.790000,0.000000,0.846134
2,10.966667,7.000000,8.704000,0.000000,0.864506
3,11.066667,7.000000,8.754667,0.000000,0.837864
4,11.100000,6.933333,8.684667,0.000000,0.836669
5,11.200000,7.066667,8.699333,0.000000,0.862527
6,11.233333,6.933333,8.724000,0.000000,0.883175
7,11.233333,6.966667,8.693333,0.000000,0.842026
8,11.266667,6.966667,8.734000,0.000000,0.861909
9,11.300000,7.033333,8.753333,0.000000,0.886466
10,11.366667,7.066667,8.717333,0.000000,0.857462
11,11.366667,6.966667,8.703333,0.000000,0.867166
12,11.433333,7.000000,8.732667,0.000000,0.858810
13,11.466667,6.933333,8.713333,0.000000,0.865248
14,11.466667,6.933333,8.714667,0.000000,0.842321
15,11.466667,7.000000,8.730667,0.000000,0.835571
16,11.500000,7.033333,8.722667,0.000000,0.875336
17,11.500000,6.900000,8.718667,0.000000,0.889024
18,11.500000,7.033333,8.718000,0.000000,0.845353
19,11.533333,7.066667,8.730000,0.000000,0.851918
20,11.533333,6.966667,8.702667,0.000000,0.877948
21,11.566667,6.966667,8.737333,0.000000,0.872771
22,11.566667,7.066667,8.756000,0.000000,0.828415
23,11.566667,6.966667,8.714000,0.000000,0.860190
24,11.566667,6.966667,8.716000,0.000000,0.847515
25,11.566667,6.966667,8.716000,0.000000,0.861174
26,11.566667,7.000000,8.729333,0.000000,0.871659
27,11.600000,7.000000,8.768667,0.000000,0.873537
28,11.600000,7.033333,8.750667,0.000000,0.844213
29,11.600000,6.933333,8.704000,0.000000,0.857129
30,11.600000,6.966667,8.751333,0.000000,0.906055
31,11.600000,7.000000,8.704667,0.000000,0.850927
32,11.600000,6.966667,8.698667,0.000000,0.864527
33,11.633333,7.000000,8.739333,0.000000,0.856486
34,11.633333,6.966667,8.716000,0.000000,0.871913
35,11.666667,7.033333,8.726667,0.000000,0.869692
36,11.666667,6.966667,8.742000,0.000000,0.861230
37,11.666667,6.933333,8.731333,0.000000,0.873591
38,11.666667,7.000000,8.702000,0.000000,0.821797
39,11.700000,6.966667,8.735333,0.000000,0.873823
40,11.733333,6.966667,8.746667,0.000000,0.853847
41,11.766667,7.000000,8.751333,0.000000,0.863909
42,11.766667,7.066667,8.725333,0.000000,0.839954
43,11.800000,6.900000,8.736000,0.000000,0.883308
44,11.800000,6.966667,8.710667,0.000000,0.863181
45,11.800000,7.033333,8.676000,0.000000,0.849923
46,11.800000,6.966667,8.736667,0.000000,0.839687
47,11.800000,7.033333,8.712667,0.000000,0.855404
48,11.800000,7.133333,8.757333,0.000000,0.844440
49,11.833333,7.066667,8.752000,0.000000,0.832294
50,11.833333,6.966667,8.740667,0.000000,0.867486
51,11.866667,6.966667,8.746000,0.000000,0.859569
52,11.866667,7.033333,8.712000,0.000000,0.857592
53,11.866667,6.966667,8.717333,0.000000,0.858979
54,11.866667,6.966667,8.759333,0.000000,0.876791
55,11.866667,6.933333,8.742667,0.000000,0.854052
56,11.866667,6.900000,8.743333,0.000000,0.882587
57,11.866667,7.033333,8.749333,0.000000,0.843657
58,11.900000,7.033333,8.751333,0.000000,0.862994
59,11.933333,6.966667,8.774667,0.000000,0.883006
60,11.933333,7.033333,8.776667,0.000000,0.865844
61,11.933333,7.000000,8.746667,0.000000,0.839201
62,11.933333,6.933333,8.709333,0.000000,0.849103
63,11.966667,7.033333,8.768667,0.000000,0.850178
64,11.966667,6.966667,8.755333,0.000000,0.877132
65,12.000000,6.966667,8.752667,0.000000,0.866515
66,12.000000,7.000000,8.712667,0.000000,0.851699
67,12.000000,6.966667,8.694000,0.000000,0.845705
68,12.000000,6.933333,8.774667,0.000000,0.890151
69,12.000000,7.066667,8.743333,0.000000,0.847752
70,12.000000,6.933333,8.751333,0.000000,0.869288
71,12.000000,7.000000,8.721333,0.000000,0.861575
72,12.000000,7.033333,8.722667,0.000000,0.842689
73,12.033333,6.966667,8.762667,0.000000,0.836126
74,12.033333,6.866667,8.704667,0.000000,0.848560
75,12.033333,7.100000,8.743333,0.000000,0.855982
76,12.033333,7.000000,8.747333,0.000000,0.880743
77,12.033333,6.900000,8.724000,0.000000,0.876926
78,12.033333,6.966667,8.757333,0.000000,0.833368
79,12.033333,6.900000,8.708000,0.000000,0.865185
80,12.033333,6.933333,8.736000,0.000000,0.869308
81,12.033333,6.933333,8.702000,0.000000,0.869750
82,12.033333,7.033333,8.750667,0.000000,0.835065
83,12.033333,7.066667,8.709333,0.000000,0.833407
84,12.033333,6.900000,8.756667,0.000000,0.906361
85,12.033333,7.000000,8.724667,0.000000,0.856492
86,12.033333,7.066667,8.766000,0.000000,0.846607
87,12.033333,7.033333,8.751333,0.000000,0.850892
88,12.033333,7.033333,8.737333,0.000000,0.899776
89,12.033333,7.033333,8.730000,0.000000,0.856298
90,12.033333,7.000000,8.760667,0.000000,0.881496
91,12.033333,7.000000,8.756667,0.000000,0.853165
92,12.033333,7.033333,8.728667,0.000000,0.862925
93,12.033333,7.000000,8.727333,0.000000,0.854804
94,12.033333,6.966667,8.746667,0.000000,0.864438
95,12.033333,7.100000,8.726000,0.000000,0.856395
96,12.033333,7.033333,8.743333,0.000000,0.878146
97,12.033333,6.966667,8.732000,0.000000,0.873949
98,12.033333,6.933333,8.700667,0.000000,0.858266
99,12.033333,7.000000,8.737333,0.000000,0.853714
100,12.033333,7.000000,8.760667,0.000000,0.860020
101,12.033333,7.000000,8.712667,0.000000,0.872813
102,12.033333,7.033333,8.726667,0.000000,0.879704
103,12.033333,7.033333,8.694667,0.000000,0.872058
104,12.033333,7.000000,8.730667,0.000000,0.855333
105,12.033333,6.933333,8.676667,0.000000,0.844195
106,12.066667,6.966667,8.764000,0.000000,0.893011
107,12.066667,7.033333,8.744000,0.000000,0.860119
108,12.066667,6.966667,8.752667,0.000000,0.865242
109,12.066667,6.900000,8.718667,0.000000,0.864458
110,12.066667,6.933333,8.752000,0.000000,0.867042
111,12.066667,6.900000,8.737333,0.000000,0.869554
112,12.066667,7.000000,8.714000,0.000000,0.825004
113,12.066667,7.033333,8.723333,0.000000,0.848309
114,12.066667,7.000000,8.742667,0.000000,0.865283
115,12.066667,7.033333,8.689333,0.000000,0.848522
116,12.066667,7.033333,8.726667,0.000000,0.839578
117,12.066667,7.000000,8.730000,0.000000,0.833256
118,12.066667,7.033333,8.780000,0.000000,0.862177
119,12.066667,7.000000,8.718667,0.000000,0.847959
120,12.066667,6.933333,8.754000,0.000000,0.860027
121,12.066667,7.033333,8.721333,0.000000,0.858312
122,12.066667,7.033333,8.766000,0.000000,0.839526
123,12.066667,7.033333,8.758667,0.000000,0.867376
124,12.100000,6.966667,8.768000,0.000000,0.864672
125,12.100000,6.966667,8.723333,0.000000,0.852175
126,12.100000,6.966667,8.729333,0.000000,0.873591
127,12.100000,6.966667,8.714667,0.000000,0.862319
128,12.100000,7.000000,8.741333,0.000000,0.881017
129,12.100000,7.000000,8.746000,0.000000,0.864979
130,12.100000,7.033333,8.718000,0.000000,0.829435
131,12.100000,6.966667,8.733333,0.000000,0.827648
132,12.100000,6.866667,8.745333,0.000000,0.849643
133,12.100000,6.933333,8.735333,0.000000,0.876793
134,12.133333,6.966667,8.708667,0.000000,0.868515
135,12.133333,7.033333,8.758667,0.000000,0.867613
136,12.133333,7.033333,8.759333,0.000000,0.874324
137,12.133333,7.066667,8.745333,0.000000,0.852151
138,12.133333,6.933333,8.722000,0.000000,0.888233
139,12.133333,7.000000,8.730000,0.000000,0.862264
140,12.133333,7.066667,8.750000,0.000000,0.847309
141,12.133333,7.000000,8.729333,0.000000,0.852399
142,12.133333,7.000000,8.752667,0.000000,0.843657
143,12.133333,7.000000,8.732667,0.000000,0.843659
144,12.133333,7.033333,8.726667,0.000000,0.823139
145,12.166667,6.933333,8.748667,0.000000,0.855683
146,12.166667,7.033333,8.740000,0.000000,0.862194
147,12.166667,7.033333,8.742667,0.000000,0.851420
148,12.166667,6.900000,8.744667,0.000000,0.881651
149,12.166667,7.100000,8.788667,0.000000,0.856784
150,12.166667,6.933333,8.676667,0.000000,0.866354
151,12.166667,7.000000,8.694667,0.000000,0.869330
152,12.166667,7.000000,8.766667,0.000000,0.849657
153,12.166667,6.933333,8.718000,0.000000,0.866963
154,12.166667,7.000000,8.726667,0.000000,0.872974
155,12.166667,7.000000,8.745333,0.000000,0.861636
156,12.166667,6.966667,8.712000,0.000000,0.852097
157,12.166667,7.000000,8.696000,0.000000,0.841263
158,12.166667,7.100000,8.744667,0.000000,0.848223
159,12.166667,6.900000,8.718000,0.000000,0.874328
160,12.166667,6.966667,8.776667,0.000000,0.874325
161,12.166667,7.033333,8.736000,0.000000,0.866092
162,12.166667,6.966667,8.665333,0.000000,0.856578
163,12.166667,6.933333,8.708667,0.000000,0.849277
164,12.166667,7.000000,8.743333,0.000000,0.851572
165,12.166667,6.900000,8.736000,0.000000,0.882954
166,12.166667,7.000000,8.704000,0.000000,0.848420
167,12.166667,6.966667,8.750000,0.000000,0.859772
168,12.166667,6.900000,8.708000,0.000000,0.856810
169,12.166667,6.900000,8.755333,0.000000,0.869018
170,12.166667,7.000000,8.722667,0.000000,0.859266
171,12.166667,7.033333,8.710667,0.000000,0.836974
172,12.166667,7.000000,8.756667,0.000000,0.856009
173,12.166667,6.833333,8.786667,0.000000,0.871125
174,12.166667,7.000000,8.723333,0.000000,0.866912
175,12.166667,7.033333,8.738667,0.000000,0.864340
176,12.166667,7.033333,8.732667,0.000000,0.861426
177,12.166667,6.966667,8.769333,0.000000,0.869700
178,12.166667,7.000000,8.723333,0.000000,0.833542
179,12.166667,6.866667,8.730000,0.000000,0.861483
180,12.166667,7.000000,8.765333,0.000000,0.873493
181,12.166667,6.866667,8.721333,0.000000,0.866815
182,12.166667,7.033333,8.718667,0.000000,0.837629
183,12.166667,6.933333,8.734667,0.000000,0.843554
184,12.166667,7.066667,8.754000,0.000000,0.842972
185,12.166667,7.000000,8.724667,0.000000,0.842185
186,12.166667,7.000000,8.705333,0.000000,0.866248
187,12.166667,6.966667,8.744667,0.000000,0.843101
188,12.166667,7.033333,8.726667,0.000000,0.853163
189,12.166667,7.133333,8.781333,0.000000,0.865006
190,12.166667,6.966667,8.746000,0.000000,0.846557
191,12.166667,7.033333,8.766000,0.000000,0.878524
192,12.166667,7.066667,8.729333,0.000000,0.856987
193,12.166667,6.966667,8.698667,0.000000,0.871495
194,12.166667,7.033333,8.678000,0.000000,0.858428
195,12.166667,7.100000,8.772000,0.000000,0.817053
196,12.166667,6.966667,8.690000,0.000000,0.890316
197,12.166667,6.966667,8.721333,0.000000,0.872755
198,12.166667,6.933333,8.723333,0.000000,0.845829
199,12.166667,6.933333,8.720667,0.000000,0.878279
200,12.166667,6.933333,8.712000,0.000000,0.864505
BestSdev: 0.277126, Time: 3m56.576672492s