gen,best,worst,mean,rep,sdev
1,11.100000,6.733333,8.743167,0.000000,0.861844
2,11.200000,6.833333,8.740167,0.000000,0.882483
3,11.266667,6.766667,8.730000,0.000000,0.868218
4,11.366667,6.733333,8.728000,0.000000,0.864950
5,11.433333,6.800000,8.735833,0.000000,0.862815
6,11.500000,6.800000,8.752000,0.000000,0.866060
7,11.766667,6.766667,8.752833,0.000000,0.887423
8,11.800000,6.833333,8.724500,0.000000,0.861221
9,11.833333,6.833333,8.739333,0.000000,0.880731
10,11.833333,6.866667,8.749167,0.000000,0.859640
11,11.900000,6.900000,8.735833,0.000000,0.858268
12,11.933333,6.800000,8.732667,0.000000,0.875870
13,11.966667,6.800000,8.736000,0.000000,0.858770
14,11.966667,6.766667,8.743333,0.000000,0.864333
15,11.966667,6.866667,8.750500,0.000000,0.877625
16,11.966667,6.800000,8.734167,0.000000,0.863294
17,11.966667,6.766667,8.721500,0.000000,0.860310
18,11.966667,6.900000,8.743833,0.000000,0.875918
19,12.000000,6.733333,8.724167,0.000000,0.878490
20,12.000000,6.633333,8.732500,0.000000,0.872616
BestSdev: 0.295315, Time: 1m9.68005025s