gen,best,worst,mean,rep,sdev
1,11.066667,6.800000,8.715667,0.000000,0.872063
2,11.233333,6.966667,8.746667,0.000000,0.869608
3,11.266667,6.900000,8.702667,0.000000,0.858086
4,11.333333,6.800000,8.736000,0.000000,0.886532
5,11.333333,6.900000,8.724667,0.000000,0.865339
6,11.500000,6.833333,8.755667,0.000000,0.887074
7,11.600000,6.933333,8.741667,0.000000,0.873342
8,11.600000,6.933333,8.719333,0.000000,0.863945
9,11.666667,6.966667,8.733667,0.000000,0.867354
10,11.800000,6.933333,8.720000,0.000000,0.876917
11,11.866667,6.866667,8.725667,0.000000,0.869250
12,11.866667,6.933333,8.718000,0.000000,0.864978
13,11.866667,6.900000,8.733667,0.000000,0.856809
14,11.866667,6.933333,8.757667,0.000000,0.865154
15,11.900000,6.900000,8.728000,0.000000,0.880035
16,11.900000,6.800000,8.779667,0.000000,0.885067
17,11.900000,6.866667,8.744000,0.000000,0.864454
18,11.900000,6.900000,8.748000,0.000000,0.865508
19,11.900000,6.966667,8.739333,0.000000,0.872383
20,11.933333,6.933333,8.709000,0.000000,0.863852
21,11.966667,6.866667,8.752667,0.000000,0.864169
22,12.000000,6.933333,8.713000,0.000000,0.856338
23,12.000000,7.000000,8.722667,0.000000,0.848379
24,12.000000,6.866667,8.740000,0.000000,0.853021
25,12.000000,6.766667,8.740333,0.000000,0.873323
26,12.000000,6.866667,8.753667,0.000000,0.858099
27,12.000000,6.900000,8.715667,0.000000,0.862180
28,12.000000,6.800000,8.739000,0.000000,0.873653
29,12.000000,6.900000,8.763667,0.000000,0.861210
30,12.000000,6.933333,8.754000,0.000000,0.896494
31,12.000000,6.966667,8.737333,0.000000,0.865084
32,12.000000,6.966667,8.721667,0.000000,0.844450
33,12.000000,6.900000,8.724667,0.000000,0.855138
34,12.000000,6.933333,8.761667,0.000000,0.855395
35,12.000000,6.933333,8.753000,0.000000,0.865600
36,12.000000,6.866667,8.731667,0.000000,0.869535
37,12.000000,6.933333,8.740000,0.000000,0.850167
38,12.000000,6.800000,8.764667,0.000000,0.864085
39,12.000000,6.800000,8.754333,0.000000,0.875169
40,12.000000,6.866667,8.742667,0.000000,0.865011
41,12.000000,6.933333,8.710000,0.000000,0.858611
42,12.000000,6.933333,8.734000,0.000000,0.848119
43,12.000000,6.933333,8.735000,0.000000,0.873976
44,12.000000,6.833333,8.757667,0.000000,0.866320
45,12.000000,7.000000,8.745000,0.000000,0.865914
46,12.000000,6.966667,8.731333,0.000000,0.860734
47,12.000000,6.966667,8.709667,0.000000,0.854216
48,12.000000,6.900000,8.714667,0.000000,0.874594
49,12.000000,6.833333,8.752667,0.000000,0.885444
50,12.000000,6.866667,8.727000,0.000000,0.849860
51,12.000000,6.833333,8.732000,0.000000,0.861662
52,12.000000,6.733333,8.713333,0.000000,0.870661
53,12.000000,6.900000,8.743333,0.000000,0.860782
54,12.000000,6.866667,8.732667,0.000000,0.857907
55,12.000000,6.933333,8.725000,0.000000,0.849872
56,12.000000,6.800000,8.737000,0.000000,0.875563
57,12.000000,6.866667,8.744333,0.000000,0.853857
58,12.000000,6.966667,8.750333,0.000000,0.862611
59,12.000000,6.866667,8.725667,0.000000,0.863381
60,12.000000,6.966667,8.705333,0.000000,0.846087
61,12.000000,6.933333,8.731333,0.000000,0.846047
62,12.000000,6.866667,8.735667,0.000000,0.875961
63,12.000000,6.833333,8.715333,0.000000,0.859403
64,12.000000,6.933333,8.729000,0.000000,0.849439
65,12.000000,6.900000,8.754667,0.000000,0.884926
66,12.000000,6.800000,8.729000,0.000000,0.871788
67,12.000000,6.933333,8.729000,0.000000,0.894851
68,12.000000,6.866667,8.731000,0.000000,0.854197
69,12.000000,6.900000,8.720000,0.000000,0.872853
70,12.000000,6.933333,8.726667,0.000000,0.890507
71,12.000000,6.966667,8.735667,0.000000,0.860813
72,12.000000,7.000000,8.733333,0.000000,0.857914
73,12.000000,6.833333,8.747667,0.000000,0.882151
74,12.000000,6.766667,8.717667,0.000000,0.873517
75,12.000000,6.900000,8.760333,0.000000,0.842765
76,12.000000,6.900000,8.706333,0.000000,0.853522
77,12.000000,6.800000,8.754667,0.000000,0.863202
78,12.000000,6.833333,8.725667,0.000000,0.878386
79,12.000000,6.900000,8.701000,0.000000,0.851253
80,12.000000,6.866667,8.718333,0.000000,0.862082
81,12.000000,6.866667,8.745667,0.000000,0.877762
82,12.000000,6.933333,8.731333,0.000000,0.847578
83,12.000000,6.933333,8.751333,0.000000,0.879048
84,12.000000,6.933333,8.755667,0.000000,0.852201
85,12.000000,6.833333,8.748667,0.000000,0.879349
86,12.000000,6.900000,8.707333,0.000000,0.884269
87,12.000000,6.900000,8.730000,0.000000,0.866703
88,12.000000,6.966667,8.745333,0.000000,0.839441
89,12.000000,6.933333,8.737667,0.000000,0.859728
90,12.000000,6.866667,8.761333,0.000000,0.849894
91,12.000000,6.833333,8.747000,0.000000,0.871851
92,12.000000,6.866667,8.753333,0.000000,0.873094
93,12.000000,6.966667,8.728333,0.000000,0.879494
94,12.000000,6.866667,8.735333,0.000000,0.861697
95,12.000000,6.966667,8.762667,0.000000,0.885205
96,12.000000,6.866667,8.739333,0.000000,0.871044
97,12.033333,6.866667,8.724000,0.000000,0.864823
98,12.033333,6.833333,8.722000,0.000000,0.873361
99,12.033333,6.966667,8.717000,0.000000,0.865569
100,12.033333,6.933333,8.730000,0.000000,0.857385
101,12.033333,6.933333,8.741667,0.000000,0.864843
102,12.033333,6.933333,8.730000,0.000000,0.879497
103,12.033333,6.900000,8.725333,0.000000,0.860527
104,12.033333,6.966667,8.756000,0.000000,0.880815
105,12.033333,6.933333,8.731000,0.000000,0.864318
106,12.033333,6.966667,8.722333,0.000000,0.863484
107,12.033333,6.833333,8.746000,0.000000,0.894131
108,12.033333,6.900000,8.717667,0.000000,0.868013
109,12.033333,6.833333,8.725333,0.000000,0.861020
110,12.033333,6.933333,8.711333,0.000000,0.853141
111,12.033333,6.933333,8.723333,0.000000,0.873150
112,12.033333,6.900000,8.723667,0.000000,0.868740
113,12.033333,7.000000,8.730000,0.000000,0.867753
114,12.033333,6.900000,8.707333,0.000000,0.866330
115,12.033333,6.900000,8.750333,0.000000,0.852589
116,12.033333,6.866667,8.743000,0.000000,0.882422
117,12.033333,6.833333,8.749667,0.000000,0.867215
118,12.066667,6.900000,8.729667,0.000000,0.850501
119,12.066667,6.900000,8.737333,0.000000,0.866229
120,12.066667,6.900000,8.727667,0.000000,0.852303
121,12.066667,6.866667,8.759333,0.000000,0.873531
122,12.066667,6.800000,8.726000,0.000000,0.858696
123,12.066667,6.966667,8.742667,0.000000,0.853835
124,12.066667,6.866667,8.719667,0.000000,0.860865
125,12.066667,6.866667,8.740000,0.000000,0.875780
126,12.066667,6.933333,8.748667,0.000000,0.860312
127,12.066667,6.866667,8.706667,0.000000,0.881334
128,12.066667,6.900000,8.759000,0.000000,0.857710
129,12.066667,6.933333,8.745000,0.000000,0.858385
130,12.066667,6.800000,8.747000,0.000000,0.867372
131,12.066667,6.866667,8.780333,0.000000,0.864236
132,12.066667,6.900000,8.708667,0.000000,0.847072
133,12.066667,6.900000,8.751333,0.000000,0.860433
134,12.066667,6.966667,8.745667,0.000000,0.865571
135,12.066667,6.900000,8.752667,0.000000,0.865865
136,12.066667,6.966667,8.753667,0.000000,0.849117
137,12.066667,6.933333,8.735667,0.000000,0.866845
138,12.066667,6.966667,8.733000,0.000000,0.852518
139,12.066667,6.833333,8.722667,0.000000,0.868559
140,12.066667,6.933333,8.740667,0.000000,0.859182
141,12.066667,6.700000,8.726333,0.000000,0.870164
142,12.066667,6.700000,8.731333,0.000000,0.870272
143,12.066667,6.900000,8.712667,0.000000,0.856130
144,12.066667,6.866667,8.734333,0.000000,0.882187
145,12.066667,6.933333,8.736000,0.000000,0.866464
146,12.066667,6.800000,8.719333,0.000000,0.873054
147,12.100000,6.966667,8.736333,0.000000,0.849862
148,12.100000,6.833333,8.720667,0.000000,0.860787
149,12.100000,6.866667,8.743333,0.000000,0.849843
150,12.100000,6.966667,8.747667,0.000000,0.880181
151,12.100000,6.933333,8.751333,0.000000,0.880281
152,12.100000,6.900000,8.739667,0.000000,0.856886
153,12.100000,6.866667,8.731000,0.000000,0.867129
154,12.100000,6.966667,8.752000,0.000000,0.863976
155,12.100000,6.933333,8.734333,0.000000,0.879979
156,12.100000,7.000000,8.743667,0.000000,0.870125
157,12.100000,6.800000,8.695667,0.000000,0.857843
158,12.100000,6.800000,8.716333,0.000000,0.876118
159,12.100000,6.833333,8.721333,0.000000,0.856035
160,12.100000,6.900000,8.732333,0.000000,0.843578
161,12.100000,6.900000,8.742000,0.000000,0.859467
162,12.100000,6.933333,8.744333,0.000000,0.842312
163,12.100000,6.800000,8.714333,0.000000,0.863542
164,12.100000,6.900000,8.749000,0.000000,0.878779
165,12.100000,6.933333,8.746333,0.000000,0.874534
166,12.100000,6.900000,8.724333,0.000000,0.862813
167,12.100000,6.800000,8.699000,0.000000,0.869025
168,12.100000,6.900000,8.720667,0.000000,0.872163
169,12.100000,6.933333,8.728667,0.000000,0.865947
170,12.100000,6.966667,8.732333,0.000000,0.859712
171,12.100000,6.833333,8.724000,0.000000,0.882009
172,12.100000,6.900000,8.744667,0.000000,0.875978
173,12.100000,6.866667,8.730333,0.000000,0.880390
174,12.100000,6.833333,8.756000,0.000000,0.864857
175,12.100000,6.866667,8.763667,0.000000,0.879764
176,12.100000,6.833333,8.742333,0.000000,0.863275
177,12.100000,6.866667,8.733333,0.000000,0.850351
178,12.100000,6.866667,8.749667,0.000000,0.853250
179,12.100000,6.866667,8.727667,0.000000,0.864555
180,12.100000,6.766667,8.725000,0.000000,0.854361
181,12.100000,6.833333,8.724667,0.033333,0.866777
182,12.100000,6.866667,8.731667,0.000000,0.873779
183,12.100000,6.800000,8.728667,0.000000,0.857831
184,12.100000,6.900000,8.723333,0.000000,0.876316
185,12.100000,6.900000,8.715333,0.000000,0.863027
186,12.100000,6.900000,8.731333,0.000000,0.853123
187,12.100000,6.900000,8.728667,0.000000,0.867043
188,12.100000,6.966667,8.725333,0.000000,0.874116
189,12.100000,6.933333,8.750000,0.000000,0.862419
190,12.133333,6.900000,8.745333,0.000000,0.871962
191,12.133333,6.833333,8.758667,0.000000,0.879342
192,12.133333,6.933333,8.732000,0.000000,0.859662
193,12.133333,6.866667,8.716667,0.000000,0.857642
194,12.133333,6.900000,8.723000,0.000000,0.889540
195,12.133333,6.933333,8.738000,0.000000,0.864610
196,12.133333,6.833333,8.721000,0.000000,0.879180
197,12.133333,6.933333,8.726667,0.000000,0.854997
198,12.133333,6.933333,8.725333,0.000000,0.836379
199,12.133333,6.833333,8.726000,0.000000,0.852711
200,12.133333,6.933333,8.708667,0.000000,0.865341
201,12.133333,6.900000,8.731000,0.000000,0.849292
202,12.133333,6.900000,8.736667,0.000000,0.856863
203,12.166667,6.900000,8.703333,0.000000,0.870343
204,12.166667,6.933333,8.716333,0.000000,0.856106
205,12.166667,6.933333,8.713000,0.000000,0.874051
206,12.166667,6.866667,8.753333,0.000000,0.875479
207,12.166667,6.966667,8.754333,0.000000,0.859697
208,12.200000,6.866667,8.742667,0.000000,0.872861
209,12.200000,6.933333,8.729667,0.000000,0.863299
210,12.200000,6.866667,8.770000,0.000000,0.870346
211,12.200000,6.933333,8.728667,0.000000,0.863425
212,12.200000,6.900000,8.703333,0.000000,0.875301
213,12.200000,6.933333,8.746000,0.000000,0.878510
214,12.200000,6.866667,8.734000,0.000000,0.866100
215,12.200000,6.700000,8.711667,0.000000,0.871166
216,12.200000,6.866667,8.752667,0.000000,0.859424
217,12.200000,6.933333,8.723000,0.000000,0.843987
218,12.200000,6.833333,8.766667,0.000000,0.872346
219,12.200000,6.833333,8.749667,0.000000,0.866339
220,12.200000,6.933333,8.730000,0.000000,0.844215
221,12.200000,6.800000,8.747333,0.000000,0.877263
222,12.233333,6.866667,8.731667,0.000000,0.866342
223,12.233333,6.933333,8.741000,0.000000,0.859025
224,12.266667,6.933333,8.731667,0.000000,0.865505
225,12.266667,6.933333,8.743333,0.000000,0.854745
226,12.266667,6.933333,8.712000,0.000000,0.860977
227,12.266667,6.900000,8.721000,0.000000,0.864009
228,12.266667,6.766667,8.730333,0.000000,0.871526
229,12.266667,6.900000,8.728000,0.000000,0.849617
230,12.266667,6.900000,8.712000,0.000000,0.858407
231,12.266667,6.800000,8.730000,0.000000,0.880397
232,12.266667,6.933333,8.740000,0.000000,0.865607
233,12.266667,6.833333,8.743000,0.000000,0.866348
234,12.266667,6.933333,8.756333,0.000000,0.868472
235,12.266667,6.866667,8.743333,0.000000,0.865941
236,12.266667,6.800000,8.741667,0.000000,0.894066
237,12.266667,6.866667,8.757667,0.000000,0.837579
238,12.266667,6.833333,8.743000,0.000000,0.864122
239,12.266667,6.900000,8.727333,0.000000,0.867759
240,12.266667,6.933333,8.722000,0.000000,0.880228
241,12.266667,6.833333,8.731667,0.000000,0.875701
242,12.266667,6.966667,8.713667,0.000000,0.867466
243,12.266667,6.966667,8.726333,0.000000,0.868935
244,12.266667,6.966667,8.706667,0.000000,0.852156
245,12.266667,6.900000,8.728333,0.000000,0.869070
246,12.266667,6.800000,8.732000,0.000000,0.887638
247,12.266667,6.900000,8.751000,0.000000,0.874700
248,12.266667,6.933333,8.732333,0.000000,0.881487
249,12.266667,6.900000,8.729000,0.000000,0.866320
250,12.266667,6.966667,8.717000,0.000000,0.855554
251,12.266667,6.833333,8.720333,0.000000,0.856034
252,12.266667,6.966667,8.728667,0.000000,0.847482
253,12.266667,7.000000,8.734333,0.000000,0.862401
254,12.266667,6.933333,8.749667,0.000000,0.855268
255,12.266667,6.833333,8.746333,0.000000,0.875439
256,12.266667,6.866667,8.741333,0.000000,0.856475
257,12.266667,6.933333,8.709000,0.000000,0.858050
258,12.266667,6.866667,8.727333,0.000000,0.872030
259,12.266667,6.966667,8.725333,0.000000,0.874120
260,12.300000,6.766667,8.739000,0.000000,0.891042
261,12.333333,6.966667,8.718667,0.000000,0.865709
262,12.333333,6.933333,8.711667,0.000000,0.864459
263,12.333333,6.833333,8.731667,0.000000,0.859714
264,12.333333,6.900000,8.723000,0.000000,0.860517
265,12.333333,6.866667,8.728667,0.000000,0.873960
266,12.333333,6.900000,8.767000,0.000000,0.869918
267,12.333333,6.933333,8.733000,0.000000,0.861363
268,12.333333,6.866667,8.735000,0.000000,0.863363
269,12.333333,6.800000,8.730667,0.000000,0.848987
270,12.333333,6.966667,8.699000,0.000000,0.839801
271,12.333333,6.833333,8.760333,0.000000,0.858613
272,12.333333,6.900000,8.740000,0.000000,0.859946
273,12.333333,6.900000,8.726000,0.000000,0.868491
274,12.366667,6.900000,8.739667,0.000000,0.873832
275,12.366667,6.966667,8.733000,0.000000,0.879437
276,12.366667,6.966667,8.731333,0.000000,0.876932
277,12.366667,6.800000,8.735000,0.000000,0.860209
278,12.366667,6.933333,8.744667,0.000000,0.859550
279,12.366667,6.866667,8.739000,0.000000,0.855167
280,12.366667,6.933333,8.730333,0.000000,0.868090
281,12.366667,6.866667,8.713667,0.000000,0.866164
282,12.366667,6.866667,8.754667,0.000000,0.878278
283,12.366667,6.933333,8.763000,0.000000,0.869359
284,12.366667,6.933333,8.727667,0.000000,0.863708
285,12.366667,6.900000,8.730667,0.000000,0.867959
286,12.366667,6.866667,8.726667,0.000000,0.865563
287,12.366667,6.900000,8.742000,0.000000,0.880397
288,12.366667,6.866667,8.727333,0.000000,0.872392
289,12.366667,6.833333,8.727000,0.000000,0.867187
290,12.366667,6.966667,8.745000,0.000000,0.868938
291,12.366667,6.966667,8.746000,0.000000,0.868407
292,12.366667,6.800000,8.739000,0.000000,0.884670
293,12.366667,6.966667,8.751000,0.000000,0.886635
294,12.366667,6.966667,8.754333,0.000000,0.869402
295,12.366667,6.900000,8.714333,0.000000,0.869070
296,12.366667,6.933333,8.761667,0.000000,0.860797
297,12.366667,6.866667,8.743000,0.000000,0.870720
298,12.366667,6.866667,8.724333,0.000000,0.852038
299,12.366667,6.900000,8.732333,0.000000,0.853565
300,12.366667,6.900000,8.724000,0.000000,0.864714
301,12.366667,6.866667,8.727667,0.000000,0.873228
302,12.366667,6.866667,8.740000,0.000000,0.875199
303,12.366667,6.866667,8.709333,0.000000,0.856256
304,12.366667,6.833333,8.724000,0.000000,0.873962
305,12.366667,6.933333,8.722667,0.000000,0.857845
306,12.366667,6.933333,8.721667,0.000000,0.882005
307,12.366667,6.966667,8.745333,0.000000,0.847655
308,12.366667,6.800000,8.723333,0.000000,0.870227
309,12.366667,6.800000,8.746333,0.000000,0.875122
310,12.366667,6.900000,8.706333,0.000000,0.886512
311,12.366667,6.933333,8.726667,0.000000,0.847223
312,12.366667,6.766667,8.751667,0.000000,0.885526
313,12.366667,6.900000,8.716333,0.000000,0.879028
314,12.366667,6.766667,8.707667,0.000000,0.883724
315,12.366667,6.933333,8.757333,0.000000,0.878077
316,12.366667,6.966667,8.724333,0.000000,0.854371
317,12.366667,6.900000,8.741667,0.000000,0.863135
318,12.366667,6.900000,8.731000,0.000000,0.864077
319,12.366667,6.833333,8.754667,0.000000,0.846085
320,12.366667,6.933333,8.739667,0.000000,0.858098
321,12.366667,6.833333,8.727333,0.000000,0.861783
322,12.366667,6.966667,8.722000,0.000000,0.857264
323,12.366667,6.933333,8.714000,0.000000,0.848841
324,12.366667,6.833333,8.749667,0.000000,0.857006
325,12.366667,6.800000,8.709667,0.000000,0.887262
326,12.366667,6.833333,8.721667,0.000000,0.860895
327,12.366667,6.966667,8.717000,0.000000,0.862724
328,12.366667,6.866667,8.731000,0.000000,0.874919
329,12.366667,6.833333,8.737333,0.000000,0.863609
330,12.366667,6.833333,8.744667,0.000000,0.863987
331,12.366667,6.833333,8.747667,0.000000,0.850973
332,12.366667,6.933333,8.753000,0.000000,0.849282
333,12.366667,6.900000,8.715000,0.000000,0.873825
334,12.366667,6.833333,8.723333,0.000000,0.862230
335,12.366667,6.900000,8.733333,0.000000,0.854157
336,12.366667,6.900000,8.716000,0.000000,0.864226
337,12.366667,6.866667,8.741333,0.000000,0.881322
338,12.366667,6.933333,8.741333,0.000000,0.868443
339,12.366667,6.900000,8.737333,0.000000,0.847629
340,12.366667,6.933333,8.737000,0.000000,0.864368
341,12.366667,6.866667,8.714667,0.000000,0.872299
342,12.366667,6.933333,8.709000,0.000000,0.861646
343,12.400000,6.766667,8.714667,0.000000,0.880229
344,12.400000,6.900000,8.738333,0.000000,0.872659
345,12.400000,6.866667,8.733667,0.000000,0.861341
346,12.400000,6.900000,8.737000,0.000000,0.876895
347,12.400000,6.933333,8.741667,0.000000,0.867647
348,12.400000,6.933333,8.741667,0.000000,0.874920
349,12.400000,6.866667,8.713000,0.000000,0.865296
350,12.400000,6.900000,8.720000,0.000000,0.873246
351,12.400000,6.900000,8.735000,0.000000,0.880945
352,12.400000,6.933333,8.747000,0.000000,0.865968
353,12.400000,6.866667,8.716667,0.000000,0.851150
354,12.400000,6.933333,8.709333,0.000000,0.879107
355,12.400000,6.866667,8.727000,0.000000,0.862875
356,12.400000,6.933333,8.734667,0.000000,0.871323
357,12.400000,6.833333,8.741000,0.000000,0.858636
358,12.400000,6.966667,8.762667,0.000000,0.864911
359,12.400000,6.900000,8.726667,0.000000,0.860165
360,12.400000,6.900000,8.724000,0.000000,0.868617
361,12.400000,7.000000,8.743000,0.000000,0.863738
362,12.400000,7.000000,8.745667,0.000000,0.865205
363,12.433333,6.866667,8.755000,0.000000,0.876972
364,12.433333,6.900000,8.774000,0.000000,0.885226
365,12.433333,6.866667,8.738667,0.000000,0.877764
366,12.433333,6.900000,8.742333,0.000000,0.877642
367,12.433333,6.900000,8.717000,0.000000,0.860717
368,12.433333,6.900000,8.707000,0.000000,0.846818
369,12.433333,6.833333,8.754333,0.000000,0.860716
370,12.433333,6.966667,8.744667,0.000000,0.867073
371,12.433333,6.900000,8.754000,0.000000,0.880736
372,12.433333,6.933333,8.698000,0.000000,0.862221
373,12.433333,6.933333,8.718667,0.000000,0.860039
374,12.433333,6.900000,8.763000,0.000000,0.873883
375,12.433333,6.933333,8.713667,0.000000,0.868175
376,12.433333,6.800000,8.735333,0.000000,0.874066
377,12.433333,6.800000,8.737667,0.000000,0.863274
378,12.433333,6.900000,8.700000,0.000000,0.849778
379,12.433333,6.900000,8.723000,0.000000,0.861022
380,12.433333,6.933333,8.742667,0.000000,0.876670
381,12.433333,6.933333,8.739000,0.000000,0.876195
382,12.466667,6.900000,8.711333,0.000000,0.868280
383,12.466667,6.933333,8.725333,0.000000,0.868028
384,12.466667,6.966667,8.736333,0.000000,0.872909
385,12.466667,6.866667,8.757000,0.000000,0.876467
386,12.466667,6.900000,8.722333,0.000000,0.875221
387,12.466667,6.933333,8.739667,0.000000,0.863473
388,12.466667,6.866667,8.734667,0.000000,0.881416
389,12.466667,6.933333,8.764000,0.000000,0.865468
390,12.466667,6.900000,8.738333,0.000000,0.879098
391,12.466667,6.733333,8.723667,0.000000,0.864735
392,12.466667,6.933333,8.740000,0.000000,0.874028
393,12.466667,6.933333,8.745667,0.000000,0.847885
394,12.466667,6.900000,8.728667,0.000000,0.871793
395,12.466667,6.833333,8.735333,0.000000,0.869245
396,12.466667,6.866667,8.742000,0.000000,0.859527
397,12.466667,6.933333,8.750667,0.000000,0.873522
398,12.466667,6.966667,8.732667,0.000000,0.869896
399,12.466667,6.833333,8.728333,0.000000,0.863577
400,12.466667,6.833333,8.733000,0.000000,0.857858
401,12.466667,6.866667,8.767333,0.000000,0.871424
402,12.466667,6.966667,8.743000,0.000000,0.867432
403,12.466667,6.866667,8.727667,0.000000,0.867611
404,12.466667,6.933333,8.735000,0.000000,0.864905
405,12.466667,6.800000,8.692333,0.000000,0.884500
406,12.466667,7.000000,8.760333,0.000000,0.874114
407,12.466667,6.966667,8.727333,0.000000,0.842025
408,12.466667,6.966667,8.722333,0.000000,0.867128
409,12.500000,6.833333,8.754667,0.000000,0.893893
410,12.500000,6.833333,8.724667,0.000000,0.865155
411,12.500000,6.800000,8.727667,0.000000,0.893743
412,12.500000,6.966667,8.748667,0.000000,0.867532
413,12.500000,6.933333,8.761667,0.000000,0.861875
414,12.500000,6.966667,8.772333,0.000000,0.853705
415,12.500000,6.800000,8.714333,0.000000,0.883598
416,12.500000,6.933333,8.730667,0.000000,0.876569
417,12.500000,6.766667,8.702667,0.000000,0.886088
418,12.500000,6.933333,8.722000,0.000000,0.865519
419,12.500000,6.866667,8.717667,0.000000,0.866047
420,12.500000,6.866667,8.725333,0.000000,0.870119
421,12.500000,6.900000,8.708000,0.000000,0.869116
422,12.500000,6.866667,8.705000,0.000000,0.896419
423,12.500000,6.866667,8.735667,0.000000,0.875468
424,12.500000,6.933333,8.744333,0.000000,0.872953
425,12.500000,6.900000,8.749000,0.000000,0.858701
426,12.500000,6.933333,8.740667,0.000000,0.852874
427,12.500000,6.933333,8.741333,0.000000,0.839762
428,12.500000,6.866667,8.750000,0.000000,0.849261
429,12.500000,6.866667,8.734000,0.000000,0.867204
430,12.533333,6.966667,8.729333,0.000000,0.863773
431,12.533333,6.900000,8.721333,0.000000,0.862349
432,12.533333,6.800000,8.714667,0.000000,0.866657
433,12.533333,6.833333,8.713333,0.000000,0.891355
434,12.533333,6.933333,8.712667,0.000000,0.873476
435,12.533333,6.900000,8.760333,0.000000,0.880175
436,12.533333,6.833333,8.750000,0.000000,0.883571
437,12.533333,6.900000,8.750333,0.000000,0.867394
438,12.533333,6.833333,8.707000,0.000000,0.863502
439,12.533333,6.966667,8.728667,0.000000,0.851526
440,12.533333,6.900000,8.731000,0.000000,0.857083
441,12.533333,6.900000,8.732000,0.000000,0.871617
442,12.533333,6.900000,8.729667,0.000000,0.876356
443,12.533333,6.933333,8.713667,0.000000,0.867907
444,12.533333,6.933333,8.757000,0.000000,0.870201
445,12.533333,6.866667,8.696667,0.000000,0.847767
446,12.533333,6.833333,8.719333,0.000000,0.874359
447,12.533333,6.900000,8.748000,0.000000,0.860423
448,12.533333,7.000000,8.746000,0.000000,0.872039
449,12.533333,6.933333,8.730000,0.000000,0.870500
450,12.533333,6.700000,8.696333,0.000000,0.859909
451,12.533333,6.933333,8.709000,0.000000,0.846981
452,12.533333,6.866667,8.739667,0.000000,0.864283
453,12.533333,7.000000,8.751000,0.000000,0.878217
454,12.533333,6.966667,8.740000,0.000000,0.878338
455,12.533333,6.900000,8.768000,0.000000,0.862770
456,12.533333,6.900000,8.744000,0.000000,0.852987
457,12.533333,6.933333,8.731667,0.000000,0.874206
458,12.533333,6.933333,8.747000,0.000000,0.887873
459,12.533333,6.866667,8.723000,0.000000,0.846505
460,12.533333,6.900000,8.726667,0.000000,0.876121
461,12.533333,6.866667,8.724333,0.000000,0.879065
462,12.533333,6.900000,8.731000,0.000000,0.851677
463,12.533333,6.866667,8.705000,0.000000,0.861115
464,12.533333,6.833333,8.704667,0.000000,0.878795
465,12.533333,6.900000,8.726333,0.000000,0.887102
466,12.533333,6.833333,8.712667,0.000000,0.880972
467,12.533333,6.933333,8.742000,0.000000,0.850964
468,12.533333,6.900000,8.716667,0.000000,0.862955
469,12.533333,6.866667,8.701333,0.000000,0.863865
470,12.533333,6.933333,8.722333,0.000000,0.855693
471,12.533333,6.933333,8.749000,0.000000,0.849520
472,12.533333,6.933333,8.720333,0.000000,0.850926
473,12.533333,6.800000,8.729333,0.000000,0.873280
474,12.533333,6.933333,8.701667,0.000000,0.847520
475,12.533333,6.900000,8.741333,0.000000,0.889984
476,12.533333,6.866667,8.733000,0.000000,0.868881
477,12.533333,6.833333,8.716667,0.000000,0.888326
478,12.533333,6.900000,8.731333,0.000000,0.856730
479,12.533333,6.900000,8.757000,0.000000,0.883306
480,12.533333,6.866667,8.728667,0.000000,0.879722
481,12.533333,6.800000,8.723000,0.000000,0.864651
482,12.533333,6.900000,8.703000,0.000000,0.868410
483,12.533333,7.000000,8.752667,0.000000,0.832018
484,12.533333,6.900000,8.738000,0.000000,0.883946
485,12.533333,6.900000,8.725333,0.000000,0.864093
486,12.533333,6.933333,8.746000,0.000000,0.868484
487,12.533333,6.966667,8.728333,0.000000,0.871666
488,12.533333,6.833333,8.748667,0.000000,0.876281
489,12.533333,6.933333,8.748333,0.000000,0.848094
490,12.533333,6.933333,8.738667,0.000000,0.865044
491,12.533333,6.966667,8.743333,0.000000,0.843824
492,12.533333,6.900000,8.730000,0.000000,0.861060
493,12.533333,6.933333,8.738000,0.000000,0.872710
494,12.533333,6.966667,8.753667,0.000000,0.880743
495,12.533333,6.833333,8.763333,0.000000,0.872297
496,12.533333,6.866667,8.726333,0.000000,0.878731
497,12.533333,6.866667,8.738667,0.000000,0.855579
498,12.533333,6.933333,8.723667,0.000000,0.875778
499,12.533333,6.966667,8.740667,0.000000,0.844089
500,12.533333,6.900000,8.733000,0.000000,0.851992
BestSdev: 0.230979, Time: 17m37.372359806s