gen,best,worst,mean,rep,sdev
1,10.933333,6.866667,8.720333,0.000000,0.871417
2,11.033333,6.866667,8.732000,0.000000,0.859750
3,11.166667,6.900000,8.718333,0.000000,0.866677
4,11.266667,6.866667,8.726000,0.000000,0.864997
5,11.400000,6.933333,8.748333,0.000000,0.857845
6,11.466667,6.800000,8.749000,0.000000,0.875970
7,11.466667,6.933333,8.749000,0.000000,0.849450
8,11.500000,6.933333,8.721667,0.000000,0.860940
9,11.566667,6.900000,8.737333,0.000000,0.855830
10,11.566667,6.933333,8.750000,0.000000,0.867318
11,11.600000,6.866667,8.705000,0.000000,0.851896
12,11.666667,6.900000,8.726667,0.000000,0.857669
13,11.666667,6.966667,8.733667,0.000000,0.848586
14,11.733333,6.866667,8.731000,0.000000,0.870996
15,11.766667,6.933333,8.767333,0.000000,0.872539
16,11.833333,6.966667,8.746000,0.000000,0.863562
17,11.866667,6.866667,8.749333,0.000000,0.869974
18,11.866667,6.966667,8.753333,0.000000,0.860411
19,11.900000,6.900000,8.732667,0.000000,0.868776
20,11.900000,6.800000,8.754333,0.000000,0.894815
21,11.933333,6.833333,8.714000,0.000000,0.845670
22,12.000000,6.933333,8.734000,0.000000,0.858582
23,12.000000,6.933333,8.729667,0.000000,0.842520
24,12.000000,6.900000,8.741000,0.000000,0.874021
25,12.000000,6.866667,8.705667,0.000000,0.858922
26,12.000000,6.866667,8.767000,0.000000,0.872305
27,12.000000,6.933333,8.733667,0.000000,0.853621
28,12.000000,6.933333,8.705000,0.000000,0.845143
29,12.033333,6.900000,8.748333,0.000000,0.860289
30,12.033333,6.800000,8.718000,0.000000,0.873619
31,12.033333,6.800000,8.718000,0.000000,0.879824
32,12.033333,6.833333,8.747333,0.000000,0.873359
33,12.033333,6.933333,8.728000,0.000000,0.889474
34,12.033333,6.966667,8.740000,0.000000,0.848789
35,12.066667,7.000000,8.715000,0.000000,0.866063
36,12.066667,6.866667,8.721000,0.000000,0.868652
37,12.066667,6.933333,8.723000,0.000000,0.864934
38,12.066667,6.866667,8.743333,0.000000,0.852599
39,12.066667,6.966667,8.729667,0.000000,0.875999
40,12.066667,6.900000,8.712000,0.000000,0.866219
41,12.066667,6.833333,8.724667,0.000000,0.880214
42,12.066667,6.866667,8.773000,0.000000,0.857353
43,12.066667,6.900000,8.761333,0.000000,0.875758
44,12.066667,6.933333,8.725667,0.000000,0.876156
45,12.066667,6.966667,8.732667,0.000000,0.859173
46,12.100000,6.833333,8.743333,0.000000,0.871159
47,12.100000,6.900000,8.738000,0.000000,0.872680
48,12.100000,6.933333,8.739667,0.000000,0.855316
49,12.100000,7.000000,8.736333,0.000000,0.849836
50,12.133333,6.933333,8.738333,0.000000,0.866824
51,12.133333,6.966667,8.742000,0.000000,0.860871
52,12.133333,6.866667,8.732667,0.000000,0.869564
53,12.133333,6.900000,8.733000,0.000000,0.868539
54,12.133333,6.900000,8.728667,0.000000,0.870287
55,12.133333,6.966667,8.739000,0.000000,0.854543
56,12.133333,6.866667,8.744333,0.000000,0.863045
57,12.133333,6.900000,8.716000,0.000000,0.874161
58,12.133333,6.900000,8.743000,0.000000,0.874583
59,12.133333,6.900000,8.726000,0.000000,0.869937
60,12.133333,6.866667,8.719000,0.000000,0.861942
61,12.133333,6.900000,8.706000,0.000000,0.866320
62,12.133333,6.833333,8.730667,0.000000,0.871256
63,12.133333,6.933333,8.713000,0.000000,0.852807
64,12.133333,6.933333,8.727000,0.000000,0.885461
65,12.133333,6.900000,8.738667,0.000000,0.855382
66,12.133333,6.733333,8.731000,0.000000,0.898279
67,12.133333,6.900000,8.707000,0.000000,0.857614
68,12.133333,6.933333,8.755000,0.000000,0.878907
69,12.133333,6.966667,8.721667,0.000000,0.862116
70,12.133333,6.900000,8.704667,0.000000,0.846405
71,12.133333,6.933333,8.761000,0.000000,0.874919
72,12.133333,6.933333,8.734667,0.000000,0.882463
73,12.133333,6.866667,8.749667,0.000000,0.877247
74,12.133333,6.900000,8.715667,0.000000,0.880178
75,12.133333,6.800000,8.722333,0.000000,0.869104
76,12.166667,6.933333,8.755333,0.000000,0.872321
77,12.166667,6.866667,8.749667,0.000000,0.867482
78,12.166667,6.966667,8.726333,0.000000,0.857281
79,12.166667,6.933333,8.766333,0.000000,0.867449
80,12.166667,6.933333,8.742333,0.000000,0.875776
81,12.166667,6.833333,8.764000,0.000000,0.875855
82,12.166667,6.866667,8.730333,0.000000,0.866386
83,12.166667,6.866667,8.728667,0.000000,0.873685
84,12.166667,6.933333,8.736333,0.000000,0.860993
85,12.166667,6.800000,8.728000,0.000000,0.860266
86,12.166667,6.900000,8.737667,0.000000,0.867789
87,12.166667,6.933333,8.719000,0.000000,0.870696
88,12.166667,6.900000,8.745667,0.000000,0.870745
89,12.166667,6.933333,8.736667,0.000000,0.872554
90,12.166667,6.933333,8.743667,0.000000,0.869600
91,12.166667,6.800000,8.771667,0.000000,0.897503
92,12.166667,6.866667,8.739000,0.000000,0.855229
93,12.166667,6.900000,8.715333,0.000000,0.876978
94,12.166667,6.933333,8.737333,0.000000,0.881223
95,12.166667,6.866667,8.737667,0.000000,0.864511
96,12.166667,6.933333,8.747333,0.000000,0.856268
97,12.166667,6.933333,8.757667,0.000000,0.866111
98,12.166667,6.866667,8.737667,0.000000,0.864503
99,12.166667,6.900000,8.720667,0.000000,0.864911
100,12.166667,6.966667,8.732667,0.000000,0.842877
101,12.166667,6.900000,8.724333,0.000000,0.858672
102,12.166667,6.866667,8.744667,0.000000,0.865118
103,12.166667,7.000000,8.736667,0.000000,0.865100
104,12.166667,6.866667,8.709000,0.000000,0.848640
105,12.166667,6.900000,8.723667,0.000000,0.857815
106,12.166667,6.800000,8.734333,0.000000,0.884898
107,12.200000,6.933333,8.725000,0.000000,0.860949
108,12.200000,6.900000,8.767000,0.000000,0.870565
109,12.200000,6.966667,8.712333,0.000000,0.854501
110,12.200000,7.000000,8.743000,0.000000,0.884295
111,12.200000,6.933333,8.734333,0.000000,0.840442
112,12.200000,6.833333,8.730333,0.000000,0.858826
113,12.200000,6.933333,8.731000,0.000000,0.872659
114,12.200000,6.900000,8.738667,0.000000,0.877027
115,12.200000,6.866667,8.754667,0.000000,0.874963
116,12.200000,6.866667,8.741667,0.000000,0.894301
117,12.200000,6.833333,8.772000,0.000000,0.864045
118,12.233333,6.800000,8.740667,0.000000,0.889619
119,12.233333,6.866667,8.683667,0.000000,0.862803
120,12.233333,6.900000,8.716667,0.000000,0.870288
121,12.233333,6.933333,8.715000,0.000000,0.870110
122,12.233333,6.933333,8.710667,0.000000,0.859294
123,12.233333,6.933333,8.746333,0.000000,0.857091
124,12.233333,6.833333,8.718667,0.000000,0.891133
125,12.233333,6.866667,8.725000,0.000000,0.868232
126,12.233333,6.933333,8.753000,0.000000,0.872422
127,12.233333,6.833333,8.774333,0.000000,0.862295
128,12.233333,6.866667,8.740667,0.000000,0.862559
129,12.233333,6.833333,8.725333,0.000000,0.874388
130,12.233333,7.000000,8.746333,0.000000,0.860004
131,12.233333,6.933333,8.751333,0.000000,0.871050
132,12.266667,6.933333,8.730000,0.000000,0.883591
133,12.266667,6.833333,8.745333,0.000000,0.855666
134,12.266667,6.933333,8.724000,0.000000,0.868222
135,12.266667,6.866667,8.718667,0.000000,0.874223
136,12.266667,6.933333,8.709667,0.000000,0.857993
137,12.266667,6.833333,8.746000,0.000000,0.848099
138,12.266667,6.866667,8.706667,0.000000,0.859803
139,12.266667,6.866667,8.751333,0.000000,0.870796
140,12.266667,6.966667,8.761000,0.000000,0.847382
141,12.266667,6.900000,8.730667,0.000000,0.843958
142,12.266667,6.933333,8.742000,0.000000,0.863230
143,12.266667,6.933333,8.736667,0.000000,0.875988
144,12.266667,6.833333,8.733000,0.000000,0.863479
145,12.266667,6.866667,8.736000,0.000000,0.877692
146,12.266667,6.866667,8.746000,0.000000,0.865437
147,12.266667,6.900000,8.727667,0.000000,0.852022
148,12.266667,6.966667,8.712667,0.000000,0.851998
149,12.266667,6.966667,8.731000,0.000000,0.868595
150,12.266667,6.966667,8.729667,0.000000,0.855874
151,12.266667,6.900000,8.730667,0.000000,0.877539
152,12.266667,7.000000,8.764000,0.000000,0.856201
153,12.266667,6.833333,8.731333,0.000000,0.871193
154,12.266667,6.766667,8.735333,0.000000,0.880291
155,12.300000,6.933333,8.720667,0.000000,0.862015
156,12.300000,6.866667,8.738000,0.000000,0.887836
157,12.300000,6.833333,8.716667,0.000000,0.870656
158,12.300000,6.933333,8.739667,0.000000,0.848421
159,12.300000,6.866667,8.733000,0.000000,0.874560
160,12.300000,6.800000,8.705333,0.000000,0.871991
161,12.300000,6.900000,8.753667,0.000000,0.864398
162,12.300000,6.866667,8.725000,0.000000,0.846634
163,12.300000,6.966667,8.720667,0.000000,0.855403
164,12.300000,6.900000,8.719333,0.000000,0.848449
165,12.300000,6.766667,8.717333,0.000000,0.862110
166,12.300000,6.933333,8.753000,0.000000,0.888988
167,12.300000,6.966667,8.747667,0.000000,0.846980
168,12.300000,6.800000,8.718333,0.000000,0.880853
169,12.300000,6.933333,8.723333,0.000000,0.854693
170,12.300000,6.933333,8.747333,0.000000,0.877093
171,12.300000,6.900000,8.743000,0.000000,0.870947
172,12.300000,6.966667,8.737000,0.000000,0.853923
173,12.300000,6.933333,8.702667,0.000000,0.863644
174,12.300000,6.900000,8.754000,0.000000,0.858947
175,12.300000,6.900000,8.737667,0.000000,0.856132
176,12.300000,6.900000,8.695000,0.000000,0.857845
177,12.300000,6.866667,8.759667,0.000000,0.886300
178,12.300000,6.900000,8.710000,0.000000,0.864366
179,12.300000,6.933333,8.732333,0.000000,0.865423
180,12.300000,6.900000,8.721000,0.000000,0.854364
181,12.300000,6.866667,8.767000,0.000000,0.867951
182,12.300000,6.866667,8.740667,0.000000,0.878396
183,12.300000,6.833333,8.733667,0.000000,0.869650
184,12.300000,6.900000,8.743667,0.000000,0.868299
185,12.300000,7.033333,8.736667,0.000000,0.864103
186,12.300000,6.866667,8.732667,0.000000,0.872090
187,12.300000,6.866667,8.724000,0.000000,0.864473
188,12.300000,6.833333,8.737333,0.000000,0.851633
189,12.300000,6.933333,8.743333,0.000000,0.859101
190,12.300000,6.933333,8.743333,0.000000,0.853333
191,12.300000,6.866667,8.744000,0.000000,0.865418
192,12.300000,6.900000,8.736333,0.000000,0.860291
193,12.300000,6.833333,8.734333,0.000000,0.877784
194,12.300000,6.933333,8.766000,0.000000,0.876604
195,12.300000,6.900000,8.725000,0.000000,0.872589
196,12.300000,6.933333,8.742000,0.000000,0.858036
197,12.300000,6.900000,8.737333,0.000000,0.866618
198,12.300000,6.866667,8.738333,0.000000,0.862714
199,12.300000,6.900000,8.754667,0.000000,0.887707
200,12.300000,6.900000,8.741667,0.000000,0.855890
201,12.300000,6.866667,8.707667,0.000000,0.869407
202,12.300000,6.933333,8.744333,0.000000,0.868878
203,12.300000,6.933333,8.738333,0.000000,0.864266
204,12.300000,6.833333,8.744000,0.000000,0.886861
205,12.300000,6.900000,8.725000,0.000000,0.856562
206,12.300000,6.800000,8.760667,0.000000,0.865689
207,12.300000,6.900000,8.715000,0.000000,0.887107
208,12.300000,6.933333,8.745333,0.000000,0.864767
209,12.300000,6.900000,8.764333,0.000000,0.868020
210,12.300000,6.800000,8.721667,0.000000,0.882654
211,12.300000,6.833333,8.748333,0.000000,0.862490
212,12.300000,6.966667,8.736000,0.000000,0.871459
213,12.300000,6.933333,8.730000,0.000000,0.884068
214,12.300000,6.900000,8.759667,0.000000,0.856976
215,12.300000,6.966667,8.717000,0.000000,0.876307
216,12.300000,6.833333,8.715333,0.000000,0.837049
217,12.300000,6.900000,8.739000,0.000000,0.867223
218,12.300000,6.866667,8.730667,0.000000,0.866112
219,12.300000,6.966667,8.735667,0.000000,0.858521
220,12.300000,6.766667,8.773667,0.000000,0.882332
221,12.300000,6.933333,8.726667,0.000000,0.858935
222,12.300000,6.866667,8.736333,0.000000,0.873199
223,12.300000,6.933333,8.715667,0.000000,0.833654
224,12.300000,6.900000,8.717667,0.000000,0.895048
225,12.300000,6.933333,8.759667,0.000000,0.857300
226,12.300000,6.833333,8.740333,0.000000,0.872306
227,12.300000,6.833333,8.721000,0.000000,0.859035
228,12.300000,6.966667,8.739333,0.000000,0.883489
229,12.300000,6.833333,8.724333,0.000000,0.867145
230,12.300000,6.900000,8.734000,0.000000,0.868867
231,12.300000,6.933333,8.752667,0.000000,0.897036
232,12.300000,6.900000,8.725000,0.000000,0.863188
233,12.300000,6.933333,8.709000,0.000000,0.860447
234,12.300000,6.866667,8.730000,0.000000,0.890146
235,12.300000,6.900000,8.715000,0.000000,0.861178
236,12.300000,6.933333,8.721667,0.000000,0.854033
237,12.300000,6.866667,8.751667,0.000000,0.858512
238,12.300000,6.966667,8.727667,0.000000,0.855563
239,12.300000,6.833333,8.723000,0.000000,0.873678
240,12.300000,6.900000,8.720000,0.000000,0.846415
241,12.300000,6.866667,8.709000,0.000000,0.855102
242,12.300000,6.933333,8.730667,0.000000,0.858798
243,12.300000,6.866667,8.764000,0.000000,0.883196
244,12.300000,6.900000,8.760667,0.000000,0.855242
245,12.300000,6.866667,8.731667,0.000000,0.861939
246,12.300000,7.000000,8.724000,0.000000,0.868465
247,12.300000,6.833333,8.738667,0.000000,0.883816
248,12.300000,6.900000,8.714667,0.000000,0.855673
249,12.300000,6.900000,8.718333,0.000000,0.868289
250,12.300000,6.833333,8.718000,0.000000,0.870482
251,12.300000,6.933333,8.745333,0.000000,0.856107
252,12.300000,6.966667,8.709667,0.000000,0.849225
253,12.300000,6.933333,8.733667,0.000000,0.878388
254,12.300000,6.900000,8.740667,0.000000,0.859142
255,12.300000,6.966667,8.765667,0.000000,0.882692
256,12.300000,7.000000,8.739000,0.000000,0.856039
257,12.333333,6.833333,8.721667,0.000000,0.873903
258,12.333333,6.900000,8.726333,0.000000,0.864222
259,12.333333,6.900000,8.729667,0.000000,0.883166
260,12.333333,6.800000,8.692333,0.000000,0.887257
261,12.333333,6.900000,8.743333,0.000000,0.861184
262,12.333333,6.966667,8.721333,0.000000,0.856903
263,12.333333,7.000000,8.737000,0.000000,0.872385
264,12.333333,6.966667,8.736000,0.000000,0.869402
265,12.333333,6.966667,8.736667,0.000000,0.849891
266,12.333333,6.900000,8.749000,0.000000,0.869135
267,12.333333,6.966667,8.734000,0.000000,0.868510
268,12.333333,6.966667,8.771667,0.000000,0.858370
269,12.333333,6.866667,8.759333,0.000000,0.847621
270,12.333333,6.900000,8.753333,0.000000,0.866865
271,12.333333,6.900000,8.756333,0.000000,0.886319
272,12.366667,6.933333,8.740000,0.000000,0.861321
273,12.366667,6.800000,8.707333,0.000000,0.846375
274,12.366667,6.966667,8.749000,0.000000,0.868600
275,12.366667,6.866667,8.752333,0.000000,0.872600
276,12.366667,6.833333,8.734000,0.000000,0.841870
277,12.366667,6.933333,8.746333,0.000000,0.882123
278,12.366667,6.933333,8.745000,0.000000,0.858399
279,12.366667,6.800000,8.706333,0.000000,0.862693
280,12.366667,6.966667,8.759333,0.000000,0.851635
281,12.366667,6.900000,8.722000,0.000000,0.850191
282,12.366667,6.966667,8.736333,0.000000,0.853351
283,12.366667,6.966667,8.708667,0.000000,0.867097
284,12.366667,6.933333,8.726333,0.000000,0.856684
285,12.366667,6.800000,8.723333,0.000000,0.862255
286,12.366667,6.933333,8.734333,0.000000,0.864694
287,12.366667,6.866667,8.746667,0.000000,0.850453
288,12.366667,6.933333,8.701333,0.000000,0.853793
289,12.366667,6.866667,8.710000,0.000000,0.874649
290,12.366667,6.833333,8.747333,0.000000,0.862442
291,12.366667,6.933333,8.739333,0.000000,0.865543
292,12.366667,6.766667,8.740667,0.000000,0.872891
293,12.366667,6.966667,8.731333,0.000000,0.874624
294,12.366667,6.733333,8.772667,0.000000,0.864693
295,12.366667,6.833333,8.717667,0.000000,0.860795
296,12.366667,6.966667,8.740667,0.000000,0.874973
297,12.366667,6.966667,8.716333,0.000000,0.853846
298,12.366667,6.900000,8.728667,0.000000,0.860068
299,12.366667,6.966667,8.750667,0.000000,0.876711
300,12.366667,6.900000,8.716333,0.000000,0.884443
301,12.366667,6.900000,8.775667,0.000000,0.853479
302,12.366667,6.866667,8.709333,0.000000,0.879021
303,12.366667,6.966667,8.729333,0.000000,0.871750
304,12.366667,6.833333,8.712000,0.000000,0.860390
305,12.366667,6.900000,8.719667,0.000000,0.871826
306,12.366667,6.866667,8.730000,0.000000,0.868532
307,12.366667,6.966667,8.761667,0.000000,0.868825
308,12.366667,6.866667,8.727000,0.000000,0.857568
309,12.400000,6.866667,8.738333,0.000000,0.863676
310,12.400000,6.933333,8.710333,0.000000,0.866800
311,12.400000,6.866667,8.744667,0.000000,0.885128
312,12.400000,6.833333,8.741667,0.000000,0.883151
313,12.400000,6.833333,8.731000,0.000000,0.852160
314,12.400000,6.966667,8.717000,0.000000,0.866484
315,12.400000,6.866667,8.744333,0.000000,0.869157
316,12.400000,6.966667,8.721000,0.000000,0.849963
317,12.400000,6.833333,8.744333,0.000000,0.865451
318,12.400000,7.000000,8.747333,0.000000,0.862672
319,12.400000,6.866667,8.731333,0.000000,0.866626
320,12.433333,6.933333,8.742333,0.000000,0.862290
321,12.433333,6.866667,8.716333,0.000000,0.872493
322,12.433333,6.966667,8.715667,0.000000,0.851253
323,12.433333,6.866667,8.750000,0.000000,0.875452
324,12.433333,6.866667,8.732333,0.000000,0.867898
325,12.433333,6.966667,8.755333,0.000000,0.861238
326,12.433333,6.933333,8.750667,0.000000,0.870369
327,12.433333,6.766667,8.723333,0.000000,0.883764
328,12.433333,6.933333,8.740000,0.000000,0.858250
329,12.433333,6.900000,8.732000,0.000000,0.873142
330,12.433333,6.800000,8.745667,0.000000,0.857477
331,12.433333,7.000000,8.731667,0.000000,0.864522
332,12.433333,6.933333,8.740000,0.000000,0.866939
333,12.433333,6.966667,8.733667,0.000000,0.870924
334,12.433333,6.866667,8.715667,0.000000,0.862167
335,12.433333,6.866667,8.738667,0.000000,0.875568
336,12.433333,6.900000,8.748000,0.000000,0.878821
337,12.433333,6.866667,8.736000,0.000000,0.858388
338,12.433333,6.900000,8.726333,0.000000,0.863218
339,12.433333,6.900000,8.718333,0.000000,0.885416
340,12.433333,6.866667,8.738667,0.000000,0.871500
341,12.433333,6.866667,8.713667,0.000000,0.861187
342,12.433333,6.966667,8.755667,0.000000,0.866792
343,12.433333,6.866667,8.731667,0.000000,0.863610
344,12.433333,6.866667,8.726000,0.000000,0.841562
345,12.433333,6.866667,8.747667,0.000000,0.870047
346,12.466667,6.900000,8.724333,0.000000,0.876533
347,12.500000,6.966667,8.721333,0.000000,0.879984
348,12.500000,6.866667,8.750667,0.000000,0.852777
349,12.500000,6.866667,8.740667,0.000000,0.867140
350,12.500000,6.900000,8.721333,0.000000,0.874195
351,12.500000,6.800000,8.716000,0.000000,0.860291
352,12.500000,6.966667,8.723333,0.000000,0.843354
353,12.500000,6.900000,8.752000,0.000000,0.868173
354,12.500000,6.900000,8.750667,0.000000,0.879777
355,12.500000,6.900000,8.724333,0.000000,0.855374
356,12.533333,6.933333,8.717000,0.000000,0.866816
357,12.533333,6.933333,8.743333,0.000000,0.856138
358,12.533333,6.900000,8.733333,0.000000,0.858778
359,12.533333,6.833333,8.719333,0.000000,0.873051
360,12.533333,6.900000,8.712000,0.000000,0.880167
361,12.533333,6.866667,8.719000,0.000000,0.881158
362,12.533333,7.000000,8.747333,0.000000,0.871982
363,12.533333,6.933333,8.738667,0.000000,0.852601
364,12.533333,6.966667,8.703333,0.000000,0.859208
365,12.533333,6.933333,8.722000,0.000000,0.837235
366,12.533333,6.866667,8.727333,0.000000,0.876925
367,12.533333,6.833333,8.712000,0.000000,0.881544
368,12.533333,6.900000,8.734000,0.000000,0.875840
369,12.533333,6.866667,8.756667,0.000000,0.869508
370,12.533333,6.966667,8.713667,0.000000,0.870367
371,12.566667,6.900000,8.739667,0.000000,0.859082
372,12.566667,6.866667,8.738000,0.000000,0.864684
373,12.566667,6.800000,8.733667,0.000000,0.862784
374,12.600000,6.833333,8.744333,0.000000,0.869846
375,12.600000,6.833333,8.732000,0.000000,0.853701
376,12.600000,6.933333,8.736667,0.000000,0.851249
377,12.600000,6.833333,8.738667,0.000000,0.870735
378,12.600000,6.900000,8.745000,0.000000,0.855986
379,12.600000,6.766667,8.722667,0.000000,0.867601
380,12.600000,6.866667,8.734000,0.000000,0.853654
381,12.600000,6.933333,8.741667,0.000000,0.860194
382,12.600000,6.933333,8.720333,0.000000,0.864335
383,12.600000,6.933333,8.727000,0.000000,0.865641
384,12.600000,6.833333,8.717333,0.000000,0.864188
385,12.600000,6.933333,8.732000,0.000000,0.857593
386,12.600000,6.766667,8.738000,0.000000,0.868909
387,12.600000,6.900000,8.722667,0.000000,0.874388
388,12.600000,6.866667,8.747333,0.000000,0.874401
389,12.600000,6.900000,8.730333,0.000000,0.884958
390,12.600000,6.966667,8.773000,0.000000,0.882263
391,12.600000,6.900000,8.754667,0.000000,0.885430
392,12.600000,6.833333,8.725000,0.000000,0.874991
393,12.600000,6.900000,8.716000,0.000000,0.866840
394,12.600000,6.933333,8.699000,0.000000,0.865255
395,12.600000,6.966667,8.746000,0.000000,0.842030
396,12.600000,7.000000,8.768667,0.000000,0.849281
397,12.600000,6.800000,8.723667,0.000000,0.877252
398,12.600000,6.933333,8.736333,0.000000,0.852756
399,12.600000,6.900000,8.741000,0.000000,0.856336
400,12.600000,6.766667,8.734333,0.000000,0.868832
401,12.633333,6.900000,8.718667,0.000000,0.861644
402,12.633333,7.000000,8.727000,0.000000,0.866996
403,12.633333,6.933333,8.747333,0.000000,0.875235
404,12.633333,6.966667,8.728333,0.000000,0.870878
405,12.633333,6.833333,8.732667,0.000000,0.879630
406,12.633333,6.900000,8.724000,0.000000,0.865244
407,12.633333,6.933333,8.729000,0.000000,0.864649
408,12.633333,6.866667,8.761333,0.000000,0.867258
409,12.633333,6.900000,8.709333,0.000000,0.856219
410,12.633333,6.866667,8.718667,0.000000,0.857147
411,12.633333,6.866667,8.723333,0.000000,0.856194
412,12.633333,6.833333,8.743667,0.000000,0.849423
413,12.633333,6.900000,8.743667,0.000000,0.884068
414,12.633333,6.966667,8.735000,0.000000,0.869897
415,12.633333,6.866667,8.754333,0.000000,0.876902
416,12.633333,6.866667,8.739333,0.000000,0.859003
417,12.633333,6.900000,8.728667,0.000000,0.849952
418,12.633333,6.833333,8.746333,0.000000,0.861880
419,12.633333,6.933333,8.738667,0.033333,0.870577
420,12.633333,6.933333,8.743000,0.000000,0.857463
421,12.633333,6.800000,8.743333,0.000000,0.886516
422,12.633333,6.900000,8.730333,0.000000,0.873912
423,12.633333,6.866667,8.711667,0.000000,0.872826
424,12.633333,6.900000,8.755667,0.000000,0.849819
425,12.633333,6.900000,8.739000,0.000000,0.864077
426,12.633333,7.000000,8.744667,0.000000,0.865568
427,12.633333,6.900000,8.696333,0.000000,0.870178
428,12.633333,6.866667,8.705000,0.000000,0.855702
429,12.633333,6.900000,8.736000,0.000000,0.853658
430,12.633333,6.800000,8.722667,0.000000,0.877139
431,12.633333,6.800000,8.724667,0.000000,0.859828
432,12.633333,6.900000,8.742667,0.000000,0.859476
433,12.633333,6.833333,8.736333,0.000000,0.858104
434,12.633333,6.900000,8.733667,0.000000,0.865115
435,12.633333,6.933333,8.732333,0.000000,0.860767
436,12.633333,6.900000,8.737667,0.000000,0.856728
437,12.633333,6.900000,8.702333,0.000000,0.852625
438,12.633333,6.933333,8.751333,0.000000,0.877401
439,12.633333,6.933333,8.743333,0.000000,0.861289
440,12.633333,6.966667,8.715000,0.000000,0.863684
441,12.666667,6.933333,8.736333,0.000000,0.872179
442,12.666667,6.900000,8.731667,0.000000,0.866917
443,12.666667,6.900000,8.729667,0.000000,0.860026
444,12.666667,6.900000,8.750667,0.000000,0.882242
445,12.666667,6.866667,8.730667,0.000000,0.863187
446,12.666667,6.866667,8.735333,0.000000,0.857019
447,12.666667,6.833333,8.751667,0.000000,0.872478
448,12.666667,6.866667,8.718000,0.000000,0.881878
449,12.666667,6.966667,8.730667,0.000000,0.874810
450,12.666667,6.933333,8.746333,0.000000,0.870540
451,12.666667,6.933333,8.742000,0.000000,0.844825
452,12.666667,6.966667,8.734000,0.000000,0.851288
453,12.666667,6.900000,8.716333,0.000000,0.857286
454,12.666667,6.900000,8.742000,0.000000,0.861377
455,12.666667,6.900000,8.745000,0.000000,0.887253
456,12.666667,6.833333,8.732333,0.000000,0.861805
457,12.666667,6.866667,8.718667,0.000000,0.871037
458,12.666667,6.800000,8.720000,0.000000,0.893683
459,12.666667,6.966667,8.747000,0.000000,0.866659
460,12.666667,6.933333,8.735333,0.000000,0.846906
461,12.666667,6.966667,8.726667,0.000000,0.861479
462,12.666667,6.966667,8.735333,0.000000,0.858680
463,12.666667,6.966667,8.728667,0.000000,0.868203
464,12.666667,6.833333,8.722000,0.000000,0.857888
465,12.666667,6.966667,8.715000,0.000000,0.860569
466,12.666667,6.866667,8.718333,0.000000,0.870504
467,12.666667,6.900000,8.742667,0.000000,0.862544
468,12.666667,6.933333,8.718000,0.000000,0.848769
469,12.666667,6.966667,8.735000,0.000000,0.868743
470,12.666667,6.900000,8.718333,0.000000,0.860604
471,12.666667,6.800000,8.726000,0.000000,0.872772
472,12.666667,6.900000,8.739000,0.000000,0.853768
473,12.666667,6.900000,8.728667,0.000000,0.852588
474,12.666667,6.966667,8.723667,0.000000,0.842430
475,12.666667,6.933333,8.736000,0.000000,0.840529
476,12.666667,6.966667,8.742333,0.000000,0.864405
477,12.666667,6.900000,8.755667,0.000000,0.871263
478,12.666667,6.866667,8.731667,0.000000,0.877955
479,12.666667,6.900000,8.720333,0.000000,0.850247
480,12.700000,6.933333,8.707333,0.000000,0.862875
481,12.700000,6.966667,8.726667,0.000000,0.844591
482,12.700000,6.900000,8.717333,0.000000,0.869574
483,12.700000,6.866667,8.726000,0.000000,0.877504
484,12.700000,6.800000,8.729333,0.000000,0.872680
485,12.700000,6.866667,8.729333,0.000000,0.875020
486,12.733333,6.966667,8.738000,0.000000,0.873497
487,12.733333,6.966667,8.740000,0.000000,0.875214
488,12.733333,6.900000,8.732333,0.000000,0.849696
489,12.733333,6.800000,8.752333,0.000000,0.877038
490,12.733333,6.933333,8.734000,0.000000,0.868337
491,12.733333,6.900000,8.704333,0.000000,0.868839
492,12.733333,6.933333,8.724333,0.000000,0.861953
493,12.733333,6.866667,8.756333,0.000000,0.870014
494,12.733333,6.933333,8.739333,0.000000,0.893867
495,12.733333,6.933333,8.730000,0.000000,0.872263
496,12.733333,7.000000,8.758667,0.000000,0.854117
497,12.733333,6.866667,8.738000,0.000000,0.843067
498,12.733333,6.900000,8.708000,0.033333,0.849419
499,12.733333,6.900000,8.763667,0.000000,0.871116
500,12.733333,6.866667,8.723000,0.000000,0.866308
BestSdev: 0.256112, Time: 17m46.18771031s