gen,best,worst,mean,rep,sdev
1,10.966667,6.866667,8.709000,0.000000,0.870378
2,11.233333,6.966667,8.722000,0.000000,0.879803
3,11.300000,6.900000,8.727667,0.000000,0.876510
4,11.366667,6.966667,8.723667,0.000000,0.873151
5,11.466667,6.900000,8.727667,0.000000,0.867049
6,11.566667,6.833333,8.729000,0.000000,0.873039
7,11.633333,6.966667,8.733333,0.000000,0.846618
8,11.633333,6.833333,8.700333,0.000000,0.875707
9,11.666667,6.933333,8.767000,0.000000,0.873056
10,11.666667,6.900000,8.745333,0.000000,0.856743
11,11.700000,6.800000,8.739000,0.000000,0.863166
12,11.733333,6.866667,8.733667,0.000000,0.880023
13,11.800000,6.900000,8.724667,0.000000,0.874587
14,11.800000,6.900000,8.714000,0.000000,0.850695
15,11.833333,6.800000,8.711333,0.000000,0.861752
16,11.866667,6.866667,8.715000,0.000000,0.877227
17,11.866667,6.866667,8.746000,0.000000,0.876975
18,11.866667,6.766667,8.744000,0.000000,0.875851
19,11.866667,6.933333,8.730667,0.000000,0.851897
20,11.866667,6.933333,8.739667,0.000000,0.862489
21,11.866667,6.833333,8.748000,0.000000,0.856679
22,11.900000,6.900000,8.734333,0.000000,0.856702
23,11.900000,6.933333,8.703000,0.000000,0.869043
24,11.900000,6.866667,8.736667,0.000000,0.870063
25,11.900000,6.866667,8.736000,0.000000,0.880516
26,11.900000,6.933333,8.741333,0.000000,0.846412
27,11.900000,6.866667,8.758667,0.000000,0.878616
28,11.900000,6.900000,8.714000,0.000000,0.877522
29,11.900000,6.900000,8.742000,0.000000,0.867605
30,11.900000,6.833333,8.735333,0.000000,0.863070
31,11.900000,6.933333,8.736667,0.000000,0.875948
32,11.900000,6.933333,8.725000,0.000000,0.849364
33,11.900000,6.866667,8.732000,0.000000,0.877258
34,11.900000,6.900000,8.731667,0.000000,0.858703
35,11.900000,6.933333,8.729000,0.000000,0.857492
36,11.933333,6.833333,8.728667,0.000000,0.859857
37,11.933333,6.866667,8.724333,0.000000,0.868202
38,11.933333,6.833333,8.748000,0.000000,0.877228
39,11.966667,6.900000,8.749333,0.000000,0.885161
40,11.966667,6.966667,8.750000,0.000000,0.860925
41,11.966667,6.900000,8.733000,0.000000,0.865365
42,11.966667,6.966667,8.712667,0.000000,0.880180
43,11.966667,6.933333,8.748667,0.000000,0.865774
44,11.966667,6.933333,8.728000,0.000000,0.877944
45,11.966667,6.900000,8.752333,0.000000,0.866485
46,11.966667,6.800000,8.728333,0.000000,0.866050
47,11.966667,6.833333,8.747333,0.000000,0.894248
48,12.000000,6.933333,8.717667,0.000000,0.849153
49,12.000000,6.866667,8.724000,0.000000,0.875147
50,12.000000,6.933333,8.711000,0.000000,0.864379
BestSdev: 0.214787, Time: 1m44.385254503s