gen,best,worst,mean,rep,sdev
1,10.833333,6.933333,8.764000,0.000000,0.869024
2,11.166667,7.133333,8.755333,0.000000,0.844166
3,11.333333,7.000000,8.755333,0.000000,0.869374
4,11.400000,7.033333,8.750667,0.000000,0.853532
5,11.466667,6.966667,8.714667,0.000000,0.877996
6,11.533333,7.033333,8.739333,0.000000,0.868917
7,11.566667,7.000000,8.753333,0.000000,0.871509
8,11.566667,6.966667,8.709333,0.000000,0.863463
9,11.600000,6.966667,8.674667,0.000000,0.851926
10,11.633333,6.900000,8.734000,0.000000,0.863200
11,11.633333,7.000000,8.736667,0.000000,0.848476
12,11.633333,7.066667,8.744667,0.000000,0.817157
13,11.666667,7.100000,8.766000,0.000000,0.836747
14,11.700000,6.966667,8.745333,0.000000,0.871947
15,11.766667,6.966667,8.730667,0.000000,0.867610
16,11.766667,7.033333,8.755333,0.000000,0.883106
17,11.766667,7.066667,8.740000,0.000000,0.859898
18,11.766667,7.000000,8.727333,0.000000,0.844291
19,11.766667,7.000000,8.703333,0.000000,0.838750
20,11.766667,6.933333,8.725333,0.000000,0.858320
21,11.766667,7.000000,8.704000,0.000000,0.853116
22,11.766667,6.866667,8.712000,0.000000,0.857818
23,11.800000,6.966667,8.736667,0.000000,0.870027
24,11.800000,7.000000,8.733333,0.000000,0.884788
25,11.833333,6.966667,8.796000,0.000000,0.837703
26,11.833333,6.933333,8.740000,0.000000,0.861868
27,11.833333,7.033333,8.728000,0.000000,0.857390
28,11.833333,7.066667,8.738667,0.000000,0.850254
29,11.833333,6.966667,8.732667,0.000000,0.866128
30,11.833333,7.066667,8.734667,0.000000,0.833346
31,11.833333,7.000000,8.724000,0.000000,0.864728
32,11.833333,7.066667,8.781333,0.000000,0.856427
33,11.833333,7.033333,8.746667,0.000000,0.847125
34,11.833333,7.000000,8.801333,0.000000,0.860666
35,11.833333,6.933333,8.776667,0.000000,0.860904
36,11.833333,7.033333,8.757333,0.000000,0.857670
37,11.833333,7.033333,8.751333,0.000000,0.834879
38,11.833333,7.033333,8.734667,0.000000,0.844597
39,11.833333,7.000000,8.759333,0.000000,0.852940
40,11.833333,7.000000,8.700667,0.000000,0.856510
41,11.833333,6.966667,8.742667,0.000000,0.846807
42,11.833333,7.000000,8.720000,0.000000,0.847168
43,11.833333,6.833333,8.728667,0.000000,0.867308
44,11.866667,6.866667,8.692667,0.000000,0.875675
45,11.866667,7.000000,8.753333,0.000000,0.888546
46,11.900000,6.933333,8.734000,0.000000,0.856822
47,11.933333,6.966667,8.697333,0.000000,0.867972
48,11.933333,6.933333,8.796000,0.000000,0.886266
49,11.933333,7.000000,8.707333,0.000000,0.849824
50,11.933333,7.033333,8.748667,0.000000,0.855202
BestSdev: 0.202649, Time: 57.624268767s