gen,best,worst,mean,rep,sdev
1,10.433333,7.000000,8.770667,0.000000,0.846664
2,10.800000,7.000000,8.744000,0.000000,0.860483
3,10.966667,7.000000,8.708667,0.000000,0.875330
4,11.033333,6.966667,8.739333,0.000000,0.834239
5,11.033333,6.900000,8.754667,0.000000,0.869073
6,11.100000,6.966667,8.754667,0.000000,0.860511
7,11.100000,7.000000,8.734667,0.000000,0.864304
8,11.266667,7.000000,8.728667,0.000000,0.874828
9,11.300000,6.966667,8.708000,0.000000,0.831964
10,11.333333,6.900000,8.716000,0.000000,0.865185
11,11.366667,7.033333,8.768000,0.000000,0.849033
12,11.366667,7.000000,8.718667,0.000000,0.850033
13,11.366667,7.033333,8.729333,0.000000,0.864145
14,11.366667,6.966667,8.732667,0.000000,0.866755
15,11.366667,7.000000,8.749333,0.000000,0.850963
16,11.366667,6.900000,8.773333,0.000000,0.884876
17,11.366667,7.066667,8.760667,0.000000,0.862131
18,11.400000,6.966667,8.718667,0.000000,0.856282
19,11.400000,7.000000,8.728667,0.000000,0.859092
20,11.466667,6.933333,8.726000,0.000000,0.859898
21,11.466667,6.833333,8.716667,0.000000,0.890420
22,11.466667,6.933333,8.710667,0.000000,0.880822
23,11.466667,7.033333,8.740000,0.000000,0.822717
24,11.466667,6.966667,8.738667,0.000000,0.864898
25,11.500000,6.900000,8.741333,0.000000,0.870065
26,11.566667,6.900000,8.755333,0.000000,0.869544
27,11.633333,6.900000,8.744667,0.000000,0.877979
28,11.633333,7.033333,8.769333,0.000000,0.835626
29,11.633333,7.000000,8.712000,0.000000,0.859021
30,11.666667,6.933333,8.738000,0.000000,0.882321
31,11.700000,6.966667,8.728667,0.000000,0.859549
32,11.733333,7.000000,8.748667,0.000000,0.879536
33,11.733333,7.066667,8.744000,0.000000,0.873843
34,11.733333,6.933333,8.724000,0.000000,0.856293
35,11.733333,7.033333,8.702667,0.000000,0.860885
36,11.766667,7.000000,8.701333,0.000000,0.864240
37,11.766667,6.900000,8.696667,0.000000,0.867762
38,11.800000,7.000000,8.749333,0.000000,0.886309
39,11.800000,7.000000,8.714667,0.000000,0.832885
40,11.800000,6.900000,8.709333,0.000000,0.864993
41,11.800000,6.933333,8.747333,0.000000,0.896995
42,11.800000,6.966667,8.676000,0.000000,0.836643
43,11.800000,7.033333,8.714667,0.000000,0.837615
44,11.833333,6.933333,8.766667,0.000000,0.878405
45,11.866667,7.000000,8.729333,0.000000,0.856700
46,11.866667,6.933333,8.754000,0.000000,0.878251
47,11.866667,6.966667,8.753333,0.000000,0.843814
48,11.866667,6.933333,8.746000,0.000000,0.864678
49,11.866667,6.966667,8.722667,0.000000,0.890743
50,11.866667,7.033333,8.766000,0.000000,0.861737
51,11.866667,6.933333,8.749333,0.000000,0.851906
52,11.866667,7.000000,8.745333,0.000000,0.839819
53,11.933333,7.000000,8.735333,0.000000,0.881607
54,11.966667,6.966667,8.700667,0.000000,0.867744
55,11.966667,7.033333,8.759333,0.000000,0.862042
56,11.966667,7.000000,8.744667,0.000000,0.851691
57,11.966667,7.033333,8.750000,0.000000,0.851525
58,11.966667,7.100000,8.778000,0.000000,0.827293
59,11.966667,6.966667,8.712667,0.000000,0.848996
60,11.966667,7.033333,8.739333,0.000000,0.870267
61,11.966667,7.066667,8.754000,0.000000,0.878753
62,11.966667,7.000000,8.746000,0.000000,0.851978
63,11.966667,6.966667,8.710000,0.000000,0.876510
64,11.966667,6.966667,8.764667,0.000000,0.870655
65,11.966667,7.033333,8.744667,0.000000,0.865805
66,11.966667,6.933333,8.746000,0.000000,0.870626
67,11.966667,7.033333,8.730000,0.000000,0.870798
68,11.966667,6.966667,8.713333,0.000000,0.848606
69,11.966667,7.033333,8.724000,0.000000,0.855590
70,11.966667,7.066667,8.761333,0.000000,0.855827
71,11.966667,6.966667,8.738000,0.000000,0.866551
72,12.000000,6.900000,8.767333,0.000000,0.879339
73,12.000000,6.966667,8.743333,0.000000,0.856267
74,12.000000,6.866667,8.749333,0.000000,0.890281
75,12.000000,7.033333,8.722000,0.000000,0.845768
76,12.000000,7.033333,8.733333,0.000000,0.850822
77,12.000000,6.933333,8.717333,0.000000,0.828270
78,12.000000,7.000000,8.698000,0.000000,0.843306
79,12.000000,6.966667,8.732667,0.000000,0.875098
80,12.000000,7.000000,8.740667,0.000000,0.879200
81,12.000000,6.966667,8.740667,0.000000,0.846020
82,12.000000,7.000000,8.736667,0.000000,0.871323
83,12.000000,6.966667,8.759333,0.000000,0.869938
84,12.000000,6.933333,8.762000,0.000000,0.869955
85,12.000000,6.966667,8.740667,0.000000,0.843957
86,12.000000,7.066667,8.738667,0.000000,0.839109
87,12.000000,7.000000,8.701333,0.000000,0.869504
88,12.000000,6.966667,8.696667,0.000000,0.863787
89,12.000000,6.900000,8.725333,0.000000,0.885503
90,12.000000,6.900000,8.721333,0.000000,0.895721
91,12.000000,6.966667,8.692000,0.000000,0.860893
92,12.000000,7.000000,8.702667,0.000000,0.848918
93,12.000000,6.933333,8.752667,0.000000,0.883235
94,12.000000,6.933333,8.660667,0.000000,0.883277
95,12.000000,7.033333,8.778000,0.000000,0.852601
96,12.000000,7.000000,8.741333,0.000000,0.874429
97,12.000000,7.000000,8.685333,0.000000,0.845653
98,12.000000,7.000000,8.720000,0.000000,0.861125
99,12.000000,7.066667,8.770000,0.000000,0.865072
100,12.000000,7.000000,8.772000,0.000000,0.858197
101,12.000000,7.033333,8.755333,0.000000,0.852448
102,12.000000,7.033333,8.731333,0.000000,0.872238
103,12.000000,6.966667,8.722667,0.000000,0.849259
104,12.000000,7.033333,8.704000,0.000000,0.846674
105,12.000000,7.000000,8.727333,0.000000,0.830834
106,12.000000,6.966667,8.681333,0.000000,0.858752
107,12.000000,7.033333,8.754000,0.000000,0.843977
108,12.000000,6.966667,8.735333,0.000000,0.864164
109,12.000000,7.000000,8.762667,0.000000,0.851412
110,12.000000,6.966667,8.725333,0.000000,0.841378
111,12.000000,7.000000,8.687333,0.000000,0.832283
112,12.000000,6.966667,8.737333,0.000000,0.861641
113,12.000000,7.000000,8.714667,0.000000,0.844678
114,12.000000,6.933333,8.774000,0.000000,0.901695
115,12.000000,7.100000,8.732000,0.000000,0.845840
116,12.000000,7.033333,8.746000,0.000000,0.861248
117,12.000000,7.066667,8.750000,0.000000,0.874030
118,12.000000,6.966667,8.758000,0.033333,0.864668
119,12.000000,7.033333,8.748000,0.000000,0.859745
120,12.000000,6.933333,8.721333,0.000000,0.871747
121,12.000000,6.866667,8.724000,0.000000,0.870100
122,12.000000,7.000000,8.742667,0.000000,0.863014
123,12.000000,7.066667,8.744667,0.000000,0.845386
124,12.000000,7.033333,8.743333,0.000000,0.860726
125,12.000000,7.066667,8.752667,0.000000,0.840955
126,12.000000,6.933333,8.681333,0.000000,0.863558
127,12.000000,6.966667,8.770000,0.000000,0.869119
128,12.000000,6.966667,8.734000,0.000000,0.853412
129,12.000000,6.966667,8.716000,0.000000,0.851661
130,12.000000,7.000000,8.724000,0.000000,0.864593
131,12.000000,7.033333,8.732667,0.000000,0.831691
132,12.000000,7.000000,8.716000,0.000000,0.878739
133,12.000000,7.000000,8.728667,0.000000,0.862184
134,12.000000,7.033333,8.740000,0.000000,0.834087
135,12.000000,7.000000,8.743333,0.000000,0.870035
136,12.000000,6.900000,8.711333,0.000000,0.862242
137,12.000000,6.933333,8.733333,0.000000,0.870653
138,12.000000,7.000000,8.764667,0.000000,0.860065
139,12.000000,7.033333,8.735333,0.000000,0.846652
140,12.000000,6.933333,8.758000,0.000000,0.878197
141,12.000000,7.000000,8.730667,0.000000,0.850465
142,12.066667,7.000000,8.728000,0.000000,0.868891
143,12.066667,7.066667,8.766000,0.000000,0.852239
144,12.066667,6.966667,8.729333,0.000000,0.889475
145,12.066667,6.966667,8.736000,0.000000,0.861426
146,12.066667,7.033333,8.754667,0.000000,0.849746
147,12.066667,7.133333,8.768667,0.000000,0.864972
148,12.066667,7.000000,8.730667,0.000000,0.857576
149,12.066667,7.033333,8.729333,0.000000,0.853909
150,12.066667,6.933333,8.725333,0.000000,0.892752
151,12.066667,7.033333,8.734667,0.000000,0.839958
152,12.066667,6.933333,8.739333,0.000000,0.859312
153,12.100000,6.966667,8.720667,0.000000,0.881055
154,12.100000,6.966667,8.752667,0.000000,0.865323
155,12.100000,7.033333,8.660667,0.000000,0.805857
156,12.100000,7.033333,8.742000,0.000000,0.857969
157,12.100000,6.933333,8.738000,0.000000,0.858161
158,12.100000,7.066667,8.738667,0.000000,0.874841
159,12.100000,6.933333,8.750000,0.000000,0.864411
160,12.100000,7.000000,8.738000,0.000000,0.864460
161,12.100000,6.933333,8.764667,0.000000,0.863897
162,12.100000,7.066667,8.744667,0.000000,0.891058
163,12.100000,6.966667,8.702000,0.000000,0.869706
164,12.100000,6.900000,8.748000,0.000000,0.863481
165,12.100000,6.966667,8.738667,0.000000,0.853756
166,12.100000,7.033333,8.781333,0.000000,0.859040
167,12.100000,6.933333,8.724000,0.000000,0.866532
168,12.100000,6.966667,8.728000,0.000000,0.850515
169,12.100000,7.133333,8.756000,0.000000,0.837517
170,12.100000,7.100000,8.757333,0.000000,0.856770
171,12.100000,7.033333,8.758000,0.000000,0.857886
172,12.100000,6.966667,8.736667,0.000000,0.873938
173,12.100000,6.966667,8.715333,0.000000,0.873380
174,12.100000,7.033333,8.752000,0.000000,0.886638
175,12.100000,6.966667,8.742000,0.000000,0.878737
176,12.100000,7.033333,8.742000,0.000000,0.845101
177,12.100000,7.000000,8.732000,0.000000,0.878504
178,12.100000,6.966667,8.740667,0.000000,0.857263
179,12.100000,6.866667,8.728000,0.000000,0.860596
180,12.100000,6.933333,8.708667,0.000000,0.856800
181,12.100000,6.966667,8.734667,0.000000,0.867931
182,12.100000,6.933333,8.735333,0.000000,0.865407
183,12.100000,7.066667,8.726667,0.000000,0.848097
184,12.100000,6.966667,8.732000,0.000000,0.848202
185,12.133333,7.033333,8.710000,0.000000,0.852963
186,12.133333,6.900000,8.694000,0.000000,0.874336
187,12.133333,6.933333,8.706000,0.000000,0.848911
188,12.133333,6.933333,8.738000,0.000000,0.859481
189,12.133333,6.966667,8.750000,0.000000,0.851003
190,12.133333,6.966667,8.714667,0.000000,0.869446
191,12.133333,7.066667,8.732667,0.000000,0.870538
192,12.133333,6.966667,8.776667,0.000000,0.889475
193,12.133333,6.933333,8.734000,0.000000,0.823864
194,12.133333,7.033333,8.727333,0.000000,0.840413
195,12.133333,6.900000,8.735333,0.000000,0.871515
196,12.133333,6.966667,8.710667,0.000000,0.863608
197,12.133333,7.033333,8.725333,0.000000,0.861766
198,12.133333,7.033333,8.698000,0.000000,0.839203
199,12.133333,6.966667,8.762667,0.000000,0.882864
200,12.133333,6.933333,8.730000,0.000000,0.883158
BestSdev: 0.278925, Time: 3m59.411531098s