gen,best,worst,mean,rep,sdev
1,10.933333,6.866667,8.726000,0.000000,0.858283
2,11.166667,6.866667,8.716000,0.000000,0.883196
3,11.233333,6.900000,8.753667,0.000000,0.888623
4,11.333333,6.933333,8.718000,0.000000,0.861846
5,11.433333,6.833333,8.740667,0.000000,0.871725
6,11.466667,6.833333,8.742000,0.000000,0.871330
7,11.566667,6.966667,8.738667,0.000000,0.862974
8,11.666667,6.866667,8.743667,0.000000,0.879755
9,11.766667,6.866667,8.722333,0.000000,0.871785
10,11.866667,6.900000,8.711000,0.000000,0.850918
11,11.866667,6.900000,8.722000,0.000000,0.881291
12,11.866667,6.866667,8.722000,0.000000,0.831278
13,11.900000,6.933333,8.762000,0.000000,0.866530
14,11.900000,6.833333,8.716667,0.000000,0.848128
15,11.900000,6.833333,8.724000,0.000000,0.873333
16,11.933333,6.900000,8.750000,0.000000,0.860866
17,11.933333,6.833333,8.706333,0.000000,0.878809
18,11.933333,6.933333,8.735000,0.000000,0.861164
19,12.000000,6.966667,8.726333,0.000000,0.872560
20,12.000000,6.866667,8.760667,0.000000,0.864787
21,12.000000,6.900000,8.733000,0.000000,0.872531
22,12.000000,6.933333,8.698000,0.000000,0.861702
23,12.000000,6.966667,8.737000,0.000000,0.873824
24,12.000000,6.966667,8.727000,0.000000,0.858320
25,12.000000,6.900000,8.723667,0.000000,0.891148
26,12.000000,6.866667,8.740333,0.000000,0.869405
27,12.000000,6.933333,8.726000,0.000000,0.859055
28,12.000000,6.966667,8.751000,0.000000,0.864886
29,12.000000,6.900000,8.728000,0.000000,0.859009
30,12.000000,6.900000,8.736333,0.000000,0.884562
31,12.000000,6.900000,8.747333,0.000000,0.876971
32,12.000000,6.866667,8.717000,0.000000,0.870219
33,12.000000,6.833333,8.738000,0.000000,0.883451
34,12.000000,6.866667,8.761333,0.000000,0.885414
35,12.000000,6.966667,8.728333,0.000000,0.867336
36,12.033333,6.833333,8.746000,0.000000,0.887366
37,12.033333,6.866667,8.745333,0.000000,0.869071
38,12.033333,6.733333,8.734000,0.000000,0.863203
39,12.033333,6.900000,8.733333,0.000000,0.864665
40,12.033333,6.900000,8.730333,0.000000,0.876009
41,12.033333,6.866667,8.713333,0.000000,0.858745
42,12.033333,6.966667,8.767000,0.000000,0.861797
43,12.033333,6.900000,8.760667,0.000000,0.868513
44,12.033333,6.933333,8.751333,0.000000,0.861399
45,12.033333,6.933333,8.721000,0.000000,0.859572
46,12.033333,6.933333,8.740667,0.000000,0.873824
47,12.033333,6.933333,8.731000,0.000000,0.865764
48,12.033333,6.933333,8.739333,0.000000,0.854543
49,12.033333,6.933333,8.725000,0.000000,0.867655
50,12.033333,6.933333,8.740000,0.000000,0.854510
51,12.033333,6.933333,8.722333,0.000000,0.868190
52,12.033333,6.966667,8.740333,0.000000,0.867894
53,12.033333,6.866667,8.714000,0.000000,0.860009
54,12.033333,6.866667,8.730667,0.000000,0.860654
55,12.033333,6.833333,8.765000,0.000000,0.872902
56,12.033333,6.866667,8.739000,0.000000,0.882052
57,12.066667,6.933333,8.742333,0.000000,0.872111
58,12.066667,6.900000,8.718000,0.000000,0.843486
59,12.066667,6.933333,8.733000,0.000000,0.857982
60,12.066667,7.000000,8.746667,0.000000,0.866207
61,12.066667,6.966667,8.750000,0.000000,0.862978
62,12.066667,6.900000,8.718333,0.000000,0.863787
63,12.066667,6.933333,8.713667,0.000000,0.869201
64,12.066667,6.966667,8.720333,0.000000,0.846578
65,12.066667,6.966667,8.740667,0.000000,0.870061
66,12.066667,6.833333,8.735333,0.000000,0.875793
67,12.066667,6.966667,8.730000,0.000000,0.876557
68,12.066667,6.966667,8.739667,0.000000,0.854755
69,12.066667,6.900000,8.759333,0.000000,0.869681
70,12.066667,6.933333,8.725667,0.000000,0.876565
71,12.066667,7.000000,8.711667,0.000000,0.851350
72,12.066667,6.833333,8.712667,0.000000,0.879438
73,12.066667,6.866667,8.732667,0.000000,0.851919
74,12.066667,6.900000,8.721667,0.000000,0.882277
75,12.066667,6.900000,8.715333,0.000000,0.885232
76,12.066667,6.866667,8.734000,0.000000,0.860504
77,12.066667,6.966667,8.752000,0.000000,0.860567
78,12.066667,6.900000,8.715000,0.000000,0.870857
79,12.066667,6.833333,8.713000,0.000000,0.859591
80,12.066667,6.800000,8.744333,0.000000,0.862416
81,12.066667,6.800000,8.733667,0.000000,0.884488
82,12.066667,6.900000,8.742667,0.000000,0.871072
83,12.066667,6.900000,8.735000,0.000000,0.865320
84,12.066667,6.866667,8.716667,0.000000,0.888710
85,12.066667,6.966667,8.723667,0.000000,0.847254
86,12.066667,6.866667,8.711667,0.000000,0.871377
87,12.066667,6.966667,8.730667,0.000000,0.861680
88,12.066667,6.966667,8.741667,0.000000,0.863422
89,12.066667,6.933333,8.732667,0.000000,0.859680
90,12.066667,6.933333,8.754333,0.000000,0.865756
91,12.066667,6.866667,8.734667,0.000000,0.851462
92,12.066667,6.933333,8.737667,0.000000,0.881685
93,12.066667,6.866667,8.759000,0.000000,0.874817
94,12.066667,6.966667,8.732000,0.000000,0.856465
95,12.066667,6.900000,8.729667,0.000000,0.867661
96,12.066667,6.900000,8.701333,0.000000,0.863229
97,12.066667,6.833333,8.725667,0.000000,0.870262
98,12.066667,6.833333,8.695667,0.000000,0.861641
99,12.066667,6.833333,8.729333,0.000000,0.872399
100,12.066667,6.933333,8.768000,0.000000,0.862377
BestSdev: 0.201643, Time: 3m30.306561026s