gen,best,worst,mean,rep,sdev
1,11.100000,6.966667,8.756000,0.000000,0.872841
2,11.133333,6.900000,8.735000,0.000000,0.844498
3,11.200000,6.966667,8.723667,0.000000,0.872368
4,11.200000,6.900000,8.726333,0.000000,0.877073
5,11.300000,6.933333,8.746667,0.000000,0.874823
6,11.366667,6.933333,8.715667,0.000000,0.857453
7,11.400000,6.933333,8.724667,0.000000,0.880396
8,11.466667,6.866667,8.739000,0.000000,0.876857
9,11.466667,6.900000,8.735000,0.000000,0.845503
10,11.566667,6.866667,8.747667,0.000000,0.874333
11,11.566667,6.900000,8.712333,0.000000,0.866138
12,11.633333,6.866667,8.711667,0.000000,0.862823
13,11.666667,6.933333,8.753667,0.000000,0.859909
14,11.733333,6.933333,8.737333,0.000000,0.875329
15,11.766667,6.933333,8.756667,0.000000,0.863564
16,11.766667,6.933333,8.737000,0.000000,0.862524
17,11.833333,6.933333,8.741667,0.000000,0.860742
18,11.833333,6.933333,8.745000,0.000000,0.869429
19,11.833333,6.833333,8.736667,0.000000,0.871434
20,11.833333,6.966667,8.700667,0.000000,0.888106
BestSdev: 0.246757, Time: 40.18448611s