gen,best,worst,mean,rep,sdev
1,11.466667,6.666667,8.733333,0.000000,0.876165
2,11.833333,6.566667,8.730933,0.000000,0.877062
3,11.900000,6.533333,8.734800,0.000000,0.877662
4,11.933333,6.766667,8.721267,0.000000,0.869953
5,12.033333,6.733333,8.728133,0.000000,0.869691
6,12.033333,6.433333,8.740933,0.000000,0.878279
7,12.100000,6.700000,8.718733,0.000000,0.863438
8,12.100000,6.633333,8.738133,0.000000,0.864083
9,12.100000,6.500000,8.738400,0.000000,0.873312
10,12.100000,6.533333,8.731067,0.000000,0.870375
11,12.133333,6.566667,8.736933,0.000000,0.869287
12,12.133333,6.600000,8.743400,0.000000,0.875528
13,12.133333,6.600000,8.733400,0.000000,0.870597
14,12.200000,6.600000,8.735800,0.000000,0.876970
15,12.300000,6.533333,8.740533,0.000000,0.867351
16,12.333333,6.533333,8.732467,0.000000,0.869229
17,12.333333,6.400000,8.736000,0.000000,0.876749
18,12.333333,6.633333,8.728400,0.000000,0.882949
19,12.400000,6.433333,8.741800,0.000000,0.875796
20,12.400000,6.500000,8.721467,0.000000,0.872137
21,12.400000,6.800000,8.728667,0.000000,0.869912
22,12.433333,6.566667,8.733733,0.000000,0.872270
23,12.433333,6.633333,8.748333,0.000000,0.878140
24,12.433333,6.700000,8.734800,0.000000,0.871807
25,12.433333,6.633333,8.732533,0.000000,0.871187
26,12.433333,6.533333,8.737867,0.000000,0.877587
27,12.433333,6.466667,8.727467,0.000000,0.871207
28,12.433333,6.633333,8.727133,0.000000,0.869965
29,12.433333,6.700000,8.739667,0.000000,0.866474
30,12.466667,6.633333,8.734733,0.000000,0.872116
31,12.466667,6.566667,8.742267,0.000000,0.877865
32,12.533333,6.600000,8.729000,0.000000,0.870470
33,12.533333,6.633333,8.733600,0.000000,0.869805
34,12.533333,6.466667,8.725667,0.000000,0.869177
35,12.533333,6.533333,8.740133,0.000000,0.857982
36,12.533333,6.566667,8.732667,0.000000,0.873130
37,12.533333,6.733333,8.726133,0.000000,0.867534
38,12.533333,6.566667,8.723133,0.000000,0.874413
39,12.533333,6.500000,8.733733,0.000000,0.872478
40,12.533333,6.633333,8.736733,0.000000,0.876691
41,12.533333,6.700000,8.735867,0.000000,0.870564
42,12.533333,6.466667,8.737333,0.000000,0.869579
43,12.533333,6.533333,8.736333,0.000000,0.875978
44,12.533333,6.433333,8.738267,0.000000,0.879398
45,12.533333,6.700000,8.729933,0.000000,0.868633
46,12.533333,6.600000,8.737933,0.000000,0.870716
47,12.533333,6.533333,8.720067,0.000000,0.876668
48,12.533333,6.533333,8.742133,0.000000,0.878364
49,12.533333,6.633333,8.732267,0.000000,0.872792
50,12.533333,6.600000,8.718200,0.000000,0.865569
51,12.533333,6.533333,8.732533,0.000000,0.873056
52,12.533333,6.700000,8.739533,0.000000,0.868329
53,12.533333,6.666667,8.736533,0.000000,0.866352
54,12.533333,6.566667,8.744333,0.000000,0.880067
55,12.533333,6.600000,8.743333,0.000000,0.870420
56,12.566667,6.466667,8.739733,0.000000,0.880034
57,12.566667,6.433333,8.727067,0.033333,0.881999
58,12.566667,6.566667,8.736733,0.000000,0.863861
59,12.566667,6.566667,8.737333,0.000000,0.872868
60,12.566667,6.733333,8.730600,0.000000,0.872545
61,12.600000,6.466667,8.735467,0.000000,0.878979
62,12.600000,6.733333,8.748133,0.000000,0.868551
63,12.600000,6.600000,8.737867,0.000000,0.881688
64,12.600000,6.633333,8.739733,0.000000,0.870914
65,12.600000,6.566667,8.724267,0.000000,0.868517
66,12.600000,6.433333,8.730200,0.000000,0.867446
67,12.600000,6.566667,8.721400,0.000000,0.871009
68,12.600000,6.633333,8.733867,0.000000,0.869336
69,12.600000,6.566667,8.730533,0.000000,0.869085
70,12.633333,6.466667,8.730867,0.000000,0.870858
71,12.633333,6.500000,8.746667,0.000000,0.871441
72,12.633333,6.700000,8.738533,0.000000,0.869218
73,12.633333,6.700000,8.724600,0.000000,0.869285
74,12.633333,6.500000,8.740667,0.000000,0.873157
75,12.633333,6.500000,8.707067,0.000000,0.869392
76,12.633333,6.600000,8.730267,0.000000,0.868038
77,12.633333,6.633333,8.733733,0.000000,0.870350
78,12.633333,6.400000,8.730800,0.000000,0.878062
79,12.633333,6.533333,8.734067,0.000000,0.873053
80,12.666667,6.633333,8.735867,0.033333,0.866061
81,12.666667,6.733333,8.740667,0.000000,0.864021
82,12.666667,6.500000,8.735067,0.033333,0.874480
83,12.666667,6.566667,8.730200,0.000000,0.866792
84,12.666667,6.666667,8.740400,0.033333,0.870315
85,12.666667,6.633333,8.741400,0.000000,0.866295
86,12.700000,6.600000,8.726667,0.000000,0.869815
87,12.700000,6.400000,8.730867,0.033333,0.872165
88,12.700000,6.500000,8.724600,0.000000,0.864236
89,12.700000,6.600000,8.731267,0.000000,0.872597
90,12.700000,6.466667,8.731467,0.000000,0.880744
91,12.700000,6.666667,8.730400,0.000000,0.865667
92,12.700000,6.566667,8.742467,0.000000,0.867961
93,12.700000,6.633333,8.747933,0.000000,0.866141
94,12.700000,6.600000,8.731200,0.000000,0.871166
95,12.700000,6.666667,8.728200,0.000000,0.853300
96,12.700000,6.566667,8.736933,0.000000,0.867959
97,12.700000,6.566667,8.736400,0.000000,0.866411
98,12.700000,6.333333,8.742533,0.000000,0.870987
99,12.700000,6.533333,8.733600,0.000000,0.870756
100,12.700000,6.566667,8.725467,0.000000,0.878365
101,12.700000,6.700000,8.736467,0.000000,0.877373
102,12.700000,6.500000,8.732533,0.000000,0.870223
103,12.700000,6.600000,8.731467,0.000000,0.871046
104,12.700000,6.633333,8.721733,0.000000,0.867137
105,12.700000,6.733333,8.746467,0.000000,0.867670
106,12.700000,6.566667,8.731933,0.000000,0.871552
107,12.700000,6.533333,8.735133,0.000000,0.866212
108,12.700000,6.633333,8.731267,0.033333,0.878253
109,12.700000,6.633333,8.728467,0.000000,0.879014
110,12.700000,6.533333,8.737333,0.000000,0.876837
111,12.700000,6.566667,8.738933,0.000000,0.871769
112,12.700000,6.600000,8.733200,0.000000,0.871013
113,12.700000,6.633333,8.730467,0.000000,0.860240
114,12.700000,6.533333,8.728333,0.000000,0.871097
115,12.700000,6.700000,8.730933,0.000000,0.867402
116,12.700000,6.733333,8.735000,0.000000,0.867906
117,12.700000,6.533333,8.730267,0.000000,0.864957
118,12.700000,6.600000,8.731200,0.000000,0.869233
119,12.700000,6.700000,8.736600,0.000000,0.862081
120,12.700000,6.533333,8.734600,0.000000,0.865675
121,12.700000,6.566667,8.743200,0.000000,0.877816
122,12.700000,6.566667,8.742867,0.000000,0.870144
123,12.700000,6.633333,8.736133,0.000000,0.879864
124,12.700000,6.466667,8.729800,0.000000,0.866275
125,12.700000,6.666667,8.735467,0.000000,0.866347
126,12.700000,6.500000,8.741333,0.000000,0.878311
127,12.700000,6.533333,8.735867,0.000000,0.872389
128,12.700000,6.500000,8.740867,0.000000,0.869391
129,12.700000,6.533333,8.732800,0.000000,0.870824
130,12.700000,6.633333,8.739600,0.000000,0.866723
131,12.700000,6.500000,8.743533,0.000000,0.869376
132,12.700000,6.533333,8.729667,0.000000,0.868445
133,12.700000,6.466667,8.733733,0.000000,0.875737
134,12.733333,6.466667,8.735000,0.000000,0.878941
135,12.733333,6.500000,8.726200,0.000000,0.867782
136,12.733333,6.666667,8.733733,0.000000,0.881234
137,12.733333,6.500000,8.720067,0.000000,0.881316
138,12.733333,6.400000,8.734000,0.000000,0.868047
139,12.733333,6.433333,8.741400,0.033333,0.890328
140,12.733333,6.566667,8.727400,0.000000,0.866211
141,12.733333,6.666667,8.752733,0.000000,0.874073
142,12.733333,6.566667,8.722000,0.033333,0.877727
143,12.733333,6.633333,8.736333,0.000000,0.874700
144,12.733333,6.566667,8.747467,0.000000,0.875151
145,12.733333,6.500000,8.736200,0.000000,0.874494
146,12.733333,6.500000,8.729600,0.000000,0.866283
147,12.733333,6.333333,8.728867,0.000000,0.868439
148,12.733333,6.533333,8.724267,0.000000,0.866549
149,12.766667,6.566667,8.736000,0.000000,0.867170
150,12.766667,6.500000,8.728600,0.000000,0.875253
151,12.766667,6.533333,8.736467,0.000000,0.864801
152,12.766667,6.733333,8.728600,0.000000,0.868804
153,12.766667,6.633333,8.724933,0.000000,0.870692
154,12.766667,6.466667,8.732933,0.000000,0.877276
155,12.766667,6.500000,8.738933,0.000000,0.865674
156,12.800000,6.333333,8.727333,0.000000,0.877616
157,12.800000,6.733333,8.730467,0.000000,0.866204
158,12.800000,6.666667,8.748667,0.000000,0.878057
159,12.800000,6.500000,8.736133,0.000000,0.870216
160,12.800000,6.600000,8.743867,0.000000,0.874428
161,12.800000,6.600000,8.739267,0.000000,0.869541
162,12.800000,6.500000,8.731133,0.000000,0.876181
163,12.800000,6.600000,8.740067,0.000000,0.873212
164,12.800000,6.666667,8.740133,0.000000,0.872071
165,12.800000,6.633333,8.724267,0.000000,0.873491
166,12.800000,6.633333,8.719467,0.000000,0.867598
167,12.800000,6.566667,8.745800,0.000000,0.866243
168,12.800000,6.533333,8.731467,0.000000,0.868463
169,12.800000,6.633333,8.742400,0.000000,0.869341
170,12.800000,6.633333,8.737200,0.000000,0.865576
171,12.800000,6.566667,8.730667,0.033333,0.874699
172,12.800000,6.433333,8.730333,0.000000,0.873959
173,12.800000,6.700000,8.734867,0.000000,0.866533
174,12.800000,6.600000,8.727867,0.000000,0.869961
175,12.800000,6.500000,8.735600,0.000000,0.872079
176,12.800000,6.633333,8.735800,0.000000,0.879089
177,12.833333,6.533333,8.721133,0.000000,0.872175
178,12.866667,6.566667,8.726200,0.000000,0.872412
179,12.866667,6.633333,8.734267,0.000000,0.864377
180,12.866667,6.666667,8.747200,0.000000,0.866786
181,12.866667,6.600000,8.739600,0.000000,0.872580
182,12.866667,6.433333,8.733400,0.000000,0.870457
183,12.866667,6.666667,8.731200,0.033333,0.870150
184,12.866667,6.666667,8.736867,0.000000,0.876021
185,12.866667,6.500000,8.734933,0.000000,0.876581
186,12.866667,6.566667,8.725867,0.000000,0.875484
187,12.866667,6.533333,8.736400,0.000000,0.865060
188,12.866667,6.633333,8.746267,0.000000,0.872089
189,12.866667,6.600000,8.726267,0.000000,0.865129
190,12.866667,6.566667,8.734800,0.000000,0.866439
191,12.866667,6.566667,8.736733,0.000000,0.870878
192,12.866667,6.633333,8.726267,0.033333,0.865880
193,12.866667,6.566667,8.746867,0.000000,0.869749
194,12.866667,6.700000,8.738667,0.000000,0.867240
195,12.866667,6.533333,8.725933,0.033333,0.872013
196,12.866667,6.533333,8.733333,0.000000,0.864785
197,12.866667,6.700000,8.727333,0.000000,0.873883
198,12.866667,6.600000,8.727133,0.000000,0.878206
199,12.866667,6.400000,8.735800,0.000000,0.874632
200,12.866667,6.666667,8.729867,0.000000,0.869042
BestSdev: 0.216615, Time: 38m52.408064756s