gen,best,worst,mean,rep,sdev
1,11.700000,6.466667,8.731067,0.000000,0.874702
2,11.833333,6.500000,8.734200,0.000000,0.868186
3,11.900000,6.533333,8.728267,0.000000,0.872809
4,11.933333,6.533333,8.727000,0.000000,0.871320
5,11.966667,6.600000,8.732733,0.000000,0.870746
6,12.000000,6.633333,8.729400,0.000000,0.867482
7,12.000000,6.600000,8.736467,0.000000,0.862522
8,12.000000,6.733333,8.738200,0.000000,0.872166
9,12.033333,6.700000,8.743533,0.000000,0.868153
10,12.033333,6.666667,8.727000,0.000000,0.872971
11,12.033333,6.666667,8.722867,0.000000,0.870311
12,12.033333,6.466667,8.730733,0.000000,0.870877
13,12.033333,6.766667,8.739067,0.000000,0.867342
14,12.033333,6.666667,8.741000,0.000000,0.871740
15,12.033333,6.466667,8.731933,0.000000,0.872369
16,12.033333,6.466667,8.737667,0.000000,0.873461
17,12.033333,6.633333,8.732733,0.000000,0.862266
18,12.033333,6.533333,8.732000,0.033333,0.870152
19,12.033333,6.600000,8.726933,0.000000,0.866395
20,12.033333,6.566667,8.737667,0.000000,0.867962
BestSdev: 0.084591, Time: 3m32.020325467s