gen,best,worst,mean,rep,sdev
1,11.033333,6.966667,8.724667,0.000000,0.865214
2,11.166667,6.866667,8.732000,0.000000,0.876806
3,11.266667,6.966667,8.749000,0.000000,0.875494
4,11.300000,6.866667,8.717333,0.000000,0.870681
5,11.400000,6.833333,8.733667,0.000000,0.882547
6,11.400000,6.833333,8.714667,0.000000,0.868862
7,11.433333,6.800000,8.728000,0.000000,0.868081
8,11.466667,6.933333,8.750667,0.000000,0.854931
9,11.566667,6.766667,8.739000,0.000000,0.880771
10,11.600000,6.966667,8.760333,0.000000,0.859195
11,11.666667,6.900000,8.730667,0.000000,0.876218
12,11.700000,6.900000,8.738333,0.000000,0.867102
13,11.766667,6.900000,8.711000,0.000000,0.862668
14,11.800000,7.000000,8.746000,0.000000,0.872269
15,11.800000,6.900000,8.733000,0.000000,0.869291
16,11.833333,6.900000,8.721000,0.000000,0.863190
17,11.866667,6.866667,8.762000,0.000000,0.881267
18,11.866667,6.933333,8.733000,0.000000,0.891314
19,11.866667,6.833333,8.730333,0.000000,0.878978
20,11.900000,6.900000,8.732667,0.000000,0.857872
BestSdev: 0.256141, Time: 41.678572914s