gen,best,worst,mean,rep,sdev
1,11.366667,6.633333,8.734733,0.000000,0.874029
2,11.566667,6.666667,8.738000,0.000000,0.877675
3,11.800000,6.466667,8.729067,0.000000,0.866120
4,11.966667,6.300000,8.727133,0.000000,0.864359
5,12.033333,6.666667,8.731133,0.000000,0.879805
6,12.066667,6.833333,8.732867,0.033333,0.856785
7,12.066667,6.400000,8.728800,0.000000,0.877452
8,12.066667,6.500000,8.734800,0.000000,0.868591
9,12.100000,6.500000,8.727400,0.000000,0.873105
10,12.100000,6.300000,8.727667,0.000000,0.879920
11,12.100000,6.666667,8.742667,0.000000,0.875792
12,12.100000,6.633333,8.729267,0.000000,0.874088
13,12.100000,6.566667,8.739733,0.000000,0.878661
14,12.133333,6.666667,8.741533,0.000000,0.873686
15,12.133333,6.733333,8.721533,0.000000,0.866460
16,12.133333,6.566667,8.720267,0.000000,0.872505
17,12.133333,6.566667,8.731400,0.000000,0.867651
18,12.133333,6.666667,8.723400,0.000000,0.871693
19,12.133333,6.666667,8.729400,0.000000,0.867042
20,12.133333,6.500000,8.725133,0.000000,0.875964
21,12.133333,6.500000,8.733333,0.000000,0.862952
22,12.133333,6.633333,8.727933,0.000000,0.868397
23,12.133333,6.700000,8.734600,0.000000,0.871601
24,12.133333,6.600000,8.727333,0.000000,0.873026
25,12.133333,6.733333,8.730267,0.000000,0.876360
26,12.133333,6.500000,8.730467,0.000000,0.856667
27,12.133333,6.533333,8.735400,0.000000,0.873018
28,12.133333,6.433333,8.725400,0.000000,0.879923
29,12.133333,6.500000,8.732733,0.000000,0.878403
30,12.133333,6.533333,8.737467,0.000000,0.874116
31,12.133333,6.666667,8.715800,0.000000,0.867369
32,12.133333,6.500000,8.742333,0.033333,0.886299
33,12.166667,6.400000,8.745533,0.000000,0.878451
34,12.166667,6.633333,8.741467,0.000000,0.862431
35,12.200000,6.500000,8.738000,0.000000,0.869688
36,12.200000,6.400000,8.731933,0.000000,0.875160
37,12.200000,6.700000,8.734733,0.000000,0.871620
38,12.200000,6.566667,8.737667,0.000000,0.872886
39,12.200000,6.766667,8.728667,0.000000,0.872578
40,12.200000,6.533333,8.735333,0.000000,0.865301
41,12.233333,6.500000,8.735133,0.000000,0.868590
42,12.266667,6.466667,8.738133,0.000000,0.869031
43,12.266667,6.633333,8.735133,0.000000,0.869878
44,12.333333,6.633333,8.727267,0.000000,0.868220
45,12.366667,6.666667,8.724467,0.000000,0.874091
46,12.366667,6.500000,8.736667,0.000000,0.863481
47,12.366667,6.700000,8.720600,0.000000,0.861683
48,12.366667,6.466667,8.723333,0.000000,0.882843
49,12.366667,6.466667,8.742200,0.000000,0.882958
50,12.366667,6.533333,8.728800,0.000000,0.870036
BestSdev: 0.174208, Time: 6m51.886627769s