gen,best,worst,mean,rep,sdev
1,10.233333,7.366667,8.766667,0.000000,0.824203
2,10.500000,7.400000,8.728333,0.000000,0.793057
3,10.700000,7.333333,8.768333,0.000000,0.826532
4,10.766667,7.366667,8.711667,0.000000,0.811115
5,10.933333,7.333333,8.780000,0.000000,0.827185
6,11.033333,7.300000,8.691667,0.000000,0.845069
7,11.066667,7.266667,8.675000,0.000000,0.827266
8,11.066667,7.400000,8.746667,0.000000,0.814968
9,11.100000,7.233333,8.740000,0.000000,0.859403
10,11.133333,7.233333,8.733333,0.000000,0.847468
11,11.133333,7.200000,8.736667,0.000000,0.815255
12,11.133333,7.266667,8.678333,0.000000,0.823058
13,11.133333,7.233333,8.725000,0.000000,0.838348
14,11.133333,7.166667,8.736667,0.000000,0.830914
15,11.166667,7.266667,8.730000,0.000000,0.846075
16,11.166667,7.200000,8.741667,0.000000,0.846454
17,11.200000,7.266667,8.738333,0.000000,0.844662
18,11.200000,7.300000,8.745000,0.000000,0.833611
19,11.233333,7.333333,8.773333,0.000000,0.847340
20,11.266667,7.300000,8.743333,0.000000,0.835297
21,11.266667,7.233333,8.710000,0.000000,0.826771
22,11.300000,7.333333,8.746667,0.000000,0.832648
23,11.333333,7.233333,8.786667,0.000000,0.857744
24,11.366667,7.233333,8.705000,0.000000,0.859977
25,11.366667,7.333333,8.803333,0.000000,0.801765
26,11.366667,7.300000,8.748333,0.000000,0.862098
27,11.400000,7.133333,8.726667,0.000000,0.877520
28,11.400000,7.300000,8.765000,0.000000,0.850861
29,11.400000,7.266667,8.693333,0.000000,0.825361
30,11.400000,7.333333,8.740000,0.000000,0.828824
31,11.400000,7.233333,8.678333,0.000000,0.837163
32,11.433333,7.400000,8.826667,0.000000,0.818342
33,11.433333,7.333333,8.771667,0.000000,0.850700
34,11.433333,7.133333,8.705000,0.000000,0.857291
35,11.433333,7.200000,8.663333,0.000000,0.811425
36,11.433333,7.266667,8.763333,0.000000,0.836347
37,11.433333,7.400000,8.838333,0.000000,0.809369
38,11.433333,7.366667,8.771667,0.000000,0.829919
39,11.433333,7.100000,8.681667,0.000000,0.810712
40,11.466667,7.333333,8.776667,0.000000,0.852094
41,11.466667,7.166667,8.758333,0.000000,0.849376
42,11.566667,7.166667,8.645000,0.000000,0.858873
43,11.566667,7.166667,8.688333,0.000000,0.813558
44,11.566667,7.233333,8.758333,0.000000,0.874079
45,11.566667,7.400000,8.718333,0.000000,0.786611
46,11.566667,7.300000,8.728333,0.000000,0.855513
47,11.566667,7.300000,8.756667,0.000000,0.817160
48,11.566667,7.200000,8.755000,0.000000,0.863654
49,11.566667,7.200000,8.741667,0.000000,0.842997
50,11.566667,7.333333,8.746667,0.000000,0.801384
51,11.566667,7.300000,8.740000,0.000000,0.820056
52,11.566667,7.300000,8.731667,0.000000,0.862280
53,11.600000,7.200000,8.740000,0.000000,0.826951
54,11.633333,7.233333,8.738333,0.000000,0.825646
55,11.633333,7.133333,8.775000,0.000000,0.889350
56,11.633333,7.066667,8.683333,0.000000,0.904031
57,11.633333,7.500000,8.793333,0.000000,0.830311
58,11.666667,7.333333,8.753333,0.000000,0.834553
59,11.700000,7.200000,8.756667,0.000000,0.858432
60,11.700000,7.166667,8.680000,0.000000,0.843232
61,11.700000,7.166667,8.766667,0.000000,0.907203
62,11.700000,7.166667,8.708333,0.000000,0.907335
63,11.700000,7.200000,8.675000,0.000000,0.828134
64,11.700000,7.100000,8.770000,0.000000,0.847054
65,11.700000,7.200000,8.700000,0.000000,0.853052
66,11.700000,7.300000,8.761667,0.000000,0.830104
67,11.700000,7.466667,8.790000,0.000000,0.777975
68,11.700000,7.200000,8.700000,0.000000,0.836382
69,11.700000,7.333333,8.721667,0.000000,0.812601
70,11.733333,7.266667,8.780000,0.000000,0.836950
71,11.733333,7.166667,8.725000,0.000000,0.857781
72,11.733333,7.333333,8.756667,0.000000,0.803631
73,11.733333,7.333333,8.783333,0.000000,0.844334
74,11.733333,7.100000,8.735000,0.000000,0.898174
75,11.733333,7.300000,8.738333,0.000000,0.809610
76,11.733333,7.233333,8.751667,0.000000,0.837139
77,11.733333,7.233333,8.768333,0.000000,0.864031
78,11.733333,7.333333,8.728333,0.000000,0.804159
79,11.733333,7.400000,8.745000,0.000000,0.787674
80,11.733333,7.333333,8.725000,0.000000,0.859704
81,11.766667,7.266667,8.678333,0.000000,0.882751
82,11.766667,7.400000,8.755000,0.000000,0.798109
83,11.766667,7.266667,8.741667,0.000000,0.841681
84,11.833333,7.200000,8.738333,0.000000,0.885520
85,11.833333,7.200000,8.708333,0.000000,0.829011
86,11.833333,7.166667,8.746667,0.000000,0.833754
87,11.833333,7.266667,8.801667,0.000000,0.861331
88,11.833333,7.266667,8.728333,0.000000,0.835540
89,11.833333,7.400000,8.776667,0.000000,0.849325
90,11.833333,7.266667,8.718333,0.000000,0.803469
91,11.833333,7.233333,8.755000,0.000000,0.846759
92,11.833333,7.366667,8.735000,0.000000,0.816253
93,11.833333,7.333333,8.780000,0.000000,0.815240
94,11.833333,7.233333,8.715000,0.000000,0.820334
95,11.833333,7.333333,8.711667,0.000000,0.801578
96,11.866667,7.300000,8.731667,0.000000,0.850793
97,11.866667,7.133333,8.763333,0.000000,0.906703
98,11.866667,7.333333,8.718333,0.000000,0.844323
99,11.900000,7.500000,8.830000,0.000000,0.829097
100,11.933333,7.266667,8.765000,0.000000,0.850767
BestSdev: 0.313037, Time: 56.763110332s