gen,best,worst,mean,rep,sdev
1,10.366667,7.166667,8.763333,0.000000,0.875348
2,10.666667,7.100000,8.728333,0.000000,0.881065
3,10.933333,7.100000,8.668333,0.000000,0.850635
4,11.033333,7.200000,8.695000,0.000000,0.873487
5,11.133333,7.266667,8.771667,0.000000,0.825924
6,11.133333,7.166667,8.673333,0.000000,0.862734
7,11.133333,7.333333,8.758333,0.000000,0.817558
8,11.133333,7.233333,8.671667,0.000000,0.807363
9,11.133333,7.333333,8.788333,0.000000,0.830881
10,11.133333,7.233333,8.693333,0.000000,0.834144
11,11.200000,7.333333,8.791667,0.000000,0.862218
12,11.200000,7.466667,8.795000,0.000000,0.808318
13,11.200000,7.366667,8.753333,0.000000,0.812264
14,11.200000,7.266667,8.750000,0.000000,0.825475
15,11.200000,7.200000,8.716667,0.000000,0.854337
16,11.266667,7.333333,8.780000,0.000000,0.884741
17,11.266667,7.233333,8.711667,0.000000,0.806760
18,11.300000,7.300000,8.733333,0.000000,0.830893
19,11.333333,7.300000,8.758333,0.000000,0.842328
20,11.366667,7.200000,8.753333,0.000000,0.873690
BestSdev: 0.226936, Time: 12.645347891s