gen,best,worst,mean,rep,sdev
1,11.233333,6.866667,8.718167,0.000000,0.867326
2,11.300000,6.866667,8.730667,0.000000,0.865688
3,11.400000,6.866667,8.723667,0.000000,0.877456
4,11.500000,6.566667,8.702500,0.000000,0.885079
5,11.500000,6.666667,8.733833,0.000000,0.876865
6,11.633333,6.833333,8.727500,0.000000,0.862467
7,11.700000,6.733333,8.729667,0.000000,0.854577
8,11.766667,6.866667,8.729833,0.000000,0.861950
9,11.766667,6.766667,8.738333,0.000000,0.864566
10,11.833333,6.833333,8.736833,0.000000,0.868699
11,11.900000,6.833333,8.730000,0.000000,0.858812
12,11.933333,6.733333,8.727667,0.000000,0.874592
13,11.933333,6.700000,8.729667,0.000000,0.876794
14,11.933333,6.800000,8.719333,0.000000,0.882364
15,11.966667,6.833333,8.726500,0.000000,0.874942
16,12.000000,6.733333,8.755000,0.000000,0.886141
17,12.000000,6.666667,8.724333,0.000000,0.861635
18,12.000000,6.833333,8.745333,0.000000,0.865414
19,12.000000,6.700000,8.728833,0.000000,0.866627
20,12.000000,6.833333,8.742500,0.000000,0.871071
21,12.000000,6.800000,8.724500,0.000000,0.874115
22,12.000000,6.866667,8.758833,0.000000,0.870965
23,12.000000,6.900000,8.769500,0.000000,0.879298
24,12.033333,6.766667,8.772333,0.000000,0.876257
25,12.066667,6.766667,8.737500,0.000000,0.880105
26,12.066667,6.766667,8.745667,0.000000,0.885323
27,12.100000,6.833333,8.719167,0.000000,0.874907
28,12.100000,6.800000,8.722333,0.000000,0.862682
29,12.100000,6.766667,8.750500,0.000000,0.876035
30,12.100000,6.900000,8.730000,0.000000,0.863197
31,12.100000,6.833333,8.733667,0.000000,0.868545
32,12.100000,6.866667,8.726500,0.000000,0.883779
33,12.100000,6.833333,8.730167,0.000000,0.856250
34,12.100000,6.833333,8.742500,0.000000,0.869227
35,12.100000,6.833333,8.744500,0.000000,0.874466
36,12.100000,6.833333,8.736333,0.000000,0.878594
37,12.100000,6.833333,8.731833,0.000000,0.856833
38,12.100000,6.900000,8.735833,0.000000,0.868884
39,12.100000,6.866667,8.724000,0.000000,0.875761
40,12.100000,6.733333,8.751500,0.000000,0.878667
41,12.100000,6.766667,8.753500,0.000000,0.886635
42,12.100000,6.766667,8.736167,0.000000,0.863870
43,12.133333,6.800000,8.742500,0.000000,0.889054
44,12.133333,6.833333,8.735000,0.000000,0.851355
45,12.133333,6.766667,8.753333,0.000000,0.865506
46,12.133333,6.766667,8.736500,0.000000,0.871768
47,12.133333,6.800000,8.734833,0.000000,0.862845
48,12.133333,6.866667,8.742000,0.000000,0.871963
49,12.133333,6.866667,8.727833,0.000000,0.875109
50,12.133333,6.866667,8.719167,0.000000,0.863079
51,12.133333,6.766667,8.730333,0.000000,0.851396
52,12.133333,6.800000,8.739667,0.000000,0.876590
53,12.133333,6.866667,8.744000,0.000000,0.866653
54,12.133333,6.800000,8.719833,0.000000,0.866406
55,12.133333,6.700000,8.745000,0.000000,0.873832
56,12.133333,6.833333,8.753667,0.000000,0.876302
57,12.133333,6.800000,8.738833,0.000000,0.866613
58,12.133333,6.900000,8.726833,0.000000,0.881046
59,12.133333,6.833333,8.726833,0.000000,0.865165
60,12.133333,6.766667,8.726333,0.000000,0.867728
61,12.133333,6.666667,8.709667,0.000000,0.877426
62,12.166667,6.866667,8.736667,0.000000,0.878789
63,12.166667,6.700000,8.709500,0.000000,0.883247
64,12.166667,6.833333,8.735667,0.000000,0.871698
65,12.166667,6.800000,8.737333,0.000000,0.868156
66,12.200000,6.900000,8.741333,0.000000,0.870955
67,12.200000,6.800000,8.722667,0.000000,0.863441
68,12.200000,6.700000,8.735833,0.000000,0.871903
69,12.200000,6.833333,8.730167,0.000000,0.858115
70,12.200000,6.900000,8.714333,0.000000,0.867910
71,12.200000,6.700000,8.733167,0.000000,0.865537
72,12.200000,6.800000,8.729500,0.000000,0.878712
73,12.200000,6.900000,8.747500,0.000000,0.867199
74,12.200000,6.800000,8.734000,0.000000,0.865840
75,12.200000,6.766667,8.744333,0.000000,0.880145
76,12.200000,6.733333,8.732500,0.000000,0.875732
77,12.200000,6.866667,8.744833,0.000000,0.852353
78,12.200000,6.700000,8.735500,0.000000,0.886982
79,12.200000,6.733333,8.735667,0.000000,0.874796
80,12.200000,6.933333,8.728333,0.000000,0.860184
81,12.200000,6.700000,8.720167,0.000000,0.885341
82,12.200000,6.866667,8.751333,0.000000,0.873190
83,12.233333,6.800000,8.747000,0.000000,0.877738
84,12.233333,6.866667,8.736667,0.000000,0.884533
85,12.233333,6.800000,8.735333,0.000000,0.874578
86,12.233333,6.900000,8.722500,0.000000,0.846033
87,12.266667,6.766667,8.758667,0.000000,0.872444
88,12.266667,6.733333,8.725000,0.000000,0.860625
89,12.266667,6.833333,8.727500,0.000000,0.848215
90,12.266667,6.766667,8.715833,0.000000,0.863100
91,12.266667,6.833333,8.731333,0.000000,0.870491
92,12.266667,6.800000,8.739000,0.000000,0.871101
93,12.266667,6.600000,8.743000,0.000000,0.875963
94,12.266667,6.933333,8.727667,0.000000,0.874162
95,12.266667,6.900000,8.744833,0.000000,0.877137
96,12.266667,6.766667,8.736000,0.000000,0.873714
97,12.266667,6.733333,8.726167,0.000000,0.863759
98,12.266667,6.833333,8.763833,0.000000,0.872801
99,12.266667,6.800000,8.733000,0.000000,0.871846
100,12.266667,6.700000,8.742500,0.000000,0.872086
BestSdev: 0.203497, Time: 5m30.253434605s