gen,best,worst,mean,rep,sdev
1,10.433333,7.200000,8.730000,0.000000,0.898221
2,10.600000,7.133333,8.665000,0.000000,0.809673
3,10.833333,7.166667,8.700000,0.000000,0.850727
4,11.066667,7.400000,8.778333,0.000000,0.870366
5,11.100000,7.266667,8.753333,0.000000,0.859294
6,11.133333,7.266667,8.730000,0.000000,0.850653
7,11.166667,7.200000,8.746667,0.000000,0.842281
8,11.166667,7.233333,8.690000,0.000000,0.810560
9,11.266667,7.233333,8.748333,0.000000,0.873930
10,11.266667,7.233333,8.798333,0.000000,0.863252
11,11.300000,7.366667,8.750000,0.000000,0.846797
12,11.300000,7.266667,8.676667,0.000000,0.828792
13,11.300000,7.333333,8.721667,0.000000,0.836027
14,11.333333,7.333333,8.745000,0.000000,0.811893
15,11.333333,7.366667,8.793333,0.000000,0.877082
16,11.333333,7.266667,8.716667,0.000000,0.802919
17,11.333333,7.300000,8.718333,0.000000,0.831655
18,11.333333,7.266667,8.745000,0.000000,0.849904
19,11.333333,7.366667,8.695000,0.000000,0.821115
20,11.333333,7.233333,8.758333,0.000000,0.852884
21,11.333333,7.233333,8.660000,0.000000,0.834430
22,11.333333,7.200000,8.691667,0.000000,0.806460
23,11.333333,7.333333,8.746667,0.000000,0.808389
24,11.333333,7.233333,8.703333,0.000000,0.828107
25,11.333333,7.266667,8.700000,0.000000,0.811354
26,11.333333,7.433333,8.790000,0.000000,0.811480
27,11.333333,7.333333,8.681667,0.000000,0.789479
28,11.333333,7.100000,8.658333,0.000000,0.833145
29,11.366667,7.266667,8.748333,0.000000,0.827106
30,11.433333,7.233333,8.728333,0.000000,0.861207
31,11.433333,7.233333,8.761667,0.000000,0.855006
32,11.433333,7.300000,8.756667,0.000000,0.821304
33,11.433333,7.233333,8.760000,0.000000,0.879430
34,11.433333,7.366667,8.770000,0.000000,0.806619
35,11.433333,7.233333,8.675000,0.000000,0.819379
36,11.466667,7.333333,8.778333,0.000000,0.882520
37,11.466667,7.266667,8.715000,0.000000,0.830584
38,11.466667,7.400000,8.778333,0.000000,0.806803
39,11.533333,7.366667,8.758333,0.000000,0.861849
40,11.566667,7.300000,8.735000,0.000000,0.881370
41,11.566667,7.066667,8.691667,0.000000,0.873814
42,11.566667,7.200000,8.740000,0.000000,0.854072
43,11.566667,7.266667,8.711667,0.000000,0.818154
44,11.566667,7.233333,8.788333,0.000000,0.870880
45,11.566667,7.333333,8.745000,0.000000,0.819534
46,11.566667,7.233333,8.730000,0.000000,0.810548
47,11.566667,7.200000,8.741667,0.000000,0.846039
48,11.566667,7.333333,8.751667,0.000000,0.832453
49,11.600000,7.333333,8.735000,0.000000,0.833703
50,11.633333,7.300000,8.756667,0.000000,0.854892
51,11.633333,7.133333,8.705000,0.000000,0.875410
52,11.633333,7.200000,8.706667,0.000000,0.844922
53,11.666667,7.133333,8.740000,0.000000,0.868953
54,11.700000,7.333333,8.731667,0.000000,0.841241
55,11.766667,7.266667,8.786667,0.000000,0.858808
56,11.766667,7.100000,8.730000,0.000000,0.842646
57,11.800000,7.166667,8.715000,0.000000,0.820873
58,11.800000,7.233333,8.713333,0.000000,0.848237
59,11.800000,7.366667,8.798333,0.000000,0.813542
60,11.800000,7.266667,8.780000,0.000000,0.855642
61,11.800000,7.233333,8.818333,0.000000,0.854968
62,11.800000,7.200000,8.700000,0.000000,0.867343
63,11.833333,7.300000,8.751667,0.000000,0.854818
64,11.833333,7.066667,8.710000,0.000000,0.843828
65,11.833333,7.266667,8.760000,0.000000,0.854448
66,11.833333,7.366667,8.745000,0.000000,0.819473
67,11.833333,7.200000,8.751667,0.000000,0.871615
68,11.833333,7.400000,8.738333,0.000000,0.823432
69,11.833333,7.200000,8.748333,0.000000,0.882654
70,11.833333,7.233333,8.713333,0.000000,0.827031
71,11.866667,7.200000,8.666667,0.000000,0.882609
72,11.866667,7.233333,8.735000,0.000000,0.843153
73,11.866667,7.166667,8.706667,0.000000,0.874783
74,11.866667,7.233333,8.740000,0.000000,0.857268
75,11.866667,7.200000,8.770000,0.000000,0.872794
76,11.866667,7.133333,8.733333,0.000000,0.887805
77,11.866667,7.200000,8.718333,0.000000,0.833286
78,11.866667,7.200000,8.650000,0.000000,0.845968
79,11.866667,7.266667,8.755000,0.000000,0.804905
80,11.866667,7.266667,8.761667,0.000000,0.858628
81,11.900000,7.400000,8.773333,0.000000,0.834746
82,11.900000,7.233333,8.688333,0.000000,0.812476
83,11.900000,7.400000,8.776667,0.000000,0.865572
84,11.900000,7.366667,8.723333,0.000000,0.780009
85,11.900000,7.400000,8.770000,0.000000,0.817810
86,11.900000,7.300000,8.796667,0.000000,0.832243
87,11.900000,7.200000,8.788333,0.000000,0.833654
88,11.900000,7.366667,8.745000,0.000000,0.823188
89,11.900000,7.266667,8.818333,0.000000,0.872871
90,11.900000,7.266667,8.716667,0.000000,0.839237
91,11.900000,7.266667,8.675000,0.000000,0.798975
92,11.900000,7.166667,8.678333,0.000000,0.827203
93,11.900000,7.233333,8.708333,0.000000,0.803039
94,11.900000,7.300000,8.676667,0.000000,0.839546
95,11.900000,7.133333,8.718333,0.000000,0.854406
96,11.900000,7.366667,8.806667,0.000000,0.825811
97,11.900000,7.300000,8.735000,0.000000,0.840158
98,11.900000,7.200000,8.716667,0.000000,0.844696
99,11.933333,7.400000,8.711667,0.000000,0.815274
100,11.933333,7.166667,8.681667,0.000000,0.827013
101,11.933333,7.300000,8.730000,0.000000,0.833467
102,11.933333,7.266667,8.733333,0.000000,0.850782
103,11.933333,7.333333,8.798333,0.000000,0.813418
104,11.966667,7.233333,8.718333,0.000000,0.832771
105,11.966667,7.500000,8.765000,0.000000,0.835340
106,11.966667,7.233333,8.756667,0.000000,0.817902
107,11.966667,7.300000,8.728333,0.000000,0.845998
108,11.966667,7.266667,8.760000,0.000000,0.876276
109,11.966667,7.400000,8.701667,0.000000,0.815377
110,11.966667,7.200000,8.731667,0.000000,0.836445
111,11.966667,7.366667,8.770000,0.000000,0.817769
112,11.966667,7.333333,8.730000,0.000000,0.837607
113,11.966667,7.200000,8.688333,0.000000,0.823029
114,11.966667,7.433333,8.770000,0.000000,0.830145
115,11.966667,7.333333,8.736667,0.000000,0.854806
116,11.966667,7.266667,8.833333,0.000000,0.848005
117,11.966667,7.133333,8.695000,0.000000,0.861436
118,11.966667,7.333333,8.750000,0.000000,0.833892
119,11.966667,7.366667,8.760000,0.000000,0.819936
120,11.966667,7.300000,8.706667,0.000000,0.828256
121,11.966667,7.366667,8.708333,0.000000,0.846994
122,11.966667,7.400000,8.835000,0.000000,0.841011
123,11.966667,7.333333,8.741667,0.000000,0.843918
124,11.966667,7.400000,8.768333,0.000000,0.828315
125,11.966667,7.333333,8.750000,0.000000,0.838524
126,12.000000,7.333333,8.753333,0.000000,0.827813
127,12.000000,7.400000,8.731667,0.000000,0.752328
128,12.000000,7.200000,8.723333,0.000000,0.845463
129,12.000000,7.233333,8.735000,0.000000,0.846683
130,12.000000,7.300000,8.755000,0.000000,0.853888
131,12.033333,7.366667,8.805000,0.000000,0.853358
132,12.033333,7.333333,8.715000,0.000000,0.831176
133,12.033333,7.466667,8.760000,0.000000,0.796029
134,12.033333,7.300000,8.778333,0.000000,0.887752
135,12.033333,7.300000,8.798333,0.000000,0.849725
136,12.033333,7.133333,8.741667,0.000000,0.848393
137,12.033333,7.100000,8.700000,0.000000,0.895363
138,12.033333,7.266667,8.708333,0.000000,0.841924
139,12.033333,7.266667,8.723333,0.000000,0.875812
140,12.033333,7.100000,8.673333,0.000000,0.892141
141,12.033333,7.166667,8.733333,0.000000,0.866059
142,12.033333,7.233333,8.761667,0.000000,0.862154
143,12.033333,7.533333,8.776667,0.000000,0.816328
144,12.033333,7.266667,8.706667,0.000000,0.832808
145,12.033333,7.333333,8.790000,0.000000,0.827039
146,12.033333,7.266667,8.725000,0.000000,0.805490
147,12.033333,7.300000,8.746667,0.000000,0.847006
148,12.033333,7.266667,8.805000,0.000000,0.872213
149,12.033333,7.200000,8.743333,0.000000,0.859718
150,12.033333,7.300000,8.761667,0.000000,0.859079
151,12.033333,7.100000,8.731667,0.000000,0.897908
152,12.033333,7.333333,8.770000,0.000000,0.822829
153,12.033333,7.466667,8.775000,0.000000,0.819936
154,12.033333,7.300000,8.783333,0.000000,0.852956
155,12.033333,7.333333,8.813333,0.000000,0.798640
156,12.033333,7.200000,8.750000,0.000000,0.861612
157,12.033333,7.300000,8.715000,0.000000,0.799430
158,12.033333,7.400000,8.768333,0.000000,0.834032
159,12.033333,7.166667,8.800000,0.000000,0.893643
160,12.033333,7.300000,8.743333,0.000000,0.808301
161,12.033333,7.266667,8.745000,0.000000,0.821563
162,12.066667,7.366667,8.715000,0.000000,0.821272
163,12.066667,7.233333,8.750000,0.000000,0.860001
164,12.066667,7.300000,8.741667,0.000000,0.824010
165,12.066667,7.166667,8.780000,0.000000,0.869838
166,12.066667,7.233333,8.745000,0.000000,0.842726
167,12.066667,7.400000,8.780000,0.000000,0.877402
168,12.066667,7.133333,8.776667,0.000000,0.840562
169,12.066667,7.433333,8.711667,0.000000,0.786910
170,12.066667,7.366667,8.786667,0.000000,0.820466
171,12.066667,7.300000,8.763333,0.000000,0.837766
172,12.066667,7.366667,8.746667,0.000000,0.822981
173,12.066667,7.300000,8.758333,0.000000,0.853018
174,12.066667,7.000000,8.696667,0.000000,0.852717
175,12.066667,7.233333,8.806667,0.000000,0.847063
176,12.066667,7.233333,8.770000,0.000000,0.853876
177,12.066667,7.200000,8.675000,0.000000,0.831813
178,12.066667,7.033333,8.696667,0.000000,0.863199
179,12.066667,7.233333,8.698333,0.000000,0.815814
180,12.066667,7.400000,8.768333,0.000000,0.818667
181,12.066667,7.200000,8.661667,0.000000,0.851917
182,12.066667,7.300000,8.786667,0.000000,0.841692
183,12.066667,7.300000,8.750000,0.000000,0.807330
184,12.066667,7.366667,8.773333,0.000000,0.839057
185,12.066667,7.433333,8.690000,0.000000,0.836596
186,12.066667,7.266667,8.745000,0.000000,0.854071
187,12.066667,7.166667,8.741667,0.000000,0.863360
188,12.066667,7.233333,8.781667,0.000000,0.864576
189,12.100000,7.300000,8.746667,0.000000,0.833831
190,12.100000,7.233333,8.713333,0.000000,0.830574
191,12.100000,7.266667,8.758333,0.000000,0.873337
192,12.100000,7.133333,8.740000,0.000000,0.900355
193,12.100000,7.133333,8.711667,0.000000,0.844894
194,12.100000,7.200000,8.698333,0.000000,0.833629
195,12.100000,7.366667,8.803333,0.000000,0.866406
196,12.100000,7.300000,8.751667,0.000000,0.849585
197,12.100000,7.166667,8.725000,0.000000,0.839854
198,12.100000,7.266667,8.721667,0.000000,0.865512
199,12.100000,7.233333,8.775000,0.000000,0.893209
200,12.100000,7.233333,8.746667,0.000000,0.853898
201,12.100000,7.266667,8.718333,0.000000,0.825886
202,12.100000,7.366667,8.773333,0.000000,0.841274
203,12.100000,7.300000,8.751667,0.000000,0.833636
204,12.100000,7.366667,8.768333,0.000000,0.842963
205,12.100000,7.400000,8.705000,0.000000,0.782554
206,12.100000,7.166667,8.706667,0.000000,0.864899
207,12.100000,7.300000,8.803333,0.000000,0.868378
208,12.100000,7.200000,8.661667,0.000000,0.832590
209,12.100000,7.166667,8.655000,0.000000,0.833581
210,12.100000,7.300000,8.710000,0.000000,0.821169
211,12.100000,7.333333,8.755000,0.000000,0.801232
212,12.100000,7.266667,8.760000,0.000000,0.819297
213,12.100000,7.433333,8.770000,0.000000,0.848549
214,12.100000,7.200000,8.655000,0.000000,0.861579
215,12.100000,7.266667,8.765000,0.000000,0.882976
216,12.100000,7.300000,8.740000,0.000000,0.858248
217,12.100000,7.333333,8.720000,0.000000,0.836740
218,12.100000,7.233333,8.746667,0.000000,0.840448
219,12.100000,7.400000,8.775000,0.000000,0.834217
220,12.100000,7.266667,8.740000,0.000000,0.832980
221,12.100000,7.166667,8.685000,0.000000,0.842563
222,12.100000,7.366667,8.751667,0.000000,0.820324
223,12.100000,7.233333,8.686667,0.000000,0.857243
224,12.100000,7.300000,8.688333,0.000000,0.833357
225,12.100000,7.266667,8.711667,0.000000,0.829930
226,12.100000,7.333333,8.773333,0.000000,0.834870
227,12.100000,7.300000,8.620000,0.000000,0.808342
228,12.100000,7.200000,8.718333,0.000000,0.882153
229,12.100000,7.366667,8.720000,0.000000,0.830035
230,12.100000,7.266667,8.726667,0.000000,0.841722
231,12.100000,7.333333,8.758333,0.000000,0.814023
232,12.100000,7.200000,8.690000,0.000000,0.808576
233,12.100000,7.166667,8.735000,0.000000,0.826245
234,12.100000,7.166667,8.796667,0.000000,0.848407
235,12.100000,7.466667,8.791667,0.000000,0.817847
236,12.100000,7.133333,8.708333,0.000000,0.869923
237,12.100000,7.333333,8.733333,0.000000,0.811887
238,12.100000,7.433333,8.765000,0.000000,0.805244
239,12.100000,7.200000,8.688333,0.000000,0.849890
240,12.100000,7.233333,8.733333,0.000000,0.831308
241,12.100000,7.233333,8.750000,0.000000,0.869323
242,12.100000,7.300000,8.736667,0.000000,0.828483
243,12.100000,7.300000,8.745000,0.000000,0.855051
244,12.100000,7.333333,8.720000,0.000000,0.796480
245,12.100000,7.266667,8.656667,0.000000,0.789949
246,12.133333,7.366667,8.761667,0.000000,0.842523
247,12.133333,7.400000,8.705000,0.000000,0.820288
248,12.133333,7.266667,8.775000,0.000000,0.875058
249,12.133333,7.233333,8.746667,0.000000,0.843972
250,12.133333,7.166667,8.725000,0.000000,0.853824
251,12.133333,7.333333,8.616667,0.000000,0.793703
252,12.133333,7.300000,8.771667,0.000000,0.848955
253,12.133333,7.300000,8.730000,0.000000,0.843083
254,12.133333,7.166667,8.705000,0.000000,0.873790
255,12.133333,7.233333,8.790000,0.000000,0.870013
256,12.133333,7.133333,8.746667,0.000000,0.857133
257,12.133333,7.300000,8.705000,0.000000,0.823867
258,12.133333,7.233333,8.758333,0.000000,0.839573
259,12.133333,7.333333,8.708333,0.000000,0.843620
260,12.133333,7.266667,8.771667,0.000000,0.845226
261,12.133333,7.300000,8.660000,0.000000,0.826869
262,12.133333,7.266667,8.685000,0.000000,0.794065
263,12.133333,7.233333,8.691667,0.000000,0.836201
264,12.133333,7.333333,8.691667,0.000000,0.835524
265,12.133333,7.266667,8.731667,0.000000,0.837878
266,12.133333,7.133333,8.746667,0.000000,0.859783
267,12.133333,7.200000,8.748333,0.000000,0.858481
268,12.133333,7.266667,8.690000,0.000000,0.822077
269,12.133333,7.100000,8.751667,0.000000,0.879121
270,12.133333,7.300000,8.783333,0.000000,0.841981
271,12.133333,7.300000,8.756667,0.000000,0.815909
272,12.133333,7.166667,8.700000,0.000000,0.871986
273,12.133333,7.166667,8.695000,0.000000,0.880627
274,12.133333,7.266667,8.738333,0.000000,0.850966
275,12.133333,7.133333,8.693333,0.000000,0.823486
276,12.133333,7.133333,8.745000,0.000000,0.857270
277,12.133333,7.200000,8.728333,0.000000,0.867075
278,12.133333,7.133333,8.686667,0.000000,0.811006
279,12.133333,7.400000,8.725000,0.000000,0.801718
280,12.133333,7.400000,8.758333,0.000000,0.821884
281,12.133333,7.200000,8.761667,0.000000,0.837865
282,12.133333,7.266667,8.741667,0.000000,0.841747
283,12.133333,7.366667,8.708333,0.000000,0.855439
284,12.133333,7.366667,8.805000,0.000000,0.842090
285,12.133333,7.300000,8.728333,0.000000,0.844551
286,12.133333,7.200000,8.678333,0.000000,0.823099
287,12.133333,7.200000,8.733333,0.000000,0.863837
288,12.133333,7.166667,8.675000,0.000000,0.852692
289,12.133333,7.200000,8.760000,0.000000,0.879809
290,12.133333,7.433333,8.755000,0.000000,0.843346
291,12.133333,7.133333,8.713333,0.000000,0.870060
292,12.133333,7.133333,8.653333,0.000000,0.815306
293,12.133333,7.366667,8.775000,0.000000,0.806799
294,12.133333,7.400000,8.768333,0.000000,0.867921
295,12.133333,7.300000,8.686667,0.000000,0.812775
296,12.133333,7.300000,8.721667,0.000000,0.831216
297,12.133333,7.300000,8.753333,0.000000,0.860830
298,12.133333,7.333333,8.731667,0.000000,0.823826
299,12.133333,7.266667,8.748333,0.000000,0.820033
300,12.133333,7.233333,8.793333,0.000000,0.855531
301,12.133333,7.300000,8.751667,0.000000,0.840754
302,12.133333,7.233333,8.726667,0.000000,0.836113
303,12.133333,7.200000,8.723333,0.000000,0.851962
304,12.133333,7.233333,8.786667,0.000000,0.820597
305,12.133333,7.266667,8.731667,0.000000,0.804069
306,12.133333,7.266667,8.753333,0.000000,0.844596
307,12.133333,7.166667,8.743333,0.000000,0.893092
308,12.166667,7.200000,8.688333,0.000000,0.844340
309,12.166667,7.333333,8.780000,0.000000,0.838359
310,12.166667,7.266667,8.690000,0.000000,0.843962
311,12.166667,7.200000,8.801667,0.000000,0.854888
312,12.166667,7.300000,8.721667,0.000000,0.817417
313,12.166667,7.200000,8.771667,0.000000,0.851091
314,12.166667,7.400000,8.746667,0.000000,0.852056
315,12.166667,7.266667,8.738333,0.000000,0.848702
316,12.166667,7.100000,8.646667,0.000000,0.832785
317,12.166667,7.233333,8.785000,0.000000,0.855275
318,12.166667,7.233333,8.763333,0.000000,0.863274
319,12.166667,7.333333,8.670000,0.000000,0.791196
320,12.166667,7.166667,8.681667,0.000000,0.848223
321,12.166667,7.200000,8.730000,0.000000,0.862355
322,12.166667,7.233333,8.728333,0.000000,0.838334
323,12.166667,7.233333,8.708333,0.000000,0.852989
324,12.166667,7.200000,8.713333,0.000000,0.822298
325,12.166667,7.333333,8.765000,0.000000,0.861949
326,12.166667,7.300000,8.748333,0.000000,0.829836
327,12.166667,7.100000,8.730000,0.000000,0.907816
328,12.166667,7.200000,8.720000,0.000000,0.827663
329,12.166667,7.333333,8.750000,0.000000,0.816375
330,12.166667,7.400000,8.720000,0.000000,0.801506
331,12.166667,7.266667,8.751667,0.000000,0.831335
332,12.166667,7.200000,8.730000,0.000000,0.870711
333,12.166667,7.266667,8.786667,0.000000,0.852991
334,12.166667,7.166667,8.765000,0.000000,0.891614
335,12.166667,7.100000,8.703333,0.000000,0.832299
336,12.166667,7.266667,8.735000,0.000000,0.852595
337,12.166667,7.233333,8.705000,0.000000,0.816637
338,12.166667,7.166667,8.726667,0.000000,0.866159
339,12.166667,7.266667,8.781667,0.000000,0.835193
340,12.166667,7.266667,8.740000,0.000000,0.858687
341,12.166667,7.200000,8.716667,0.000000,0.843766
342,12.166667,7.433333,8.805000,0.000000,0.824257
343,12.166667,7.200000,8.715000,0.000000,0.847446
344,12.166667,7.266667,8.766667,0.000000,0.825948
345,12.166667,7.266667,8.746667,0.000000,0.847629
346,12.166667,7.200000,8.706667,0.000000,0.850631
347,12.166667,7.300000,8.746667,0.000000,0.852787
348,12.166667,7.300000,8.788333,0.000000,0.847685
349,12.166667,7.300000,8.713333,0.000000,0.830430
350,12.166667,7.266667,8.691667,0.000000,0.831347
351,12.166667,7.166667,8.691667,0.000000,0.826807
352,12.166667,7.200000,8.743333,0.000000,0.848563
353,12.166667,7.266667,8.760000,0.000000,0.838015
354,12.166667,7.166667,8.678333,0.000000,0.859902
355,12.166667,7.433333,8.778333,0.000000,0.811098
356,12.166667,7.300000,8.700000,0.000000,0.814183
357,12.166667,7.266667,8.748333,0.000000,0.855331
358,12.166667,7.366667,8.726667,0.000000,0.814710
359,12.166667,7.333333,8.758333,0.000000,0.837105
360,12.166667,7.166667,8.731667,0.000000,0.831085
361,12.166667,7.300000,8.816667,0.000000,0.869483
362,12.166667,7.200000,8.768333,0.000000,0.827736
363,12.166667,7.200000,8.768333,0.000000,0.857412
364,12.166667,7.333333,8.733333,0.000000,0.816045
365,12.166667,7.300000,8.745000,0.000000,0.806341
366,12.166667,7.133333,8.738333,0.000000,0.876947
367,12.166667,7.100000,8.685000,0.000000,0.848382
368,12.166667,7.200000,8.690000,0.000000,0.852169
369,12.166667,7.300000,8.733333,0.000000,0.836589
370,12.166667,7.166667,8.711667,0.000000,0.826151
371,12.166667,7.200000,8.756667,0.000000,0.825734
372,12.166667,7.400000,8.716667,0.000000,0.843565
373,12.166667,7.233333,8.725000,0.000000,0.853751
374,12.166667,7.366667,8.748333,0.000000,0.830679
375,12.166667,7.233333,8.716667,0.000000,0.884270
376,12.166667,7.266667,8.736667,0.000000,0.864740
377,12.166667,7.233333,8.755000,0.000000,0.876186
378,12.166667,7.233333,8.768333,0.000000,0.851283
379,12.166667,7.200000,8.758333,0.000000,0.875668
380,12.166667,7.366667,8.703333,0.000000,0.794622
381,12.166667,7.200000,8.695000,0.000000,0.807069
382,12.166667,7.266667,8.725000,0.000000,0.838946
383,12.166667,7.166667,8.716667,0.000000,0.864488
384,12.166667,7.266667,8.718333,0.000000,0.820615
385,12.166667,7.166667,8.733333,0.000000,0.882619
386,12.166667,7.266667,8.693333,0.000000,0.819757
387,12.166667,7.400000,8.823333,0.000000,0.795807
388,12.166667,7.200000,8.711667,0.000000,0.808786
389,12.166667,7.133333,8.760000,0.000000,0.873828
390,12.166667,7.266667,8.730000,0.000000,0.823482
391,12.166667,7.133333,8.685000,0.000000,0.839114
392,12.166667,7.233333,8.728333,0.000000,0.873780
393,12.166667,7.233333,8.700000,0.000000,0.860358
394,12.166667,7.300000,8.743333,0.000000,0.821306
395,12.166667,7.300000,8.738333,0.000000,0.855250
396,12.166667,7.300000,8.731667,0.000000,0.848521
397,12.166667,7.200000,8.705000,0.000000,0.856408
398,12.166667,7.200000,8.715000,0.000000,0.825186
399,12.166667,7.333333,8.723333,0.000000,0.848070
400,12.166667,7.100000,8.746667,0.000000,0.876789
401,12.166667,7.166667,8.698333,0.000000,0.882917
402,12.166667,7.166667,8.746667,0.000000,0.891485
403,12.166667,7.266667,8.763333,0.000000,0.812221
404,12.166667,7.233333,8.755000,0.000000,0.833318
405,12.166667,7.166667,8.713333,0.000000,0.807350
406,12.166667,7.333333,8.796667,0.000000,0.840568
407,12.166667,7.366667,8.771667,0.000000,0.860661
408,12.166667,7.266667,8.806667,0.000000,0.853659
409,12.166667,7.300000,8.755000,0.000000,0.853549
410,12.166667,7.200000,8.696667,0.000000,0.844232
411,12.166667,7.166667,8.655000,0.000000,0.815398
412,12.166667,7.166667,8.718333,0.000000,0.869343
413,12.166667,7.300000,8.753333,0.000000,0.827649
414,12.166667,7.300000,8.728333,0.000000,0.812449
415,12.166667,7.333333,8.776667,0.000000,0.860637
416,12.166667,7.333333,8.758333,0.000000,0.822227
417,12.166667,7.233333,8.673333,0.000000,0.781782
418,12.166667,7.233333,8.710000,0.000000,0.850112
419,12.166667,7.233333,8.771667,0.000000,0.845968
420,12.166667,7.233333,8.708333,0.000000,0.813034
421,12.166667,7.100000,8.746667,0.000000,0.865159
422,12.166667,7.333333,8.723333,0.000000,0.806499
423,12.166667,7.333333,8.716667,0.000000,0.802189
424,12.166667,7.300000,8.778333,0.000000,0.832968
425,12.166667,7.300000,8.693333,0.000000,0.823468
426,12.166667,7.366667,8.750000,0.000000,0.819705
427,12.166667,7.400000,8.726667,0.000000,0.824021
428,12.166667,7.066667,8.728333,0.000000,0.853089
429,12.166667,7.300000,8.731667,0.000000,0.863787
430,12.166667,7.300000,8.778333,0.000000,0.843315
431,12.166667,7.233333,8.738333,0.000000,0.880261
432,12.166667,7.300000,8.743333,0.000000,0.797871
433,12.166667,7.466667,8.743333,0.000000,0.800929
434,12.166667,7.433333,8.706667,0.000000,0.799658
435,12.166667,7.233333,8.766667,0.000000,0.833229
436,12.166667,7.266667,8.758333,0.000000,0.855802
437,12.166667,7.400000,8.733333,0.000000,0.784406
438,12.166667,7.133333,8.711667,0.000000,0.861030
439,12.166667,7.466667,8.818333,0.000000,0.793746
440,12.166667,7.233333,8.705000,0.000000,0.836530
441,12.166667,7.433333,8.698333,0.000000,0.819975
442,12.166667,7.166667,8.706667,0.000000,0.845582
443,12.166667,7.200000,8.695000,0.000000,0.837873
444,12.166667,7.233333,8.703333,0.000000,0.822507
445,12.166667,7.133333,8.706667,0.000000,0.830541
446,12.166667,7.200000,8.745000,0.000000,0.858356
447,12.166667,7.166667,8.763333,0.000000,0.862110
448,12.166667,7.200000,8.716667,0.000000,0.862980
449,12.166667,7.400000,8.725000,0.000000,0.794896
450,12.166667,7.200000,8.753333,0.000000,0.875416
451,12.166667,7.200000,8.766667,0.000000,0.869534
452,12.166667,7.300000,8.681667,0.000000,0.819493
453,12.166667,7.266667,8.695000,0.000000,0.831993
454,12.166667,7.400000,8.761667,0.000000,0.809326
455,12.166667,7.266667,8.791667,0.000000,0.865899
456,12.166667,7.100000,8.701667,0.000000,0.880771
457,12.166667,7.166667,8.726667,0.000000,0.841748
458,12.166667,7.400000,8.770000,0.000000,0.849508
459,12.166667,7.166667,8.718333,0.000000,0.865442
460,12.166667,7.333333,8.723333,0.000000,0.805896
461,12.166667,7.300000,8.753333,0.000000,0.880138
462,12.166667,7.100000,8.710000,0.000000,0.860364
463,12.166667,7.233333,8.710000,0.000000,0.850375
464,12.166667,7.266667,8.800000,0.000000,0.825167
465,12.166667,7.233333,8.761667,0.000000,0.865303
466,12.166667,7.333333,8.735000,0.000000,0.819026
467,12.166667,7.200000,8.761667,0.000000,0.853887
468,12.166667,7.166667,8.761667,0.000000,0.879944
469,12.166667,7.266667,8.756667,0.000000,0.860030
470,12.166667,7.233333,8.710000,0.000000,0.844415
471,12.166667,7.133333,8.701667,0.000000,0.861418
472,12.166667,7.300000,8.726667,0.000000,0.816374
473,12.166667,7.233333,8.751667,0.000000,0.861401
474,12.166667,7.300000,8.743333,0.000000,0.845967
475,12.166667,7.233333,8.733333,0.000000,0.810506
476,12.166667,7.333333,8.765000,0.000000,0.826825
477,12.166667,7.266667,8.695000,0.000000,0.827984
478,12.166667,7.200000,8.748333,0.000000,0.853672
479,12.166667,7.200000,8.721667,0.000000,0.820267
480,12.166667,7.400000,8.743333,0.000000,0.820400
481,12.166667,7.333333,8.746667,0.000000,0.805187
482,12.166667,7.166667,8.721667,0.000000,0.860476
483,12.166667,7.166667,8.705000,0.000000,0.846363
484,12.166667,7.233333,8.748333,0.000000,0.838943
485,12.166667,7.200000,8.735000,0.000000,0.814921
486,12.166667,7.300000,8.806667,0.000000,0.866462
487,12.166667,7.133333,8.695000,0.000000,0.843416
488,12.166667,7.200000,8.736667,0.000000,0.859107
489,12.166667,7.333333,8.725000,0.000000,0.794251
490,12.166667,7.366667,8.805000,0.000000,0.869700
491,12.166667,7.266667,8.706667,0.000000,0.852248
492,12.166667,7.166667,8.771667,0.000000,0.833333
493,12.166667,7.300000,8.758333,0.000000,0.854941
494,12.166667,7.333333,8.696667,0.000000,0.800867
495,12.166667,7.133333,8.703333,0.000000,0.848542
496,12.166667,7.400000,8.858333,0.000000,0.808650
497,12.166667,7.433333,8.750000,0.000000,0.800395
498,12.166667,7.266667,8.705000,0.000000,0.833520
499,12.166667,7.333333,8.716667,0.000000,0.814802
500,12.166667,7.166667,8.703333,0.000000,0.876302
BestSdev: 0.255777, Time: 5m11.712643618s