gen,best,worst,mean,rep,sdev
1,10.700000,7.033333,8.743333,0.000000,0.851413
2,11.033333,6.900000,8.718000,0.000000,0.852615
3,11.166667,6.966667,8.740667,0.000000,0.870889
4,11.233333,6.966667,8.714000,0.000000,0.843307
5,11.266667,7.033333,8.753333,0.000000,0.848367
6,11.300000,7.000000,8.718000,0.000000,0.855534
7,11.333333,6.866667,8.726667,0.000000,0.851410
8,11.400000,6.966667,8.728000,0.000000,0.888811
9,11.466667,7.000000,8.727333,0.000000,0.863398
10,11.500000,6.933333,8.727333,0.000000,0.863818
11,11.500000,7.066667,8.726667,0.000000,0.849156
12,11.500000,6.966667,8.720667,0.000000,0.844266
13,11.533333,6.966667,8.726667,0.000000,0.846956
14,11.533333,6.966667,8.738667,0.000000,0.862070
15,11.533333,6.933333,8.718667,0.000000,0.853035
16,11.533333,6.833333,8.713333,0.000000,0.879382
17,11.533333,7.100000,8.749333,0.000000,0.843781
18,11.533333,6.933333,8.746667,0.000000,0.872082
19,11.533333,7.033333,8.726000,0.000000,0.858043
20,11.533333,7.066667,8.764000,0.000000,0.814187
21,11.633333,7.066667,8.763333,0.000000,0.874670
22,11.633333,6.933333,8.765333,0.000000,0.879640
23,11.633333,7.033333,8.729333,0.000000,0.854552
24,11.633333,7.033333,8.750000,0.000000,0.842478
25,11.666667,6.933333,8.722000,0.000000,0.879351
26,11.666667,6.966667,8.760667,0.000000,0.871122
27,11.700000,6.966667,8.683333,0.000000,0.871583
28,11.700000,7.033333,8.732667,0.000000,0.848255
29,11.733333,7.033333,8.724000,0.000000,0.859981
30,11.733333,7.000000,8.741333,0.000000,0.852480
31,11.733333,7.033333,8.733333,0.000000,0.860877
32,11.733333,7.000000,8.726000,0.000000,0.862206
33,11.733333,6.966667,8.756667,0.000000,0.864323
34,11.733333,7.066667,8.742000,0.000000,0.866008
35,11.766667,7.033333,8.729333,0.000000,0.873819
36,11.766667,7.033333,8.742000,0.000000,0.854892
37,11.766667,7.000000,8.728667,0.000000,0.847701
38,11.766667,6.900000,8.732000,0.000000,0.859420
39,11.766667,7.000000,8.754000,0.000000,0.864980
40,11.766667,6.933333,8.743333,0.000000,0.841003
41,11.800000,6.966667,8.716667,0.000000,0.840902
42,11.800000,7.033333,8.732000,0.000000,0.861816
43,11.866667,6.933333,8.733333,0.000000,0.879059
44,11.866667,7.000000,8.716667,0.000000,0.860680
45,11.866667,7.066667,8.723333,0.000000,0.845311
46,11.866667,6.933333,8.746667,0.000000,0.881279
47,11.866667,7.066667,8.743333,0.000000,0.824516
48,11.866667,7.033333,8.732667,0.000000,0.864140
49,11.866667,6.966667,8.756667,0.000000,0.857688
50,11.866667,7.066667,8.736667,0.000000,0.869809
51,11.866667,7.000000,8.714667,0.000000,0.876905
52,11.866667,7.000000,8.735333,0.000000,0.856882
53,11.866667,7.066667,8.745333,0.000000,0.841018
54,11.866667,6.966667,8.740000,0.000000,0.857170
55,11.866667,6.933333,8.714000,0.000000,0.854879
56,11.866667,6.900000,8.739333,0.000000,0.871720
57,11.866667,6.966667,8.744667,0.000000,0.878027
58,11.866667,6.966667,8.695333,0.000000,0.839494
59,11.866667,7.066667,8.724667,0.000000,0.840721
60,11.866667,7.000000,8.768000,0.000000,0.882758
61,11.866667,7.033333,8.749333,0.000000,0.846155
62,11.866667,7.066667,8.766000,0.000000,0.845190
63,11.866667,6.966667,8.756667,0.000000,0.871406
64,11.866667,7.000000,8.719333,0.000000,0.832783
65,11.866667,6.933333,8.740667,0.000000,0.867349
66,11.866667,7.133333,8.763333,0.000000,0.831005
67,11.866667,6.966667,8.717333,0.000000,0.847709
68,11.866667,7.033333,8.742000,0.000000,0.834278
69,11.866667,7.033333,8.750000,0.000000,0.868945
70,11.866667,7.100000,8.750667,0.000000,0.831725
71,11.866667,7.033333,8.711333,0.000000,0.848740
72,11.866667,7.000000,8.698667,0.000000,0.862007
73,11.866667,7.000000,8.757333,0.000000,0.841614
74,11.933333,7.033333,8.738000,0.000000,0.861109
75,11.933333,7.066667,8.751333,0.000000,0.878991
76,11.933333,6.933333,8.758667,0.000000,0.859654
77,11.933333,7.033333,8.760667,0.000000,0.863188
78,11.933333,7.033333,8.747333,0.000000,0.848977
79,11.966667,6.933333,8.701333,0.000000,0.852556
80,11.966667,7.033333,8.743333,0.000000,0.851460
81,11.966667,6.933333,8.722667,0.000000,0.888913
82,12.000000,7.033333,8.731333,0.000000,0.868474
83,12.000000,7.000000,8.692667,0.000000,0.858123
84,12.000000,6.933333,8.704000,0.000000,0.861298
85,12.000000,7.000000,8.732000,0.000000,0.882823
86,12.000000,6.800000,8.714667,0.000000,0.861234
87,12.033333,7.000000,8.702667,0.000000,0.855864
88,12.033333,7.000000,8.713333,0.000000,0.830618
89,12.033333,7.000000,8.732000,0.000000,0.875446
90,12.033333,6.966667,8.760667,0.000000,0.873720
91,12.033333,7.100000,8.779333,0.000000,0.860783
92,12.066667,7.066667,8.758667,0.000000,0.859544
93,12.066667,7.000000,8.781333,0.000000,0.866929
94,12.066667,7.033333,8.773333,0.000000,0.865514
95,12.066667,7.033333,8.754667,0.000000,0.819517
96,12.066667,7.066667,8.718667,0.000000,0.881886
97,12.066667,6.966667,8.702667,0.000000,0.863732
98,12.066667,7.000000,8.713333,0.000000,0.876057
99,12.066667,6.933333,8.698667,0.000000,0.866396
100,12.066667,7.033333,8.710667,0.000000,0.817239
BestSdev: 0.243989, Time: 1m56.660513579s