gen,best,worst,mean,rep,sdev
1,27.533333,14.800000,20.831667,0.000000,3.379319
2,28.833333,14.366667,20.793333,0.000000,3.573363
3,29.733333,14.566667,20.858333,0.000000,3.467400
4,30.333333,14.333333,20.691667,0.000000,3.562797
5,30.700000,13.900000,20.778333,0.000000,3.633702
6,30.733333,14.966667,20.533333,0.000000,3.339921
7,30.866667,14.966667,20.906667,0.000000,3.570950
8,31.066667,15.000000,20.766667,0.000000,3.382893
9,31.100000,13.900000,20.546667,0.000000,3.436780
10,31.166667,14.433333,20.746667,0.000000,3.433087
11,31.333333,14.766667,20.958333,0.000000,3.746131
12,31.333333,14.200000,20.730000,0.000000,3.442054
13,31.533333,14.133333,20.776667,0.000000,3.644656
14,31.633333,15.033333,21.113333,0.000000,3.348283
15,31.733333,14.766667,20.880000,0.000000,3.443356
16,31.766667,14.300000,20.583333,0.000000,3.586770
17,31.833333,14.500000,20.436667,0.000000,3.351284
18,31.833333,15.000000,20.728333,0.000000,3.346031
19,31.933333,14.733333,20.845000,0.000000,3.409244
20,32.066667,14.900000,20.640000,0.000000,3.322341
21,32.200000,14.166667,20.606667,0.000000,3.549132
22,32.266667,14.366667,20.463333,0.000000,3.511911
23,32.266667,14.200000,20.721667,0.000000,3.508825
24,32.300000,14.433333,20.780000,0.000000,3.456198
25,32.300000,15.133333,21.010000,0.000000,3.335768
26,32.366667,14.966667,20.935000,0.000000,3.444369
27,32.366667,14.133333,20.471667,0.000000,3.648249
28,32.400000,14.800000,20.803333,0.000000,3.428956
29,32.400000,14.066667,20.406667,0.000000,3.366344
30,32.400000,14.600000,20.785000,0.000000,3.621808
31,32.400000,14.100000,20.735000,0.000000,3.639667
32,32.400000,14.166667,20.711667,0.000000,3.584718
33,32.533333,14.900000,20.881667,0.000000,3.450820
34,32.533333,14.533333,20.735000,0.000000,3.376947
35,32.533333,14.200000,20.520000,0.000000,3.484577
36,32.566667,14.266667,20.536667,0.000000,3.655956
37,32.566667,14.700000,20.813333,0.000000,3.373602
38,32.566667,14.400000,20.650000,0.000000,3.418947
39,32.666667,14.600000,20.886667,0.000000,3.690657
40,32.666667,14.533333,20.938333,0.000000,3.406323
41,32.700000,13.833333,20.626667,0.000000,3.686600
42,32.733333,14.166667,20.810000,0.000000,3.601594
43,32.766667,14.300000,20.770000,0.000000,3.535541
44,32.766667,14.200000,20.495000,0.000000,3.536065
45,32.766667,14.700000,20.835000,0.000000,3.525568
46,32.766667,14.500000,20.681667,0.000000,3.492986
47,32.766667,14.366667,20.631667,0.000000,3.445108
48,32.800000,14.366667,20.706667,0.000000,3.370313
49,32.900000,14.866667,20.668333,0.000000,3.390907
50,32.900000,14.100000,20.606667,0.000000,3.523493
51,32.933333,14.400000,20.783333,0.000000,3.536268
52,33.100000,14.266667,20.938333,0.000000,3.584578
53,33.266667,14.366667,20.478333,0.000000,3.485386
54,33.366667,14.400000,20.593333,0.000000,3.484549
55,33.366667,14.366667,20.586667,0.000000,3.391913
56,33.366667,14.233333,20.663333,0.000000,3.561256
57,33.366667,14.533333,20.795000,0.000000,3.431308
58,33.400000,14.733333,20.891667,0.000000,3.579974
59,33.400000,14.733333,21.118333,0.000000,3.669042
60,33.466667,13.900000,20.810000,0.000000,3.662030
61,33.466667,14.633333,20.578333,0.000000,3.347805
62,33.466667,14.333333,20.483333,0.000000,3.505108
63,33.466667,14.300000,20.530000,0.000000,3.493685
64,33.500000,14.533333,20.946667,0.000000,3.671047
65,33.500000,14.666667,20.906667,0.000000,3.641114
66,33.666667,14.266667,20.745000,0.000000,3.476897
67,33.766667,14.300000,20.510000,0.000000,3.549479
68,33.766667,14.400000,20.753333,0.000000,3.602216
69,33.833333,13.966667,20.773333,0.000000,3.624380
70,33.833333,14.500000,20.618333,0.000000,3.338881
71,33.833333,14.433333,20.715000,0.000000,3.288758
72,33.900000,14.066667,20.821667,0.000000,3.574839
73,33.900000,14.800000,20.368333,0.000000,3.342278
74,33.900000,14.566667,20.830000,0.000000,3.303286
75,33.900000,14.500000,20.700000,0.000000,3.426400
76,33.966667,14.066667,20.605000,0.000000,3.520842
77,33.966667,14.533333,20.750000,0.000000,3.416355
78,33.966667,14.566667,20.908333,0.000000,3.478155
79,33.966667,14.166667,20.673333,0.000000,3.623466
80,33.966667,13.966667,20.871667,0.000000,3.623378
81,33.966667,14.333333,20.636667,0.000000,3.431467
82,34.000000,14.766667,20.968333,0.000000,3.564901
83,34.000000,14.466667,20.658333,0.000000,3.366738
84,34.000000,14.333333,20.780000,0.000000,3.601280
85,34.000000,13.733333,20.721667,0.000000,3.693066
86,34.033333,14.266667,20.700000,0.000000,3.626464
87,34.033333,14.133333,20.551667,0.000000,3.494265
88,34.100000,14.533333,20.583333,0.000000,3.493311
89,34.133333,15.300000,20.721667,0.000000,3.175281
90,34.133333,14.366667,20.596667,0.000000,3.490050
91,34.133333,14.233333,20.506667,0.000000,3.446281
92,34.133333,15.000000,21.045000,0.000000,3.414340
93,34.133333,14.266667,20.773333,0.000000,3.436658
94,34.133333,14.333333,20.595000,0.000000,3.440872
95,34.200000,14.366667,20.761667,0.000000,3.556845
96,34.200000,14.133333,20.573333,0.000000,3.440494
97,34.200000,14.666667,20.873333,0.000000,3.397455
98,34.200000,14.266667,20.590000,0.000000,3.525317
99,34.200000,14.400000,20.845000,0.000000,3.476263
100,34.200000,14.433333,20.511667,0.000000,3.446541
BestSdev: 1.233149, Time: 2m49.940920825s