gen,best,worst,mean,rep,sdev
1,16.166667,11.500000,13.800000,0.000000,1.087900
2,16.466667,11.633333,13.842667,0.000000,1.062547
3,16.733333,11.733333,13.812000,0.000000,1.055402
4,16.933333,11.733333,13.777333,0.000000,1.065562
5,17.033333,11.633333,13.862667,0.000000,1.093870
6,17.133333,11.500000,13.838667,0.000000,1.078764
7,17.233333,11.733333,13.865333,0.000000,1.085936
8,17.233333,11.500000,13.806667,0.000000,1.064840
9,17.233333,11.600000,13.808000,0.000000,1.071774
10,17.233333,11.566667,13.818667,0.000000,1.069780
11,17.333333,11.633333,13.823333,0.000000,1.074266
12,17.333333,11.600000,13.796000,0.000000,1.056485
13,17.366667,11.533333,13.856000,0.000000,1.040391
14,17.366667,11.766667,13.828000,0.000000,1.042650
15,17.366667,11.633333,13.749333,0.000000,1.035161
16,17.400000,11.633333,13.792000,0.000000,1.078099
17,17.433333,11.666667,13.810000,0.000000,1.093986
18,17.433333,11.700000,13.821333,0.000000,1.061328
19,17.466667,11.533333,13.775333,0.000000,1.063845
20,17.466667,11.666667,13.782667,0.000000,1.067666
21,17.466667,11.566667,13.813333,0.000000,1.070491
22,17.500000,11.200000,13.786000,0.000000,1.078630
23,17.500000,11.400000,13.770667,0.000000,1.071862
24,17.533333,11.633333,13.832000,0.000000,1.081150
25,17.533333,11.466667,13.781333,0.000000,1.065074
26,17.533333,11.466667,13.800000,0.000000,1.102029
27,17.533333,11.566667,13.792667,0.000000,1.088882
28,17.566667,11.633333,13.832667,0.000000,1.060777
29,17.566667,11.766667,13.810000,0.000000,1.067694
30,17.566667,11.666667,13.793333,0.000000,1.031634
31,17.566667,11.600000,13.824667,0.000000,1.059597
32,17.600000,11.533333,13.815333,0.000000,1.070708
33,17.600000,11.766667,13.825333,0.000000,1.056038
34,17.600000,11.600000,13.794000,0.000000,1.080394
35,17.600000,11.533333,13.857333,0.000000,1.072967
36,17.600000,11.566667,13.806667,0.000000,1.065742
37,17.633333,11.600000,13.824667,0.000000,1.096691
38,17.633333,11.800000,13.816667,0.000000,1.043050
39,17.633333,11.533333,13.770000,0.000000,1.069793
40,17.700000,11.500000,13.767333,0.000000,1.063011
41,17.700000,11.466667,13.798000,0.000000,1.080650
42,17.700000,11.600000,13.821333,0.000000,1.080849
43,17.700000,11.633333,13.788000,0.000000,1.077943
44,17.700000,11.733333,13.812667,0.000000,1.057852
45,17.700000,11.566667,13.813333,0.000000,1.083669
46,17.700000,11.700000,13.788667,0.000000,1.063527
47,17.700000,11.600000,13.793333,0.000000,1.085874
48,17.733333,11.566667,13.834000,0.000000,1.058204
49,17.733333,11.633333,13.774000,0.000000,1.099262
50,17.733333,11.700000,13.797333,0.000000,1.071863
BestSdev: 0.314421, Time: 3m4.998104003s