gen,best,worst,mean,rep,sdev
1,15.933333,11.933333,13.833333,0.000000,1.033652
2,16.266667,12.066667,13.895000,0.000000,1.052509
3,16.333333,11.966667,13.851667,0.000000,1.065372
4,16.466667,11.900000,13.731667,0.000000,1.101215
5,16.533333,11.900000,13.840000,0.000000,1.084809
6,16.600000,11.933333,13.825000,0.000000,1.047884
7,16.666667,11.933333,13.785000,0.000000,1.045303
8,16.733333,11.866667,13.886667,0.000000,1.089139
9,16.733333,12.033333,13.833333,0.000000,1.030526
10,16.766667,12.066667,13.848333,0.000000,1.021792
11,16.800000,12.000000,13.825000,0.000000,1.010171
12,16.833333,11.800000,13.766667,0.000000,1.041266
13,16.900000,12.066667,13.830000,0.000000,1.012201
14,16.933333,11.800000,13.725000,0.000000,1.073509
15,16.933333,11.600000,13.801667,0.000000,1.087281
16,16.933333,11.966667,13.843333,0.000000,1.016689
17,16.933333,11.900000,13.838333,0.000000,1.060711
18,16.933333,11.933333,13.846667,0.000000,1.085115
19,16.966667,11.866667,13.833333,0.000000,1.048732
20,16.966667,12.033333,13.830000,0.000000,1.040347
BestSdev: 0.273023, Time: 31.833852403s