gen,best,worst,mean,rep,sdev
1,16.766667,11.066667,13.784833,0.000000,1.069402
2,17.166667,11.100000,13.815333,0.000000,1.091855
3,17.333333,11.100000,13.816333,0.000000,1.083476
4,17.466667,11.100000,13.780500,0.000000,1.087372
5,17.533333,11.066667,13.804000,0.000000,1.087999
6,17.600000,11.233333,13.808167,0.000000,1.073167
7,17.666667,11.166667,13.789667,0.000000,1.071762
8,17.700000,11.133333,13.805500,0.000000,1.102531
9,17.766667,11.100000,13.808167,0.000000,1.072760
10,17.800000,11.200000,13.793500,0.000000,1.092920
11,17.800000,11.200000,13.809000,0.000000,1.093786
12,17.833333,11.166667,13.773500,0.000000,1.075905
13,17.900000,11.066667,13.856167,0.000000,1.094952
14,17.933333,11.166667,13.796500,0.000000,1.079328
15,17.966667,11.000000,13.807333,0.000000,1.094310
16,17.966667,11.033333,13.805000,0.000000,1.083012
17,17.966667,11.066667,13.821000,0.000000,1.085672
18,17.966667,11.066667,13.799167,0.000000,1.073974
19,17.966667,11.133333,13.805167,0.000000,1.082886
20,17.966667,11.066667,13.828833,0.000000,1.097929
BestSdev: 0.311965, Time: 3m31.335257591s