gen,best,worst,mean,rep,sdev
1,30.933333,12.833333,20.766000,0.000000,3.647230
2,31.633333,12.700000,20.707000,0.000000,3.535308
3,31.833333,12.766667,20.707333,0.000000,3.574057
4,31.933333,12.533333,20.563333,0.000000,3.529667
5,32.466667,12.633333,20.715667,0.000000,3.655662
6,32.966667,12.433333,20.912333,0.000000,3.652301
7,33.033333,12.533333,20.755000,0.000000,3.575418
8,33.166667,12.866667,20.711000,0.000000,3.592540
9,33.366667,12.533333,20.716333,0.000000,3.628812
10,33.500000,12.500000,20.693667,0.000000,3.579630
11,33.500000,13.000000,20.740333,0.000000,3.565184
12,33.633333,12.866667,20.684333,0.000000,3.590745
13,33.766667,12.533333,20.701000,0.000000,3.604769
14,33.766667,12.533333,20.728333,0.000000,3.584911
15,33.766667,12.500000,20.833667,0.000000,3.645550
16,33.933333,12.933333,20.731333,0.000000,3.618204
17,33.933333,12.433333,20.773667,0.000000,3.608589
18,34.100000,12.933333,20.888000,0.000000,3.674296
19,34.166667,12.200000,20.712667,0.000000,3.616621
20,34.366667,12.233333,20.703667,0.000000,3.729674
21,34.366667,12.900000,20.705000,0.000000,3.546695
22,34.400000,12.633333,20.710000,0.000000,3.602125
23,34.500000,12.933333,20.890000,0.000000,3.663835
24,34.533333,12.800000,20.684667,0.000000,3.547993
25,34.533333,12.533333,20.647333,0.000000,3.610853
26,34.533333,12.500000,20.670000,0.000000,3.555821
27,34.533333,12.533333,20.658667,0.000000,3.555099
28,34.533333,13.033333,20.577000,0.000000,3.517550
29,34.566667,12.900000,20.618667,0.000000,3.606415
30,34.566667,12.533333,20.737667,0.000000,3.668247
31,34.600000,12.433333,20.827667,0.000000,3.566715
32,34.600000,12.666667,20.708667,0.000000,3.672748
33,34.633333,12.666667,20.827667,0.000000,3.606093
34,34.633333,12.833333,20.665000,0.000000,3.533921
35,34.633333,12.733333,20.799667,0.000000,3.637331
36,34.633333,12.600000,20.723333,0.000000,3.535014
37,34.666667,12.400000,20.746667,0.000000,3.674854
38,34.666667,12.633333,20.766667,0.000000,3.596291
39,34.700000,12.700000,20.637333,0.000000,3.512921
40,34.866667,12.733333,20.768000,0.000000,3.633295
41,34.966667,12.533333,20.667667,0.000000,3.612676
42,35.066667,12.400000,20.627333,0.000000,3.634422
43,35.066667,12.733333,20.793333,0.000000,3.505778
44,35.066667,12.933333,20.673667,0.000000,3.588708
45,35.066667,12.733333,20.799000,0.000000,3.528600
46,35.066667,12.566667,20.673667,0.000000,3.598835
47,35.133333,12.600000,20.743667,0.000000,3.602951
48,35.133333,12.733333,20.721667,0.000000,3.572378
49,35.233333,12.700000,20.685667,0.000000,3.590736
50,35.233333,12.966667,20.694667,0.000000,3.509091
51,35.300000,12.133333,20.644000,0.000000,3.681171
52,35.300000,12.500000,20.732000,0.000000,3.625203
53,35.300000,12.733333,20.664333,0.000000,3.609856
54,35.300000,12.666667,20.647333,0.000000,3.534559
55,35.300000,12.966667,20.678000,0.000000,3.509142
56,35.300000,12.433333,20.613333,0.000000,3.568424
57,35.300000,13.000000,20.688000,0.000000,3.566745
58,35.300000,12.366667,20.733667,0.000000,3.655554
59,35.300000,12.466667,20.777000,0.000000,3.619335
60,35.300000,12.966667,20.787000,0.000000,3.565354
61,35.300000,13.000000,20.783333,0.000000,3.544412
62,35.300000,12.466667,20.804000,0.000000,3.658970
63,35.300000,13.033333,20.730000,0.000000,3.552698
64,35.333333,12.700000,20.717333,0.000000,3.598918
65,35.333333,12.800000,20.772667,0.000000,3.596338
66,35.333333,12.633333,20.791667,0.000000,3.662545
67,35.333333,12.766667,20.735667,0.000000,3.627575
68,35.333333,13.033333,20.783667,0.000000,3.534660
69,35.366667,12.666667,20.648333,0.000000,3.592666
70,35.366667,12.500000,20.832333,0.000000,3.573723
71,35.366667,12.600000,20.772667,0.000000,3.618908
72,35.366667,12.833333,20.677333,0.000000,3.570951
73,35.366667,12.766667,20.730333,0.000000,3.604033
74,35.400000,12.200000,20.681667,0.000000,3.673533
75,35.400000,12.733333,20.807667,0.000000,3.515210
76,35.400000,12.666667,20.659000,0.000000,3.584277
77,35.400000,12.600000,20.724667,0.000000,3.514161
78,35.400000,12.766667,20.779000,0.000000,3.603029
79,35.400000,12.700000,20.819000,0.000000,3.592205
80,35.466667,12.833333,20.777667,0.000000,3.668636
81,35.466667,12.900000,20.789000,0.000000,3.547066
82,35.466667,13.133333,20.652333,0.000000,3.527995
83,35.466667,12.600000,20.788667,0.000000,3.671380
84,35.466667,12.600000,20.770000,0.000000,3.560895
85,35.466667,12.733333,20.731667,0.000000,3.627300
86,35.466667,12.566667,20.779000,0.000000,3.637725
87,35.466667,12.500000,20.707000,0.000000,3.572500
88,35.466667,13.000000,20.849333,0.000000,3.500753
89,35.466667,12.533333,20.791000,0.000000,3.576314
90,35.466667,12.800000,20.794333,0.000000,3.594243
91,35.466667,12.500000,20.693333,0.000000,3.553350
92,35.466667,12.966667,20.927667,0.000000,3.650424
93,35.566667,12.966667,20.765667,0.000000,3.526606
94,35.600000,12.833333,20.751333,0.000000,3.595078
95,35.600000,12.133333,20.718333,0.000000,3.571260
96,35.600000,12.666667,20.796667,0.000000,3.575676
97,35.600000,12.700000,20.756667,0.000000,3.569453
98,35.600000,12.600000,20.655333,0.000000,3.625733
99,35.600000,12.733333,20.792000,0.000000,3.615365
100,35.600000,13.066667,20.788667,0.000000,3.580610
101,35.600000,12.366667,20.639000,0.000000,3.572414
102,35.600000,12.600000,20.627000,0.000000,3.640822
103,35.600000,12.533333,20.794333,0.000000,3.612137
104,35.600000,12.700000,20.685000,0.000000,3.592201
105,35.600000,12.800000,20.841667,0.000000,3.612215
106,35.600000,12.300000,20.682333,0.000000,3.630839
107,35.600000,12.733333,20.717667,0.000000,3.600333
108,35.600000,13.166667,20.655333,0.000000,3.462833
109,35.633333,12.533333,20.773000,0.000000,3.659180
110,35.633333,12.533333,20.744000,0.000000,3.636982
111,35.633333,12.666667,20.817333,0.000000,3.559951
112,35.633333,12.700000,20.709000,0.000000,3.564699
113,35.633333,12.766667,20.684667,0.000000,3.620385
114,35.633333,12.533333,20.720333,0.000000,3.651888
115,35.633333,12.500000,20.706000,0.000000,3.695387
116,35.666667,12.533333,20.743333,0.000000,3.602792
117,35.700000,12.800000,20.647667,0.000000,3.471817
118,35.700000,12.833333,20.663000,0.000000,3.570208
119,35.766667,12.900000,20.737333,0.000000,3.476209
120,35.766667,12.800000,20.732000,0.000000,3.579823
121,35.766667,12.433333,20.631667,0.000000,3.629217
122,35.766667,12.333333,20.812333,0.000000,3.593615
123,35.766667,13.066667,20.739667,0.000000,3.648880
124,35.766667,12.900000,20.817667,0.000000,3.657482
125,35.766667,13.066667,20.685667,0.000000,3.477207
126,35.766667,12.566667,20.763000,0.000000,3.526520
127,35.766667,12.300000,20.788333,0.000000,3.634829
128,35.766667,12.700000,20.761667,0.000000,3.549697
129,35.866667,12.666667,20.719333,0.000000,3.609441
130,35.866667,12.600000,20.747000,0.000000,3.604489
131,35.866667,12.266667,20.780333,0.000000,3.681891
132,35.866667,12.400000,20.717667,0.000000,3.554608
133,35.866667,12.833333,20.775000,0.000000,3.586282
134,35.866667,12.800000,20.790000,0.000000,3.571613
135,35.866667,12.400000,20.756000,0.000000,3.611016
136,35.866667,12.900000,20.711333,0.000000,3.565193
137,35.900000,12.800000,20.742333,0.000000,3.571352
138,35.900000,12.633333,20.775333,0.000000,3.586649
139,35.900000,12.600000,20.752000,0.000000,3.518895
140,35.900000,12.833333,20.730000,0.000000,3.582292
141,35.900000,12.633333,20.758333,0.000000,3.633675
142,35.900000,12.466667,20.762667,0.000000,3.582144
143,35.900000,12.366667,20.572333,0.000000,3.489457
144,36.166667,12.466667,20.774000,0.000000,3.565027
145,36.166667,12.700000,20.713333,0.000000,3.620195
146,36.166667,12.466667,20.811000,0.000000,3.598739
147,36.200000,12.866667,20.880667,0.000000,3.561265
148,36.200000,12.733333,20.760667,0.000000,3.573569
149,36.200000,12.133333,20.770333,0.000000,3.634461
150,36.200000,12.766667,20.816667,0.000000,3.586044
151,36.200000,12.666667,20.738333,0.000000,3.625349
152,36.200000,12.733333,20.733333,0.000000,3.528342
153,36.200000,12.866667,20.685667,0.000000,3.594835
154,36.200000,12.233333,20.800333,0.000000,3.610644
155,36.200000,12.733333,20.628000,0.000000,3.542663
156,36.233333,12.633333,20.729667,0.000000,3.579560
157,36.233333,12.666667,20.826000,0.000000,3.632801
158,36.233333,12.533333,20.611333,0.000000,3.626298
159,36.233333,12.600000,20.770667,0.000000,3.556976
160,36.233333,12.600000,20.775333,0.000000,3.585044
161,36.233333,12.433333,20.734000,0.000000,3.612727
162,36.233333,12.333333,20.725667,0.000000,3.599050
163,36.233333,12.666667,20.697667,0.000000,3.655171
164,36.233333,12.600000,20.735000,0.000000,3.567855
165,36.233333,12.600000,20.696667,0.000000,3.590059
166,36.266667,12.733333,20.781000,0.000000,3.550376
167,36.266667,12.433333,20.676000,0.000000,3.619864
168,36.266667,12.666667,20.786000,0.000000,3.612144
169,36.266667,12.666667,20.708333,0.000000,3.573312
170,36.266667,12.566667,20.765000,0.000000,3.628653
171,36.266667,12.966667,20.753333,0.000000,3.580207
172,36.266667,12.400000,20.692667,0.000000,3.554155
173,36.266667,12.500000,20.726000,0.000000,3.582821
174,36.266667,12.833333,20.701667,0.000000,3.589406
175,36.266667,12.666667,20.662000,0.000000,3.546007
176,36.266667,12.100000,20.771667,0.000000,3.697309
177,36.266667,12.566667,20.731000,0.000000,3.594715
178,36.266667,12.433333,20.709667,0.000000,3.555551
179,36.266667,12.466667,20.756333,0.000000,3.630453
180,36.266667,12.900000,20.660333,0.000000,3.517149
181,36.266667,12.266667,20.773667,0.000000,3.749941
182,36.266667,12.533333,20.792667,0.000000,3.565819
183,36.266667,12.800000,20.758333,0.000000,3.550134
184,36.333333,12.300000,20.787667,0.000000,3.664569
185,36.333333,12.466667,20.647000,0.000000,3.624746
186,36.333333,12.600000,20.779333,0.000000,3.666500
187,36.366667,12.666667,20.797333,0.000000,3.705453
188,36.366667,12.433333,20.854000,0.000000,3.662897
189,36.366667,12.866667,20.851667,0.000000,3.550902
190,36.366667,12.866667,20.700333,0.000000,3.615672
191,36.366667,13.033333,20.841333,0.000000,3.564567
192,36.366667,12.733333,20.673000,0.000000,3.583188
193,36.366667,12.466667,20.841667,0.000000,3.600584
194,36.366667,12.333333,20.766667,0.000000,3.642263
195,36.366667,12.766667,20.625000,0.000000,3.593107
196,36.366667,12.666667,20.729667,0.000000,3.633550
197,36.366667,12.733333,20.664000,0.000000,3.608243
198,36.366667,12.300000,20.725333,0.000000,3.667751
199,36.366667,12.500000,20.708000,0.000000,3.623127
200,36.366667,12.733333,20.737000,0.000000,3.686365
BestSdev: 0.947297, Time: 22m39.826085425s