gen,best,worst,mean,rep,sdev
1,27.066667,14.333333,20.530000,0.000000,3.367083
2,29.033333,14.233333,20.761667,0.000000,3.560665
3,29.566667,14.500000,20.493333,0.000000,3.515316
4,29.700000,13.866667,20.471667,0.000000,3.554644
5,30.033333,14.533333,20.586667,0.000000,3.307364
6,30.500000,14.633333,20.603333,0.000000,3.394693
7,30.633333,14.400000,20.780000,0.000000,3.441996
8,30.900000,14.733333,20.708333,0.000000,3.434602
9,31.066667,14.533333,20.658333,0.000000,3.485288
10,31.100000,14.133333,20.703333,0.000000,3.709645
11,31.100000,15.100000,20.661667,0.000000,3.239178
12,31.266667,14.333333,20.793333,0.000000,3.503433
13,31.366667,14.033333,20.905000,0.000000,3.721133
14,31.366667,14.366667,20.551667,0.000000,3.383879
15,31.466667,14.333333,20.980000,0.000000,3.517439
16,31.500000,14.366667,20.533333,0.000000,3.452851
17,31.500000,14.166667,20.781667,0.000000,3.480814
18,31.533333,14.300000,20.585000,0.000000,3.202579
19,31.700000,14.600000,20.785000,0.000000,3.511861
20,31.766667,14.366667,20.568333,0.000000,3.492898
BestSdev: 1.121501, Time: 38.052750615s