gen,best,worst,mean,rep,sdev
1,16.766667,11.333333,13.803333,0.000000,1.083791
2,17.000000,11.233333,13.798333,0.000000,1.081845
3,17.133333,11.200000,13.780333,0.000000,1.082067
4,17.233333,11.333333,13.822667,0.000000,1.111154
5,17.300000,11.300000,13.827000,0.000000,1.104401
6,17.333333,11.400000,13.822333,0.000000,1.078153
7,17.366667,11.400000,13.822667,0.000000,1.087422
8,17.433333,11.400000,13.826000,0.000000,1.077043
9,17.433333,11.366667,13.833333,0.000000,1.085191
10,17.466667,11.200000,13.783667,0.000000,1.082818
11,17.466667,11.400000,13.812000,0.000000,1.055914
12,17.500000,11.366667,13.834000,0.000000,1.051392
13,17.600000,11.333333,13.803667,0.000000,1.094638
14,17.633333,11.466667,13.778000,0.000000,1.085233
15,17.666667,11.233333,13.815000,0.000000,1.079368
16,17.700000,11.366667,13.837667,0.000000,1.108041
17,17.700000,11.400000,13.812000,0.000000,1.080220
18,17.700000,11.300000,13.780333,0.000000,1.074656
19,17.733333,11.266667,13.798667,0.000000,1.081131
20,17.733333,11.333333,13.867667,0.000000,1.080986
21,17.733333,11.266667,13.788000,0.000000,1.073919
22,17.733333,11.433333,13.823000,0.000000,1.096721
23,17.766667,11.300000,13.787000,0.000000,1.087914
24,17.800000,11.400000,13.777333,0.000000,1.089399
25,17.833333,11.333333,13.793667,0.000000,1.080405
26,17.833333,11.200000,13.775333,0.000000,1.098019
27,17.833333,11.266667,13.824667,0.000000,1.070203
28,17.833333,11.333333,13.828667,0.000000,1.084190
29,17.833333,11.333333,13.809000,0.000000,1.057402
30,17.833333,11.466667,13.848333,0.000000,1.078959
31,17.833333,11.133333,13.805667,0.000000,1.090493
32,17.866667,11.233333,13.800333,0.000000,1.077566
33,17.866667,11.466667,13.795333,0.000000,1.079580
34,17.933333,11.300000,13.808000,0.000000,1.087045
35,17.933333,11.400000,13.824000,0.000000,1.085541
36,17.933333,11.233333,13.820667,0.000000,1.091447
37,17.933333,11.466667,13.810667,0.000000,1.078149
38,17.933333,11.300000,13.796333,0.000000,1.087383
39,17.966667,11.333333,13.822000,0.000000,1.071754
40,17.966667,11.366667,13.792000,0.000000,1.089063
41,17.966667,11.300000,13.815333,0.000000,1.087958
42,18.000000,11.466667,13.802000,0.000000,1.078835
43,18.033333,11.333333,13.795333,0.000000,1.082192
44,18.033333,11.266667,13.838333,0.000000,1.075614
45,18.033333,11.466667,13.798333,0.000000,1.085036
46,18.033333,11.366667,13.803333,0.000000,1.077989
47,18.033333,11.300000,13.821667,0.000000,1.085509
48,18.033333,11.433333,13.836333,0.000000,1.113604
49,18.033333,11.400000,13.803667,0.000000,1.062258
50,18.033333,11.400000,13.831333,0.000000,1.072060
51,18.033333,11.400000,13.812000,0.000000,1.072158
52,18.033333,11.400000,13.794333,0.000000,1.086287
53,18.066667,11.400000,13.813667,0.000000,1.086319
54,18.066667,11.500000,13.785333,0.000000,1.061511
55,18.133333,11.333333,13.824333,0.000000,1.126394
56,18.133333,11.300000,13.780000,0.000000,1.092792
57,18.133333,11.500000,13.791333,0.000000,1.077105
58,18.133333,11.333333,13.789000,0.000000,1.072354
59,18.133333,11.366667,13.824000,0.000000,1.069060
60,18.133333,11.233333,13.814333,0.000000,1.080091
61,18.133333,11.433333,13.791000,0.000000,1.071773
62,18.133333,11.333333,13.801000,0.000000,1.089675
63,18.166667,11.300000,13.789667,0.000000,1.093789
64,18.166667,11.266667,13.803000,0.000000,1.082511
65,18.166667,11.333333,13.805333,0.000000,1.081051
66,18.166667,11.200000,13.788000,0.000000,1.078830
67,18.166667,11.300000,13.819333,0.000000,1.058469
68,18.166667,11.300000,13.855333,0.000000,1.094924
69,18.166667,11.333333,13.803000,0.000000,1.061755
70,18.166667,11.233333,13.792333,0.000000,1.116815
71,18.166667,11.233333,13.783333,0.000000,1.056285
72,18.200000,11.266667,13.824667,0.000000,1.098714
73,18.200000,11.466667,13.814667,0.000000,1.078576
74,18.200000,11.266667,13.783333,0.000000,1.094431
75,18.200000,11.333333,13.799333,0.000000,1.074336
76,18.200000,11.300000,13.848333,0.000000,1.101548
77,18.200000,11.600000,13.816667,0.000000,1.070342
78,18.200000,11.333333,13.821333,0.000000,1.103851
79,18.200000,11.400000,13.805000,0.000000,1.089509
80,18.200000,11.433333,13.805000,0.000000,1.068710
81,18.200000,11.300000,13.810333,0.000000,1.095647
82,18.200000,11.366667,13.834000,0.000000,1.074255
83,18.200000,11.366667,13.786667,0.000000,1.068740
84,18.233333,11.400000,13.796333,0.000000,1.084709
85,18.233333,11.266667,13.795000,0.000000,1.082563
86,18.233333,11.266667,13.798333,0.000000,1.069865
87,18.233333,11.500000,13.833667,0.000000,1.076351
88,18.233333,11.433333,13.829333,0.000000,1.095779
89,18.233333,11.433333,13.777667,0.000000,1.077050
90,18.233333,11.333333,13.809333,0.000000,1.075612
91,18.233333,11.433333,13.827667,0.000000,1.065251
92,18.233333,11.400000,13.777667,0.000000,1.081819
93,18.233333,11.366667,13.798667,0.000000,1.077647
94,18.233333,11.533333,13.786667,0.000000,1.073630
95,18.233333,11.133333,13.856667,0.000000,1.099436
96,18.233333,11.366667,13.775000,0.000000,1.074199
97,18.233333,11.100000,13.788000,0.000000,1.095643
98,18.233333,11.366667,13.845667,0.000000,1.072026
99,18.233333,11.400000,13.781000,0.000000,1.070454
100,18.233333,11.300000,13.810667,0.000000,1.080013
101,18.233333,11.266667,13.780667,0.000000,1.121778
102,18.233333,11.333333,13.792667,0.000000,1.083267
103,18.233333,11.266667,13.793667,0.000000,1.089887
104,18.233333,11.400000,13.804667,0.000000,1.095406
105,18.233333,11.233333,13.808333,0.000000,1.096184
106,18.233333,11.333333,13.780667,0.000000,1.072782
107,18.233333,11.400000,13.780667,0.000000,1.100372
108,18.233333,11.500000,13.853667,0.000000,1.092031
109,18.233333,11.133333,13.799667,0.000000,1.066859
110,18.233333,11.300000,13.815333,0.000000,1.080227
111,18.233333,11.333333,13.801333,0.000000,1.089668
112,18.233333,11.400000,13.781333,0.000000,1.081515
113,18.233333,11.300000,13.774000,0.000000,1.073511
114,18.233333,11.200000,13.805000,0.000000,1.107341
115,18.233333,11.533333,13.825667,0.000000,1.079496
116,18.233333,11.400000,13.810667,0.000000,1.082583
117,18.233333,11.300000,13.804333,0.000000,1.076089
118,18.233333,11.266667,13.783333,0.000000,1.095101
119,18.233333,11.433333,13.801667,0.000000,1.067000
120,18.233333,11.433333,13.794667,0.000000,1.089280
121,18.233333,11.566667,13.827667,0.000000,1.071860
122,18.233333,11.433333,13.793333,0.000000,1.092050
123,18.233333,11.266667,13.801000,0.000000,1.059559
124,18.233333,11.300000,13.810333,0.000000,1.116217
125,18.233333,11.466667,13.822667,0.000000,1.075112
126,18.233333,11.366667,13.804333,0.000000,1.078509
127,18.233333,11.200000,13.769667,0.000000,1.093257
128,18.233333,11.433333,13.827333,0.000000,1.086636
129,18.233333,11.300000,13.793000,0.000000,1.058487
130,18.233333,11.366667,13.783333,0.000000,1.068543
131,18.266667,11.366667,13.821333,0.000000,1.081151
132,18.266667,11.300000,13.801000,0.000000,1.048737
133,18.266667,11.266667,13.809333,0.000000,1.096630
134,18.266667,11.266667,13.783333,0.000000,1.085716
135,18.266667,11.433333,13.806333,0.000000,1.066923
136,18.266667,11.433333,13.803000,0.000000,1.075284
137,18.266667,11.400000,13.800667,0.000000,1.091306
138,18.266667,11.533333,13.802333,0.000000,1.077329
139,18.266667,11.533333,13.772667,0.000000,1.072472
140,18.266667,11.500000,13.811667,0.000000,1.062432
141,18.266667,11.500000,13.812333,0.000000,1.081437
142,18.266667,11.300000,13.810000,0.000000,1.083458
143,18.266667,11.333333,13.831000,0.000000,1.089686
144,18.266667,11.366667,13.814000,0.000000,1.087789
145,18.266667,11.466667,13.837000,0.000000,1.098337
146,18.266667,11.166667,13.820667,0.000000,1.093170
147,18.266667,11.233333,13.782333,0.000000,1.077876
148,18.266667,11.400000,13.800000,0.000000,1.083603
149,18.266667,11.300000,13.807333,0.000000,1.069407
150,18.266667,11.233333,13.795000,0.000000,1.068441
151,18.266667,11.333333,13.810667,0.000000,1.084826
152,18.266667,11.400000,13.757333,0.000000,1.048637
153,18.266667,11.300000,13.777000,0.000000,1.078276
154,18.266667,11.333333,13.822333,0.000000,1.063436
155,18.266667,11.266667,13.814667,0.000000,1.084623
156,18.300000,11.300000,13.822333,0.000000,1.064590
157,18.300000,11.300000,13.808000,0.000000,1.095130
158,18.300000,11.166667,13.798000,0.000000,1.099384
159,18.300000,11.500000,13.807000,0.000000,1.058509
160,18.300000,11.300000,13.800000,0.000000,1.104336
161,18.300000,11.333333,13.809333,0.000000,1.087130
162,18.300000,11.433333,13.837333,0.000000,1.103828
163,18.300000,11.433333,13.810333,0.000000,1.080824
164,18.300000,11.400000,13.834000,0.000000,1.102035
165,18.300000,11.300000,13.793333,0.000000,1.092781
166,18.300000,11.300000,13.818667,0.000000,1.107644
167,18.300000,11.366667,13.785667,0.000000,1.080632
168,18.300000,11.300000,13.786333,0.000000,1.097647
169,18.300000,11.400000,13.815333,0.000000,1.074245
170,18.300000,11.466667,13.828000,0.000000,1.078857
171,18.300000,11.266667,13.825667,0.000000,1.086710
172,18.300000,11.333333,13.809667,0.000000,1.085245
173,18.300000,11.266667,13.815000,0.000000,1.093263
174,18.300000,11.300000,13.830000,0.000000,1.078526
175,18.300000,11.300000,13.811667,0.000000,1.078630
176,18.300000,11.433333,13.792667,0.000000,1.086609
177,18.300000,11.400000,13.822667,0.000000,1.073780
178,18.300000,11.333333,13.805000,0.000000,1.096752
179,18.300000,11.333333,13.799000,0.000000,1.065956
180,18.300000,11.300000,13.798000,0.000000,1.072345
181,18.300000,11.300000,13.795000,0.000000,1.061050
182,18.300000,11.433333,13.790333,0.000000,1.094641
183,18.300000,11.333333,13.821000,0.000000,1.078932
184,18.300000,11.200000,13.792000,0.000000,1.086488
185,18.300000,11.266667,13.792000,0.000000,1.094527
186,18.300000,11.100000,13.812333,0.000000,1.074213
187,18.300000,11.533333,13.807000,0.000000,1.071106
188,18.300000,11.566667,13.824000,0.000000,1.063628
189,18.300000,11.266667,13.804667,0.000000,1.070399
190,18.300000,11.333333,13.778000,0.000000,1.111374
191,18.300000,11.366667,13.795333,0.000000,1.101370
192,18.300000,11.266667,13.838333,0.000000,1.094040
193,18.300000,11.166667,13.811000,0.000000,1.085144
194,18.300000,11.333333,13.822000,0.000000,1.058355
195,18.300000,11.366667,13.811000,0.000000,1.083603
196,18.300000,11.100000,13.791000,0.000000,1.112225
197,18.300000,11.500000,13.821000,0.000000,1.068226
198,18.300000,11.266667,13.806333,0.000000,1.107667
199,18.300000,11.433333,13.806333,0.000000,1.086073
200,18.300000,11.366667,13.817667,0.000000,1.100443
BestSdev: 0.270963, Time: 17m53.368867338s