gen,best,worst,mean,rep,sdev
1,15.900000,11.966667,13.830000,0.000000,1.062091
2,16.200000,12.066667,13.806667,0.000000,1.047479
3,16.433333,11.866667,13.841667,0.000000,1.074360
4,16.566667,11.900000,13.745000,0.000000,1.045689
5,16.666667,11.966667,13.726667,0.000000,1.052347
6,16.733333,11.800000,13.806667,0.000000,1.049416
7,16.766667,11.966667,13.823333,0.000000,1.039576
8,16.800000,11.933333,13.816667,0.000000,1.032919
9,16.833333,11.966667,13.830000,0.000000,1.034685
10,16.900000,11.833333,13.803333,0.000000,1.054353
11,17.000000,11.833333,13.800000,0.000000,1.089496
12,17.033333,11.966667,13.870000,0.000000,1.057069
13,17.066667,11.833333,13.826667,0.000000,1.047247
14,17.066667,11.966667,13.771667,0.000000,1.029263
15,17.066667,11.800000,13.805000,0.000000,1.059063
16,17.100000,12.033333,13.805000,0.000000,0.993158
17,17.100000,11.966667,13.798333,0.000000,1.067849
18,17.100000,11.800000,13.751667,0.000000,1.074083
19,17.100000,12.033333,13.795000,0.000000,0.989003
20,17.133333,12.033333,13.785000,0.000000,0.994338
21,17.133333,11.733333,13.811667,0.000000,1.103121
22,17.166667,12.066667,13.826667,0.000000,1.034626
23,17.166667,11.833333,13.818333,0.000000,1.085382
24,17.166667,12.033333,13.888333,0.000000,1.046694
25,17.200000,11.933333,13.878333,0.000000,0.982531
26,17.200000,11.866667,13.810000,0.000000,1.079073
27,17.200000,12.000000,13.811667,0.000000,1.048861
28,17.233333,11.833333,13.670000,0.000000,1.065447
29,17.233333,11.833333,13.786667,0.000000,1.053506
30,17.233333,11.866667,13.815000,0.000000,1.032619
31,17.300000,11.800000,13.775000,0.000000,1.059641
32,17.300000,11.766667,13.828333,0.000000,1.096337
33,17.300000,11.800000,13.785000,0.000000,1.071162
34,17.300000,11.933333,13.841667,0.000000,1.060275
35,17.300000,11.900000,13.830000,0.000000,1.030871
36,17.300000,11.866667,13.843333,0.000000,1.070105
37,17.333333,12.000000,13.828333,0.000000,1.025459
38,17.333333,12.000000,13.765000,0.000000,1.008622
39,17.333333,11.866667,13.746667,0.000000,1.041804
40,17.333333,12.166667,13.870000,0.000000,1.002733
41,17.333333,11.800000,13.850000,0.000000,1.042569
42,17.333333,11.833333,13.791667,0.000000,1.046292
43,17.366667,11.933333,13.835000,0.000000,1.083449
44,17.366667,11.966667,13.811667,0.000000,1.062849
45,17.366667,12.000000,13.773333,0.000000,1.053724
46,17.366667,11.833333,13.810000,0.000000,1.058603
47,17.366667,11.866667,13.843333,0.000000,1.102480
48,17.366667,11.900000,13.825000,0.000000,1.090514
49,17.400000,11.933333,13.825000,0.000000,1.089205
50,17.400000,11.933333,13.851667,0.000000,1.094472
51,17.400000,12.066667,13.883333,0.000000,1.048573
52,17.400000,12.033333,13.848333,0.000000,1.048220
53,17.400000,11.933333,13.811667,0.000000,1.071374
54,17.400000,12.033333,13.845000,0.000000,1.060147
55,17.400000,12.033333,13.831667,0.000000,1.027506
56,17.400000,11.866667,13.800000,0.000000,1.078701
57,17.400000,11.833333,13.828333,0.000000,1.109085
58,17.400000,12.033333,13.760000,0.000000,1.051603
59,17.400000,11.900000,13.795000,0.000000,1.071899
60,17.400000,11.933333,13.880000,0.000000,1.057454
61,17.433333,11.966667,13.918333,0.000000,1.049619
62,17.466667,11.866667,13.760000,0.000000,1.041337
63,17.500000,12.033333,13.851667,0.000000,1.089100
64,17.500000,11.933333,13.835000,0.000000,1.053207
65,17.500000,12.066667,13.781667,0.000000,1.026490
66,17.500000,11.766667,13.781667,0.000000,1.079667
67,17.500000,11.766667,13.810000,0.000000,1.043457
68,17.500000,11.800000,13.811667,0.000000,1.051986
69,17.500000,12.100000,13.836667,0.000000,1.030685
70,17.500000,11.966667,13.753333,0.000000,1.031599
71,17.500000,12.100000,13.873333,0.000000,1.054570
72,17.500000,11.900000,13.745000,0.000000,1.082002
73,17.533333,11.800000,13.780000,0.000000,1.108764
74,17.533333,11.833333,13.791667,0.000000,1.073239
75,17.533333,11.900000,13.863333,0.000000,1.065983
76,17.533333,11.966667,13.781667,0.000000,1.068786
77,17.533333,11.966667,13.835000,0.000000,1.040247
78,17.533333,11.900000,13.868333,0.000000,1.051420
79,17.566667,11.866667,13.806667,0.000000,1.076216
80,17.566667,12.033333,13.885000,0.000000,1.075504
81,17.600000,11.733333,13.750000,0.000000,1.080201
82,17.600000,12.066667,13.800000,0.000000,1.042757
83,17.600000,11.900000,13.721667,0.000000,1.038362
84,17.600000,11.866667,13.856667,0.000000,1.043352
85,17.600000,11.800000,13.810000,0.000000,1.094279
86,17.600000,12.066667,13.816667,0.000000,1.037236
87,17.600000,11.933333,13.763333,0.000000,1.044715
88,17.600000,11.833333,13.776667,0.000000,1.042833
89,17.600000,11.900000,13.776667,0.000000,1.075865
90,17.600000,12.000000,13.833333,0.000000,1.000544
91,17.600000,12.066667,13.831667,0.000000,0.995190
92,17.666667,11.933333,13.785000,0.000000,1.065601
93,17.666667,11.966667,13.805000,0.000000,1.038496
94,17.666667,11.800000,13.728333,0.000000,1.020477
95,17.666667,11.900000,13.756667,0.000000,1.022684
96,17.666667,11.800000,13.791667,0.000000,1.052049
97,17.666667,12.200000,13.895000,0.000000,1.009313
98,17.666667,11.933333,13.820000,0.000000,1.046871
99,17.666667,11.966667,13.873333,0.000000,1.047113
100,17.666667,11.966667,13.783333,0.000000,1.037179
101,17.700000,12.033333,13.865000,0.000000,1.102939
102,17.700000,11.966667,13.820000,0.000000,1.064709
103,17.700000,11.866667,13.743333,0.000000,1.063401
104,17.700000,11.833333,13.811667,0.000000,1.041875
105,17.700000,12.033333,13.825000,0.000000,1.037326
106,17.700000,11.733333,13.808333,0.000000,1.080171
107,17.700000,11.966667,13.811667,0.000000,1.079216
108,17.700000,11.900000,13.683333,0.000000,1.068308
109,17.700000,11.800000,13.835000,0.000000,1.025074
110,17.700000,11.933333,13.761667,0.000000,1.023843
111,17.733333,12.100000,13.850000,0.000000,1.110927
112,17.733333,11.933333,13.845000,0.000000,1.056656
113,17.733333,12.100000,13.800000,0.000000,1.006510
114,17.766667,11.866667,13.910000,0.000000,1.100728
115,17.766667,11.866667,13.780000,0.000000,1.049640
116,17.766667,11.933333,13.835000,0.000000,1.020996
117,17.766667,12.000000,13.845000,0.000000,1.050240
118,17.766667,12.000000,13.815000,0.000000,1.061706
119,17.766667,11.800000,13.755000,0.000000,1.027964
120,17.766667,11.766667,13.796667,0.000000,1.091286
121,17.766667,11.933333,13.721667,0.000000,1.033089
122,17.766667,11.866667,13.798333,0.000000,1.053752
123,17.766667,11.866667,13.815000,0.000000,1.074742
124,17.766667,11.866667,13.841667,0.000000,1.070666
125,17.766667,11.866667,13.891667,0.000000,1.067942
126,17.766667,11.800000,13.798333,0.000000,1.059939
127,17.800000,11.900000,13.865000,0.000000,1.082074
128,17.800000,11.966667,13.810000,0.000000,1.015860
129,17.800000,11.900000,13.763333,0.000000,1.069307
130,17.800000,11.833333,13.793333,0.000000,1.049763
131,17.800000,11.933333,13.756667,0.000000,0.979010
132,17.800000,11.833333,13.821667,0.000000,1.022116
133,17.800000,12.133333,13.813333,0.000000,1.023847
134,17.800000,11.766667,13.708333,0.000000,1.040914
135,17.800000,11.766667,13.770000,0.000000,1.077107
136,17.800000,11.966667,13.750000,0.000000,1.009393
137,17.800000,12.000000,13.863333,0.000000,1.025196
138,17.800000,11.866667,13.816667,0.000000,1.026963
139,17.800000,11.966667,13.790000,0.000000,1.052052
140,17.800000,11.900000,13.821667,0.000000,1.033505
141,17.800000,11.933333,13.825000,0.000000,1.054368
142,17.800000,11.900000,13.796667,0.000000,1.035757
143,17.800000,11.933333,13.735000,0.000000,0.989712
144,17.833333,12.000000,13.770000,0.000000,1.047733
145,17.833333,11.933333,13.816667,0.000000,1.047407
146,17.833333,11.800000,13.845000,0.000000,1.100718
147,17.833333,11.900000,13.766667,0.000000,1.012412
148,17.833333,12.000000,13.876667,0.000000,1.063715
149,17.866667,11.933333,13.810000,0.000000,1.067075
150,17.866667,11.766667,13.758333,0.000000,1.034348
151,17.866667,12.033333,13.810000,0.000000,1.009338
152,17.866667,12.100000,13.826667,0.000000,1.014552
153,17.866667,12.000000,13.828333,0.000000,1.057623
154,17.866667,11.800000,13.795000,0.000000,1.109981
155,17.866667,12.000000,13.898333,0.000000,1.037928
156,17.866667,12.133333,13.798333,0.000000,0.970206
157,17.866667,11.700000,13.765000,0.000000,1.083671
158,17.900000,11.933333,13.903333,0.000000,1.112954
159,17.900000,11.966667,13.863333,0.000000,1.004585
160,17.900000,12.000000,13.813333,0.000000,1.069304
161,17.900000,11.966667,13.780000,0.000000,1.004228
162,17.900000,12.000000,13.831667,0.000000,1.040387
163,17.900000,11.866667,13.785000,0.000000,1.055164
164,17.900000,11.900000,13.785000,0.000000,1.002292
165,17.900000,12.000000,13.806667,0.000000,1.082744
166,17.900000,11.833333,13.731667,0.000000,1.010352
167,17.900000,11.800000,13.741667,0.000000,1.024961
168,17.900000,11.866667,13.773333,0.000000,1.055019
169,17.900000,11.866667,13.816667,0.000000,1.070219
170,17.900000,11.800000,13.775000,0.000000,1.090502
171,17.900000,11.933333,13.756667,0.000000,1.053550
172,17.900000,11.966667,13.823333,0.000000,1.031464
173,17.900000,11.900000,13.808333,0.000000,1.054489
174,17.900000,12.000000,13.780000,0.000000,1.052717
175,17.900000,11.933333,13.785000,0.000000,1.019182
176,17.900000,12.000000,13.828333,0.000000,1.029070
177,17.900000,11.700000,13.771667,0.000000,1.088245
178,17.900000,11.866667,13.778333,0.000000,1.076494
179,17.900000,11.800000,13.745000,0.000000,1.062174
180,17.900000,12.133333,13.863333,0.000000,1.006149
181,17.933333,11.766667,13.746667,0.000000,1.079092
182,17.933333,12.100000,13.870000,0.000000,1.018437
183,17.933333,12.000000,13.940000,0.000000,1.120131
184,17.933333,12.033333,13.790000,0.000000,1.031740
185,17.933333,11.833333,13.793333,0.000000,1.076333
186,17.933333,12.033333,13.788333,0.000000,1.072246
187,17.933333,12.000000,13.813333,0.000000,1.060264
188,17.933333,11.966667,13.816667,0.000000,1.047203
189,17.933333,11.833333,13.720000,0.000000,1.066987
190,17.933333,11.766667,13.746667,0.000000,1.071455
191,17.933333,11.733333,13.760000,0.000000,1.073129
192,17.933333,11.866667,13.763333,0.000000,0.996554
193,17.933333,12.000000,13.853333,0.000000,1.031666
194,17.933333,11.800000,13.833333,0.000000,1.053119
195,17.933333,12.033333,13.863333,0.000000,1.041669
196,17.933333,11.933333,13.753333,0.000000,1.062262
197,17.933333,11.933333,13.786667,0.000000,1.105697
198,17.933333,11.900000,13.763333,0.000000,1.013487
199,17.933333,11.933333,13.741667,0.000000,0.990317
200,17.933333,12.133333,13.840000,0.000000,0.993127
201,17.933333,11.733333,13.706667,0.000000,1.080406
202,17.933333,12.000000,13.805000,0.000000,1.029579
203,17.933333,11.833333,13.783333,0.000000,1.065141
204,17.933333,12.000000,13.848333,0.000000,1.027952
205,17.933333,11.933333,13.833333,0.000000,1.098120
206,17.933333,12.100000,13.886667,0.000000,1.031245
207,17.966667,11.866667,13.836667,0.000000,1.032363
208,17.966667,11.966667,13.815000,0.000000,1.044628
209,17.966667,11.900000,13.883333,0.000000,0.985655
210,18.033333,12.100000,13.848333,0.000000,1.094176
211,18.033333,11.900000,13.811667,0.000000,1.025722
212,18.033333,12.033333,13.860000,0.000000,1.037663
213,18.033333,12.000000,13.793333,0.000000,1.026234
214,18.033333,12.066667,13.850000,0.000000,1.039243
215,18.033333,11.966667,13.860000,0.000000,1.023938
216,18.033333,11.966667,13.850000,0.000000,1.055934
217,18.033333,12.033333,13.795000,0.000000,1.042740
218,18.033333,11.833333,13.748333,0.000000,1.084309
219,18.033333,11.866667,13.765000,0.000000,1.017824
220,18.033333,11.866667,13.858333,0.000000,1.103337
221,18.033333,12.033333,13.793333,0.000000,1.013588
222,18.033333,11.900000,13.790000,0.000000,1.027550
223,18.033333,12.000000,13.791667,0.000000,1.032864
224,18.033333,11.933333,13.775000,0.000000,1.023578
225,18.033333,11.833333,13.798333,0.000000,1.051700
226,18.033333,11.766667,13.800000,0.000000,1.076155
227,18.033333,12.033333,13.826667,0.000000,1.041970
228,18.033333,11.966667,13.853333,0.000000,1.058593
229,18.033333,11.900000,13.763333,0.000000,1.044713
230,18.033333,11.966667,13.871667,0.000000,1.080443
231,18.033333,11.933333,13.830000,0.000000,1.052524
232,18.033333,12.033333,13.828333,0.000000,1.043710
233,18.033333,12.033333,13.856667,0.000000,1.020188
234,18.033333,11.900000,13.731667,0.000000,1.037532
235,18.033333,11.766667,13.785000,0.000000,1.045438
236,18.033333,12.033333,13.873333,0.000000,1.054346
237,18.033333,12.066667,13.871667,0.000000,1.025953
238,18.033333,12.066667,13.906667,0.000000,1.035754
239,18.033333,11.833333,13.710000,0.000000,1.029699
240,18.033333,11.800000,13.731667,0.000000,1.093896
241,18.033333,11.866667,13.790000,0.000000,1.093898
242,18.033333,11.933333,13.771667,0.000000,1.044539
243,18.033333,11.966667,13.836667,0.000000,1.052975
244,18.033333,12.033333,13.821667,0.000000,0.996683
245,18.033333,11.866667,13.860000,0.000000,1.060081
246,18.033333,11.966667,13.833333,0.000000,1.022648
247,18.033333,11.933333,13.781667,0.000000,1.006430
248,18.033333,11.700000,13.711667,0.000000,1.055130
249,18.033333,11.800000,13.766667,0.000000,0.985180
250,18.033333,11.866667,13.756667,0.000000,1.005265
251,18.033333,11.966667,13.808333,0.000000,1.018533
252,18.033333,11.833333,13.823333,0.000000,1.095852
253,18.033333,11.866667,13.845000,0.000000,1.055014
254,18.033333,11.866667,13.720000,0.000000,1.059636
255,18.033333,12.166667,13.845000,0.000000,0.998345
256,18.033333,11.866667,13.815000,0.000000,1.087004
257,18.033333,12.000000,13.816667,0.000000,1.030824
258,18.033333,11.766667,13.801667,0.000000,1.083719
259,18.033333,12.066667,13.776667,0.000000,0.977142
260,18.033333,11.900000,13.776667,0.000000,1.025479
261,18.033333,11.833333,13.825000,0.000000,1.061955
262,18.033333,11.966667,13.736667,0.000000,1.010992
263,18.033333,11.866667,13.755000,0.000000,1.039441
264,18.033333,11.800000,13.741667,0.000000,1.031308
265,18.033333,11.966667,13.813333,0.000000,1.027436
266,18.033333,11.800000,13.793333,0.000000,1.029556
267,18.033333,11.933333,13.876667,0.000000,1.077523
268,18.033333,12.033333,13.835000,0.000000,1.029159
269,18.033333,12.100000,13.805000,0.000000,1.017886
270,18.033333,11.966667,13.796667,0.000000,1.049551
271,18.033333,11.766667,13.755000,0.000000,1.047833
272,18.033333,12.066667,13.955000,0.000000,1.066548
273,18.033333,11.966667,13.890000,0.000000,1.035412
274,18.033333,11.933333,13.760000,0.000000,1.091651
275,18.033333,12.100000,13.783333,0.000000,1.034940
276,18.033333,11.900000,13.848333,0.000000,1.058374
277,18.033333,11.966667,13.816667,0.000000,1.060932
278,18.033333,11.866667,13.826667,0.000000,1.059526
279,18.033333,11.966667,13.805000,0.000000,1.050076
280,18.033333,11.933333,13.835000,0.000000,1.078759
281,18.033333,11.800000,13.721667,0.000000,1.040521
282,18.033333,12.000000,13.803333,0.000000,1.041984
283,18.033333,11.866667,13.828333,0.000000,1.140626
284,18.033333,12.033333,13.871667,0.000000,1.032119
285,18.033333,11.900000,13.766667,0.000000,1.080278
286,18.066667,11.800000,13.830000,0.000000,1.100537
287,18.066667,11.933333,13.771667,0.000000,1.031225
288,18.066667,12.000000,13.806667,0.000000,1.062535
289,18.066667,11.900000,13.718333,0.000000,1.061215
290,18.066667,11.933333,13.815000,0.000000,1.005396
291,18.066667,11.866667,13.790000,0.000000,1.051790
292,18.066667,11.966667,13.843333,0.000000,1.057597
293,18.066667,11.933333,13.758333,0.000000,1.031864
294,18.066667,11.966667,13.776667,0.000000,1.007519
295,18.066667,12.033333,13.831667,0.000000,1.024867
296,18.066667,11.900000,13.835000,0.000000,1.056142
297,18.066667,11.933333,13.815000,0.000000,1.013723
298,18.066667,12.000000,13.763333,0.000000,1.044814
299,18.066667,11.933333,13.748333,0.000000,0.997629
300,18.066667,11.900000,13.733333,0.000000,1.084003
301,18.066667,11.900000,13.758333,0.000000,1.083665
302,18.066667,12.133333,13.840000,0.000000,1.010614
303,18.066667,11.933333,13.788333,0.000000,1.064803
304,18.066667,11.933333,13.845000,0.000000,1.064467
305,18.066667,12.133333,13.815000,0.000000,1.022239
306,18.066667,12.066667,13.866667,0.000000,1.023507
307,18.066667,11.933333,13.800000,0.000000,1.026624
308,18.066667,11.866667,13.835000,0.000000,1.034475
309,18.066667,11.933333,13.876667,0.000000,1.086251
310,18.066667,12.033333,13.798333,0.000000,1.012966
311,18.066667,11.866667,13.831667,0.000000,1.071740
312,18.066667,11.800000,13.800000,0.000000,1.049127
313,18.066667,11.833333,13.798333,0.000000,1.093259
314,18.066667,11.966667,13.843333,0.000000,1.051403
315,18.066667,12.033333,13.858333,0.000000,1.088162
316,18.066667,11.866667,13.785000,0.000000,1.054924
317,18.066667,11.900000,13.850000,0.000000,1.075069
318,18.066667,12.133333,13.826667,0.000000,0.988815
319,18.066667,12.133333,13.840000,0.000000,0.994835
320,18.066667,12.033333,13.863333,0.000000,1.071794
321,18.066667,12.033333,13.880000,0.000000,1.081896
322,18.100000,11.766667,13.676667,0.000000,1.026691
323,18.100000,12.000000,13.868333,0.000000,1.039686
324,18.100000,11.833333,13.706667,0.000000,1.069306
325,18.100000,12.000000,13.783333,0.000000,1.032183
326,18.100000,12.000000,13.833333,0.000000,1.087942
327,18.100000,11.766667,13.800000,0.000000,1.086170
328,18.100000,12.000000,13.853333,0.000000,1.027846
329,18.100000,12.000000,13.853333,0.000000,1.029913
330,18.100000,12.033333,13.901667,0.000000,1.026338
331,18.100000,11.833333,13.746667,0.000000,1.067061
332,18.100000,11.966667,13.818333,0.000000,1.012553
333,18.100000,12.000000,13.821667,0.000000,1.023430
334,18.100000,12.066667,13.838333,0.000000,1.026283
335,18.100000,11.933333,13.746667,0.000000,1.059518
336,18.100000,11.733333,13.835000,0.000000,1.118938
337,18.100000,11.833333,13.743333,0.000000,1.052942
338,18.100000,11.833333,13.745000,0.000000,1.063082
339,18.100000,11.966667,13.773333,0.000000,1.041417
340,18.100000,11.866667,13.828333,0.000000,1.002280
341,18.100000,12.000000,13.801667,0.000000,1.049256
342,18.100000,12.133333,13.885000,0.000000,1.025391
343,18.100000,11.866667,13.801667,0.000000,1.054212
344,18.100000,12.000000,13.796667,0.000000,1.076720
345,18.100000,11.733333,13.725000,0.000000,1.088311
346,18.100000,11.933333,13.815000,0.000000,1.053790
347,18.100000,11.966667,13.770000,0.000000,0.987789
348,18.100000,11.866667,13.831667,0.000000,1.065262
349,18.100000,12.000000,13.813333,0.000000,1.031112
350,18.100000,11.933333,13.840000,0.000000,1.003019
351,18.100000,11.933333,13.823333,0.000000,1.075011
352,18.100000,12.000000,13.828333,0.000000,1.046835
353,18.100000,11.966667,13.840000,0.000000,1.071635
354,18.100000,11.733333,13.861667,0.000000,1.116948
355,18.100000,12.100000,13.798333,0.000000,1.054926
356,18.100000,11.900000,13.768333,0.000000,1.077698
357,18.100000,11.900000,13.766667,0.000000,1.036293
358,18.100000,11.900000,13.788333,0.000000,1.038571
359,18.100000,11.966667,13.791667,0.000000,1.088545
360,18.100000,12.133333,13.843333,0.000000,1.012964
361,18.100000,11.833333,13.748333,0.000000,1.066251
362,18.100000,11.900000,13.800000,0.000000,1.049076
363,18.100000,11.966667,13.790000,0.000000,1.034572
364,18.100000,11.900000,13.770000,0.000000,1.097948
365,18.100000,11.800000,13.716667,0.000000,1.013604
366,18.100000,11.866667,13.876667,0.000000,1.071904
367,18.100000,12.033333,13.831667,0.000000,1.033718
368,18.100000,11.900000,13.823333,0.000000,1.084373
369,18.100000,11.966667,13.736667,0.000000,1.013221
370,18.100000,11.966667,13.855000,0.000000,1.055453
371,18.100000,11.866667,13.746667,0.000000,0.992950
372,18.100000,11.766667,13.811667,0.000000,1.097925
373,18.100000,11.933333,13.798333,0.000000,1.113632
374,18.100000,11.733333,13.756667,0.000000,1.048488
375,18.100000,11.866667,13.730000,0.000000,1.042984
376,18.100000,12.000000,13.750000,0.000000,1.067159
377,18.100000,12.000000,13.763333,0.000000,1.013726
378,18.100000,12.033333,13.868333,0.000000,1.019641
379,18.100000,11.966667,13.791667,0.000000,1.020058
380,18.100000,11.966667,13.810000,0.000000,1.064091
381,18.100000,12.066667,13.793333,0.000000,1.018357
382,18.100000,11.966667,13.778333,0.000000,1.040840
383,18.100000,11.733333,13.738333,0.000000,1.073662
384,18.100000,11.700000,13.763333,0.000000,1.095672
385,18.100000,11.866667,13.788333,0.000000,1.101617
386,18.100000,11.800000,13.746667,0.000000,1.032185
387,18.100000,11.866667,13.763333,0.000000,1.023256
388,18.100000,12.000000,13.795000,0.000000,1.032455
389,18.100000,12.133333,13.911667,0.000000,1.022554
390,18.100000,11.966667,13.825000,0.000000,1.044242
391,18.100000,11.966667,13.838333,0.000000,1.024006
392,18.100000,11.966667,13.750000,0.000000,1.009568
393,18.100000,11.800000,13.756667,0.000000,1.059882
394,18.100000,12.000000,13.806667,0.000000,1.025126
395,18.100000,11.966667,13.881667,0.000000,1.021577
396,18.100000,11.866667,13.855000,0.000000,1.071189
397,18.100000,11.933333,13.763333,0.000000,1.068391
398,18.100000,11.866667,13.800000,0.000000,1.015025
399,18.100000,12.133333,13.775000,0.000000,1.015253
400,18.100000,11.966667,13.810000,0.000000,1.007666
401,18.100000,11.933333,13.843333,0.000000,1.058669
402,18.100000,11.866667,13.815000,0.000000,1.123595
403,18.100000,11.866667,13.796667,0.000000,1.108797
404,18.100000,11.700000,13.813333,0.000000,1.149525
405,18.100000,11.633333,13.723333,0.000000,1.043130
406,18.100000,11.833333,13.865000,0.000000,1.070942
407,18.100000,12.000000,13.896667,0.000000,1.032114
408,18.100000,12.033333,13.796667,0.000000,0.948494
409,18.133333,11.966667,13.811667,0.000000,1.076892
410,18.133333,11.933333,13.840000,0.000000,1.078316
411,18.133333,11.866667,13.775000,0.000000,1.059588
412,18.133333,11.933333,13.823333,0.000000,1.061174
413,18.133333,11.900000,13.861667,0.000000,1.054157
414,18.133333,11.800000,13.748333,0.000000,1.052834
415,18.133333,11.966667,13.778333,0.000000,1.035440
416,18.133333,11.800000,13.850000,0.000000,1.069497
417,18.133333,12.000000,13.776667,0.000000,1.006811
418,18.133333,11.866667,13.680000,0.000000,1.067736
419,18.133333,11.966667,13.796667,0.000000,0.998477
420,18.133333,12.000000,13.805000,0.000000,1.034755
421,18.133333,11.933333,13.793333,0.000000,1.084665
422,18.133333,11.966667,13.796667,0.000000,1.017798
423,18.133333,12.000000,13.833333,0.000000,1.054436
424,18.133333,11.933333,13.816667,0.000000,1.070052
425,18.133333,12.000000,13.833333,0.000000,1.030625
426,18.133333,11.933333,13.775000,0.000000,1.039360
427,18.133333,11.733333,13.785000,0.000000,1.082465
428,18.133333,11.866667,13.851667,0.000000,1.006808
429,18.133333,11.966667,13.831667,0.000000,1.029838
430,18.133333,12.033333,13.770000,0.000000,1.010585
431,18.133333,11.933333,13.786667,0.000000,1.045675
432,18.133333,11.933333,13.816667,0.000000,1.082878
433,18.133333,11.800000,13.691667,0.000000,1.060187
434,18.133333,12.066667,13.825000,0.000000,1.029913
435,18.133333,11.833333,13.876667,0.000000,1.063602
436,18.133333,12.000000,13.836667,0.000000,1.075688
437,18.133333,11.833333,13.770000,0.000000,1.096317
438,18.133333,12.033333,13.835000,0.000000,1.015438
439,18.133333,12.200000,13.803333,0.000000,0.983178
440,18.133333,11.700000,13.846667,0.000000,1.070038
441,18.133333,11.866667,13.805000,0.000000,1.085593
442,18.133333,12.033333,13.821667,0.000000,1.049794
443,18.133333,11.766667,13.801667,0.000000,1.064847
444,18.133333,12.033333,13.823333,0.000000,1.030885
445,18.133333,11.900000,13.840000,0.000000,1.062480
446,18.133333,11.900000,13.873333,0.000000,1.059118
447,18.133333,12.033333,13.843333,0.000000,1.016238
448,18.133333,12.033333,13.810000,0.000000,1.034180
449,18.133333,11.866667,13.843333,0.000000,1.047575
450,18.133333,11.966667,13.836667,0.000000,1.055940
451,18.133333,12.100000,13.826667,0.000000,1.007975
452,18.133333,12.066667,13.866667,0.000000,1.053709
453,18.133333,12.000000,13.798333,0.000000,0.998251
454,18.133333,12.133333,13.848333,0.000000,1.007983
455,18.133333,11.933333,13.863333,0.000000,1.063954
456,18.133333,11.900000,13.845000,0.000000,1.055834
457,18.133333,11.966667,13.835000,0.000000,1.033243
458,18.133333,11.900000,13.775000,0.000000,1.085143
459,18.133333,12.066667,13.776667,0.000000,1.008657
460,18.133333,11.866667,13.750000,0.000000,1.072136
461,18.133333,11.766667,13.850000,0.000000,1.025125
462,18.133333,11.933333,13.796667,0.000000,1.085934
463,18.133333,11.966667,13.798333,0.000000,1.023489
464,18.133333,11.966667,13.848333,0.000000,1.082105
465,18.133333,11.766667,13.750000,0.000000,1.040245
466,18.133333,12.000000,13.780000,0.000000,1.065998
467,18.133333,12.000000,13.813333,0.000000,1.004035
468,18.133333,12.033333,13.820000,0.000000,1.053784
469,18.133333,11.833333,13.763333,0.000000,1.068871
470,18.133333,11.866667,13.788333,0.000000,1.072010
471,18.133333,11.966667,13.768333,0.000000,1.034605
472,18.133333,11.966667,13.830000,0.000000,1.005617
473,18.133333,11.900000,13.818333,0.000000,1.066109
474,18.133333,12.000000,13.765000,0.000000,1.016474
475,18.133333,11.900000,13.726667,0.000000,1.096142
476,18.133333,11.966667,13.840000,0.000000,1.053851
477,18.133333,11.900000,13.781667,0.000000,1.015093
478,18.133333,11.866667,13.776667,0.000000,1.016889
479,18.166667,11.933333,13.846667,0.000000,1.077666
480,18.166667,11.866667,13.788333,0.000000,1.031720
481,18.166667,12.200000,13.833333,0.000000,1.010881
482,18.166667,11.800000,13.736667,0.000000,1.065329
483,18.166667,11.833333,13.703333,0.000000,1.036991
484,18.166667,11.866667,13.828333,0.000000,1.034218
485,18.166667,11.966667,13.785000,0.000000,1.032111
486,18.166667,11.800000,13.776667,0.000000,1.054502
487,18.166667,11.966667,13.841667,0.000000,1.038153
488,18.166667,11.866667,13.893333,0.000000,1.069355
489,18.166667,11.766667,13.740000,0.000000,1.039832
490,18.166667,11.933333,13.861667,0.000000,1.060102
491,18.166667,11.933333,13.811667,0.000000,1.016140
492,18.166667,11.700000,13.750000,0.000000,1.092914
493,18.166667,11.966667,13.795000,0.000000,1.081733
494,18.166667,11.900000,13.841667,0.000000,1.109609
495,18.166667,11.833333,13.845000,0.000000,1.068304
496,18.166667,11.933333,13.791667,0.000000,1.015892
497,18.166667,11.900000,13.841667,0.000000,1.108490
498,18.166667,11.866667,13.815000,0.000000,1.075717
499,18.166667,11.966667,13.775000,0.000000,0.992938
500,18.166667,11.966667,13.798333,0.000000,1.062312
BestSdev: 0.333127, Time: 23m42.243491304s