gen,best,worst,mean,rep,sdev
1,15.933333,11.933333,13.813333,0.000000,1.061604
2,16.200000,11.966667,13.783333,0.000000,1.051068
3,16.333333,11.866667,13.771667,0.000000,1.041442
4,16.433333,11.900000,13.786667,0.000000,1.049048
5,16.533333,11.766667,13.801667,0.000000,1.106704
6,16.600000,11.900000,13.790000,0.000000,1.091316
7,16.700000,11.966667,13.838333,0.000000,1.088576
8,16.800000,11.866667,13.750000,0.000000,1.084841
9,16.833333,12.033333,13.848333,0.000000,1.067023
10,16.966667,11.966667,13.830000,0.000000,1.043163
11,17.000000,11.900000,13.793333,0.000000,1.051030
12,17.033333,11.933333,13.846667,0.000000,0.984658
13,17.033333,11.800000,13.823333,0.000000,1.162559
14,17.066667,11.966667,13.850000,0.000000,1.012252
15,17.066667,11.866667,13.863333,0.000000,1.072809
16,17.066667,12.066667,13.848333,0.000000,0.994048
17,17.100000,11.966667,13.878333,0.000000,1.074154
18,17.100000,11.900000,13.750000,0.000000,1.015470
19,17.100000,11.833333,13.798333,0.000000,1.046875
20,17.100000,11.966667,13.746667,0.000000,1.036785
21,17.133333,12.033333,13.788333,0.000000,1.063822
22,17.133333,11.800000,13.841667,0.000000,1.121247
23,17.166667,11.733333,13.831667,0.000000,1.117058
24,17.200000,12.000000,13.906667,0.000000,1.049056
25,17.233333,12.000000,13.836667,0.000000,1.054741
26,17.233333,11.933333,13.801667,0.000000,0.984906
27,17.233333,11.933333,13.900000,0.000000,1.078233
28,17.233333,12.066667,13.878333,0.000000,1.025782
29,17.233333,11.733333,13.758333,0.000000,1.076570
30,17.233333,11.966667,13.850000,0.000000,1.006415
31,17.233333,12.066667,13.861667,0.000000,1.090907
32,17.233333,11.800000,13.723333,0.000000,1.033384
33,17.233333,11.833333,13.791667,0.000000,1.081372
34,17.300000,11.966667,13.830000,0.000000,1.054734
35,17.300000,11.800000,13.761667,0.000000,1.081794
36,17.300000,11.766667,13.786667,0.000000,1.055751
37,17.300000,12.066667,13.856667,0.000000,1.078327
38,17.333333,11.766667,13.893333,0.000000,1.092016
39,17.333333,11.966667,13.843333,0.000000,1.060904
40,17.333333,12.033333,13.858333,0.000000,1.019838
41,17.333333,12.000000,13.811667,0.000000,0.978700
42,17.333333,12.066667,13.820000,0.000000,0.985097
43,17.333333,11.800000,13.758333,0.000000,1.036488
44,17.333333,11.966667,13.843333,0.000000,1.001888
45,17.333333,11.900000,13.848333,0.000000,1.046946
46,17.333333,11.933333,13.753333,0.000000,1.032465
47,17.333333,12.033333,13.845000,0.000000,1.021029
48,17.333333,11.966667,13.811667,0.000000,0.961959
49,17.366667,11.733333,13.746667,0.000000,1.058952
50,17.400000,11.933333,13.808333,0.000000,1.082216
BestSdev: 0.323240, Time: 1m18.170931135s