gen,best,worst,mean,rep,sdev
1,31.966667,12.300000,20.802333,0.000000,3.665979
2,32.700000,12.166667,20.790167,0.000000,3.552137
3,33.133333,12.100000,20.756833,0.000000,3.620200
4,33.366667,11.766667,20.722833,0.000000,3.619408
5,33.433333,11.800000,20.752833,0.000000,3.652978
6,33.600000,12.166667,20.813000,0.000000,3.665445
7,33.900000,11.966667,20.738833,0.000000,3.625680
8,33.966667,11.833333,20.811500,0.000000,3.617243
9,34.000000,12.200000,20.711833,0.000000,3.555804
10,34.000000,11.933333,20.778833,0.000000,3.641610
11,34.066667,11.866667,20.749000,0.000000,3.565160
12,34.233333,12.000000,20.710167,0.000000,3.562265
13,34.366667,12.200000,20.741500,0.000000,3.560093
14,34.366667,12.033333,20.768000,0.000000,3.575195
15,34.433333,12.033333,20.775333,0.000000,3.569507
16,34.433333,12.233333,20.765000,0.000000,3.700801
17,34.466667,11.966667,20.766167,0.000000,3.589390
18,34.600000,12.333333,20.713000,0.000000,3.583805
19,34.700000,12.400000,20.779500,0.000000,3.610234
20,34.800000,12.066667,20.672333,0.000000,3.558096
21,34.800000,12.166667,20.619667,0.000000,3.580115
22,34.900000,12.100000,20.744333,0.000000,3.627812
23,34.900000,11.700000,20.764000,0.000000,3.633661
24,34.900000,12.266667,20.867833,0.000000,3.675213
25,34.900000,11.600000,20.689667,0.000000,3.569051
26,34.933333,11.833333,20.688167,0.000000,3.641568
27,34.933333,11.800000,20.721167,0.000000,3.578846
28,34.933333,11.666667,20.655667,0.000000,3.559579
29,34.933333,12.233333,20.784833,0.000000,3.602376
30,34.933333,12.466667,20.722333,0.000000,3.570791
31,34.933333,12.200000,20.780000,0.000000,3.584260
32,35.066667,11.933333,20.699833,0.000000,3.638951
33,35.133333,12.300000,20.799167,0.000000,3.606005
34,35.133333,12.133333,20.738833,0.000000,3.581039
35,35.200000,12.400000,20.712833,0.000000,3.573254
36,35.233333,11.833333,20.640000,0.000000,3.562641
37,35.233333,11.633333,20.663833,0.000000,3.618574
38,35.466667,12.200000,20.755667,0.000000,3.603475
39,35.466667,11.833333,20.743167,0.000000,3.623986
40,35.500000,12.200000,20.789167,0.000000,3.588863
41,35.600000,12.000000,20.785833,0.000000,3.606377
42,35.600000,12.200000,20.756500,0.000000,3.615324
43,35.666667,12.200000,20.709667,0.000000,3.558672
44,35.666667,12.666667,20.778833,0.000000,3.574696
45,35.666667,11.966667,20.759000,0.000000,3.595910
46,35.666667,12.133333,20.797667,0.000000,3.586122
47,35.666667,12.100000,20.746000,0.000000,3.600080
48,35.666667,12.166667,20.739167,0.000000,3.603489
49,35.666667,12.066667,20.704667,0.000000,3.612247
50,35.666667,11.633333,20.663667,0.000000,3.609054
BestSdev: 0.829759, Time: 11m9.838645505s