gen,best,worst,mean,rep,sdev
1,16.333333,11.633333,13.792667,0.000000,1.088454
2,16.600000,11.600000,13.755333,0.000000,1.061368
3,16.733333,11.566667,13.872667,0.000000,1.081545
4,16.866667,11.666667,13.815333,0.000000,1.051356
5,16.900000,11.566667,13.832000,0.000000,1.051721
6,16.900000,11.600000,13.777333,0.000000,1.034521
7,16.900000,11.533333,13.755333,0.000000,1.095513
8,16.900000,11.666667,13.799333,0.000000,1.062861
9,16.966667,11.566667,13.758000,0.000000,1.073019
10,17.100000,11.700000,13.796667,0.000000,1.053767
11,17.133333,11.433333,13.804000,0.000000,1.098154
12,17.166667,11.500000,13.784000,0.000000,1.090719
13,17.200000,11.666667,13.854667,0.000000,1.078704
14,17.266667,11.633333,13.844667,0.000000,1.074974
15,17.400000,11.700000,13.844667,0.000000,1.079912
16,17.400000,11.666667,13.776667,0.000000,1.029277
17,17.466667,11.466667,13.758000,0.000000,1.091444
18,17.466667,11.466667,13.847333,0.000000,1.122553
19,17.500000,11.766667,13.824000,0.000000,1.091691
20,17.500000,11.700000,13.812000,0.000000,1.062252
21,17.566667,11.600000,13.817333,0.000000,1.084132
22,17.566667,11.466667,13.784000,0.000000,1.100543
23,17.566667,11.466667,13.823333,0.000000,1.101488
24,17.600000,11.633333,13.831333,0.000000,1.134615
25,17.600000,11.666667,13.850000,0.000000,1.087879
26,17.600000,11.566667,13.749333,0.000000,1.094549
27,17.600000,11.533333,13.810000,0.000000,1.080428
28,17.633333,11.566667,13.770667,0.000000,1.096217
29,17.633333,11.733333,13.828000,0.000000,1.036513
30,17.633333,11.600000,13.796000,0.000000,1.055683
31,17.633333,11.566667,13.829333,0.000000,1.076065
32,17.666667,11.633333,13.804667,0.000000,1.078974
33,17.666667,11.600000,13.825333,0.000000,1.052293
34,17.700000,11.500000,13.809333,0.000000,1.075732
35,17.700000,11.566667,13.848667,0.000000,1.059948
36,17.733333,11.433333,13.789333,0.000000,1.116769
37,17.733333,11.600000,13.833333,0.000000,1.058633
38,17.733333,11.566667,13.883333,0.000000,1.058811
39,17.733333,11.533333,13.791333,0.000000,1.061759
40,17.733333,11.500000,13.777333,0.000000,1.051837
41,17.766667,11.600000,13.829333,0.000000,1.091779
42,17.766667,11.533333,13.834667,0.000000,1.066043
43,17.800000,11.566667,13.796667,0.000000,1.069667
44,17.800000,11.566667,13.750667,0.000000,1.080124
45,17.800000,11.533333,13.800000,0.000000,1.060387
46,17.800000,11.433333,13.814000,0.000000,1.070483
47,17.833333,11.466667,13.772667,0.000000,1.097150
48,17.833333,11.733333,13.753333,0.000000,1.037361
49,17.833333,11.600000,13.816667,0.000000,1.073389
50,17.900000,11.600000,13.790000,0.000000,1.053042
51,17.900000,11.433333,13.807333,0.000000,1.072526
52,17.900000,11.666667,13.786667,0.000000,1.083801
53,17.933333,11.666667,13.835333,0.000000,1.082084
54,17.933333,11.733333,13.777333,0.000000,1.030268
55,17.933333,11.533333,13.797333,0.000000,1.095752
56,17.933333,11.666667,13.765333,0.000000,1.077143
57,17.933333,11.600000,13.828000,0.000000,1.047957
58,17.933333,11.533333,13.822667,0.000000,1.086967
59,17.966667,11.600000,13.804000,0.000000,1.066024
60,17.966667,11.700000,13.822000,0.000000,1.054442
61,17.966667,11.733333,13.802667,0.000000,1.057179
62,17.966667,11.633333,13.840667,0.000000,1.066099
63,17.966667,11.566667,13.740667,0.000000,1.096034
64,17.966667,11.400000,13.764667,0.000000,1.104920
65,17.966667,11.433333,13.808000,0.000000,1.076832
66,17.966667,11.566667,13.868000,0.000000,1.076673
67,17.966667,11.466667,13.814667,0.000000,1.083013
68,18.000000,11.733333,13.777333,0.000000,1.068505
69,18.000000,11.633333,13.806667,0.000000,1.038042
70,18.000000,11.533333,13.784000,0.000000,1.070480
71,18.000000,11.533333,13.828667,0.000000,1.075359
72,18.000000,11.533333,13.791333,0.000000,1.050019
73,18.000000,11.800000,13.804000,0.000000,1.063714
74,18.000000,11.600000,13.815333,0.000000,1.099405
75,18.000000,11.500000,13.805333,0.000000,1.075958
76,18.000000,11.500000,13.832000,0.000000,1.080126
77,18.066667,11.666667,13.806000,0.000000,1.072474
78,18.066667,11.700000,13.794667,0.000000,1.061739
79,18.066667,11.600000,13.762000,0.000000,1.072467
80,18.066667,11.700000,13.788000,0.000000,1.089625
81,18.066667,11.533333,13.822667,0.000000,1.057682
82,18.066667,11.633333,13.766000,0.000000,1.049872
83,18.066667,11.433333,13.758000,0.000000,1.080687
84,18.066667,11.400000,13.779333,0.000000,1.076765
85,18.066667,11.766667,13.839333,0.000000,1.073052
86,18.066667,11.666667,13.802667,0.000000,1.075838
87,18.066667,11.566667,13.843333,0.000000,1.073205
88,18.066667,11.566667,13.747333,0.000000,1.065789
89,18.066667,11.733333,13.807333,0.000000,1.055213
90,18.066667,11.800000,13.825333,0.000000,1.049890
91,18.066667,11.633333,13.832667,0.000000,1.054921
92,18.066667,11.566667,13.794667,0.000000,1.107086
93,18.066667,11.500000,13.806000,0.000000,1.086224
94,18.066667,11.466667,13.768667,0.000000,1.078210
95,18.066667,11.600000,13.797333,0.000000,1.084972
96,18.066667,11.600000,13.840000,0.000000,1.068711
97,18.066667,11.533333,13.802667,0.000000,1.084712
98,18.066667,11.600000,13.870000,0.000000,1.066754
99,18.066667,11.566667,13.844667,0.000000,1.056799
100,18.066667,11.633333,13.800667,0.000000,1.072415
101,18.100000,11.533333,13.832000,0.000000,1.070300
102,18.100000,11.533333,13.724667,0.000000,1.101267
103,18.100000,11.600000,13.781333,0.000000,1.053052
104,18.100000,11.533333,13.804667,0.000000,1.048986
105,18.100000,11.566667,13.783333,0.000000,1.082427
106,18.100000,11.700000,13.830000,0.000000,1.067378
107,18.100000,11.533333,13.803333,0.000000,1.072705
108,18.100000,11.533333,13.804667,0.000000,1.062071
109,18.100000,11.633333,13.858000,0.000000,1.100712
110,18.100000,11.633333,13.770667,0.000000,1.051562
111,18.100000,11.766667,13.804667,0.000000,1.016731
112,18.100000,11.500000,13.810000,0.000000,1.080252
113,18.100000,11.633333,13.795333,0.000000,1.047046
114,18.100000,11.600000,13.850000,0.000000,1.101337
115,18.100000,11.533333,13.802000,0.000000,1.087965
116,18.100000,11.466667,13.818000,0.000000,1.113212
117,18.100000,11.666667,13.880667,0.000000,1.034191
118,18.100000,11.533333,13.808667,0.000000,1.076006
119,18.100000,11.633333,13.753333,0.000000,1.061020
120,18.100000,11.466667,13.794000,0.000000,1.076902
121,18.100000,11.333333,13.788667,0.000000,1.093514
122,18.100000,11.433333,13.861333,0.000000,1.088193
123,18.100000,11.566667,13.783333,0.000000,1.078165
124,18.100000,11.666667,13.846667,0.000000,1.084433
125,18.100000,11.766667,13.805333,0.000000,1.079044
126,18.100000,11.566667,13.798667,0.000000,1.098273
127,18.100000,11.633333,13.862000,0.000000,1.097859
128,18.100000,11.666667,13.823333,0.000000,1.095034
129,18.100000,11.500000,13.801333,0.000000,1.082506
130,18.100000,11.600000,13.810667,0.000000,1.077287
131,18.100000,11.566667,13.800000,0.000000,1.053783
132,18.100000,11.500000,13.801333,0.000000,1.079022
133,18.100000,11.566667,13.786000,0.000000,1.064906
134,18.100000,11.666667,13.824000,0.000000,1.101223
135,18.100000,11.600000,13.778667,0.000000,1.092097
136,18.100000,11.600000,13.806667,0.000000,1.066538
137,18.100000,11.566667,13.782667,0.000000,1.081175
138,18.100000,11.500000,13.849333,0.000000,1.071993
139,18.100000,11.533333,13.823333,0.000000,1.104406
140,18.100000,11.600000,13.815333,0.000000,1.076827
141,18.100000,11.433333,13.781333,0.000000,1.101804
142,18.100000,11.600000,13.809333,0.000000,1.073361
143,18.100000,11.600000,13.782000,0.000000,1.071325
144,18.100000,11.500000,13.747333,0.000000,1.091540
145,18.100000,11.700000,13.811333,0.000000,1.077617
146,18.100000,11.466667,13.831333,0.000000,1.070101
147,18.100000,11.566667,13.802667,0.000000,1.070277
148,18.100000,11.633333,13.794667,0.000000,1.075637
149,18.100000,11.600000,13.820000,0.000000,1.050538
150,18.100000,11.566667,13.772667,0.000000,1.095414
151,18.100000,11.633333,13.818667,0.000000,1.082084
152,18.100000,11.666667,13.813333,0.000000,1.082574
153,18.100000,11.566667,13.784000,0.000000,1.089292
154,18.100000,11.500000,13.812667,0.000000,1.041747
155,18.100000,11.700000,13.846000,0.000000,1.089409
156,18.100000,11.700000,13.794667,0.000000,1.072499
157,18.100000,11.700000,13.808667,0.000000,1.066209
158,18.100000,11.600000,13.799333,0.000000,1.083771
159,18.100000,11.666667,13.832667,0.000000,1.071827
160,18.100000,11.600000,13.804667,0.000000,1.086376
161,18.100000,11.666667,13.835333,0.000000,1.078994
162,18.100000,11.666667,13.790667,0.000000,1.072200
163,18.100000,11.766667,13.822667,0.000000,1.050316
164,18.100000,11.600000,13.816000,0.000000,1.047381
165,18.100000,11.533333,13.796000,0.000000,1.064030
166,18.100000,11.600000,13.804667,0.000000,1.083791
167,18.100000,11.666667,13.814667,0.000000,1.058784
168,18.100000,11.600000,13.754667,0.000000,1.041924
169,18.100000,11.700000,13.851333,0.000000,1.068301
170,18.100000,11.533333,13.762667,0.000000,1.085392
171,18.100000,11.566667,13.837333,0.000000,1.077303
172,18.100000,11.633333,13.793333,0.000000,1.070317
173,18.100000,11.600000,13.812667,0.000000,1.100888
174,18.100000,11.533333,13.783333,0.000000,1.089320
175,18.100000,11.566667,13.754000,0.000000,1.044941
176,18.100000,11.600000,13.809333,0.000000,1.081943
177,18.100000,11.600000,13.793333,0.000000,1.073487
178,18.100000,11.466667,13.841333,0.000000,1.103430
179,18.100000,11.766667,13.826000,0.000000,1.058475
180,18.100000,11.533333,13.758667,0.000000,1.064717
181,18.100000,11.733333,13.782667,0.000000,1.056009
182,18.100000,11.500000,13.855333,0.000000,1.108412
183,18.100000,11.600000,13.829333,0.000000,1.089277
184,18.100000,11.500000,13.823333,0.000000,1.084206
185,18.100000,11.866667,13.797333,0.000000,1.036196
186,18.100000,11.566667,13.787333,0.000000,1.079960
187,18.100000,11.566667,13.828667,0.000000,1.063471
188,18.100000,11.666667,13.836667,0.000000,1.066072
189,18.100000,11.600000,13.803333,0.000000,1.067255
190,18.100000,11.533333,13.746667,0.000000,1.058523
191,18.100000,11.600000,13.817333,0.000000,1.101747
192,18.100000,11.533333,13.749333,0.000000,1.086990
193,18.100000,11.700000,13.800000,0.000000,1.044131
194,18.100000,11.633333,13.802000,0.000000,1.055025
195,18.100000,11.666667,13.819333,0.000000,1.094023
196,18.100000,11.600000,13.774000,0.000000,1.054491
197,18.100000,11.433333,13.817333,0.000000,1.109908
198,18.100000,11.566667,13.799333,0.000000,1.048414
199,18.133333,11.600000,13.865333,0.000000,1.068698
200,18.133333,11.700000,13.818667,0.000000,1.042869
BestSdev: 0.327546, Time: 18m27.409640624s