gen,best,worst,mean,rep,sdev
1,16.566667,11.433333,13.798000,0.000000,1.069816
2,16.933333,11.400000,13.808667,0.000000,1.099833
3,17.033333,11.066667,13.764000,0.000000,1.092352
4,17.100000,11.300000,13.796333,0.000000,1.061178
5,17.133333,11.200000,13.827000,0.000000,1.083722
6,17.266667,11.466667,13.818667,0.000000,1.073028
7,17.300000,11.266667,13.827333,0.000000,1.095027
8,17.333333,11.366667,13.796667,0.000000,1.070376
9,17.333333,11.400000,13.793333,0.000000,1.079435
10,17.333333,11.233333,13.808667,0.000000,1.082941
11,17.333333,11.200000,13.768667,0.000000,1.095356
12,17.333333,11.266667,13.775667,0.000000,1.085144
13,17.366667,11.500000,13.817333,0.000000,1.069531
14,17.400000,11.266667,13.814333,0.000000,1.082412
15,17.400000,11.600000,13.796000,0.000000,1.050963
16,17.466667,11.133333,13.804000,0.000000,1.082739
17,17.466667,11.200000,13.799667,0.000000,1.081904
18,17.466667,11.433333,13.756000,0.000000,1.107043
19,17.500000,11.333333,13.782333,0.000000,1.080938
20,17.533333,11.266667,13.792000,0.000000,1.079754
21,17.533333,11.400000,13.786667,0.000000,1.059906
22,17.533333,11.300000,13.785333,0.000000,1.087085
23,17.533333,11.433333,13.811000,0.000000,1.073751
24,17.533333,11.400000,13.785333,0.000000,1.085619
25,17.533333,11.366667,13.807667,0.000000,1.061609
26,17.533333,11.366667,13.804667,0.000000,1.067012
27,17.533333,11.500000,13.803333,0.000000,1.075111
28,17.533333,11.466667,13.801333,0.000000,1.070405
29,17.533333,11.200000,13.814333,0.000000,1.088539
30,17.566667,11.266667,13.760333,0.000000,1.064586
31,17.566667,11.433333,13.776000,0.000000,1.070616
32,17.566667,11.333333,13.817333,0.000000,1.068252
33,17.600000,11.233333,13.803667,0.000000,1.076231
34,17.600000,11.433333,13.815333,0.000000,1.073296
35,17.600000,11.366667,13.829000,0.000000,1.083040
36,17.600000,11.233333,13.808000,0.000000,1.090271
37,17.600000,11.200000,13.792000,0.000000,1.087701
38,17.633333,11.166667,13.817000,0.000000,1.109041
39,17.633333,11.566667,13.858000,0.000000,1.082222
40,17.633333,11.433333,13.815333,0.000000,1.048658
41,17.700000,11.333333,13.843667,0.000000,1.066738
42,17.700000,11.300000,13.790000,0.000000,1.068748
43,17.766667,11.400000,13.794333,0.000000,1.065776
44,17.833333,11.333333,13.837667,0.000000,1.111341
45,17.833333,11.100000,13.786667,0.000000,1.110729
46,17.833333,11.200000,13.824333,0.000000,1.092918
47,17.866667,11.266667,13.803333,0.000000,1.065148
48,17.900000,11.400000,13.781000,0.000000,1.108021
49,17.933333,11.400000,13.829667,0.000000,1.080749
50,18.000000,11.300000,13.805667,0.000000,1.062668
51,18.000000,11.300000,13.826333,0.000000,1.107116
52,18.033333,11.400000,13.840333,0.000000,1.074118
53,18.033333,11.333333,13.788000,0.000000,1.070903
54,18.033333,11.200000,13.781667,0.000000,1.081719
55,18.033333,11.433333,13.817667,0.000000,1.071242
56,18.033333,11.466667,13.802667,0.000000,1.081511
57,18.100000,11.200000,13.797333,0.000000,1.098106
58,18.100000,11.266667,13.805000,0.000000,1.065548
59,18.100000,11.266667,13.800667,0.000000,1.082476
60,18.100000,11.200000,13.797667,0.000000,1.111187
61,18.166667,11.400000,13.815333,0.000000,1.071350
62,18.166667,11.400000,13.805333,0.000000,1.070419
63,18.166667,11.433333,13.809333,0.000000,1.075719
64,18.166667,11.333333,13.815000,0.000000,1.075557
65,18.166667,11.300000,13.817333,0.000000,1.095388
66,18.166667,11.366667,13.819667,0.000000,1.074341
67,18.166667,11.366667,13.791667,0.000000,1.078755
68,18.166667,11.300000,13.811333,0.000000,1.086591
69,18.166667,11.333333,13.813667,0.000000,1.084361
70,18.166667,11.600000,13.833000,0.000000,1.065836
71,18.166667,11.333333,13.803333,0.000000,1.084514
72,18.166667,11.433333,13.806667,0.000000,1.091125
73,18.166667,11.566667,13.851333,0.000000,1.062308
74,18.166667,11.166667,13.758000,0.000000,1.098227
75,18.166667,11.400000,13.832333,0.000000,1.099445
76,18.166667,11.233333,13.829333,0.000000,1.087311
77,18.166667,11.366667,13.798667,0.000000,1.072305
78,18.166667,11.233333,13.797000,0.000000,1.074739
79,18.166667,11.633333,13.822000,0.000000,1.067434
80,18.166667,11.300000,13.823000,0.000000,1.075523
81,18.166667,11.266667,13.783333,0.000000,1.086982
82,18.166667,11.166667,13.812333,0.000000,1.101345
83,18.166667,11.433333,13.834667,0.000000,1.084664
84,18.166667,11.333333,13.792333,0.000000,1.091012
85,18.166667,11.366667,13.852667,0.000000,1.075856
86,18.166667,11.500000,13.783000,0.000000,1.067866
87,18.166667,11.233333,13.764000,0.000000,1.087950
88,18.166667,11.300000,13.824333,0.000000,1.076991
89,18.166667,11.500000,13.823000,0.000000,1.076253
90,18.166667,11.266667,13.825000,0.000000,1.060443
91,18.166667,11.100000,13.816000,0.000000,1.098344
92,18.166667,11.500000,13.825000,0.000000,1.077090
93,18.166667,11.333333,13.798667,0.000000,1.072829
94,18.166667,11.366667,13.799333,0.000000,1.082157
95,18.166667,11.466667,13.792333,0.000000,1.073308
96,18.166667,11.333333,13.805000,0.000000,1.064505
97,18.166667,11.366667,13.767667,0.000000,1.099882
98,18.166667,11.366667,13.820333,0.000000,1.086739
99,18.166667,11.233333,13.789000,0.000000,1.079092
100,18.166667,11.166667,13.796000,0.000000,1.092999
101,18.166667,11.400000,13.810333,0.000000,1.110294
102,18.166667,11.066667,13.813000,0.000000,1.098662
103,18.166667,11.366667,13.813000,0.000000,1.067459
104,18.166667,11.233333,13.789000,0.000000,1.093509
105,18.200000,11.400000,13.813333,0.000000,1.077088
106,18.200000,11.400000,13.827667,0.000000,1.057799
107,18.200000,11.400000,13.811667,0.000000,1.073526
108,18.200000,11.200000,13.800667,0.000000,1.084642
109,18.200000,11.433333,13.812667,0.000000,1.072204
110,18.200000,11.433333,13.845333,0.000000,1.094982
111,18.200000,11.433333,13.789000,0.000000,1.084873
112,18.200000,11.266667,13.812000,0.000000,1.095556
113,18.200000,11.200000,13.797667,0.000000,1.113535
114,18.200000,11.366667,13.805000,0.000000,1.101133
115,18.200000,11.233333,13.821000,0.000000,1.089492
116,18.200000,11.400000,13.825333,0.000000,1.076444
117,18.200000,11.566667,13.790667,0.000000,1.053803
118,18.200000,11.166667,13.759667,0.000000,1.072082
119,18.200000,11.300000,13.790333,0.000000,1.095118
120,18.200000,11.300000,13.794333,0.000000,1.090359
121,18.200000,11.433333,13.808333,0.000000,1.081138
122,18.233333,11.400000,13.814667,0.000000,1.117439
123,18.266667,11.133333,13.814333,0.000000,1.102662
124,18.266667,11.500000,13.832000,0.000000,1.084915
125,18.266667,11.300000,13.813333,0.000000,1.065207
126,18.266667,11.333333,13.790000,0.000000,1.060258
127,18.266667,11.366667,13.800667,0.000000,1.083259
128,18.266667,11.266667,13.783333,0.000000,1.073412
129,18.266667,11.300000,13.811333,0.000000,1.099782
130,18.266667,11.566667,13.797667,0.000000,1.073870
131,18.266667,11.333333,13.832000,0.000000,1.072926
132,18.266667,11.333333,13.804333,0.000000,1.082927
133,18.266667,11.400000,13.832000,0.000000,1.073133
134,18.266667,11.233333,13.796333,0.000000,1.060603
135,18.266667,11.233333,13.832667,0.000000,1.078020
136,18.266667,11.266667,13.779333,0.000000,1.059758
137,18.266667,11.466667,13.800000,0.000000,1.078404
138,18.266667,11.300000,13.790333,0.000000,1.075057
139,18.300000,11.400000,13.793000,0.000000,1.067839
140,18.300000,11.266667,13.836667,0.000000,1.103931
141,18.300000,11.266667,13.815333,0.000000,1.081933
142,18.300000,11.333333,13.841000,0.000000,1.097033
143,18.300000,11.400000,13.814333,0.000000,1.074358
144,18.300000,11.266667,13.786667,0.000000,1.102681
145,18.300000,11.266667,13.820000,0.000000,1.086293
146,18.300000,11.400000,13.827000,0.000000,1.078141
147,18.300000,11.233333,13.819000,0.000000,1.097434
148,18.300000,11.566667,13.834333,0.000000,1.076003
149,18.300000,11.266667,13.813333,0.000000,1.091078
150,18.300000,11.433333,13.805333,0.000000,1.070754
151,18.300000,11.266667,13.778000,0.000000,1.080553
152,18.300000,11.333333,13.799000,0.000000,1.074019
153,18.300000,11.466667,13.812000,0.000000,1.082319
154,18.300000,11.333333,13.798667,0.000000,1.093619
155,18.300000,11.266667,13.798333,0.000000,1.095071
156,18.300000,11.266667,13.780000,0.000000,1.070929
157,18.300000,11.466667,13.795333,0.000000,1.080868
158,18.366667,11.333333,13.824333,0.000000,1.093904
159,18.366667,11.333333,13.830000,0.000000,1.088535
160,18.366667,11.333333,13.770000,0.000000,1.068949
161,18.366667,11.266667,13.827000,0.000000,1.077265
162,18.366667,11.233333,13.783000,0.000000,1.089853
163,18.366667,11.333333,13.807333,0.000000,1.079592
164,18.366667,11.100000,13.790333,0.000000,1.101102
165,18.366667,11.266667,13.808000,0.000000,1.084698
166,18.366667,11.433333,13.806333,0.000000,1.090519
167,18.400000,11.433333,13.801667,0.000000,1.085160
168,18.400000,11.400000,13.824667,0.000000,1.087795
169,18.400000,11.333333,13.792667,0.000000,1.076617
170,18.400000,11.366667,13.813333,0.000000,1.086254
171,18.433333,11.233333,13.792667,0.000000,1.083677
172,18.433333,11.200000,13.779000,0.000000,1.082024
173,18.433333,11.233333,13.830000,0.000000,1.110214
174,18.433333,11.233333,13.791667,0.000000,1.091975
175,18.433333,11.433333,13.821000,0.000000,1.071355
176,18.433333,11.500000,13.849000,0.000000,1.066702
177,18.433333,11.366667,13.810667,0.000000,1.065327
178,18.433333,11.300000,13.772667,0.000000,1.073482
179,18.433333,11.233333,13.767667,0.000000,1.066779
180,18.433333,11.566667,13.807667,0.000000,1.083266
181,18.433333,11.366667,13.810667,0.000000,1.091216
182,18.433333,11.233333,13.777333,0.000000,1.083176
183,18.433333,11.366667,13.819667,0.000000,1.089919
184,18.433333,11.433333,13.811667,0.000000,1.083115
185,18.433333,11.300000,13.774667,0.000000,1.105451
186,18.433333,11.333333,13.837333,0.000000,1.107647
187,18.433333,11.266667,13.809333,0.000000,1.072253
188,18.433333,11.366667,13.816000,0.000000,1.082848
189,18.433333,11.433333,13.811000,0.000000,1.078859
190,18.433333,11.366667,13.836000,0.000000,1.084598
191,18.433333,11.333333,13.777000,0.000000,1.082491
192,18.433333,11.266667,13.803333,0.000000,1.090770
193,18.433333,11.300000,13.794667,0.000000,1.101146
194,18.433333,11.200000,13.777000,0.000000,1.066916
195,18.433333,11.433333,13.824333,0.000000,1.090915
196,18.433333,11.366667,13.783000,0.000000,1.091351
197,18.466667,11.166667,13.839333,0.000000,1.109555
198,18.466667,11.500000,13.793333,0.000000,1.068464
199,18.466667,11.433333,13.815667,0.000000,1.103187
200,18.466667,11.400000,13.846000,0.000000,1.064623
201,18.466667,11.433333,13.799333,0.000000,1.072757
202,18.466667,11.266667,13.768000,0.000000,1.074673
203,18.466667,11.333333,13.819333,0.000000,1.071917
204,18.466667,11.366667,13.813333,0.000000,1.095570
205,18.466667,11.266667,13.793667,0.000000,1.097703
206,18.466667,11.166667,13.766000,0.000000,1.077256
207,18.466667,11.100000,13.794333,0.000000,1.089094
208,18.466667,11.266667,13.784333,0.000000,1.092329
209,18.466667,11.266667,13.818000,0.000000,1.082103
210,18.466667,11.433333,13.830667,0.000000,1.089139
211,18.466667,11.333333,13.823333,0.000000,1.085992
212,18.466667,11.300000,13.783667,0.000000,1.077035
213,18.466667,11.500000,13.784667,0.000000,1.078024
214,18.466667,11.466667,13.792667,0.000000,1.083080
215,18.466667,11.300000,13.782667,0.000000,1.083642
216,18.466667,11.200000,13.766000,0.000000,1.082282
217,18.466667,11.233333,13.780000,0.000000,1.085103
218,18.466667,11.266667,13.810667,0.000000,1.082254
219,18.500000,11.433333,13.807333,0.000000,1.069399
220,18.500000,11.366667,13.810000,0.000000,1.073463
221,18.500000,11.366667,13.782667,0.000000,1.090933
222,18.500000,11.200000,13.779333,0.000000,1.077311
223,18.500000,11.400000,13.791667,0.000000,1.096183
224,18.500000,11.366667,13.791000,0.000000,1.081851
225,18.500000,11.366667,13.810333,0.000000,1.079556
226,18.500000,11.366667,13.784667,0.000000,1.057755
227,18.500000,11.433333,13.771667,0.000000,1.076005
228,18.500000,11.200000,13.829667,0.000000,1.083412
229,18.500000,11.233333,13.791333,0.000000,1.079784
230,18.500000,11.400000,13.817333,0.000000,1.087735
231,18.500000,11.300000,13.827667,0.000000,1.087616
232,18.500000,11.366667,13.832667,0.000000,1.106331
233,18.500000,11.500000,13.815000,0.000000,1.063446
234,18.500000,11.433333,13.844000,0.000000,1.071461
235,18.500000,11.366667,13.840333,0.000000,1.087170
236,18.500000,11.233333,13.794000,0.000000,1.120626
237,18.533333,11.300000,13.756333,0.000000,1.065589
238,18.533333,11.366667,13.812333,0.000000,1.063556
239,18.533333,11.400000,13.826000,0.000000,1.073210
240,18.533333,11.533333,13.802000,0.000000,1.082027
241,18.533333,11.433333,13.786000,0.000000,1.055991
242,18.533333,11.433333,13.834000,0.000000,1.088692
243,18.533333,11.500000,13.803000,0.000000,1.046413
244,18.533333,11.400000,13.784333,0.000000,1.071241
245,18.533333,11.266667,13.811000,0.000000,1.086140
246,18.533333,11.233333,13.815333,0.000000,1.077518
247,18.533333,11.333333,13.771333,0.000000,1.072993
248,18.533333,11.166667,13.790667,0.000000,1.081063
249,18.533333,11.333333,13.818667,0.000000,1.100398
250,18.533333,11.300000,13.814333,0.000000,1.081822
251,18.533333,11.400000,13.807000,0.000000,1.085445
252,18.533333,11.466667,13.811333,0.000000,1.080367
253,18.533333,11.366667,13.806000,0.000000,1.077913
254,18.533333,11.466667,13.799000,0.000000,1.074894
255,18.533333,11.300000,13.809000,0.000000,1.100747
256,18.533333,11.400000,13.825000,0.000000,1.081073
257,18.566667,11.300000,13.802667,0.000000,1.106059
258,18.566667,11.400000,13.795333,0.000000,1.079077
259,18.566667,11.266667,13.767667,0.000000,1.100082
260,18.566667,11.466667,13.801000,0.000000,1.072077
261,18.566667,11.366667,13.810000,0.000000,1.072223
262,18.566667,11.400000,13.805000,0.000000,1.071045
263,18.566667,11.366667,13.790000,0.000000,1.057863
264,18.566667,11.366667,13.828333,0.000000,1.093244
265,18.566667,11.333333,13.801000,0.000000,1.072295
266,18.566667,11.300000,13.809000,0.000000,1.106097
267,18.566667,11.333333,13.822333,0.000000,1.105294
268,18.566667,11.266667,13.806333,0.000000,1.072749
269,18.600000,11.266667,13.791667,0.000000,1.072660
270,18.600000,11.400000,13.803333,0.000000,1.085459
271,18.600000,11.300000,13.796667,0.000000,1.087176
272,18.600000,11.433333,13.809000,0.000000,1.073811
273,18.600000,11.433333,13.778667,0.000000,1.073037
274,18.600000,11.366667,13.784333,0.000000,1.080169
275,18.600000,11.300000,13.798667,0.000000,1.090489
276,18.600000,11.500000,13.823333,0.000000,1.091516
277,18.600000,11.200000,13.819333,0.000000,1.076376
278,18.600000,11.200000,13.765667,0.000000,1.077312
279,18.600000,11.533333,13.813667,0.000000,1.059613
280,18.600000,11.266667,13.854333,0.000000,1.080090
281,18.600000,11.366667,13.831333,0.000000,1.108188
282,18.600000,11.300000,13.765000,0.000000,1.062834
283,18.600000,11.466667,13.830667,0.000000,1.089673
284,18.600000,11.266667,13.808000,0.000000,1.092985
285,18.600000,11.233333,13.812000,0.000000,1.109796
286,18.600000,11.300000,13.796000,0.000000,1.082441
287,18.600000,11.300000,13.801000,0.000000,1.059198
288,18.600000,11.433333,13.810667,0.000000,1.084468
289,18.600000,11.200000,13.783333,0.000000,1.070157
290,18.600000,11.266667,13.792333,0.000000,1.079106
291,18.600000,11.300000,13.790667,0.000000,1.046762
292,18.600000,11.333333,13.805667,0.000000,1.084238
293,18.600000,11.300000,13.831333,0.000000,1.088768
294,18.600000,11.600000,13.801667,0.000000,1.073967
295,18.600000,11.366667,13.820667,0.000000,1.085887
296,18.600000,11.366667,13.811667,0.000000,1.083283
297,18.600000,11.300000,13.796333,0.000000,1.076345
298,18.600000,11.500000,13.814667,0.000000,1.085189
299,18.600000,11.366667,13.802333,0.000000,1.070959
300,18.600000,11.500000,13.839000,0.000000,1.079093
301,18.600000,11.433333,13.810333,0.000000,1.063865
302,18.600000,11.333333,13.812667,0.000000,1.095768
303,18.600000,11.300000,13.832000,0.000000,1.075230
304,18.600000,11.366667,13.796667,0.000000,1.077448
305,18.600000,11.333333,13.811667,0.000000,1.079399
306,18.600000,11.300000,13.821000,0.000000,1.102667
307,18.600000,11.400000,13.788333,0.000000,1.043447
308,18.600000,11.333333,13.839333,0.000000,1.102106
309,18.600000,11.233333,13.786000,0.000000,1.104175
310,18.600000,11.233333,13.788667,0.000000,1.083752
311,18.600000,11.166667,13.823333,0.000000,1.100019
312,18.600000,11.400000,13.767000,0.000000,1.060612
313,18.600000,11.200000,13.793333,0.000000,1.090411
314,18.600000,11.333333,13.808000,0.000000,1.079514
315,18.600000,11.300000,13.802000,0.000000,1.072470
316,18.600000,11.233333,13.799333,0.000000,1.090440
317,18.600000,11.400000,13.804333,0.000000,1.080454
318,18.600000,11.500000,13.794333,0.000000,1.086562
319,18.600000,11.266667,13.837000,0.000000,1.131145
320,18.600000,11.400000,13.809667,0.000000,1.075456
321,18.600000,11.266667,13.809667,0.000000,1.069993
322,18.600000,11.100000,13.789333,0.000000,1.098310
323,18.600000,11.300000,13.809333,0.000000,1.093889
324,18.600000,11.366667,13.817667,0.000000,1.091868
325,18.600000,11.500000,13.836667,0.000000,1.091058
326,18.600000,11.333333,13.798333,0.000000,1.050374
327,18.600000,11.300000,13.835000,0.000000,1.076627
328,18.600000,11.433333,13.807000,0.000000,1.070592
329,18.600000,11.333333,13.773000,0.000000,1.063725
330,18.600000,11.233333,13.791667,0.000000,1.096199
331,18.600000,11.366667,13.822333,0.000000,1.093008
332,18.600000,11.333333,13.807333,0.000000,1.078616
333,18.600000,11.266667,13.795000,0.000000,1.083780
334,18.600000,11.400000,13.816333,0.000000,1.092084
335,18.600000,11.300000,13.815000,0.000000,1.082139
336,18.600000,11.266667,13.771000,0.000000,1.098451
337,18.600000,11.500000,13.843333,0.000000,1.052072
338,18.600000,11.066667,13.791333,0.000000,1.117848
339,18.600000,11.400000,13.837000,0.000000,1.092165
340,18.600000,11.400000,13.810667,0.000000,1.111987
341,18.600000,11.400000,13.813333,0.000000,1.094176
342,18.600000,11.333333,13.794667,0.000000,1.065742
343,18.600000,11.466667,13.816000,0.000000,1.091041
344,18.600000,11.533333,13.818667,0.000000,1.078428
345,18.600000,11.366667,13.802667,0.000000,1.077114
346,18.600000,11.233333,13.811000,0.000000,1.095246
347,18.600000,11.533333,13.815667,0.000000,1.065333
348,18.600000,11.266667,13.814333,0.000000,1.066707
349,18.600000,11.300000,13.820000,0.000000,1.089643
350,18.600000,11.266667,13.806000,0.000000,1.085356
351,18.600000,11.433333,13.789333,0.000000,1.086192
352,18.600000,11.533333,13.809000,0.000000,1.076157
353,18.600000,11.400000,13.816667,0.000000,1.094665
354,18.600000,11.266667,13.780333,0.000000,1.091179
355,18.600000,11.366667,13.815000,0.000000,1.076014
356,18.600000,11.233333,13.806000,0.000000,1.099796
357,18.600000,11.400000,13.799333,0.000000,1.091637
358,18.600000,11.300000,13.808000,0.000000,1.093417
359,18.600000,11.266667,13.789000,0.000000,1.067684
360,18.600000,11.200000,13.774333,0.000000,1.056212
361,18.600000,11.333333,13.837000,0.000000,1.100158
362,18.600000,11.333333,13.779667,0.000000,1.077138
363,18.600000,11.333333,13.762333,0.000000,1.075253
364,18.600000,11.366667,13.837000,0.000000,1.083897
365,18.600000,11.566667,13.833667,0.000000,1.058490
366,18.600000,11.300000,13.825000,0.000000,1.096001
367,18.600000,11.366667,13.801333,0.000000,1.079002
368,18.600000,11.433333,13.802333,0.000000,1.095396
369,18.600000,11.333333,13.796667,0.000000,1.096585
370,18.600000,11.266667,13.806667,0.000000,1.064727
371,18.600000,11.266667,13.802667,0.000000,1.073841
372,18.600000,11.400000,13.822333,0.000000,1.080311
373,18.600000,11.400000,13.792000,0.000000,1.066430
374,18.600000,11.466667,13.807667,0.000000,1.085109
375,18.600000,11.433333,13.803333,0.000000,1.093434
376,18.600000,11.466667,13.817667,0.000000,1.047100
377,18.600000,11.433333,13.802000,0.000000,1.064572
378,18.600000,11.466667,13.832333,0.000000,1.082951
379,18.600000,11.300000,13.806333,0.000000,1.062646
380,18.600000,11.433333,13.787000,0.000000,1.089366
381,18.600000,11.366667,13.807000,0.000000,1.094214
382,18.600000,11.333333,13.747667,0.000000,1.072790
383,18.600000,11.400000,13.824333,0.000000,1.080182
384,18.600000,11.366667,13.831333,0.000000,1.090876
385,18.600000,11.266667,13.775333,0.000000,1.046546
386,18.600000,11.266667,13.796667,0.000000,1.082325
387,18.600000,11.433333,13.824333,0.000000,1.096025
388,18.600000,11.500000,13.831333,0.000000,1.070887
389,18.600000,11.333333,13.805667,0.000000,1.098200
390,18.600000,11.300000,13.799000,0.000000,1.094269
391,18.600000,11.266667,13.804000,0.000000,1.060912
392,18.600000,11.300000,13.778000,0.000000,1.074945
393,18.600000,11.366667,13.857667,0.000000,1.093301
394,18.600000,11.366667,13.807000,0.000000,1.087692
395,18.600000,11.400000,13.830667,0.000000,1.070699
396,18.600000,11.300000,13.789333,0.000000,1.091201
397,18.600000,11.366667,13.829333,0.000000,1.084112
398,18.600000,11.266667,13.805667,0.000000,1.076625
399,18.600000,11.166667,13.797000,0.000000,1.104368
400,18.600000,11.300000,13.789000,0.000000,1.096229
401,18.600000,11.200000,13.784000,0.000000,1.074473
402,18.600000,11.233333,13.830667,0.000000,1.077791
403,18.600000,11.166667,13.773667,0.000000,1.094478
404,18.600000,11.433333,13.821333,0.000000,1.081057
405,18.600000,11.366667,13.797000,0.000000,1.052779
406,18.600000,11.300000,13.776667,0.000000,1.096011
407,18.600000,11.333333,13.791000,0.000000,1.070334
408,18.600000,11.400000,13.848000,0.000000,1.082151
409,18.600000,11.433333,13.782000,0.000000,1.073776
410,18.600000,11.400000,13.757000,0.000000,1.069132
411,18.600000,11.400000,13.819333,0.000000,1.062996
412,18.600000,11.366667,13.799333,0.000000,1.110315
413,18.600000,11.200000,13.773667,0.000000,1.102193
414,18.600000,11.400000,13.817333,0.000000,1.107005
415,18.600000,11.266667,13.837333,0.000000,1.082609
416,18.600000,11.300000,13.797000,0.000000,1.068383
417,18.600000,11.166667,13.811333,0.000000,1.082185
418,18.600000,11.333333,13.818667,0.000000,1.068544
419,18.600000,11.233333,13.751333,0.000000,1.081403
420,18.600000,11.266667,13.773667,0.000000,1.056640
421,18.600000,11.500000,13.807333,0.000000,1.072577
422,18.600000,11.433333,13.803333,0.000000,1.069926
423,18.600000,11.366667,13.811667,0.000000,1.081520
424,18.600000,11.333333,13.829000,0.000000,1.098333
425,18.600000,11.400000,13.804333,0.000000,1.091615
426,18.600000,11.500000,13.794667,0.000000,1.080973
427,18.600000,11.300000,13.791667,0.000000,1.089561
428,18.600000,11.266667,13.776333,0.000000,1.072711
429,18.600000,11.300000,13.802667,0.000000,1.055220
430,18.600000,11.500000,13.804667,0.000000,1.075646
431,18.600000,11.333333,13.807000,0.000000,1.103001
432,18.600000,11.366667,13.791667,0.000000,1.076937
433,18.600000,11.400000,13.805333,0.000000,1.094714
434,18.600000,11.500000,13.838333,0.000000,1.074104
435,18.600000,11.333333,13.794333,0.000000,1.083405
436,18.600000,11.266667,13.786667,0.000000,1.095527
437,18.600000,11.366667,13.762667,0.000000,1.086450
438,18.600000,11.300000,13.827667,0.000000,1.094968
439,18.633333,11.333333,13.799667,0.000000,1.078428
440,18.633333,11.266667,13.817667,0.000000,1.079363
441,18.633333,11.133333,13.815333,0.000000,1.104463
442,18.633333,11.400000,13.799000,0.000000,1.076871
443,18.633333,11.300000,13.791000,0.000000,1.079173
444,18.633333,11.466667,13.818333,0.000000,1.081143
445,18.633333,11.300000,13.784333,0.000000,1.108607
446,18.633333,11.366667,13.816000,0.000000,1.074063
447,18.633333,11.433333,13.802667,0.000000,1.076091
448,18.633333,11.133333,13.785667,0.000000,1.086438
449,18.633333,11.500000,13.850667,0.000000,1.088492
450,18.633333,11.300000,13.803333,0.000000,1.078612
451,18.633333,11.266667,13.783333,0.000000,1.082239
452,18.633333,11.333333,13.825000,0.000000,1.087468
453,18.633333,11.300000,13.810333,0.000000,1.075041
454,18.633333,11.233333,13.808667,0.000000,1.085873
455,18.633333,11.400000,13.834333,0.000000,1.058912
456,18.633333,11.300000,13.787333,0.000000,1.063722
457,18.633333,11.300000,13.801333,0.000000,1.073880
458,18.633333,11.333333,13.807333,0.000000,1.095363
459,18.633333,11.433333,13.815667,0.000000,1.082172
460,18.666667,11.333333,13.767000,0.000000,1.076024
461,18.666667,11.400000,13.826667,0.000000,1.083933
462,18.666667,11.400000,13.804333,0.000000,1.083129
463,18.666667,11.200000,13.796000,0.000000,1.093956
464,18.666667,11.333333,13.804333,0.000000,1.092243
465,18.666667,11.233333,13.784333,0.000000,1.076845
466,18.666667,11.233333,13.797667,0.000000,1.087219
467,18.666667,11.366667,13.803667,0.000000,1.083973
468,18.666667,11.333333,13.799667,0.000000,1.076078
469,18.666667,11.200000,13.828333,0.000000,1.109511
470,18.666667,11.300000,13.776000,0.000000,1.088368
471,18.666667,11.466667,13.836000,0.000000,1.090353
472,18.733333,11.300000,13.834333,0.000000,1.093963
473,18.733333,11.300000,13.827000,0.000000,1.095971
474,18.733333,11.366667,13.826667,0.000000,1.095314
475,18.733333,11.366667,13.810000,0.000000,1.090187
476,18.733333,11.266667,13.846667,0.000000,1.084688
477,18.733333,11.433333,13.770000,0.000000,1.073216
478,18.733333,11.333333,13.786667,0.000000,1.067930
479,18.733333,11.400000,13.849333,0.000000,1.084922
480,18.733333,11.466667,13.821000,0.000000,1.054169
481,18.733333,11.333333,13.824333,0.000000,1.082357
482,18.733333,11.466667,13.808000,0.000000,1.078590
483,18.733333,11.266667,13.828333,0.000000,1.094887
484,18.733333,11.366667,13.761333,0.000000,1.060188
485,18.733333,11.366667,13.800667,0.000000,1.098702
486,18.733333,11.266667,13.786000,0.000000,1.094708
487,18.733333,11.433333,13.795667,0.000000,1.072227
488,18.733333,11.366667,13.810000,0.000000,1.094463
489,18.733333,11.366667,13.787000,0.000000,1.102665
490,18.733333,11.433333,13.811667,0.000000,1.065155
491,18.733333,11.333333,13.819667,0.000000,1.070349
492,18.733333,11.200000,13.782667,0.000000,1.090836
493,18.733333,11.166667,13.794667,0.000000,1.083207
494,18.733333,11.233333,13.795667,0.000000,1.077739
495,18.733333,11.400000,13.791000,0.000000,1.085988
496,18.733333,11.600000,13.804667,0.000000,1.050215
497,18.733333,11.266667,13.840333,0.000000,1.115213
498,18.733333,11.466667,13.816000,0.000000,1.071174
499,18.733333,11.333333,13.813667,0.000000,1.080122
500,18.733333,11.433333,13.800333,0.000000,1.073184
BestSdev: 0.348980, Time: 43m2.788374228s