gen,best,worst,mean,rep,sdev
1,29.066667,13.700000,20.874000,0.000000,3.469921
2,30.666667,13.366667,20.698000,0.000000,3.570629
3,31.233333,13.566667,20.710667,0.000000,3.588226
4,31.800000,13.766667,20.764667,0.000000,3.598813
5,32.000000,13.033333,20.620000,0.000000,3.555226
6,32.066667,13.200000,20.749333,0.000000,3.547286
7,32.133333,13.066667,20.672000,0.000000,3.426917
8,32.200000,13.333333,20.785333,0.000000,3.542310
9,32.400000,12.900000,20.616000,0.000000,3.615047
10,32.433333,13.200000,20.828667,0.000000,3.600126
11,32.533333,13.300000,20.552000,0.000000,3.588679
12,32.533333,13.266667,20.644000,0.000000,3.552772
13,32.700000,13.333333,20.888667,0.000000,3.604773
14,32.900000,13.433333,20.812667,0.000000,3.585182
15,32.966667,13.133333,20.495333,0.000000,3.536621
16,33.233333,13.300000,20.601333,0.000000,3.666333
17,33.333333,13.233333,20.592000,0.000000,3.611873
18,33.333333,13.233333,20.762000,0.000000,3.474442
19,33.366667,13.066667,20.841333,0.000000,3.592713
20,33.366667,13.466667,20.758667,0.000000,3.592347
21,33.633333,13.466667,20.818667,0.000000,3.561795
22,33.666667,13.300000,20.961333,0.000000,3.648704
23,33.666667,13.466667,20.727333,0.000000,3.484578
24,33.700000,13.366667,20.600000,0.000000,3.602358
25,33.733333,13.266667,20.805333,0.000000,3.638384
26,33.766667,13.533333,20.698667,0.000000,3.512753
27,33.766667,13.366667,20.783333,0.000000,3.548623
28,33.900000,13.533333,20.737333,0.000000,3.602598
29,33.933333,13.466667,20.825333,0.000000,3.659850
30,33.966667,13.200000,20.691333,0.000000,3.617002
31,34.000000,12.866667,20.660667,0.000000,3.642617
32,34.000000,13.366667,20.883333,0.000000,3.476687
33,34.000000,13.500000,20.922667,0.000000,3.489904
34,34.000000,13.433333,20.664000,0.000000,3.522055
35,34.066667,13.733333,20.710667,0.000000,3.551524
36,34.100000,13.366667,20.750667,0.000000,3.540164
37,34.266667,13.300000,20.891333,0.000000,3.698855
38,34.300000,13.566667,20.750667,0.000000,3.523569
39,34.333333,13.500000,20.828667,0.000000,3.561110
40,34.333333,13.133333,20.863333,0.000000,3.546712
41,34.400000,13.566667,20.686000,0.000000,3.553939
42,34.433333,13.666667,20.807333,0.000000,3.588634
43,34.466667,13.500000,20.789333,0.000000,3.500254
44,34.466667,13.966667,20.769333,0.000000,3.376152
45,34.466667,13.166667,20.720667,0.000000,3.620116
46,34.466667,13.466667,20.596667,0.000000,3.471079
47,34.466667,12.566667,20.503333,0.000000,3.639936
48,34.466667,13.600000,20.789333,0.000000,3.471547
49,34.466667,13.100000,20.772667,0.000000,3.595657
50,34.466667,13.433333,20.656000,0.000000,3.566005
BestSdev: 1.123022, Time: 3m3.49398271s