gen,best,worst,mean,rep,sdev
1,15.966667,11.800000,13.795000,0.000000,1.081007
2,16.166667,11.833333,13.776667,0.000000,1.075499
3,16.266667,11.833333,13.845000,0.000000,1.111402
4,16.400000,11.966667,13.826667,0.000000,1.087984
5,16.466667,11.800000,13.715000,0.000000,1.027839
6,16.666667,11.900000,13.820000,0.000000,1.095153
7,16.666667,11.800000,13.721667,0.000000,1.081632
8,16.733333,11.866667,13.826667,0.000000,1.023118
9,16.733333,11.833333,13.780000,0.000000,1.045147
10,16.866667,11.633333,13.753333,0.000000,1.070882
11,16.866667,12.066667,13.851667,0.000000,0.995612
12,16.933333,11.933333,13.748333,0.000000,1.019986
13,16.933333,11.866667,13.778333,0.000000,1.059630
14,16.966667,11.833333,13.791667,0.000000,1.096639
15,16.966667,11.766667,13.778333,0.000000,1.019541
16,17.100000,12.000000,13.770000,0.000000,1.068090
17,17.133333,12.100000,13.813333,0.000000,1.008461
18,17.166667,11.966667,13.886667,0.000000,1.044079
19,17.166667,11.766667,13.788333,0.000000,1.072193
20,17.200000,12.033333,13.891667,0.000000,1.072799
21,17.200000,11.933333,13.780000,0.000000,1.043155
22,17.233333,11.733333,13.773333,0.000000,1.054006
23,17.266667,11.866667,13.765000,0.000000,1.066525
24,17.300000,11.900000,13.801667,0.000000,1.069995
25,17.300000,11.800000,13.815000,0.000000,1.071770
26,17.300000,11.866667,13.776667,0.000000,1.037603
27,17.333333,11.866667,13.786667,0.000000,1.039667
28,17.333333,11.866667,13.813333,0.000000,1.041248
29,17.333333,11.933333,13.830000,0.000000,1.037871
30,17.366667,11.866667,13.793333,0.000000,1.070873
31,17.400000,11.933333,13.716667,0.000000,1.024285
32,17.400000,11.700000,13.778333,0.000000,1.037165
33,17.400000,11.966667,13.803333,0.000000,1.045701
34,17.400000,12.066667,13.800000,0.000000,1.007781
35,17.400000,11.733333,13.690000,0.000000,1.053022
36,17.400000,12.000000,13.833333,0.000000,1.039922
37,17.433333,11.966667,13.855000,0.000000,1.066004
38,17.466667,11.933333,13.810000,0.000000,1.094328
39,17.466667,11.566667,13.783333,0.000000,1.094676
40,17.466667,11.866667,13.853333,0.000000,1.090767
41,17.466667,11.966667,13.818333,0.000000,1.091256
42,17.466667,11.766667,13.795000,0.000000,1.098356
43,17.466667,12.000000,13.860000,0.000000,1.034565
44,17.466667,11.866667,13.781667,0.000000,1.096984
45,17.466667,11.766667,13.811667,0.000000,1.092115
46,17.466667,12.033333,13.816667,0.000000,1.007910
47,17.466667,12.033333,13.880000,0.000000,1.039856
48,17.466667,11.966667,13.760000,0.000000,1.079494
49,17.466667,11.833333,13.770000,0.000000,1.065967
50,17.466667,11.866667,13.778333,0.000000,1.065375
51,17.466667,12.033333,13.806667,0.000000,1.008737
52,17.466667,11.900000,13.816667,0.000000,1.008026
53,17.466667,11.900000,13.786667,0.000000,1.050287
54,17.466667,11.766667,13.773333,0.000000,1.084715
55,17.466667,12.033333,13.821667,0.000000,1.010082
56,17.466667,11.733333,13.795000,0.000000,1.087216
57,17.466667,12.000000,13.856667,0.000000,1.020487
58,17.466667,12.100000,13.835000,0.000000,0.961324
59,17.466667,11.833333,13.798333,0.000000,1.114005
60,17.466667,11.866667,13.713333,0.000000,0.988577
61,17.466667,11.900000,13.778333,0.000000,1.048204
62,17.466667,11.900000,13.835000,0.000000,1.042390
63,17.466667,11.900000,13.901667,0.000000,1.087953
64,17.533333,11.933333,13.885000,0.000000,1.099559
65,17.533333,11.900000,13.901667,0.000000,1.060127
66,17.533333,11.833333,13.840000,0.000000,1.054971
67,17.533333,11.866667,13.811667,0.000000,1.021117
68,17.566667,11.866667,13.775000,0.000000,1.048793
69,17.566667,11.900000,13.850000,0.000000,1.037862
70,17.566667,11.900000,13.791667,0.000000,1.070974
71,17.566667,11.833333,13.756667,0.000000,1.035813
72,17.566667,11.933333,13.795000,0.000000,1.080851
73,17.566667,11.833333,13.773333,0.000000,1.071571
74,17.566667,11.933333,13.788333,0.000000,1.053705
75,17.566667,12.000000,13.868333,0.000000,1.034724
76,17.600000,12.066667,13.823333,0.000000,1.056020
77,17.600000,11.800000,13.738333,0.000000,1.047351
78,17.600000,11.966667,13.861667,0.000000,1.075648
79,17.600000,11.733333,13.763333,0.000000,1.044285
80,17.633333,11.700000,13.748333,0.000000,1.091688
81,17.633333,12.100000,13.775000,0.000000,0.993321
82,17.633333,11.966667,13.800000,0.000000,1.031290
83,17.633333,12.066667,13.846667,0.000000,1.012199
84,17.633333,11.900000,13.853333,0.000000,1.043008
85,17.633333,11.833333,13.808333,0.000000,1.053417
86,17.633333,11.966667,13.788333,0.000000,1.028242
87,17.633333,11.966667,13.805000,0.000000,1.032764
88,17.633333,11.600000,13.780000,0.000000,1.077816
89,17.633333,11.866667,13.825000,0.000000,1.045743
90,17.633333,11.966667,13.776667,0.000000,1.000950
91,17.633333,11.966667,13.816667,0.000000,1.040085
92,17.633333,11.833333,13.795000,0.000000,1.066895
93,17.633333,11.700000,13.773333,0.000000,1.095120
94,17.633333,12.033333,13.793333,0.000000,1.028039
95,17.666667,11.966667,13.806667,0.000000,1.045843
96,17.700000,11.866667,13.840000,0.000000,1.072670
97,17.733333,11.866667,13.796667,0.000000,1.033737
98,17.733333,12.066667,13.835000,0.000000,1.049719
99,17.733333,11.833333,13.793333,0.000000,1.062115
100,17.766667,12.033333,13.833333,0.000000,1.070062
101,17.766667,11.933333,13.785000,0.000000,1.061039
102,17.800000,11.633333,13.805000,0.000000,1.082162
103,17.833333,11.933333,13.781667,0.000000,1.044947
104,17.833333,11.900000,13.821667,0.000000,1.117320
105,17.833333,12.033333,13.801667,0.000000,1.058988
106,17.833333,12.033333,13.881667,0.000000,1.058863
107,17.833333,12.000000,13.841667,0.000000,1.050646
108,17.866667,11.866667,13.836667,0.000000,1.091250
109,17.900000,11.900000,13.816667,0.000000,1.045490
110,17.900000,12.000000,13.858333,0.000000,1.017238
111,17.900000,12.000000,13.773333,0.000000,1.013312
112,17.900000,11.833333,13.780000,0.000000,1.048704
113,17.900000,11.933333,13.746667,0.000000,1.051996
114,17.900000,11.900000,13.788333,0.000000,1.007912
115,17.900000,11.900000,13.843333,0.000000,1.101520
116,17.900000,11.900000,13.783333,0.000000,1.064169
117,17.933333,12.033333,13.845000,0.000000,1.010611
118,17.933333,12.033333,13.855000,0.000000,1.017695
119,17.933333,11.833333,13.783333,0.000000,1.030085
120,17.933333,11.866667,13.725000,0.000000,1.009463
121,17.933333,11.933333,13.870000,0.000000,1.088734
122,17.933333,12.033333,13.810000,0.000000,1.035031
123,17.933333,12.000000,13.858333,0.000000,1.036927
124,17.933333,12.000000,13.831667,0.000000,1.028091
125,17.933333,11.833333,13.800000,0.000000,1.078154
126,17.933333,12.033333,13.805000,0.000000,0.976880
127,17.933333,12.000000,13.831667,0.000000,1.069911
128,17.966667,11.966667,13.738333,0.000000,1.052248
129,17.966667,11.833333,13.731667,0.000000,1.062894
130,17.966667,12.066667,13.778333,0.000000,1.010432
131,17.966667,12.000000,13.825000,0.000000,1.036644
132,17.966667,11.833333,13.791667,0.000000,1.037686
133,17.966667,11.933333,13.785000,0.000000,1.041994
134,17.966667,11.800000,13.781667,0.000000,1.106476
135,17.966667,12.000000,13.765000,0.000000,1.031200
136,17.966667,11.800000,13.786667,0.000000,1.031675
137,17.966667,11.966667,13.828333,0.000000,1.030975
138,17.966667,11.833333,13.853333,0.000000,1.098434
139,17.966667,12.166667,13.890000,0.000000,1.008125
140,17.966667,11.933333,13.728333,0.000000,0.988459
141,17.966667,11.966667,13.778333,0.000000,1.069577
142,17.966667,11.900000,13.810000,0.000000,1.021388
143,17.966667,12.200000,13.828333,0.000000,1.027859
144,17.966667,12.033333,13.793333,0.000000,1.007142
145,17.966667,11.933333,13.810000,0.000000,1.048667
146,17.966667,11.833333,13.835000,0.000000,1.101511
147,18.000000,11.900000,13.783333,0.000000,1.056546
148,18.000000,12.000000,13.780000,0.000000,0.992795
149,18.000000,12.166667,13.851667,0.000000,1.002384
150,18.000000,11.900000,13.705000,0.000000,1.003876
151,18.000000,11.900000,13.791667,0.000000,1.086012
152,18.000000,11.900000,13.751667,0.000000,1.029434
153,18.000000,11.833333,13.760000,0.000000,1.030215
154,18.000000,12.066667,13.793333,0.000000,1.010721
155,18.000000,11.966667,13.828333,0.000000,1.041227
156,18.000000,11.833333,13.866667,0.000000,1.058455
157,18.000000,11.966667,13.746667,0.000000,0.998226
158,18.000000,12.000000,13.836667,0.000000,1.057722
159,18.000000,11.933333,13.798333,0.000000,1.035034
160,18.000000,11.933333,13.825000,0.000000,1.066286
161,18.000000,11.800000,13.826667,0.000000,1.079248
162,18.000000,11.933333,13.851667,0.000000,0.995996
163,18.000000,11.900000,13.760000,0.000000,1.057597
164,18.000000,11.700000,13.821667,0.000000,1.094920
165,18.000000,11.833333,13.911667,0.000000,1.110854
166,18.000000,12.033333,13.791667,0.000000,1.073250
167,18.000000,11.866667,13.741667,0.000000,1.030367
168,18.000000,11.833333,13.800000,0.000000,1.076627
169,18.000000,12.000000,13.783333,0.000000,1.059258
170,18.000000,11.900000,13.805000,0.000000,1.110312
171,18.000000,11.866667,13.735000,0.000000,1.065942
172,18.000000,11.966667,13.908333,0.000000,1.110180
173,18.000000,11.933333,13.770000,0.000000,1.066615
174,18.000000,12.100000,13.841667,0.000000,1.013395
175,18.000000,11.933333,13.756667,0.000000,1.072297
176,18.000000,12.066667,13.896667,0.000000,1.037710
177,18.000000,11.600000,13.691667,0.000000,1.076820
178,18.000000,12.066667,13.905000,0.000000,1.032098
179,18.000000,11.933333,13.863333,0.000000,1.056196
180,18.033333,11.700000,13.803333,0.000000,1.119953
181,18.033333,11.933333,13.870000,0.000000,1.098686
182,18.033333,12.100000,13.808333,0.000000,1.037897
183,18.033333,11.966667,13.851667,0.000000,1.034747
184,18.033333,11.766667,13.770000,0.000000,1.076636
185,18.033333,12.033333,13.776667,0.000000,1.048336
186,18.033333,11.933333,13.793333,0.000000,1.064835
187,18.033333,11.933333,13.813333,0.000000,1.017315
188,18.033333,11.866667,13.793333,0.000000,1.100208
189,18.033333,12.000000,13.820000,0.000000,1.025563
190,18.033333,11.966667,13.858333,0.000000,1.038371
191,18.033333,11.900000,13.866667,0.000000,1.081106
192,18.033333,12.033333,13.785000,0.000000,1.020851
193,18.033333,11.833333,13.821667,0.000000,1.049690
194,18.033333,11.933333,13.798333,0.000000,1.055751
195,18.066667,12.033333,13.803333,0.000000,1.020554
196,18.066667,11.833333,13.758333,0.000000,1.038273
197,18.066667,11.966667,13.843333,0.000000,1.060700
198,18.066667,11.900000,13.738333,0.000000,1.035584
199,18.066667,11.866667,13.808333,0.000000,1.056733
200,18.066667,11.933333,13.846667,0.000000,1.051710
BestSdev: 0.396525, Time: 8m45.460976886s