gen,best,worst,mean,rep,sdev
1,29.733333,13.633333,20.814667,0.000000,3.577564
2,30.766667,13.600000,20.848667,0.000000,3.513626
3,31.400000,13.800000,20.726000,0.000000,3.591754
4,31.666667,13.033333,20.602667,0.000000,3.555994
5,31.833333,13.166667,20.748000,0.000000,3.648439
6,32.266667,13.166667,20.546667,0.000000,3.564886
7,32.333333,13.233333,20.578667,0.000000,3.624573
8,32.566667,13.333333,20.898667,0.000000,3.655144
9,32.600000,13.100000,20.699333,0.000000,3.614590
10,32.766667,13.333333,20.626000,0.000000,3.576857
11,32.766667,13.133333,20.686667,0.000000,3.480579
12,32.900000,13.266667,20.754000,0.000000,3.556634
13,33.066667,13.100000,20.723333,0.000000,3.565275
14,33.200000,13.600000,20.716667,0.000000,3.572270
15,33.266667,13.366667,20.907333,0.000000,3.535338
16,33.266667,13.266667,20.673333,0.000000,3.637630
17,33.366667,13.100000,20.704667,0.000000,3.656675
18,33.466667,13.466667,20.831333,0.000000,3.612121
19,33.500000,13.666667,20.782667,0.000000,3.503276
20,33.666667,13.366667,20.667333,0.000000,3.566094
21,33.700000,13.533333,20.680000,0.000000,3.519227
22,33.700000,13.833333,20.893333,0.000000,3.585901
23,33.733333,13.033333,20.540000,0.000000,3.565368
24,33.733333,13.400000,20.665333,0.000000,3.540526
25,33.733333,13.300000,20.619333,0.000000,3.480785
26,33.733333,13.666667,20.799333,0.000000,3.513281
27,33.833333,13.133333,20.746000,0.000000,3.558618
28,33.933333,12.766667,20.596000,0.000000,3.770598
29,33.966667,13.466667,20.742667,0.000000,3.587181
30,33.966667,13.666667,20.916000,0.000000,3.638072
31,34.033333,13.533333,20.821333,0.000000,3.632780
32,34.066667,13.333333,20.639333,0.000000,3.594283
33,34.066667,13.700000,21.019333,0.000000,3.538311
34,34.100000,13.300000,20.832000,0.000000,3.569417
35,34.133333,13.533333,20.620667,0.000000,3.515232
36,34.133333,13.300000,20.781333,0.000000,3.624553
37,34.166667,13.400000,20.852000,0.000000,3.685468
38,34.166667,13.200000,20.687333,0.000000,3.488720
39,34.166667,12.733333,20.730667,0.000000,3.651916
40,34.233333,13.500000,20.794000,0.000000,3.575799
41,34.300000,13.566667,20.713333,0.000000,3.634614
42,34.300000,13.266667,20.752000,0.000000,3.598668
43,34.300000,13.333333,20.850000,0.000000,3.645737
44,34.300000,13.033333,20.630000,0.000000,3.516822
45,34.433333,12.866667,20.728667,0.000000,3.673807
46,34.433333,13.433333,20.708000,0.000000,3.536763
47,34.433333,13.566667,20.662667,0.000000,3.547419
48,34.433333,13.533333,20.666000,0.000000,3.446471
49,34.433333,13.033333,20.613333,0.000000,3.606283
50,34.433333,13.766667,20.778000,0.000000,3.579987
51,34.433333,13.433333,20.886000,0.000000,3.516638
52,34.433333,13.466667,20.694667,0.000000,3.522197
53,34.433333,13.766667,20.808667,0.000000,3.525629
54,34.433333,13.466667,20.728667,0.000000,3.533887
55,34.466667,13.100000,20.801333,0.000000,3.697322
56,34.466667,13.433333,20.688667,0.000000,3.494195
57,34.466667,13.266667,20.736000,0.000000,3.642622
58,34.533333,13.566667,20.698000,0.000000,3.562417
59,34.533333,13.633333,20.679333,0.000000,3.420441
60,34.566667,13.466667,20.746667,0.000000,3.610498
61,34.566667,13.600000,20.906667,0.000000,3.549101
62,34.566667,13.366667,20.664667,0.000000,3.520543
63,34.566667,13.433333,20.765333,0.000000,3.466367
64,34.633333,13.866667,20.734000,0.000000,3.494227
65,34.633333,13.600000,20.696000,0.000000,3.569314
66,34.700000,13.233333,20.780000,0.000000,3.555986
67,34.700000,13.433333,20.729333,0.000000,3.592788
68,34.700000,13.166667,20.659333,0.000000,3.621073
69,34.700000,13.033333,20.704667,0.000000,3.523547
70,34.700000,13.400000,20.624667,0.000000,3.522559
71,34.700000,13.366667,20.778000,0.000000,3.619368
72,34.700000,13.166667,20.752667,0.000000,3.576438
73,34.700000,13.100000,20.848000,0.000000,3.581941
74,34.700000,13.233333,20.622000,0.000000,3.608407
75,34.700000,13.133333,20.841333,0.000000,3.545586
76,34.700000,13.533333,20.894000,0.000000,3.605349
77,34.700000,13.666667,20.776000,0.000000,3.644202
78,34.700000,13.333333,20.690667,0.000000,3.611513
79,34.800000,13.633333,20.801333,0.000000,3.603422
80,34.800000,13.733333,20.822667,0.000000,3.442623
81,34.866667,12.966667,20.748667,0.000000,3.627407
82,34.900000,13.233333,20.808667,0.000000,3.651974
83,34.900000,13.333333,20.788667,0.000000,3.654387
84,34.933333,13.600000,20.751333,0.000000,3.517354
85,34.933333,13.533333,20.806000,0.000000,3.436232
86,34.933333,13.400000,20.803333,0.000000,3.555150
87,34.933333,13.466667,20.819333,0.000000,3.591253
88,34.933333,13.300000,20.650000,0.000000,3.561310
89,34.933333,13.366667,20.626000,0.000000,3.545800
90,34.933333,13.533333,20.630000,0.000000,3.500017
91,35.033333,13.300000,20.695333,0.000000,3.577394
92,35.033333,13.400000,20.800000,0.000000,3.512251
93,35.033333,13.100000,20.807333,0.000000,3.586881
94,35.033333,13.566667,20.852000,0.000000,3.694441
95,35.100000,13.600000,20.784667,0.000000,3.553962
96,35.100000,13.433333,20.606000,0.000000,3.621799
97,35.100000,13.500000,20.827333,0.000000,3.552986
98,35.100000,13.633333,20.748667,0.000000,3.544305
99,35.100000,13.400000,20.730667,0.000000,3.506291
100,35.100000,13.666667,20.623333,0.000000,3.570919
101,35.100000,13.333333,20.653333,0.000000,3.501524
102,35.100000,13.633333,20.713333,0.000000,3.496167
103,35.100000,13.366667,20.527333,0.000000,3.541488
104,35.100000,13.633333,20.728000,0.000000,3.572627
105,35.100000,13.833333,20.813333,0.000000,3.483760
106,35.100000,13.133333,20.724667,0.000000,3.526539
107,35.100000,13.433333,20.682000,0.000000,3.556860
108,35.100000,13.466667,20.630000,0.000000,3.616247
109,35.100000,13.166667,20.672667,0.000000,3.509046
110,35.100000,13.333333,20.748000,0.000000,3.648394
111,35.100000,13.166667,20.746000,0.000000,3.725376
112,35.100000,13.533333,20.783333,0.000000,3.561978
113,35.100000,13.466667,20.730667,0.000000,3.600023
114,35.100000,13.233333,20.833333,0.000000,3.599970
115,35.100000,13.333333,20.656667,0.000000,3.603027
116,35.100000,13.600000,20.680000,0.000000,3.621750
117,35.100000,13.366667,20.760000,0.000000,3.571346
118,35.100000,13.566667,20.828000,0.000000,3.549102
119,35.100000,13.466667,20.659333,0.000000,3.442416
120,35.100000,13.533333,20.709333,0.000000,3.561315
121,35.100000,13.266667,20.638667,0.000000,3.499241
122,35.100000,13.266667,20.604000,0.000000,3.493299
123,35.100000,13.466667,20.656000,0.000000,3.573450
124,35.100000,13.400000,20.767333,0.000000,3.437200
125,35.100000,13.866667,20.615333,0.000000,3.380161
126,35.100000,13.900000,20.764000,0.000000,3.583645
127,35.100000,13.266667,20.781333,0.000000,3.552459
128,35.166667,13.333333,20.780667,0.000000,3.532075
129,35.166667,13.233333,20.802000,0.000000,3.641337
130,35.333333,13.433333,20.836667,0.000000,3.588757
131,35.366667,13.166667,20.637333,0.000000,3.577008
132,35.366667,13.466667,20.780667,0.000000,3.444596
133,35.366667,13.400000,20.806000,0.000000,3.470455
134,35.533333,13.133333,20.734000,0.000000,3.683307
135,35.566667,13.266667,20.751333,0.000000,3.618358
136,35.566667,13.433333,20.644667,0.000000,3.518667
137,35.600000,13.500000,20.674000,0.000000,3.546866
138,35.600000,13.633333,20.844000,0.000000,3.569508
139,35.600000,13.366667,20.812000,0.000000,3.523122
140,35.600000,13.466667,20.803333,0.000000,3.524871
141,35.600000,13.833333,20.800667,0.000000,3.488196
142,35.600000,13.800000,20.794667,0.000000,3.529196
143,35.600000,13.333333,20.763333,0.000000,3.530876
144,35.600000,13.200000,20.769333,0.000000,3.599707
145,35.600000,13.300000,20.700667,0.000000,3.634469
146,35.600000,13.300000,20.751333,0.000000,3.551803
147,35.600000,13.200000,20.613333,0.000000,3.499777
148,35.600000,13.933333,20.868667,0.000000,3.446583
149,35.633333,13.533333,20.773333,0.000000,3.552351
150,35.633333,13.566667,20.796000,0.000000,3.527255
151,35.633333,13.566667,20.870000,0.000000,3.593079
152,35.633333,13.333333,20.855333,0.000000,3.619601
153,35.633333,13.566667,20.783333,0.000000,3.514807
154,35.633333,13.566667,20.814000,0.000000,3.461022
155,35.666667,13.300000,20.623333,0.000000,3.570376
156,35.766667,13.633333,20.592000,0.000000,3.579597
157,35.800000,13.500000,20.691333,0.000000,3.596159
158,35.800000,13.466667,20.590667,0.000000,3.471825
159,35.800000,13.100000,20.628667,0.000000,3.614245
160,35.800000,13.433333,20.808000,0.000000,3.595296
161,35.800000,12.966667,20.672000,0.000000,3.601199
162,35.800000,13.533333,20.724667,0.000000,3.556723
163,35.800000,13.133333,20.676667,0.000000,3.542575
164,35.800000,13.766667,20.886000,0.000000,3.564029
165,35.800000,13.566667,20.841333,0.000000,3.587697
166,35.800000,13.300000,20.620000,0.000000,3.468426
167,35.800000,12.866667,20.657333,0.000000,3.540957
168,35.800000,13.400000,20.610000,0.000000,3.488820
169,35.833333,13.166667,20.853333,0.000000,3.655855
170,35.833333,13.500000,20.796000,0.000000,3.599593
171,35.833333,13.100000,20.712000,0.000000,3.526488
172,35.833333,13.466667,20.602667,0.000000,3.603487
173,35.866667,13.333333,20.631333,0.000000,3.602505
174,35.866667,13.200000,20.638000,0.000000,3.557805
175,35.866667,13.133333,20.708000,0.000000,3.654202
176,35.866667,13.333333,20.871333,0.000000,3.521860
177,35.866667,13.266667,20.790667,0.000000,3.613963
178,35.866667,13.233333,20.855333,0.000000,3.657408
179,35.866667,13.200000,20.840000,0.000000,3.475499
180,35.866667,13.566667,20.914000,0.000000,3.535120
181,35.866667,13.700000,20.726000,0.000000,3.572327
182,35.866667,13.300000,20.670000,0.000000,3.552559
183,35.866667,13.300000,20.906667,0.000000,3.555811
184,35.866667,13.166667,20.644667,0.000000,3.574499
185,35.866667,12.833333,20.572667,0.000000,3.522421
186,35.866667,13.300000,20.802000,0.000000,3.572096
187,35.933333,13.200000,20.906000,0.000000,3.659417
188,35.966667,13.266667,20.717333,0.000000,3.554221
189,35.966667,13.600000,20.802000,0.000000,3.624784
190,35.966667,13.266667,20.653333,0.000000,3.461984
191,35.966667,13.300000,20.596667,0.000000,3.564410
192,35.966667,13.466667,20.885333,0.000000,3.684575
193,36.000000,13.100000,20.711333,0.000000,3.542656
194,36.033333,13.366667,20.788000,0.000000,3.557669
195,36.033333,13.233333,20.701333,0.000000,3.604827
196,36.033333,13.366667,20.715333,0.000000,3.474903
197,36.033333,13.633333,20.823333,0.000000,3.486440
198,36.033333,13.433333,20.860000,0.000000,3.546851
199,36.033333,13.733333,20.759333,0.000000,3.588363
200,36.033333,13.500000,20.739333,0.000000,3.596717
201,36.033333,13.500000,20.663333,0.000000,3.628275
202,36.033333,13.500000,20.841333,0.000000,3.501689
203,36.033333,13.600000,20.873333,0.000000,3.615335
204,36.033333,13.433333,20.732000,0.000000,3.614916
205,36.033333,12.966667,20.622000,0.000000,3.552827
206,36.033333,13.233333,20.673333,0.000000,3.546068
207,36.033333,13.233333,20.928000,0.000000,3.594962
208,36.033333,13.300000,20.691333,0.000000,3.519201
209,36.033333,13.600000,20.892000,0.000000,3.556962
210,36.033333,13.466667,20.830667,0.000000,3.494484
211,36.033333,13.433333,20.714000,0.000000,3.507013
212,36.033333,13.300000,20.763333,0.000000,3.598408
213,36.066667,13.866667,20.908000,0.000000,3.611479
214,36.066667,12.833333,20.540000,0.000000,3.483375
215,36.066667,13.266667,20.582000,0.000000,3.533319
216,36.066667,12.900000,20.902667,0.000000,3.677651
217,36.066667,13.366667,20.760667,0.000000,3.540556
218,36.066667,13.366667,20.652667,0.000000,3.617177
219,36.066667,13.166667,20.840667,0.000000,3.632674
220,36.066667,13.600000,20.840667,0.000000,3.636810
221,36.066667,13.233333,20.654667,0.000000,3.585618
222,36.066667,13.033333,20.502000,0.000000,3.529474
223,36.066667,13.466667,20.655333,0.000000,3.439956
224,36.066667,13.533333,20.724667,0.000000,3.635266
225,36.066667,13.366667,20.962000,0.000000,3.577278
226,36.066667,13.300000,20.625333,0.000000,3.673435
227,36.066667,13.200000,20.868000,0.000000,3.667940
228,36.100000,13.566667,20.652667,0.000000,3.491934
229,36.100000,13.366667,20.732667,0.000000,3.693702
230,36.100000,13.033333,20.643333,0.000000,3.552474
231,36.100000,13.166667,20.603333,0.000000,3.509988
232,36.100000,13.433333,20.726000,0.000000,3.648006
233,36.100000,13.133333,20.660667,0.000000,3.539000
234,36.100000,13.800000,20.705333,0.000000,3.536892
235,36.100000,13.000000,20.744667,0.000000,3.594501
236,36.100000,13.200000,20.654667,0.000000,3.515270
237,36.100000,13.400000,20.706667,0.000000,3.512874
238,36.100000,13.233333,20.716667,0.000000,3.599460
239,36.100000,13.500000,20.668000,0.000000,3.541654
240,36.100000,13.600000,20.678000,0.000000,3.564718
241,36.100000,13.133333,20.742667,0.000000,3.662274
242,36.100000,13.266667,20.666000,0.000000,3.595027
243,36.100000,13.666667,20.814667,0.000000,3.541581
244,36.100000,13.366667,20.646000,0.000000,3.583737
245,36.100000,13.366667,20.728000,0.000000,3.479092
246,36.100000,13.300000,20.682000,0.000000,3.479748
247,36.100000,13.566667,20.925333,0.000000,3.604610
248,36.100000,13.000000,20.666667,0.000000,3.638144
249,36.100000,13.566667,20.814000,0.000000,3.489519
250,36.100000,13.333333,20.747333,0.000000,3.574673
251,36.100000,13.433333,20.790000,0.000000,3.529704
252,36.100000,13.233333,20.690000,0.000000,3.604202
253,36.100000,13.300000,20.836000,0.000000,3.628448
254,36.100000,13.833333,20.733333,0.000000,3.502449
255,36.100000,14.100000,20.872667,0.000000,3.519906
256,36.100000,13.666667,20.780667,0.000000,3.511415
257,36.100000,12.900000,20.680667,0.000000,3.569397
258,36.100000,13.733333,20.841333,0.000000,3.538202
259,36.100000,13.500000,20.650000,0.000000,3.531429
260,36.100000,13.600000,20.701333,0.000000,3.515901
261,36.100000,13.533333,20.652667,0.000000,3.464011
262,36.100000,13.733333,20.802667,0.000000,3.571869
263,36.100000,13.866667,20.875333,0.000000,3.494116
264,36.100000,13.233333,20.768667,0.000000,3.730331
265,36.100000,13.533333,20.688667,0.000000,3.487657
266,36.100000,13.433333,20.700667,0.000000,3.573536
267,36.100000,13.566667,20.783333,0.000000,3.474341
268,36.100000,13.333333,20.722667,0.000000,3.538322
269,36.100000,13.033333,20.631333,0.000000,3.566878
270,36.100000,13.533333,20.753333,0.000000,3.566125
271,36.100000,13.266667,20.676000,0.000000,3.482660
272,36.100000,13.166667,20.694000,0.000000,3.605836
273,36.100000,13.533333,20.686000,0.000000,3.611165
274,36.100000,13.566667,20.768667,0.000000,3.570142
275,36.100000,13.266667,20.796667,0.000000,3.631911
276,36.100000,13.466667,20.730000,0.000000,3.529313
277,36.100000,13.366667,20.737333,0.000000,3.619533
278,36.100000,13.400000,20.825333,0.000000,3.570770
279,36.100000,13.366667,20.752000,0.000000,3.534173
280,36.100000,13.333333,20.792000,0.000000,3.517141
281,36.100000,13.333333,20.713333,0.000000,3.660926
282,36.100000,13.633333,20.758000,0.000000,3.691466
283,36.100000,13.466667,20.696000,0.000000,3.552808
284,36.133333,13.800000,20.767333,0.000000,3.504958
285,36.133333,13.266667,20.616000,0.000000,3.532516
286,36.133333,13.733333,20.708000,0.000000,3.447507
287,36.133333,13.433333,20.804667,0.000000,3.514003
288,36.133333,13.300000,20.816000,0.000000,3.598350
289,36.133333,13.400000,20.691333,0.000000,3.574332
290,36.133333,13.433333,20.784667,0.000000,3.585460
291,36.133333,13.533333,20.690667,0.000000,3.600960
292,36.133333,13.533333,20.666000,0.000000,3.609714
293,36.133333,13.366667,20.618000,0.000000,3.563739
294,36.133333,13.466667,20.869333,0.000000,3.493802
295,36.133333,13.566667,20.737333,0.000000,3.512635
296,36.133333,13.000000,20.931333,0.000000,3.623206
297,36.133333,13.766667,20.763333,0.000000,3.528046
298,36.133333,13.333333,20.741333,0.000000,3.562260
299,36.133333,13.233333,20.763333,0.000000,3.535232
300,36.133333,13.133333,20.842000,0.000000,3.575830
301,36.133333,13.333333,20.618667,0.000000,3.558808
302,36.133333,13.266667,20.840000,0.000000,3.621351
303,36.133333,13.200000,20.756000,0.000000,3.521096
304,36.133333,13.700000,20.852000,0.000000,3.555467
305,36.133333,13.333333,20.684667,0.000000,3.605981
306,36.133333,13.133333,20.712000,0.000000,3.500918
307,36.133333,13.433333,20.756667,0.000000,3.475578
308,36.133333,13.500000,20.835333,0.000000,3.661069
309,36.133333,13.566667,20.876000,0.000000,3.528293
310,36.200000,13.733333,20.757333,0.000000,3.579755
311,36.200000,13.033333,20.640667,0.000000,3.574245
312,36.200000,13.400000,20.808667,0.000000,3.655323
313,36.200000,13.200000,20.652667,0.000000,3.460285
314,36.200000,13.433333,20.783333,0.000000,3.731440
315,36.200000,13.566667,20.854000,0.000000,3.510342
316,36.200000,13.633333,20.667333,0.000000,3.540732
317,36.200000,13.200000,20.652667,0.000000,3.507911
318,36.200000,13.300000,20.766667,0.000000,3.495773
319,36.200000,13.400000,20.775333,0.000000,3.624375
320,36.200000,13.266667,20.564000,0.000000,3.470487
321,36.200000,13.133333,20.607333,0.000000,3.539060
322,36.200000,13.666667,20.706000,0.000000,3.476848
323,36.200000,13.400000,20.834667,0.000000,3.653346
324,36.266667,13.466667,20.917333,0.000000,3.677081
325,36.266667,13.400000,20.759333,0.000000,3.621374
326,36.266667,13.766667,20.678000,0.000000,3.491404
327,36.266667,13.433333,20.753333,0.000000,3.603697
328,36.266667,13.633333,20.770667,0.000000,3.477965
329,36.266667,13.433333,20.719333,0.000000,3.479189
330,36.266667,13.666667,20.606000,0.000000,3.436989
331,36.266667,13.300000,20.838000,0.000000,3.627861
332,36.266667,13.333333,20.690667,0.000000,3.541873
333,36.266667,13.266667,20.676667,0.000000,3.454690
334,36.266667,13.800000,20.853333,0.000000,3.516655
335,36.266667,13.466667,20.734667,0.000000,3.530497
336,36.266667,13.400000,20.571333,0.000000,3.496634
337,36.266667,12.966667,20.882000,0.000000,3.566115
338,36.266667,13.333333,20.842000,0.000000,3.637478
339,36.266667,13.566667,20.686000,0.000000,3.567863
340,36.266667,12.866667,20.659333,0.000000,3.607501
341,36.266667,13.266667,20.868667,0.000000,3.627207
342,36.266667,13.566667,20.814000,0.000000,3.647746
343,36.266667,13.333333,20.785333,0.000000,3.582948
344,36.266667,13.566667,20.762000,0.000000,3.641066
345,36.266667,13.166667,20.732667,0.000000,3.622413
346,36.266667,13.500000,20.853333,0.000000,3.479650
347,36.266667,13.433333,20.788667,0.000000,3.471207
348,36.266667,13.400000,20.658667,0.000000,3.568607
349,36.266667,13.633333,20.790000,0.000000,3.532287
350,36.266667,13.500000,20.773333,0.000000,3.564969
351,36.266667,13.433333,20.870667,0.000000,3.561083
352,36.266667,13.133333,20.766000,0.000000,3.581400
353,36.266667,13.566667,20.784667,0.000000,3.580717
354,36.266667,13.666667,20.826000,0.000000,3.585004
355,36.266667,12.966667,20.732667,0.000000,3.596938
356,36.266667,13.633333,20.836667,0.000000,3.535253
357,36.266667,13.233333,20.766667,0.000000,3.537886
358,36.266667,13.700000,20.626000,0.000000,3.539664
359,36.266667,13.500000,20.900000,0.000000,3.541314
360,36.266667,13.366667,20.766667,0.000000,3.670592
361,36.266667,13.466667,20.708667,0.000000,3.561081
362,36.266667,13.366667,20.878000,0.000000,3.531818
363,36.266667,13.333333,20.678667,0.000000,3.616806
364,36.266667,13.500000,20.738667,0.000000,3.571880
365,36.266667,13.200000,20.654000,0.000000,3.674730
366,36.266667,13.666667,20.619333,0.000000,3.520584
367,36.266667,13.333333,20.763333,0.000000,3.587998
368,36.266667,13.166667,20.874667,0.000000,3.559946
369,36.266667,13.066667,20.596000,0.000000,3.537087
370,36.266667,13.000000,20.612667,0.000000,3.621273
371,36.266667,12.800000,20.587333,0.000000,3.643988
372,36.266667,13.600000,20.739333,0.000000,3.556400
373,36.266667,13.533333,20.677333,0.000000,3.604123
374,36.266667,13.400000,20.690000,0.000000,3.541618
375,36.333333,13.066667,20.823333,0.000000,3.579406
376,36.333333,13.066667,20.660667,0.000000,3.567189
377,36.333333,13.600000,20.634667,0.000000,3.488020
378,36.333333,13.566667,20.776000,0.000000,3.558738
379,36.333333,13.366667,20.876000,0.000000,3.559456
380,36.333333,13.366667,20.803333,0.000000,3.561668
381,36.333333,13.300000,20.672667,0.000000,3.600366
382,36.333333,12.966667,20.674000,0.000000,3.715591
383,36.333333,13.600000,20.762667,0.000000,3.565679
384,36.333333,13.400000,20.767333,0.000000,3.536371
385,36.333333,13.200000,20.686000,0.000000,3.513139
386,36.333333,13.133333,20.956667,0.000000,3.690500
387,36.333333,13.600000,20.671333,0.000000,3.518200
388,36.333333,13.233333,20.508000,0.000000,3.589290
389,36.333333,13.166667,20.716000,0.000000,3.600150
390,36.333333,13.800000,20.927333,0.000000,3.555651
391,36.333333,13.433333,20.662000,0.000000,3.559186
392,36.333333,13.266667,20.790000,0.000000,3.582203
393,36.333333,13.666667,20.850000,0.000000,3.651084
394,36.333333,13.100000,20.715333,0.000000,3.545543
395,36.333333,13.700000,20.891333,0.000000,3.500816
396,36.333333,13.400000,20.746000,0.000000,3.500670
397,36.333333,13.366667,20.855333,0.000000,3.677546
398,36.333333,13.233333,20.826000,0.000000,3.558673
399,36.333333,13.366667,20.842000,0.000000,3.697519
400,36.333333,13.500000,20.838667,0.000000,3.547510
401,36.333333,13.366667,20.904667,0.000000,3.613537
402,36.333333,13.033333,20.690000,0.000000,3.596364
403,36.333333,13.700000,20.866000,0.000000,3.506788
404,36.333333,13.133333,20.596000,0.000000,3.673759
405,36.333333,13.566667,20.818667,0.000000,3.547910
406,36.333333,13.500000,20.742667,0.000000,3.502225
407,36.333333,13.600000,20.557333,0.000000,3.533487
408,36.333333,13.633333,20.776000,0.000000,3.627426
409,36.333333,13.233333,20.622000,0.000000,3.510206
410,36.333333,13.300000,20.624000,0.000000,3.474464
411,36.333333,13.133333,20.520667,0.000000,3.599053
412,36.333333,13.500000,20.712000,0.000000,3.535974
413,36.333333,13.000000,20.546667,0.000000,3.556416
414,36.333333,12.966667,20.731333,0.000000,3.640624
415,36.333333,13.433333,20.738667,0.000000,3.563470
416,36.333333,13.666667,20.774000,0.000000,3.685708
417,36.333333,13.500000,20.800667,0.000000,3.563237
418,36.333333,13.466667,20.572667,0.000000,3.540076
419,36.333333,13.533333,20.682667,0.000000,3.575777
420,36.333333,13.666667,20.773333,0.000000,3.544275
421,36.333333,13.200000,20.753333,0.000000,3.541434
422,36.333333,13.700000,20.750000,0.000000,3.513909
423,36.333333,13.533333,20.788000,0.000000,3.483418
424,36.333333,13.266667,20.883333,0.000000,3.680750
425,36.333333,13.633333,20.766000,0.000000,3.549250
426,36.333333,13.333333,20.658667,0.000000,3.655967
427,36.333333,13.500000,20.751333,0.000000,3.633949
428,36.366667,13.200000,20.546667,0.000000,3.499831
429,36.366667,13.733333,20.572667,0.000000,3.445919
430,36.366667,12.933333,20.634000,0.000000,3.662052
431,36.366667,13.500000,20.800000,0.000000,3.636817
432,36.366667,13.233333,20.588000,0.000000,3.501902
433,36.366667,13.733333,20.713333,0.000000,3.527500
434,36.366667,13.500000,20.936667,0.000000,3.701105
435,36.366667,12.833333,20.773333,0.000000,3.576815
436,36.366667,13.366667,20.859333,0.000000,3.596732
437,36.366667,13.400000,20.714000,0.000000,3.536927
438,36.366667,13.666667,21.002667,0.000000,3.532038
439,36.366667,13.800000,20.699333,0.000000,3.463173
440,36.366667,13.533333,20.661333,0.000000,3.535798
441,36.366667,13.233333,20.642667,0.000000,3.535458
442,36.366667,13.466667,20.688000,0.000000,3.471998
443,36.366667,13.200000,20.810667,0.000000,3.643192
444,36.366667,13.400000,20.773333,0.000000,3.527771
445,36.400000,12.900000,20.456000,0.000000,3.646762
446,36.400000,13.500000,20.765333,0.000000,3.546504
447,36.400000,13.433333,20.798667,0.000000,3.584156
448,36.400000,13.633333,20.764000,0.000000,3.635282
449,36.400000,13.566667,20.787333,0.000000,3.599661
450,36.400000,13.533333,20.820000,0.000000,3.552958
451,36.400000,13.466667,20.611333,0.000000,3.504886
452,36.433333,13.600000,20.906667,0.000000,3.543276
453,36.433333,13.333333,20.695333,0.000000,3.601875
454,36.433333,13.333333,20.644667,0.000000,3.652651
455,36.433333,13.300000,20.770667,0.000000,3.631199
456,36.433333,13.166667,20.738000,0.000000,3.590242
457,36.433333,13.233333,20.877333,0.000000,3.487914
458,36.433333,13.466667,20.822000,0.000000,3.510026
459,36.433333,13.600000,20.848667,0.000000,3.495074
460,36.433333,13.700000,20.611333,0.000000,3.515947
461,36.433333,13.133333,20.670000,0.000000,3.622587
462,36.433333,13.166667,20.529333,0.000000,3.504825
463,36.466667,13.466667,20.572667,0.000000,3.590805
464,36.466667,13.833333,20.828667,0.000000,3.584430
465,36.466667,13.633333,20.798000,0.000000,3.669778
466,36.466667,13.066667,20.649333,0.000000,3.599908
467,36.466667,13.566667,20.634000,0.000000,3.546610
468,36.466667,13.533333,20.849333,0.000000,3.513513
469,36.466667,13.133333,20.564000,0.000000,3.633724
470,36.466667,13.433333,20.656000,0.000000,3.550442
471,36.466667,13.200000,20.876667,0.000000,3.624060
472,36.466667,13.333333,20.753333,0.000000,3.632342
473,36.466667,13.500000,20.701333,0.000000,3.507875
474,36.466667,13.700000,20.751333,0.000000,3.634425
475,36.466667,13.300000,20.810667,0.000000,3.529869
476,36.466667,13.700000,20.905333,0.000000,3.591982
477,36.466667,13.200000,20.547333,0.000000,3.522187
478,36.466667,13.566667,20.786000,0.000000,3.526692
479,36.466667,13.466667,20.745333,0.000000,3.482958
480,36.466667,13.500000,20.870000,0.000000,3.566174
481,36.466667,13.466667,20.606000,0.000000,3.497740
482,36.466667,13.066667,20.587333,0.000000,3.569291
483,36.466667,13.066667,20.480667,0.000000,3.503311
484,36.466667,13.133333,20.708000,0.000000,3.643812
485,36.466667,12.966667,20.674667,0.000000,3.581855
486,36.466667,13.466667,20.794000,0.000000,3.723415
487,36.466667,13.466667,20.765333,0.000000,3.537129
488,36.466667,13.600000,20.758000,0.000000,3.551828
489,36.466667,13.000000,20.635333,0.000000,3.539572
490,36.466667,13.133333,20.709333,0.000000,3.705090
491,36.466667,13.633333,20.674667,0.000000,3.525777
492,36.466667,13.200000,20.793333,0.000000,3.490589
493,36.466667,13.066667,20.542000,0.000000,3.589242
494,36.466667,13.333333,20.861333,0.000000,3.486193
495,36.466667,13.466667,20.802000,0.000000,3.582314
496,36.466667,13.300000,20.665333,0.000000,3.533943
497,36.466667,13.500000,20.694000,0.000000,3.570525
498,36.466667,13.133333,20.669333,0.000000,3.589644
499,36.466667,13.200000,20.604000,0.000000,3.562528
500,36.466667,13.133333,20.839333,0.000000,3.704993
BestSdev: 0.955131, Time: 29m56.769157376s