gen,best,worst,mean,rep,sdev
1,28.833333,13.633333,20.747333,0.000000,3.551045
2,30.066667,13.433333,20.795333,0.000000,3.555736
3,30.766667,13.433333,20.775333,0.000000,3.619127
4,31.200000,13.600000,20.670667,0.000000,3.620139
5,31.433333,13.266667,20.751333,0.000000,3.485389
6,31.666667,13.433333,20.690000,0.000000,3.542297
7,31.733333,13.333333,20.620667,0.000000,3.611516
8,32.133333,13.633333,20.710000,0.000000,3.594891
9,32.300000,13.466667,20.748000,0.000000,3.523316
10,32.600000,13.666667,20.809333,0.000000,3.640089
11,32.666667,13.100000,20.742667,0.000000,3.520284
12,32.666667,13.133333,20.737333,0.000000,3.649615
13,32.800000,13.433333,20.637333,0.000000,3.529333
14,32.866667,13.633333,20.706667,0.000000,3.436594
15,32.966667,13.000000,20.808000,0.000000,3.629605
16,33.000000,13.400000,20.799333,0.000000,3.550612
17,33.166667,13.166667,20.694667,0.000000,3.690977
18,33.266667,13.400000,20.667333,0.000000,3.705643
19,33.433333,13.533333,20.685333,0.000000,3.621562
20,33.666667,13.366667,20.694000,0.000000,3.681003
21,33.800000,13.433333,20.847333,0.000000,3.627201
22,34.000000,13.066667,20.786667,0.000000,3.591805
23,34.033333,12.966667,20.766000,0.000000,3.610788
24,34.100000,13.600000,20.917333,0.000000,3.630507
25,34.100000,13.033333,20.767333,0.000000,3.570223
26,34.100000,13.633333,20.913333,0.000000,3.510339
27,34.300000,13.333333,20.896000,0.000000,3.743763
28,34.300000,13.400000,20.773333,0.000000,3.644434
29,34.300000,13.533333,20.872000,0.000000,3.514653
30,34.333333,13.366667,20.756667,0.000000,3.613550
31,34.366667,13.433333,20.776000,0.000000,3.496640
32,34.433333,13.700000,20.766000,0.000000,3.528890
33,34.433333,13.366667,20.732667,0.000000,3.550828
34,34.433333,13.266667,20.817333,0.000000,3.671291
35,34.433333,13.366667,20.810667,0.000000,3.590047
36,34.433333,13.266667,20.652000,0.000000,3.620910
37,34.433333,13.366667,20.794000,0.000000,3.567776
38,34.500000,13.033333,20.591333,0.000000,3.617744
39,34.566667,13.433333,20.813333,0.000000,3.564259
40,34.566667,13.900000,20.717333,0.000000,3.532077
41,34.566667,13.600000,20.651333,0.000000,3.496730
42,34.566667,13.233333,20.709333,0.000000,3.623156
43,34.633333,12.666667,20.711333,0.000000,3.681697
44,34.633333,13.633333,20.739333,0.000000,3.535366
45,34.633333,13.200000,20.746667,0.000000,3.515962
46,34.633333,13.000000,20.766000,0.000000,3.641109
47,34.633333,13.300000,20.678667,0.000000,3.534648
48,34.633333,13.366667,20.586667,0.000000,3.491321
49,34.633333,13.200000,20.748667,0.000000,3.644482
50,34.700000,13.500000,20.823333,0.000000,3.585788
51,34.766667,13.200000,20.548000,0.000000,3.671512
52,34.800000,13.366667,20.832667,0.000000,3.721220
53,34.800000,13.200000,20.801333,0.000000,3.526921
54,34.866667,13.866667,20.741333,0.000000,3.600613
55,34.866667,13.600000,20.874000,0.000000,3.610624
56,34.866667,12.833333,20.724000,0.000000,3.588940
57,34.866667,13.633333,20.688667,0.000000,3.484867
58,34.866667,13.000000,20.776667,0.000000,3.588851
59,34.866667,13.100000,20.618000,0.000000,3.592064
60,34.933333,13.366667,20.792667,0.000000,3.525112
61,34.933333,13.500000,20.639333,0.000000,3.596810
62,34.933333,13.366667,20.712667,0.000000,3.644960
63,35.033333,13.200000,20.783333,0.000000,3.652136
64,35.033333,13.466667,20.755333,0.000000,3.614084
65,35.033333,13.500000,20.599333,0.000000,3.439010
66,35.033333,13.733333,20.694000,0.000000,3.593596
67,35.033333,13.800000,20.775333,0.000000,3.550795
68,35.033333,13.700000,20.884667,0.000000,3.527843
69,35.033333,13.233333,20.560667,0.000000,3.487092
70,35.033333,13.400000,20.832000,0.000000,3.705940
71,35.033333,13.666667,20.696000,0.000000,3.461296
72,35.033333,13.433333,20.634667,0.000000,3.553200
73,35.033333,13.766667,20.741333,0.000000,3.576751
74,35.033333,13.400000,20.764667,0.000000,3.527090
75,35.033333,13.433333,20.872000,0.000000,3.552893
76,35.033333,13.500000,20.650000,0.000000,3.592473
77,35.033333,13.733333,20.782000,0.000000,3.588568
78,35.033333,13.033333,20.768000,0.000000,3.584583
79,35.033333,13.533333,20.776667,0.000000,3.523787
80,35.033333,13.033333,20.710000,0.000000,3.691928
81,35.033333,13.266667,20.791333,0.000000,3.568328
82,35.033333,13.733333,20.768667,0.000000,3.503154
83,35.033333,13.533333,20.713333,0.000000,3.553988
84,35.066667,13.633333,20.793333,0.000000,3.514375
85,35.066667,13.533333,20.831333,0.000000,3.568048
86,35.066667,13.600000,20.702000,0.000000,3.581901
87,35.066667,13.433333,20.777333,0.000000,3.567236
88,35.066667,13.000000,20.510667,0.000000,3.559765
89,35.066667,13.266667,20.802667,0.000000,3.585396
90,35.066667,13.200000,20.644000,0.000000,3.568318
91,35.100000,13.366667,20.592000,0.000000,3.539980
92,35.100000,13.600000,20.790667,0.000000,3.648041
93,35.133333,13.466667,20.623333,0.000000,3.618039
94,35.133333,13.333333,20.789333,0.000000,3.621083
95,35.133333,13.366667,20.582000,0.000000,3.479946
96,35.233333,13.400000,20.830667,0.000000,3.611342
97,35.233333,13.400000,20.805333,0.000000,3.612395
98,35.233333,13.200000,20.741333,0.000000,3.701364
99,35.233333,13.500000,20.800667,0.000000,3.621268
100,35.233333,13.366667,20.610000,0.000000,3.585067
101,35.300000,13.333333,20.748000,0.000000,3.603617
102,35.300000,13.200000,20.620667,0.000000,3.478390
103,35.300000,13.366667,20.708000,0.000000,3.580852
104,35.300000,13.566667,20.688000,0.000000,3.527179
105,35.300000,13.166667,20.711333,0.000000,3.524766
106,35.300000,13.466667,20.742000,0.000000,3.599286
107,35.300000,12.700000,20.692667,0.000000,3.636923
108,35.300000,13.433333,20.724667,0.000000,3.567394
109,35.300000,13.600000,20.745333,0.000000,3.627360
110,35.300000,13.200000,20.574667,0.000000,3.524222
111,35.300000,13.266667,20.700000,0.000000,3.686425
112,35.300000,13.200000,20.604000,0.000000,3.659820
113,35.300000,13.800000,20.784000,0.000000,3.449261
114,35.366667,13.433333,20.649333,0.000000,3.596184
115,35.366667,13.066667,20.710000,0.000000,3.567228
116,35.366667,13.233333,20.644667,0.000000,3.543825
117,35.366667,13.366667,20.668667,0.000000,3.523030
118,35.366667,13.233333,20.730667,0.000000,3.581044
119,35.366667,13.200000,20.828667,0.000000,3.709652
120,35.400000,13.266667,20.630667,0.000000,3.684156
121,35.400000,13.100000,20.768667,0.000000,3.653476
122,35.400000,13.300000,20.754667,0.000000,3.605705
123,35.433333,13.600000,20.813333,0.000000,3.555202
124,35.433333,13.366667,20.780000,0.000000,3.650175
125,35.433333,13.566667,20.531333,0.000000,3.565672
126,35.433333,13.233333,20.625333,0.000000,3.612362
127,35.466667,13.533333,20.658000,0.000000,3.500013
128,35.466667,13.166667,20.773333,0.000000,3.610565
129,35.466667,13.533333,20.658000,0.000000,3.551130
130,35.466667,13.333333,20.808667,0.000000,3.566933
131,35.466667,13.033333,20.722667,0.000000,3.736166
132,35.466667,13.400000,20.905333,0.000000,3.557436
133,35.466667,13.400000,20.776000,0.000000,3.627557
134,35.533333,13.366667,20.734000,0.000000,3.626051
135,35.533333,13.066667,20.766667,0.000000,3.691359
136,35.533333,13.333333,20.844000,0.000000,3.629043
137,35.533333,12.833333,20.580667,0.000000,3.642004
138,35.533333,13.700000,20.731333,0.000000,3.582313
139,35.533333,14.000000,20.694000,0.000000,3.440256
140,35.533333,13.433333,20.667333,0.000000,3.565296
141,35.533333,13.266667,20.900667,0.000000,3.596462
142,35.533333,13.600000,20.640667,0.000000,3.583721
143,35.533333,13.233333,20.868000,0.000000,3.494405
144,35.533333,13.300000,20.832000,0.000000,3.598825
145,35.566667,13.233333,20.734000,0.000000,3.576812
146,35.633333,13.300000,20.910000,0.000000,3.590425
147,35.633333,13.300000,20.746000,0.000000,3.695448
148,35.633333,13.200000,20.683333,0.000000,3.580679
149,35.633333,13.600000,20.862667,0.000000,3.574586
150,35.633333,13.266667,20.744000,0.000000,3.666240
151,35.633333,13.166667,20.690667,0.000000,3.662142
152,35.633333,13.900000,20.867333,0.000000,3.489286
153,35.633333,13.333333,20.621333,0.000000,3.575110
154,35.633333,13.600000,20.756000,0.000000,3.670586
155,35.633333,13.366667,20.844667,0.000000,3.636341
156,35.666667,13.233333,20.739333,0.000000,3.521150
157,35.666667,13.700000,20.848667,0.000000,3.473098
158,35.666667,13.433333,20.675333,0.000000,3.620511
159,35.666667,13.500000,20.686000,0.000000,3.571792
160,35.700000,13.300000,20.747333,0.000000,3.602610
161,35.700000,13.633333,20.697333,0.000000,3.528949
162,35.700000,13.400000,20.790000,0.000000,3.497971
163,35.700000,13.166667,20.774667,0.000000,3.628488
164,35.700000,13.000000,20.752667,0.000000,3.588528
165,35.700000,13.266667,20.616000,0.000000,3.508455
166,35.700000,13.166667,20.727333,0.000000,3.527420
167,35.766667,13.200000,20.872000,0.000000,3.616839
168,35.766667,13.466667,20.708000,0.000000,3.524377
169,35.766667,13.400000,20.704667,0.000000,3.595513
170,35.800000,13.333333,20.784000,0.000000,3.680982
171,35.800000,13.633333,20.772667,0.000000,3.524241
172,35.800000,13.700000,20.726667,0.000000,3.535648
173,35.800000,13.666667,20.913333,0.000000,3.631185
174,35.800000,13.600000,20.679333,0.000000,3.422389
175,35.800000,13.633333,20.702667,0.000000,3.675218
176,35.800000,13.133333,20.708000,0.000000,3.602838
177,35.800000,13.500000,20.733333,0.000000,3.599564
178,35.800000,13.566667,20.706667,0.000000,3.592498
179,35.800000,12.966667,20.793333,0.000000,3.704713
180,35.800000,13.533333,20.780000,0.000000,3.605855
181,35.800000,13.566667,20.750667,0.000000,3.384086
182,35.800000,13.266667,20.698667,0.000000,3.600728
183,35.833333,13.833333,20.622667,0.000000,3.521040
184,35.833333,13.366667,20.750667,0.000000,3.532369
185,35.833333,13.400000,20.644000,0.000000,3.563027
186,35.833333,13.166667,20.524000,0.000000,3.594280
187,35.833333,13.466667,20.836000,0.000000,3.552211
188,35.833333,13.433333,20.747333,0.000000,3.482214
189,35.833333,13.733333,20.780667,0.000000,3.526870
190,35.833333,13.066667,20.782667,0.000000,3.634862
191,35.833333,13.133333,20.681333,0.000000,3.663400
192,35.833333,13.600000,20.666000,0.000000,3.579960
193,35.833333,13.400000,20.679333,0.000000,3.526372
194,35.833333,13.333333,20.697333,0.000000,3.484168
195,35.833333,12.833333,20.537333,0.000000,3.584993
196,35.833333,13.400000,20.689333,0.000000,3.528720
197,35.866667,13.700000,20.712000,0.000000,3.539177
198,35.866667,13.600000,20.813333,0.000000,3.578804
199,35.866667,13.400000,20.817333,0.000000,3.600740
200,35.866667,13.733333,20.670000,0.000000,3.524418
201,35.866667,13.133333,20.734000,0.000000,3.603960
202,35.866667,13.533333,20.664000,0.000000,3.649988
203,35.866667,13.533333,20.808000,0.000000,3.545403
204,35.866667,13.766667,20.765333,0.000000,3.586245
205,35.866667,13.866667,20.936000,0.000000,3.622373
206,35.900000,12.966667,20.884667,0.000000,3.716336
207,35.900000,13.500000,20.786667,0.000000,3.605615
208,35.900000,13.300000,20.709333,0.000000,3.484969
209,35.900000,13.600000,20.708000,0.000000,3.588198
210,35.900000,13.100000,20.772000,0.000000,3.606539
211,35.900000,13.500000,20.775333,0.000000,3.570062
212,35.900000,13.700000,20.948000,0.000000,3.669090
213,35.933333,13.300000,20.670667,0.000000,3.642914
214,35.933333,13.466667,20.838000,0.000000,3.639661
215,35.933333,13.266667,20.726667,0.000000,3.596485
216,35.933333,13.500000,20.732000,0.000000,3.518805
217,35.933333,13.400000,20.660667,0.000000,3.618348
218,35.933333,13.500000,20.772667,0.000000,3.512300
219,35.933333,13.466667,20.727333,0.000000,3.696635
220,35.933333,12.766667,20.709333,0.000000,3.666589
221,35.933333,13.300000,20.733333,0.000000,3.720343
222,35.933333,13.133333,20.848667,0.000000,3.588484
223,35.933333,13.433333,20.715333,0.000000,3.596299
224,35.933333,13.366667,20.721333,0.000000,3.574223
225,35.933333,13.400000,20.903333,0.000000,3.437425
226,35.933333,13.433333,20.644667,0.000000,3.605259
227,35.933333,13.733333,20.746667,0.000000,3.453605
228,35.933333,12.766667,20.577333,0.000000,3.627371
229,35.933333,13.566667,20.765333,0.000000,3.572914
230,35.933333,13.400000,20.829333,0.000000,3.562897
231,35.933333,13.300000,20.704000,0.000000,3.513571
232,35.933333,13.666667,20.804667,0.000000,3.532132
233,35.933333,13.500000,20.778667,0.000000,3.580858
234,35.933333,13.266667,20.764000,0.000000,3.649016
235,35.933333,13.266667,20.868667,0.000000,3.704699
236,35.933333,13.366667,20.658667,0.000000,3.591331
237,35.933333,13.500000,20.801333,0.000000,3.612858
238,35.933333,13.633333,20.566000,0.000000,3.431461
239,35.933333,13.566667,20.792000,0.000000,3.503148
240,35.933333,13.733333,20.732667,0.000000,3.417316
241,35.933333,13.866667,20.698667,0.000000,3.465308
242,35.933333,13.700000,20.787333,0.000000,3.538853
243,35.933333,13.366667,20.770667,0.000000,3.573313
244,35.933333,13.566667,20.849333,0.000000,3.500057
245,35.933333,13.533333,20.792667,0.000000,3.560911
246,35.933333,13.133333,20.681333,0.000000,3.502499
247,35.933333,12.900000,20.691333,0.000000,3.608641
248,35.933333,13.400000,20.626667,0.000000,3.452625
249,35.933333,13.133333,20.768000,0.000000,3.573396
250,35.933333,13.266667,20.686000,0.000000,3.603052
251,35.933333,13.266667,20.733333,0.000000,3.633319
252,35.933333,13.033333,20.612667,0.000000,3.720095
253,35.933333,12.966667,20.687333,0.000000,3.629509
254,35.933333,13.200000,20.639333,0.000000,3.511029
255,35.933333,13.433333,20.850667,0.000000,3.655732
256,35.933333,13.100000,20.588000,0.000000,3.558008
257,35.933333,12.733333,20.790667,0.000000,3.628131
258,35.933333,12.800000,20.686667,0.000000,3.672872
259,35.933333,13.266667,20.718000,0.000000,3.505576
260,35.966667,13.366667,20.822000,0.000000,3.563096
261,35.966667,13.200000,20.777333,0.000000,3.584018
262,35.966667,13.300000,20.763333,0.000000,3.420822
263,35.966667,13.466667,20.686000,0.000000,3.478884
264,35.966667,13.200000,20.686000,0.000000,3.667697
265,35.966667,13.400000,20.862667,0.000000,3.537229
266,35.966667,13.000000,20.608000,0.000000,3.609224
267,35.966667,13.100000,20.776000,0.000000,3.571648
268,35.966667,13.466667,20.740667,0.000000,3.615518
269,35.966667,13.166667,20.694000,0.000000,3.617152
270,35.966667,13.633333,20.920000,0.000000,3.542760
271,35.966667,13.500000,20.740000,0.000000,3.535231
272,35.966667,13.166667,20.764000,0.000000,3.616706
273,35.966667,13.066667,20.712000,0.000000,3.719462
274,35.966667,13.366667,20.814000,0.000000,3.637430
275,35.966667,13.766667,20.810000,0.000000,3.504467
276,35.966667,13.700000,20.759333,0.000000,3.430422
277,35.966667,13.466667,20.949333,0.000000,3.641907
278,35.966667,13.166667,20.744000,0.000000,3.613625
279,35.966667,13.633333,20.842667,0.000000,3.562861
280,35.966667,13.733333,20.978667,0.000000,3.574582
281,35.966667,12.966667,20.675333,0.000000,3.558874
282,35.966667,13.433333,20.635333,0.000000,3.626225
283,35.966667,13.300000,20.673333,0.000000,3.539715
284,35.966667,13.566667,20.748000,0.000000,3.496887
285,35.966667,13.366667,20.814000,0.000000,3.507879
286,35.966667,13.100000,20.747333,0.000000,3.622109
287,35.966667,13.200000,20.853333,0.000000,3.622979
288,35.966667,13.366667,20.608667,0.000000,3.524485
289,35.966667,13.533333,20.759333,0.000000,3.432783
290,35.966667,13.666667,20.832667,0.000000,3.565847
291,35.966667,13.533333,20.768000,0.000000,3.600695
292,35.966667,13.400000,20.796667,0.000000,3.471842
293,35.966667,13.566667,20.746667,0.000000,3.539597
294,35.966667,13.433333,20.728667,0.000000,3.592286
295,35.966667,13.366667,20.773333,0.000000,3.540161
296,35.966667,13.666667,20.802667,0.000000,3.575504
297,35.966667,13.666667,20.739333,0.000000,3.613386
298,35.966667,13.133333,20.687333,0.000000,3.578955
299,35.966667,13.100000,20.527333,0.000000,3.603303
300,35.966667,13.566667,20.819333,0.000000,3.712779
301,35.966667,13.300000,20.686000,0.000000,3.504569
302,35.966667,13.700000,20.570000,0.000000,3.423872
303,35.966667,13.533333,20.922000,0.000000,3.605855
304,36.033333,13.466667,20.699333,0.000000,3.547058
305,36.033333,13.666667,20.535333,0.000000,3.396585
306,36.033333,13.433333,20.832000,0.000000,3.539365
307,36.033333,13.366667,20.721333,0.000000,3.610876
308,36.033333,13.000000,20.617333,0.000000,3.586164
309,36.033333,13.400000,20.866000,0.000000,3.638014
310,36.033333,13.133333,20.616000,0.000000,3.659021
311,36.033333,13.200000,20.721333,0.000000,3.739955
312,36.033333,13.300000,20.734000,0.000000,3.637524
313,36.033333,13.300000,20.651333,0.000000,3.648754
314,36.033333,12.800000,20.733333,0.000000,3.679127
315,36.033333,13.166667,20.880000,0.000000,3.693793
316,36.033333,12.866667,20.682000,0.000000,3.641532
317,36.033333,13.700000,20.688667,0.000000,3.462374
318,36.033333,13.533333,20.774000,0.000000,3.515121
319,36.033333,13.600000,20.659333,0.000000,3.504919
320,36.033333,12.800000,20.792667,0.000000,3.651597
321,36.033333,13.533333,20.684000,0.000000,3.588163
322,36.033333,13.666667,20.798000,0.000000,3.579135
323,36.033333,13.200000,20.576000,0.000000,3.456502
324,36.033333,13.733333,20.952000,0.000000,3.602565
325,36.033333,13.733333,20.638667,0.000000,3.459616
326,36.033333,13.333333,20.730000,0.000000,3.560853
327,36.033333,13.333333,20.804667,0.000000,3.629401
328,36.033333,13.233333,20.744000,0.000000,3.497714
329,36.033333,13.133333,20.754667,0.000000,3.484486
330,36.033333,13.233333,20.675333,0.000000,3.567091
331,36.033333,13.266667,20.725333,0.000000,3.631578
332,36.033333,13.566667,20.678000,0.000000,3.482772
333,36.033333,13.766667,20.752667,0.000000,3.557299
334,36.033333,13.033333,20.690000,0.000000,3.570188
335,36.033333,13.566667,20.848667,0.000000,3.614970
336,36.033333,13.333333,20.767333,0.000000,3.591585
337,36.033333,13.266667,20.880667,0.000000,3.632161
338,36.066667,13.533333,20.727333,0.000000,3.604052
339,36.066667,13.533333,20.701333,0.000000,3.588943
340,36.066667,13.300000,20.746000,0.000000,3.627724
341,36.066667,13.466667,20.652000,0.000000,3.476612
342,36.066667,13.133333,20.874667,0.000000,3.612801
343,36.066667,13.166667,20.565333,0.000000,3.602941
344,36.066667,13.233333,20.576667,0.000000,3.538874
345,36.066667,13.400000,20.804667,0.000000,3.579838
346,36.066667,13.366667,20.660667,0.000000,3.514732
347,36.066667,13.300000,20.782000,0.000000,3.571545
348,36.066667,13.033333,20.726667,0.000000,3.596163
349,36.066667,13.366667,20.728667,0.000000,3.663207
350,36.133333,12.800000,20.649333,0.000000,3.614471
351,36.133333,13.333333,20.574000,0.000000,3.519853
352,36.133333,13.133333,20.506000,0.000000,3.600690
353,36.133333,13.133333,20.719333,0.000000,3.414125
354,36.133333,13.300000,20.610000,0.000000,3.635542
355,36.133333,13.500000,20.635333,0.000000,3.561559
356,36.133333,13.100000,20.716667,0.000000,3.622045
357,36.133333,13.666667,20.870000,0.000000,3.557406
358,36.133333,13.200000,20.631333,0.000000,3.624472
359,36.133333,13.266667,20.766667,0.000000,3.509997
360,36.133333,13.400000,20.797333,0.000000,3.544733
361,36.133333,13.500000,20.757333,0.000000,3.632423
362,36.133333,13.366667,20.641333,0.000000,3.492305
363,36.133333,13.400000,20.750000,0.000000,3.547737
364,36.133333,13.100000,20.708000,0.000000,3.559089
365,36.133333,13.466667,20.820000,0.000000,3.525782
366,36.133333,13.366667,20.718000,0.000000,3.562337
367,36.133333,13.166667,20.696667,0.000000,3.610283
368,36.133333,12.833333,20.775333,0.000000,3.657710
369,36.133333,13.166667,20.670667,0.000000,3.525753
370,36.133333,13.200000,20.674000,0.000000,3.545565
371,36.133333,13.566667,20.898000,0.000000,3.607442
372,36.166667,13.333333,20.726000,0.000000,3.528565
373,36.166667,13.566667,20.834000,0.000000,3.576707
374,36.166667,13.533333,20.706000,0.000000,3.474427
375,36.166667,13.100000,20.816000,0.000000,3.638183
376,36.166667,13.300000,20.717333,0.000000,3.519467
377,36.166667,13.200000,20.713333,0.000000,3.566265
378,36.166667,13.533333,20.750667,0.000000,3.528659
379,36.166667,13.300000,20.632667,0.000000,3.420728
380,36.166667,13.466667,20.848000,0.000000,3.461185
381,36.166667,13.400000,20.658000,0.000000,3.442957
382,36.166667,13.266667,20.610000,0.000000,3.582811
383,36.166667,13.100000,20.722000,0.000000,3.628989
384,36.166667,13.400000,20.700000,0.000000,3.686923
385,36.166667,13.100000,20.786000,0.000000,3.719826
386,36.166667,13.466667,20.840667,0.000000,3.584710
387,36.166667,13.500000,20.762000,0.000000,3.585904
388,36.166667,13.200000,20.892000,0.000000,3.643768
389,36.166667,13.233333,20.724000,0.000000,3.557292
390,36.166667,13.433333,20.682000,0.000000,3.596674
391,36.166667,13.733333,20.706000,0.000000,3.515626
392,36.166667,13.633333,20.726667,0.000000,3.509105
393,36.166667,13.566667,20.846667,0.000000,3.645741
394,36.166667,13.433333,20.733333,0.000000,3.619220
395,36.166667,13.233333,20.966667,0.000000,3.601864
396,36.166667,12.966667,20.608667,0.000000,3.621299
397,36.166667,13.366667,20.666000,0.000000,3.578424
398,36.166667,13.500000,20.802000,0.000000,3.544034
399,36.166667,13.500000,20.554000,0.000000,3.575805
400,36.166667,13.566667,20.691333,0.000000,3.497455
401,36.166667,13.500000,20.686000,0.000000,3.567835
402,36.166667,13.133333,20.769333,0.000000,3.598841
403,36.166667,12.900000,20.743333,0.000000,3.701018
404,36.166667,12.900000,20.683333,0.000000,3.718352
405,36.166667,12.866667,20.666667,0.000000,3.505005
406,36.200000,12.866667,20.754667,0.000000,3.750844
407,36.200000,12.666667,20.719333,0.000000,3.632142
408,36.200000,13.666667,20.776000,0.000000,3.505735
409,36.200000,13.266667,20.797333,0.000000,3.669508
410,36.200000,13.633333,20.626000,0.000000,3.575767
411,36.200000,13.633333,20.710667,0.000000,3.544907
412,36.200000,13.033333,20.711333,0.000000,3.548335
413,36.200000,13.566667,20.932667,0.000000,3.589348
414,36.200000,13.466667,20.790667,0.000000,3.596833
415,36.200000,13.266667,20.780667,0.000000,3.543390
416,36.200000,13.200000,20.810000,0.000000,3.630160
417,36.200000,13.233333,20.600000,0.000000,3.510608
418,36.200000,13.266667,20.808667,0.000000,3.607179
419,36.200000,13.733333,20.586000,0.000000,3.474536
420,36.266667,13.666667,20.785333,0.000000,3.517167
421,36.266667,13.566667,20.658000,0.000000,3.526122
422,36.266667,13.266667,20.792667,0.000000,3.759578
423,36.266667,13.500000,20.779333,0.000000,3.476888
424,36.266667,13.900000,20.718000,0.000000,3.490136
425,36.266667,13.600000,20.920000,0.000000,3.575981
426,36.266667,13.233333,20.762667,0.000000,3.646869
427,36.266667,13.300000,20.666000,0.000000,3.646286
428,36.300000,13.433333,20.645333,0.000000,3.518094
429,36.300000,13.433333,20.570000,0.000000,3.611067
430,36.300000,13.266667,20.604667,0.000000,3.570954
431,36.300000,13.800000,20.852000,0.000000,3.555775
432,36.300000,13.400000,20.860000,0.000000,3.611811
433,36.300000,13.666667,20.830000,0.000000,3.569692
434,36.300000,13.266667,20.694667,0.000000,3.501165
435,36.300000,13.666667,20.832000,0.000000,3.571705
436,36.300000,13.000000,20.726667,0.000000,3.520008
437,36.300000,13.433333,20.672000,0.000000,3.577256
438,36.300000,13.500000,20.764667,0.000000,3.632663
439,36.300000,13.700000,20.598000,0.000000,3.468491
440,36.300000,13.166667,20.696000,0.000000,3.719692
441,36.300000,13.500000,20.807333,0.000000,3.675046
442,36.300000,12.666667,20.668667,0.000000,3.630070
443,36.300000,13.400000,20.742667,0.000000,3.532351
444,36.300000,13.066667,20.812667,0.000000,3.664230
445,36.300000,13.266667,20.638000,0.000000,3.516355
446,36.300000,13.566667,20.658667,0.000000,3.514985
447,36.300000,13.200000,20.587333,0.000000,3.534856
448,36.300000,13.166667,20.738000,0.000000,3.648936
449,36.300000,12.766667,20.713333,0.000000,3.520411
450,36.300000,13.700000,20.709333,0.000000,3.522731
451,36.300000,13.100000,20.971333,0.000000,3.704360
452,36.300000,13.700000,20.870667,0.000000,3.516915
453,36.300000,13.266667,20.856000,0.000000,3.598927
454,36.366667,13.433333,20.768000,0.000000,3.560099
455,36.366667,13.566667,20.730000,0.000000,3.506214
456,36.366667,13.100000,20.566000,0.000000,3.613551
457,36.366667,13.300000,20.641333,0.000000,3.642089
458,36.366667,13.333333,20.648667,0.000000,3.531343
459,36.366667,13.566667,20.908667,0.000000,3.651441
460,36.366667,13.400000,20.731333,0.000000,3.543326
461,36.366667,13.233333,20.623333,0.000000,3.565471
462,36.366667,12.433333,20.581333,0.000000,3.610851
463,36.366667,13.000000,20.724667,0.000000,3.573655
464,36.366667,13.366667,20.773333,0.000000,3.556711
465,36.366667,13.366667,20.794667,0.000000,3.507154
466,36.366667,13.800000,20.726000,0.000000,3.631482
467,36.366667,13.166667,20.666667,0.000000,3.543645
468,36.366667,13.533333,20.953333,0.000000,3.592858
469,36.366667,13.433333,20.561333,0.000000,3.529202
470,36.366667,13.233333,20.918000,0.000000,3.621079
471,36.366667,13.600000,20.796000,0.000000,3.542655
472,36.366667,13.566667,20.726000,0.000000,3.458109
473,36.366667,13.166667,20.545333,0.000000,3.626581
474,36.366667,13.400000,20.627333,0.000000,3.499386
475,36.366667,13.100000,20.651333,0.000000,3.658394
476,36.366667,13.233333,20.722000,0.000000,3.570717
477,36.366667,13.366667,20.810000,0.000000,3.562154
478,36.366667,13.266667,20.898000,0.000000,3.642599
479,36.366667,13.300000,20.670667,0.000000,3.475595
480,36.366667,13.700000,20.800000,0.000000,3.541735
481,36.366667,13.266667,20.876667,0.000000,3.505195
482,36.366667,13.266667,20.868000,0.000000,3.476146
483,36.400000,13.200000,20.612667,0.000000,3.627064
484,36.400000,13.466667,20.704667,0.000000,3.508476
485,36.400000,13.566667,20.812667,0.000000,3.588067
486,36.400000,13.333333,20.600667,0.000000,3.598783
487,36.400000,13.433333,20.617333,0.000000,3.481700
488,36.400000,13.300000,20.771333,0.000000,3.647525
489,36.400000,13.433333,20.532667,0.000000,3.675939
490,36.400000,13.133333,20.779333,0.000000,3.635463
491,36.400000,13.233333,20.787333,0.000000,3.607296
492,36.400000,13.766667,20.630000,0.000000,3.532294
493,36.400000,13.300000,20.614667,0.000000,3.476776
494,36.400000,13.366667,20.804667,0.000000,3.594477
495,36.400000,13.133333,20.892667,0.000000,3.640862
496,36.400000,13.566667,20.893333,0.000000,3.547889
497,36.400000,13.266667,20.674667,0.000000,3.476748
498,36.400000,13.066667,20.698000,0.000000,3.579705
499,36.400000,13.700000,20.655333,0.000000,3.652668
500,36.400000,13.466667,20.777333,0.000000,3.474337
BestSdev: 0.913205, Time: 29m55.373156784s