gen,best,worst,mean,rep,sdev
1,17.000000,11.033333,13.811833,0.000000,1.088040
2,17.266667,11.066667,13.802333,0.000000,1.087980
3,17.400000,11.100000,13.789667,0.000000,1.088999
4,17.533333,11.000000,13.813667,0.000000,1.083169
5,17.566667,11.033333,13.791333,0.000000,1.079425
6,17.566667,11.100000,13.814000,0.000000,1.078853
7,17.700000,11.200000,13.821333,0.000000,1.079499
8,17.800000,11.133333,13.799833,0.000000,1.092871
9,17.900000,11.133333,13.804333,0.000000,1.097359
10,17.900000,11.066667,13.811833,0.000000,1.082515
11,17.933333,11.033333,13.791167,0.000000,1.112453
12,17.933333,11.033333,13.798000,0.000000,1.072854
13,17.933333,11.166667,13.797500,0.000000,1.088360
14,17.933333,11.133333,13.819333,0.000000,1.081315
15,17.966667,11.000000,13.831667,0.000000,1.092491
16,18.000000,11.200000,13.773333,0.000000,1.066104
17,18.033333,11.033333,13.797167,0.000000,1.089838
18,18.066667,11.033333,13.792167,0.000000,1.100463
19,18.066667,11.066667,13.823333,0.000000,1.090415
20,18.100000,11.166667,13.810000,0.000000,1.099090
21,18.100000,11.000000,13.819833,0.000000,1.079425
22,18.100000,10.966667,13.807333,0.000000,1.086021
23,18.100000,11.100000,13.823667,0.000000,1.078561
24,18.100000,11.133333,13.819500,0.000000,1.084811
25,18.100000,10.933333,13.805000,0.000000,1.087543
26,18.100000,11.066667,13.784500,0.000000,1.084563
27,18.100000,11.200000,13.827500,0.000000,1.103752
28,18.100000,10.933333,13.831833,0.000000,1.093939
29,18.133333,11.000000,13.785000,0.000000,1.085417
30,18.133333,11.033333,13.792833,0.000000,1.083607
31,18.133333,11.133333,13.807000,0.000000,1.077953
32,18.133333,11.133333,13.791333,0.000000,1.062974
33,18.166667,11.066667,13.814167,0.000000,1.083008
34,18.166667,11.066667,13.769833,0.000000,1.081571
35,18.166667,11.033333,13.807333,0.000000,1.089536
36,18.166667,11.100000,13.778667,0.000000,1.067446
37,18.166667,11.033333,13.806000,0.000000,1.090211
38,18.166667,11.166667,13.776833,0.000000,1.084454
39,18.166667,11.166667,13.818167,0.000000,1.103464
40,18.166667,11.133333,13.807333,0.000000,1.073205
41,18.166667,11.100000,13.809667,0.000000,1.096606
42,18.166667,11.233333,13.800500,0.000000,1.083756
43,18.166667,11.300000,13.817667,0.000000,1.078972
44,18.166667,10.966667,13.810000,0.000000,1.090949
45,18.166667,11.066667,13.805500,0.000000,1.109215
46,18.166667,11.033333,13.792333,0.000000,1.088213
47,18.166667,11.000000,13.813000,0.000000,1.095436
48,18.166667,11.133333,13.823333,0.000000,1.088895
49,18.166667,11.133333,13.804500,0.000000,1.068095
50,18.166667,11.033333,13.791833,0.000000,1.084989
51,18.200000,11.100000,13.806833,0.000000,1.080400
52,18.200000,11.066667,13.803667,0.000000,1.090238
53,18.233333,11.233333,13.827500,0.000000,1.084360
54,18.233333,11.000000,13.818333,0.000000,1.090875
55,18.233333,11.033333,13.807333,0.000000,1.099711
56,18.233333,11.133333,13.789167,0.000000,1.080156
57,18.233333,10.966667,13.797667,0.000000,1.085245
58,18.233333,10.966667,13.789000,0.000000,1.090715
59,18.266667,11.033333,13.812167,0.000000,1.091370
60,18.266667,11.066667,13.811167,0.000000,1.089015
61,18.266667,11.066667,13.802667,0.000000,1.079537
62,18.266667,11.000000,13.810500,0.000000,1.062717
63,18.266667,11.066667,13.775167,0.000000,1.085272
64,18.266667,11.133333,13.828667,0.000000,1.070214
65,18.266667,11.133333,13.811667,0.000000,1.099565
66,18.266667,11.233333,13.820167,0.000000,1.078539
67,18.266667,11.166667,13.788667,0.000000,1.083481
68,18.266667,11.100000,13.773333,0.000000,1.099096
69,18.266667,11.100000,13.784167,0.000000,1.079961
70,18.266667,11.033333,13.792333,0.000000,1.089538
71,18.266667,10.933333,13.801667,0.000000,1.097205
72,18.266667,11.166667,13.824000,0.000000,1.071958
73,18.266667,10.966667,13.797167,0.000000,1.115247
74,18.266667,11.033333,13.824500,0.000000,1.091391
75,18.266667,11.166667,13.806333,0.000000,1.086272
76,18.266667,11.033333,13.819667,0.000000,1.088605
77,18.266667,11.100000,13.783333,0.000000,1.081221
78,18.266667,11.100000,13.777500,0.000000,1.069621
79,18.266667,11.100000,13.796833,0.000000,1.087477
80,18.266667,11.166667,13.830167,0.000000,1.084391
81,18.266667,11.100000,13.824667,0.000000,1.090315
82,18.266667,11.133333,13.796667,0.000000,1.080552
83,18.266667,11.033333,13.819500,0.000000,1.097376
84,18.266667,11.100000,13.789500,0.000000,1.091401
85,18.266667,11.066667,13.806333,0.000000,1.091988
86,18.266667,11.033333,13.796167,0.000000,1.068734
87,18.266667,11.233333,13.805167,0.000000,1.077875
88,18.300000,11.100000,13.803500,0.000000,1.083667
89,18.300000,11.200000,13.812000,0.000000,1.091276
90,18.300000,11.066667,13.798333,0.000000,1.087387
91,18.300000,11.066667,13.806833,0.000000,1.111038
92,18.300000,11.066667,13.810833,0.000000,1.067377
93,18.300000,11.100000,13.795167,0.000000,1.094769
94,18.300000,11.100000,13.816333,0.000000,1.097033
95,18.300000,11.166667,13.853167,0.000000,1.096109
96,18.300000,11.066667,13.777500,0.000000,1.080530
97,18.300000,11.033333,13.814000,0.000000,1.091343
98,18.300000,11.100000,13.796833,0.000000,1.102412
99,18.300000,11.033333,13.797500,0.000000,1.098395
100,18.300000,11.066667,13.809500,0.000000,1.073170
101,18.300000,11.266667,13.816167,0.000000,1.059763
102,18.300000,11.233333,13.797667,0.000000,1.074642
103,18.300000,11.100000,13.827333,0.000000,1.068160
104,18.333333,11.033333,13.784833,0.000000,1.090167
105,18.366667,11.033333,13.825333,0.000000,1.085683
106,18.366667,11.200000,13.818833,0.000000,1.099295
107,18.366667,11.033333,13.816500,0.000000,1.080016
108,18.366667,11.200000,13.811167,0.000000,1.067495
109,18.366667,10.933333,13.791500,0.000000,1.084533
110,18.366667,10.966667,13.781333,0.000000,1.078435
111,18.366667,11.000000,13.811500,0.000000,1.101444
112,18.366667,11.133333,13.819000,0.000000,1.100661
113,18.366667,11.133333,13.802500,0.000000,1.085479
114,18.366667,11.133333,13.778833,0.000000,1.072994
115,18.366667,11.033333,13.802000,0.000000,1.090755
116,18.366667,11.000000,13.813500,0.000000,1.094158
117,18.366667,11.133333,13.800000,0.000000,1.078205
118,18.366667,10.966667,13.791667,0.000000,1.088214
119,18.366667,11.066667,13.832833,0.000000,1.105025
120,18.366667,11.033333,13.784000,0.000000,1.096876
121,18.366667,11.100000,13.799000,0.000000,1.101002
122,18.366667,11.033333,13.831667,0.000000,1.079962
123,18.366667,11.000000,13.813000,0.000000,1.091636
124,18.366667,10.900000,13.787833,0.000000,1.097924
125,18.366667,11.133333,13.778167,0.000000,1.066456
126,18.366667,11.000000,13.788833,0.000000,1.078024
127,18.366667,11.233333,13.824000,0.000000,1.077658
128,18.366667,11.100000,13.785167,0.000000,1.086807
129,18.366667,10.966667,13.784667,0.000000,1.082805
130,18.366667,11.133333,13.803167,0.000000,1.081034
131,18.366667,11.066667,13.802833,0.000000,1.082260
132,18.366667,11.100000,13.788333,0.000000,1.092901
133,18.400000,11.100000,13.809167,0.000000,1.092544
134,18.400000,11.166667,13.825500,0.000000,1.088395
135,18.400000,11.166667,13.805000,0.000000,1.093992
136,18.400000,11.033333,13.812833,0.000000,1.098034
137,18.400000,11.100000,13.788000,0.000000,1.078781
138,18.400000,11.200000,13.828500,0.000000,1.084878
139,18.400000,11.133333,13.786167,0.000000,1.082232
140,18.400000,10.966667,13.789000,0.000000,1.086665
141,18.400000,11.200000,13.800833,0.000000,1.081677
142,18.400000,11.233333,13.796667,0.000000,1.071070
143,18.400000,11.000000,13.798500,0.000000,1.100443
144,18.400000,11.166667,13.814000,0.000000,1.097043
145,18.400000,11.133333,13.784833,0.000000,1.091972
146,18.400000,11.066667,13.823333,0.000000,1.088415
147,18.400000,11.233333,13.802000,0.000000,1.079664
148,18.400000,11.033333,13.796000,0.000000,1.080924
149,18.400000,10.966667,13.796667,0.000000,1.086691
150,18.400000,11.166667,13.829167,0.000000,1.076463
151,18.400000,11.166667,13.804333,0.000000,1.088689
152,18.400000,11.200000,13.831500,0.000000,1.097995
153,18.400000,11.066667,13.834833,0.000000,1.095130
154,18.400000,11.066667,13.813667,0.000000,1.083680
155,18.400000,11.033333,13.787000,0.000000,1.088198
156,18.400000,11.033333,13.811667,0.000000,1.096049
157,18.400000,11.133333,13.815833,0.000000,1.091547
158,18.400000,11.033333,13.811500,0.000000,1.088170
159,18.400000,11.033333,13.816667,0.000000,1.086219
160,18.400000,11.000000,13.837000,0.000000,1.098840
161,18.400000,11.200000,13.811667,0.000000,1.084535
162,18.400000,11.200000,13.826667,0.000000,1.075085
163,18.400000,11.033333,13.811667,0.000000,1.097074
164,18.400000,11.000000,13.788333,0.000000,1.095299
165,18.400000,11.166667,13.785000,0.000000,1.060834
166,18.400000,10.966667,13.783833,0.000000,1.093957
167,18.400000,11.100000,13.810167,0.000000,1.083193
168,18.400000,11.033333,13.808500,0.000000,1.090719
169,18.400000,11.133333,13.805167,0.000000,1.081486
170,18.400000,11.133333,13.829333,0.000000,1.081363
171,18.400000,11.133333,13.799500,0.000000,1.074296
172,18.400000,11.100000,13.814667,0.000000,1.093321
173,18.400000,11.166667,13.788833,0.000000,1.070031
174,18.400000,11.100000,13.815333,0.000000,1.095346
175,18.400000,11.166667,13.802167,0.000000,1.086504
176,18.400000,11.033333,13.799500,0.000000,1.083039
177,18.400000,11.000000,13.812667,0.000000,1.091050
178,18.400000,11.066667,13.794667,0.000000,1.089994
179,18.400000,11.166667,13.833167,0.000000,1.065694
180,18.400000,10.966667,13.789333,0.000000,1.093796
181,18.433333,11.133333,13.793667,0.000000,1.069870
182,18.433333,11.000000,13.808833,0.000000,1.088871
183,18.433333,11.133333,13.819833,0.000000,1.079956
184,18.433333,11.300000,13.814167,0.000000,1.070419
185,18.433333,10.966667,13.799500,0.000000,1.096946
186,18.433333,11.100000,13.807000,0.000000,1.071681
187,18.433333,11.166667,13.821667,0.000000,1.092172
188,18.433333,10.933333,13.795000,0.000000,1.088442
189,18.433333,11.066667,13.817500,0.000000,1.092910
190,18.433333,11.100000,13.789333,0.000000,1.068217
191,18.433333,11.200000,13.808833,0.000000,1.080995
192,18.433333,11.033333,13.804833,0.000000,1.080899
193,18.433333,11.100000,13.819167,0.000000,1.093173
194,18.433333,11.200000,13.810667,0.000000,1.089410
195,18.433333,11.066667,13.807167,0.000000,1.091989
196,18.433333,11.100000,13.816667,0.000000,1.083216
197,18.433333,11.033333,13.789167,0.000000,1.070765
198,18.433333,11.133333,13.806333,0.000000,1.089618
199,18.433333,10.966667,13.810667,0.000000,1.087267
200,18.433333,11.033333,13.805667,0.000000,1.086768
201,18.433333,11.166667,13.797333,0.000000,1.070756
202,18.433333,11.000000,13.795833,0.000000,1.088675
203,18.433333,11.133333,13.805500,0.000000,1.100088
204,18.433333,11.100000,13.801500,0.000000,1.087528
205,18.433333,11.066667,13.801833,0.000000,1.087936
206,18.433333,11.133333,13.796000,0.000000,1.083976
207,18.433333,11.166667,13.777667,0.000000,1.074922
208,18.433333,11.066667,13.831833,0.000000,1.083450
209,18.433333,11.200000,13.818333,0.000000,1.108374
210,18.433333,11.000000,13.800833,0.000000,1.087878
211,18.433333,11.033333,13.824167,0.000000,1.102242
212,18.433333,11.233333,13.785000,0.000000,1.081325
213,18.433333,11.166667,13.796000,0.000000,1.083917
214,18.433333,10.966667,13.813333,0.000000,1.085337
215,18.433333,11.033333,13.818333,0.000000,1.093313
216,18.433333,11.133333,13.806500,0.000000,1.085524
217,18.433333,11.200000,13.804000,0.000000,1.094574
218,18.433333,11.100000,13.797667,0.000000,1.090311
219,18.433333,11.166667,13.802500,0.000000,1.067606
220,18.466667,11.033333,13.802167,0.000000,1.081768
221,18.466667,11.066667,13.792333,0.000000,1.079184
222,18.466667,11.033333,13.806833,0.000000,1.087307
223,18.466667,11.066667,13.816167,0.000000,1.093197
224,18.466667,11.166667,13.814667,0.000000,1.083653
225,18.466667,11.066667,13.797000,0.000000,1.087801
226,18.466667,11.000000,13.793667,0.000000,1.088308
227,18.466667,11.100000,13.795167,0.000000,1.067323
228,18.466667,11.066667,13.822833,0.000000,1.100484
229,18.466667,11.000000,13.814167,0.000000,1.089325
230,18.466667,11.000000,13.802000,0.000000,1.089717
231,18.466667,11.066667,13.783000,0.000000,1.100533
232,18.466667,11.066667,13.807000,0.000000,1.089106
233,18.466667,11.133333,13.815333,0.000000,1.080329
234,18.466667,11.133333,13.814167,0.000000,1.093864
235,18.466667,11.166667,13.793333,0.000000,1.086477
236,18.466667,11.066667,13.830333,0.000000,1.073545
237,18.500000,11.166667,13.796167,0.000000,1.095665
238,18.500000,11.000000,13.804000,0.000000,1.076207
239,18.500000,11.066667,13.804333,0.000000,1.082006
240,18.500000,11.066667,13.790000,0.000000,1.095884
241,18.500000,11.166667,13.832333,0.000000,1.094325
242,18.500000,11.166667,13.818000,0.000000,1.077256
243,18.500000,10.966667,13.791833,0.000000,1.094493
244,18.500000,11.066667,13.808333,0.000000,1.092503
245,18.500000,11.133333,13.798667,0.000000,1.098724
246,18.500000,11.066667,13.799333,0.000000,1.090246
247,18.500000,11.200000,13.820333,0.000000,1.084175
248,18.500000,11.033333,13.773333,0.000000,1.072166
249,18.500000,11.066667,13.820667,0.000000,1.088820
250,18.500000,11.133333,13.791500,0.000000,1.084707
251,18.500000,11.200000,13.797500,0.000000,1.074465
252,18.500000,11.000000,13.778000,0.000000,1.086439
253,18.500000,10.966667,13.787167,0.000000,1.086667
254,18.500000,11.066667,13.801500,0.000000,1.092244
255,18.500000,11.033333,13.793500,0.000000,1.074707
256,18.500000,11.033333,13.779667,0.000000,1.081899
257,18.500000,11.033333,13.784667,0.000000,1.074544
258,18.500000,11.200000,13.811833,0.000000,1.081906
259,18.500000,11.100000,13.790167,0.000000,1.078847
260,18.500000,11.166667,13.809667,0.000000,1.092537
261,18.500000,11.000000,13.805167,0.000000,1.093700
262,18.500000,10.966667,13.795500,0.000000,1.080796
263,18.500000,11.200000,13.812667,0.000000,1.090268
264,18.500000,11.066667,13.792167,0.000000,1.089861
265,18.500000,11.033333,13.810333,0.000000,1.094126
266,18.500000,11.100000,13.806500,0.000000,1.083504
267,18.500000,11.166667,13.817000,0.000000,1.090734
268,18.500000,11.033333,13.796500,0.000000,1.067826
269,18.500000,11.200000,13.796333,0.000000,1.086415
270,18.500000,11.133333,13.778333,0.000000,1.084094
271,18.500000,11.033333,13.805500,0.000000,1.090226
272,18.500000,11.166667,13.820667,0.000000,1.086541
273,18.500000,11.133333,13.808833,0.000000,1.084204
274,18.500000,11.066667,13.807667,0.000000,1.085959
275,18.500000,11.066667,13.808333,0.000000,1.080304
276,18.500000,11.133333,13.801833,0.000000,1.086864
277,18.533333,11.166667,13.787833,0.000000,1.111785
278,18.533333,11.133333,13.811167,0.000000,1.083781
279,18.533333,11.033333,13.819167,0.000000,1.082700
280,18.533333,11.133333,13.810000,0.000000,1.111872
281,18.533333,11.100000,13.800667,0.000000,1.095009
282,18.533333,10.866667,13.786000,0.000000,1.086576
283,18.566667,11.000000,13.811000,0.000000,1.099952
284,18.566667,11.200000,13.791500,0.000000,1.076769
285,18.566667,11.100000,13.809833,0.000000,1.067199
286,18.566667,11.166667,13.816167,0.000000,1.092763
287,18.566667,11.133333,13.801167,0.000000,1.082383
288,18.566667,11.100000,13.806500,0.000000,1.069779
289,18.566667,11.066667,13.800500,0.000000,1.081788
290,18.566667,11.100000,13.780333,0.000000,1.091131
291,18.566667,11.066667,13.794000,0.000000,1.079763
292,18.566667,11.166667,13.799833,0.000000,1.074644
293,18.566667,11.200000,13.784500,0.000000,1.096029
294,18.600000,11.100000,13.812167,0.000000,1.090232
295,18.600000,11.166667,13.812167,0.000000,1.081731
296,18.600000,11.100000,13.797833,0.000000,1.102183
297,18.600000,11.033333,13.796833,0.000000,1.089841
298,18.600000,11.066667,13.820167,0.000000,1.081696
299,18.600000,11.033333,13.804500,0.000000,1.072619
300,18.600000,11.266667,13.838833,0.000000,1.086945
301,18.600000,11.033333,13.812500,0.000000,1.069129
302,18.600000,11.033333,13.811500,0.000000,1.090720
303,18.600000,10.933333,13.806833,0.000000,1.091861
304,18.600000,11.200000,13.809333,0.000000,1.089369
305,18.600000,10.966667,13.797333,0.000000,1.093097
306,18.600000,11.000000,13.830000,0.000000,1.076778
307,18.600000,11.133333,13.811833,0.000000,1.099596
308,18.600000,11.166667,13.817167,0.000000,1.077107
309,18.600000,10.966667,13.813667,0.000000,1.088631
310,18.600000,11.033333,13.837167,0.000000,1.086544
311,18.600000,11.033333,13.781500,0.000000,1.092642
312,18.600000,11.200000,13.813833,0.000000,1.090962
313,18.600000,11.000000,13.791167,0.000000,1.089681
314,18.600000,11.200000,13.820000,0.000000,1.075909
315,18.600000,10.933333,13.799167,0.000000,1.079350
316,18.600000,11.000000,13.811500,0.000000,1.091712
317,18.600000,10.933333,13.794333,0.000000,1.095773
318,18.600000,11.200000,13.813167,0.000000,1.085113
319,18.600000,11.100000,13.794500,0.000000,1.073662
320,18.600000,11.133333,13.811000,0.000000,1.074995
321,18.600000,11.100000,13.821000,0.000000,1.091735
322,18.600000,11.066667,13.794500,0.000000,1.098132
323,18.600000,10.966667,13.818000,0.000000,1.095647
324,18.600000,11.066667,13.793333,0.000000,1.083629
325,18.600000,11.166667,13.820833,0.000000,1.093870
326,18.600000,11.100000,13.801000,0.000000,1.074247
327,18.600000,11.200000,13.800333,0.000000,1.072653
328,18.633333,11.133333,13.816000,0.000000,1.084840
329,18.666667,11.033333,13.786500,0.000000,1.101120
330,18.666667,10.966667,13.771167,0.000000,1.088672
331,18.666667,11.066667,13.809333,0.000000,1.087610
332,18.666667,10.966667,13.810500,0.000000,1.096866
333,18.666667,11.066667,13.797000,0.000000,1.105747
334,18.666667,11.000000,13.822167,0.000000,1.100217
335,18.666667,11.100000,13.807000,0.000000,1.086007
336,18.666667,11.100000,13.777667,0.000000,1.093200
337,18.666667,11.100000,13.801000,0.000000,1.096464
338,18.666667,10.966667,13.793000,0.000000,1.099858
339,18.666667,10.900000,13.794167,0.000000,1.105009
340,18.666667,11.033333,13.833167,0.000000,1.082249
341,18.666667,11.100000,13.798500,0.000000,1.087487
342,18.666667,11.000000,13.805167,0.000000,1.083727
343,18.666667,11.166667,13.808167,0.000000,1.077007
344,18.666667,11.000000,13.795500,0.000000,1.102382
345,18.666667,11.000000,13.821000,0.000000,1.095745
346,18.666667,10.966667,13.796000,0.000000,1.078988
347,18.666667,11.000000,13.820000,0.000000,1.091454
348,18.666667,11.066667,13.820167,0.000000,1.082482
349,18.666667,11.166667,13.811333,0.000000,1.079454
350,18.666667,11.066667,13.809500,0.000000,1.089706
351,18.666667,11.033333,13.796167,0.000000,1.095882
352,18.666667,11.066667,13.804333,0.000000,1.091475
353,18.666667,11.100000,13.801667,0.000000,1.078500
354,18.666667,11.166667,13.805000,0.000000,1.097225
355,18.666667,11.100000,13.815000,0.000000,1.082973
356,18.666667,11.133333,13.827833,0.000000,1.090378
357,18.666667,11.233333,13.818333,0.000000,1.075981
358,18.666667,11.066667,13.796167,0.000000,1.087875
359,18.666667,11.033333,13.810000,0.000000,1.087642
360,18.666667,11.200000,13.808167,0.000000,1.078110
361,18.666667,11.066667,13.814333,0.000000,1.083747
362,18.666667,11.066667,13.804500,0.000000,1.091510
363,18.666667,11.000000,13.809333,0.000000,1.104569
364,18.666667,11.166667,13.812000,0.000000,1.089186
365,18.666667,11.166667,13.809500,0.000000,1.071062
366,18.666667,10.866667,13.793667,0.000000,1.065872
367,18.666667,11.066667,13.818333,0.000000,1.081229
368,18.666667,10.966667,13.819167,0.000000,1.073540
369,18.666667,10.933333,13.810833,0.000000,1.102115
370,18.666667,11.100000,13.808000,0.000000,1.078745
371,18.700000,11.133333,13.795000,0.000000,1.066013
372,18.700000,11.133333,13.791500,0.000000,1.093307
373,18.700000,11.133333,13.821667,0.000000,1.078038
374,18.700000,11.166667,13.796167,0.000000,1.079097
375,18.700000,11.133333,13.784333,0.000000,1.058017
376,18.700000,11.100000,13.813667,0.000000,1.093212
377,18.700000,11.133333,13.810000,0.000000,1.070789
378,18.700000,11.166667,13.808500,0.000000,1.103484
379,18.700000,11.000000,13.810333,0.000000,1.100257
380,18.700000,10.966667,13.808500,0.000000,1.091720
381,18.700000,11.166667,13.803833,0.000000,1.082873
382,18.700000,11.066667,13.820167,0.000000,1.083130
383,18.700000,11.100000,13.812333,0.000000,1.071279
384,18.700000,11.200000,13.819500,0.000000,1.064279
385,18.700000,11.100000,13.796667,0.000000,1.097417
386,18.700000,11.166667,13.814833,0.000000,1.072846
387,18.733333,11.100000,13.830833,0.000000,1.106352
388,18.733333,11.166667,13.823000,0.000000,1.074037
389,18.733333,11.066667,13.800833,0.000000,1.087262
390,18.733333,11.033333,13.793167,0.000000,1.088109
391,18.733333,11.033333,13.788500,0.000000,1.089050
392,18.733333,11.266667,13.804500,0.000000,1.073334
393,18.733333,11.100000,13.792500,0.000000,1.081482
394,18.733333,10.966667,13.805167,0.000000,1.109027
395,18.733333,11.166667,13.804833,0.000000,1.070054
396,18.733333,11.000000,13.827333,0.000000,1.096591
397,18.733333,11.000000,13.802167,0.000000,1.089202
398,18.733333,10.966667,13.810500,0.000000,1.089354
399,18.733333,11.066667,13.791833,0.000000,1.094979
400,18.733333,11.100000,13.806667,0.000000,1.084169
401,18.733333,11.133333,13.813333,0.000000,1.092086
402,18.733333,10.966667,13.799167,0.000000,1.102090
403,18.733333,11.033333,13.800000,0.000000,1.099655
404,18.733333,11.066667,13.788667,0.000000,1.092022
405,18.733333,11.166667,13.821500,0.000000,1.074893
406,18.733333,11.066667,13.805000,0.000000,1.079337
407,18.733333,11.100000,13.800833,0.000000,1.087078
408,18.733333,11.033333,13.777333,0.000000,1.079905
409,18.733333,11.200000,13.795833,0.000000,1.084268
410,18.733333,11.166667,13.799333,0.000000,1.075482
411,18.733333,11.166667,13.823000,0.000000,1.074179
412,18.733333,11.166667,13.818833,0.000000,1.081053
413,18.733333,11.133333,13.809333,0.000000,1.088538
414,18.733333,11.200000,13.824333,0.000000,1.073914
415,18.733333,11.166667,13.788833,0.000000,1.080651
416,18.733333,11.200000,13.798000,0.000000,1.084625
417,18.733333,10.933333,13.787833,0.000000,1.084512
418,18.733333,11.066667,13.820500,0.000000,1.092030
419,18.733333,11.000000,13.805167,0.000000,1.098572
420,18.733333,11.000000,13.766000,0.000000,1.091419
421,18.733333,11.100000,13.824167,0.000000,1.086880
422,18.733333,11.066667,13.786833,0.000000,1.071554
423,18.733333,11.166667,13.812833,0.000000,1.092361
424,18.733333,11.066667,13.793500,0.000000,1.095050
425,18.733333,11.100000,13.812333,0.000000,1.093740
426,18.733333,11.100000,13.810667,0.000000,1.091207
427,18.733333,11.066667,13.808000,0.000000,1.076924
428,18.733333,11.100000,13.787500,0.000000,1.070902
429,18.733333,11.066667,13.805333,0.000000,1.083762
430,18.733333,11.066667,13.791167,0.000000,1.070006
431,18.733333,11.000000,13.799667,0.000000,1.080867
432,18.733333,11.166667,13.802000,0.000000,1.090657
433,18.733333,11.233333,13.822500,0.000000,1.090084
434,18.733333,11.066667,13.798500,0.000000,1.092265
435,18.733333,11.066667,13.823667,0.000000,1.101136
436,18.733333,11.000000,13.818500,0.000000,1.084572
437,18.733333,11.133333,13.800667,0.000000,1.070296
438,18.733333,11.066667,13.832500,0.000000,1.080370
439,18.733333,10.966667,13.793833,0.000000,1.087627
440,18.733333,11.000000,13.809500,0.000000,1.074009
441,18.733333,11.066667,13.792000,0.000000,1.098435
442,18.733333,11.166667,13.797833,0.000000,1.077254
443,18.733333,11.000000,13.784833,0.000000,1.080552
444,18.733333,11.066667,13.793500,0.000000,1.077331
445,18.733333,11.033333,13.792000,0.000000,1.093347
446,18.733333,11.100000,13.825333,0.000000,1.094444
447,18.733333,11.066667,13.791500,0.000000,1.097645
448,18.733333,11.100000,13.809167,0.000000,1.094460
449,18.733333,10.966667,13.790667,0.000000,1.094336
450,18.733333,11.133333,13.811500,0.000000,1.115044
451,18.766667,11.000000,13.805500,0.000000,1.105629
452,18.766667,11.000000,13.805333,0.000000,1.091148
453,18.766667,11.166667,13.822000,0.000000,1.079315
454,18.766667,11.233333,13.811667,0.000000,1.080709
455,18.800000,11.133333,13.793667,0.000000,1.090433
456,18.800000,11.166667,13.806500,0.000000,1.083633
457,18.800000,11.066667,13.797833,0.000000,1.079208
458,18.800000,11.033333,13.804333,0.000000,1.094908
459,18.800000,11.200000,13.820667,0.000000,1.081425
460,18.800000,11.066667,13.794000,0.000000,1.090198
461,18.800000,10.966667,13.781833,0.000000,1.086022
462,18.800000,11.100000,13.795667,0.000000,1.076906
463,18.800000,11.133333,13.811333,0.000000,1.098851
464,18.800000,11.066667,13.796667,0.000000,1.087597
465,18.800000,10.933333,13.804333,0.000000,1.090738
466,18.800000,11.200000,13.777167,0.000000,1.098310
467,18.800000,11.066667,13.815500,0.000000,1.091155
468,18.800000,11.133333,13.816500,0.000000,1.101277
469,18.800000,11.166667,13.803833,0.000000,1.076754
470,18.800000,11.100000,13.783000,0.000000,1.072558
471,18.800000,10.933333,13.803833,0.000000,1.076658
472,18.800000,11.233333,13.805000,0.000000,1.073913
473,18.833333,11.200000,13.810833,0.000000,1.099567
474,18.833333,11.166667,13.808333,0.000000,1.080474
475,18.833333,10.966667,13.828000,0.000000,1.082584
476,18.833333,11.100000,13.807833,0.000000,1.088549
477,18.866667,11.133333,13.785500,0.000000,1.083693
478,18.866667,11.166667,13.812667,0.000000,1.089514
479,18.900000,10.966667,13.768167,0.000000,1.078316
480,18.900000,11.133333,13.810667,0.000000,1.086499
481,18.900000,11.100000,13.789167,0.000000,1.083978
482,18.900000,11.100000,13.816167,0.000000,1.071243
483,18.900000,10.933333,13.809833,0.000000,1.093047
484,18.900000,11.100000,13.790333,0.000000,1.076784
485,18.900000,11.100000,13.800000,0.000000,1.091459
486,18.900000,11.166667,13.795667,0.000000,1.082855
487,18.900000,11.100000,13.828000,0.000000,1.094929
488,18.900000,11.033333,13.777500,0.000000,1.086872
489,18.900000,11.100000,13.810333,0.000000,1.086638
490,18.900000,11.033333,13.815167,0.000000,1.086793
491,18.900000,11.233333,13.809000,0.000000,1.059007
492,18.900000,11.100000,13.772500,0.000000,1.088139
493,18.900000,11.066667,13.787167,0.000000,1.069255
494,18.900000,11.033333,13.796333,0.000000,1.079525
495,18.900000,11.000000,13.776500,0.000000,1.075998
496,18.900000,11.166667,13.821500,0.000000,1.082240
497,18.900000,11.033333,13.817500,0.000000,1.093880
498,18.900000,11.200000,13.824333,0.000000,1.100500
499,18.900000,11.033333,13.816167,0.000000,1.104850
500,18.900000,11.200000,13.807667,0.000000,1.081630
BestSdev: 0.252008, Time: 1h30m21.341475067s