gen,best,worst,mean,rep,sdev
1,28.066667,14.233333,20.808333,0.000000,3.520391
2,28.700000,14.266667,20.736667,0.000000,3.382518
3,29.633333,14.366667,20.578333,0.000000,3.526649
4,30.033333,14.933333,20.761667,0.000000,3.386300
5,30.133333,14.766667,20.861667,0.000000,3.418596
6,30.233333,14.666667,21.011667,0.000000,3.468791
7,30.300000,14.033333,20.521667,0.000000,3.504443
8,30.700000,14.766667,20.823333,0.000000,3.423630
9,30.933333,14.566667,20.553333,0.000000,3.342841
10,31.066667,14.166667,20.643333,0.000000,3.487683
11,31.166667,14.200000,20.338333,0.000000,3.479910
12,31.200000,14.333333,20.675000,0.000000,3.615134
13,31.533333,14.166667,20.840000,0.000000,3.681504
14,31.766667,14.533333,20.976667,0.000000,3.676612
15,31.766667,14.000000,20.601667,0.000000,3.568929
16,31.833333,14.566667,20.810000,0.000000,3.543488
17,31.833333,14.666667,20.593333,0.000000,3.295179
18,31.833333,14.466667,20.668333,0.000000,3.457117
19,32.000000,14.700000,20.748333,0.000000,3.480670
20,32.100000,14.466667,20.780000,0.000000,3.570643
21,32.133333,14.133333,20.681667,0.000000,3.584923
22,32.200000,14.866667,20.715000,0.000000,3.416370
23,32.300000,14.200000,20.563333,0.000000,3.467050
24,32.300000,14.400000,20.643333,0.000000,3.491341
25,32.433333,14.400000,20.670000,0.000000,3.480515
26,32.533333,14.500000,20.893333,0.000000,3.548786
27,32.566667,14.700000,20.816667,0.000000,3.568296
28,32.600000,14.233333,20.738333,0.000000,3.571475
29,32.800000,14.400000,20.628333,0.000000,3.630039
30,32.833333,14.600000,20.746667,0.000000,3.413431
31,32.833333,14.700000,20.783333,0.000000,3.448006
32,32.933333,14.266667,20.858333,0.000000,3.476701
33,32.933333,14.433333,20.716667,0.000000,3.492429
34,32.933333,14.666667,20.773333,0.000000,3.325645
35,32.966667,14.500000,20.830000,0.000000,3.322993
36,33.000000,14.500000,20.750000,0.000000,3.386201
37,33.000000,14.700000,20.863333,0.000000,3.431358
38,33.000000,14.533333,20.855000,0.000000,3.550002
39,33.033333,14.233333,20.721667,0.000000,3.435988
40,33.100000,14.533333,20.658333,0.000000,3.437118
41,33.133333,13.700000,20.806667,0.000000,3.734533
42,33.166667,14.800000,20.765000,0.000000,3.465092
43,33.166667,14.566667,20.713333,0.000000,3.468855
44,33.166667,14.266667,20.738333,0.000000,3.443397
45,33.166667,14.533333,20.728333,0.000000,3.437814
46,33.266667,14.366667,20.670000,0.000000,3.496218
47,33.266667,14.800000,20.686667,0.000000,3.458608
48,33.300000,14.933333,20.886667,0.000000,3.516044
49,33.333333,14.400000,20.901667,0.000000,3.455504
50,33.333333,14.500000,20.765000,0.000000,3.388643
51,33.400000,14.766667,20.671667,0.000000,3.535440
52,33.400000,14.600000,20.506667,0.000000,3.376616
53,33.400000,14.333333,20.626667,0.000000,3.489303
54,33.400000,14.500000,21.045000,0.000000,3.475755
55,33.400000,14.066667,20.490000,0.000000,3.512508
56,33.400000,14.566667,20.915000,0.000000,3.372050
57,33.400000,14.166667,21.011667,0.000000,3.595512
58,33.433333,14.633333,20.730000,0.000000,3.578288
59,33.633333,14.433333,20.933333,0.000000,3.546373
60,33.633333,14.133333,20.578333,0.000000,3.435186
61,33.633333,14.600000,20.603333,0.000000,3.325578
62,33.633333,14.100000,20.598333,0.000000,3.492283
63,33.633333,14.866667,20.915000,0.000000,3.515981
64,33.633333,14.333333,20.820000,0.000000,3.431609
65,33.633333,14.600000,20.536667,0.000000,3.341710
66,33.633333,14.233333,20.586667,0.000000,3.460655
67,33.633333,14.100000,20.691667,0.000000,3.564530
68,33.633333,14.766667,20.725000,0.000000,3.397233
69,33.633333,14.433333,20.776667,0.000000,3.380049
70,33.633333,15.166667,21.111667,0.000000,3.402471
71,33.633333,14.400000,20.361667,0.000000,3.361057
72,33.700000,14.466667,20.821667,0.000000,3.556784
73,33.700000,14.400000,20.666667,0.000000,3.491168
74,33.700000,14.133333,20.758333,0.000000,3.508549
75,33.700000,13.900000,20.596667,0.000000,3.609830
76,33.700000,14.866667,20.861667,0.000000,3.363728
77,33.700000,14.633333,20.755000,0.000000,3.581326
78,33.833333,14.966667,21.053333,0.000000,3.489004
79,33.833333,14.600000,20.536667,0.000000,3.498908
80,33.833333,14.366667,20.490000,0.000000,3.440413
81,33.833333,14.333333,20.493333,0.000000,3.410616
82,33.833333,14.333333,20.668333,0.000000,3.460737
83,33.833333,14.200000,20.648333,0.000000,3.536531
84,33.833333,13.766667,20.430000,0.000000,3.425267
85,33.833333,14.833333,20.716667,0.000000,3.369810
86,33.833333,14.500000,20.606667,0.000000,3.464602
87,33.833333,14.766667,20.883333,0.000000,3.420340
88,33.833333,14.133333,20.691667,0.000000,3.375582
89,33.833333,14.466667,20.921667,0.000000,3.478052
90,33.833333,14.566667,20.726667,0.000000,3.370765
91,33.833333,14.366667,20.591667,0.000000,3.503855
92,33.866667,14.333333,20.881667,0.000000,3.616178
93,33.866667,14.900000,20.650000,0.000000,3.302373
94,33.866667,13.800000,20.560000,0.000000,3.567211
95,33.900000,14.733333,20.808333,0.000000,3.313602
96,33.900000,14.700000,20.905000,0.000000,3.606584
97,33.900000,14.733333,20.745000,0.000000,3.323040
98,33.900000,14.433333,20.925000,0.000000,3.509863
99,33.933333,14.700000,20.990000,0.000000,3.511880
100,33.933333,14.766667,20.780000,0.000000,3.451620
101,34.000000,14.733333,20.596667,0.000000,3.376068
102,34.000000,14.533333,20.688333,0.000000,3.347914
103,34.000000,14.466667,20.790000,0.000000,3.429275
104,34.000000,14.500000,20.826667,0.000000,3.605405
105,34.000000,14.500000,20.695000,0.000000,3.532107
106,34.033333,14.200000,20.790000,0.000000,3.650465
107,34.033333,14.366667,20.825000,0.000000,3.645496
108,34.033333,14.933333,20.596667,0.000000,3.193280
109,34.066667,14.900000,20.946667,0.000000,3.509215
110,34.066667,14.700000,21.058333,0.000000,3.550861
111,34.066667,14.800000,20.990000,0.000000,3.511494
112,34.066667,14.533333,21.036667,0.000000,3.520719
113,34.133333,14.666667,20.808333,0.000000,3.473306
114,34.133333,14.366667,20.680000,0.000000,3.541313
115,34.133333,14.533333,20.986667,0.000000,3.698797
116,34.133333,14.466667,20.616667,0.000000,3.363704
117,34.133333,14.000000,20.383333,0.000000,3.555388
118,34.133333,13.900000,20.510000,0.000000,3.543621
119,34.133333,14.433333,20.723333,0.000000,3.511919
120,34.133333,15.100000,20.928333,0.000000,3.231438
121,34.133333,14.700000,20.708333,0.000000,3.367239
122,34.133333,14.533333,20.870000,0.000000,3.548117
123,34.133333,15.100000,20.903333,0.000000,3.419387
124,34.133333,14.200000,20.678333,0.000000,3.654121
125,34.133333,14.333333,20.486667,0.000000,3.456366
126,34.133333,14.433333,20.661667,0.000000,3.332492
127,34.133333,14.566667,20.725000,0.000000,3.579701
128,34.166667,14.233333,20.580000,0.000000,3.591397
129,34.166667,14.233333,20.840000,0.000000,3.589720
130,34.166667,14.533333,20.863333,0.000000,3.590710
131,34.166667,14.600000,20.445000,0.000000,3.409901
132,34.166667,14.200000,20.626667,0.000000,3.606591
133,34.166667,14.533333,20.565000,0.000000,3.390524
134,34.166667,14.733333,20.781667,0.000000,3.492895
135,34.166667,14.500000,20.886667,0.000000,3.576740
136,34.200000,14.766667,20.821667,0.000000,3.464894
137,34.200000,14.200000,20.446667,0.000000,3.494498
138,34.200000,14.466667,20.495000,0.000000,3.590191
139,34.200000,15.133333,20.940000,0.000000,3.624228
140,34.233333,14.433333,20.746667,0.000000,3.618021
141,34.233333,14.000000,20.538333,0.000000,3.488584
142,34.233333,14.166667,20.643333,0.000000,3.411935
143,34.233333,14.400000,20.525000,0.000000,3.306990
144,34.233333,14.366667,20.598333,0.000000,3.339937
145,34.233333,14.633333,20.758333,0.000000,3.384157
146,34.233333,14.466667,21.016667,0.000000,3.482533
147,34.233333,14.100000,20.656667,0.000000,3.502665
148,34.233333,14.766667,20.753333,0.000000,3.342164
149,34.233333,14.700000,20.798333,0.000000,3.288281
150,34.300000,15.066667,20.953333,0.000000,3.422341
151,34.300000,14.366667,20.620000,0.000000,3.536569
152,34.300000,13.700000,20.598333,0.000000,3.678189
153,34.300000,14.733333,20.923333,0.000000,3.479594
154,34.300000,14.466667,20.871667,0.000000,3.466716
155,34.300000,15.100000,20.743333,0.000000,3.208583
156,34.300000,14.966667,20.978333,0.000000,3.402783
157,34.300000,14.500000,20.681667,0.000000,3.362188
158,34.300000,14.100000,20.620000,0.000000,3.502638
159,34.300000,14.200000,20.745000,0.000000,3.528303
160,34.300000,14.666667,20.723333,0.000000,3.377069
161,34.300000,14.133333,20.605000,0.000000,3.498100
162,34.300000,15.133333,20.966667,0.000000,3.381400
163,34.300000,14.800000,21.015000,0.000000,3.425457
164,34.300000,14.466667,20.815000,0.000000,3.458799
165,34.300000,13.966667,20.583333,0.000000,3.557340
166,34.300000,14.433333,20.511667,0.000000,3.439136
167,34.300000,14.566667,20.811667,0.000000,3.430548
168,34.300000,14.733333,20.893333,0.000000,3.379286
169,34.300000,13.800000,20.408333,0.000000,3.526282
170,34.333333,14.733333,20.578333,0.000000,3.441139
171,34.333333,14.400000,20.553333,0.000000,3.622459
172,34.333333,14.500000,20.593333,0.000000,3.345081
173,34.333333,14.233333,20.466667,0.000000,3.474979
174,34.333333,13.900000,20.663333,0.000000,3.478985
175,34.333333,14.400000,20.731667,0.000000,3.561014
176,34.333333,14.600000,20.938333,0.000000,3.560528
177,34.333333,14.766667,20.678333,0.000000,3.538578
178,34.333333,14.733333,20.863333,0.000000,3.449656
179,34.400000,14.733333,20.805000,0.000000,3.406623
180,34.400000,14.566667,20.721667,0.000000,3.355268
181,34.400000,14.733333,20.598333,0.000000,3.439463
182,34.400000,13.900000,20.510000,0.000000,3.682877
183,34.433333,14.100000,20.553333,0.000000,3.532966
184,34.433333,14.666667,20.753333,0.000000,3.485712
185,34.500000,14.466667,20.758333,0.000000,3.450498
186,34.500000,14.200000,20.580000,0.000000,3.468806
187,34.500000,14.766667,20.718333,0.000000,3.441851
188,34.500000,14.100000,20.701667,0.000000,3.546968
189,34.500000,14.766667,20.740000,0.000000,3.492296
190,34.500000,13.900000,20.470000,0.000000,3.631985
191,34.500000,14.733333,20.800000,0.000000,3.495033
192,34.500000,14.566667,20.886667,0.000000,3.548150
193,34.500000,14.500000,20.860000,0.000000,3.598591
194,34.500000,14.266667,20.806667,0.000000,3.623727
195,34.500000,14.466667,20.471667,0.000000,3.418975
196,34.500000,14.666667,20.970000,0.000000,3.330460
197,34.500000,14.166667,20.828333,0.000000,3.664276
198,34.500000,14.533333,20.596667,0.000000,3.437923
199,34.500000,14.100000,20.493333,0.000000,3.552183
200,34.533333,14.233333,20.530000,0.000000,3.425147
BestSdev: 1.101715, Time: 5m36.510224893s