gen,best,worst,mean,rep,sdev
1,16.366667,11.666667,13.809333,0.000000,1.068277
2,16.400000,11.733333,13.858667,0.000000,1.093100
3,16.600000,11.600000,13.806667,0.000000,1.071850
4,16.733333,11.466667,13.776667,0.000000,1.065142
5,16.933333,11.700000,13.784000,0.000000,1.070127
6,16.966667,11.566667,13.826667,0.000000,1.081457
7,17.100000,11.666667,13.816667,0.000000,1.086519
8,17.133333,11.566667,13.832000,0.000000,1.099965
9,17.166667,11.566667,13.847333,0.000000,1.105132
10,17.200000,11.700000,13.828667,0.000000,1.027650
11,17.200000,11.800000,13.820000,0.000000,1.076999
12,17.266667,11.533333,13.790667,0.000000,1.061893
13,17.300000,11.433333,13.820000,0.000000,1.039242
14,17.300000,11.633333,13.849333,0.000000,1.048262
15,17.366667,11.666667,13.842000,0.000000,1.081188
16,17.366667,11.533333,13.822000,0.000000,1.073774
17,17.400000,11.733333,13.774667,0.000000,1.067268
18,17.400000,11.666667,13.777333,0.000000,1.080024
19,17.433333,11.700000,13.813333,0.000000,1.081910
20,17.466667,11.700000,13.801333,0.000000,1.076973
21,17.500000,11.733333,13.789333,0.000000,1.063287
22,17.500000,11.600000,13.816000,0.000000,1.104866
23,17.533333,11.500000,13.787333,0.000000,1.087545
24,17.533333,11.633333,13.797333,0.000000,1.067558
25,17.533333,11.566667,13.820667,0.000000,1.087983
26,17.600000,11.666667,13.849333,0.000000,1.072843
27,17.633333,11.566667,13.758667,0.000000,1.070929
28,17.633333,11.500000,13.742667,0.000000,1.059252
29,17.633333,11.633333,13.804000,0.000000,1.081784
30,17.633333,11.533333,13.784000,0.000000,1.059420
31,17.666667,11.733333,13.860000,0.000000,1.056098
32,17.666667,11.666667,13.821333,0.000000,1.078226
33,17.666667,11.533333,13.819333,0.000000,1.056009
34,17.700000,11.500000,13.810000,0.000000,1.085951
35,17.700000,11.633333,13.858667,0.000000,1.102678
36,17.700000,11.733333,13.842667,0.000000,1.060105
37,17.733333,11.533333,13.828667,0.000000,1.075774
38,17.766667,11.633333,13.833333,0.000000,1.078187
39,17.766667,11.666667,13.763333,0.000000,1.066004
40,17.766667,11.766667,13.810000,0.000000,1.065471
41,17.766667,11.466667,13.810667,0.000000,1.074200
42,17.766667,11.466667,13.798000,0.000000,1.092581
43,17.766667,11.666667,13.831333,0.000000,1.060767
44,17.766667,11.766667,13.804000,0.000000,1.043778
45,17.766667,11.666667,13.808667,0.000000,1.081912
46,17.766667,11.700000,13.816000,0.000000,1.065679
47,17.766667,11.766667,13.750000,0.000000,1.023454
48,17.766667,11.666667,13.823333,0.000000,1.102651
49,17.766667,11.533333,13.858667,0.000000,1.055438
50,17.766667,11.733333,13.832667,0.000000,1.058642
51,17.766667,11.633333,13.814667,0.000000,1.074597
52,17.766667,11.400000,13.814000,0.000000,1.102905
53,17.766667,11.633333,13.799333,0.000000,1.085208
54,17.766667,11.666667,13.814000,0.000000,1.059139
55,17.766667,11.666667,13.795333,0.000000,1.078901
56,17.766667,11.566667,13.836000,0.000000,1.091810
57,17.766667,11.566667,13.732000,0.000000,1.086708
58,17.766667,11.566667,13.823333,0.000000,1.074999
59,17.766667,11.633333,13.815333,0.000000,1.076906
60,17.766667,11.700000,13.740000,0.000000,1.049732
61,17.800000,11.500000,13.814667,0.000000,1.084342
62,17.800000,11.766667,13.758000,0.000000,1.038375
63,17.800000,11.633333,13.815333,0.000000,1.057812
64,17.800000,11.566667,13.795333,0.000000,1.070000
65,17.800000,11.433333,13.776000,0.000000,1.060196
66,17.800000,11.666667,13.784667,0.000000,1.051643
67,17.800000,11.566667,13.784667,0.000000,1.086752
68,17.800000,11.633333,13.784667,0.000000,1.042845
69,17.800000,11.566667,13.850667,0.000000,1.087462
70,17.800000,11.566667,13.753333,0.000000,1.087637
71,17.800000,11.533333,13.821333,0.000000,1.083849
72,17.800000,11.700000,13.803333,0.000000,1.073960
73,17.833333,11.666667,13.804000,0.000000,1.059138
74,17.833333,11.666667,13.772667,0.000000,1.119215
75,17.833333,11.633333,13.804000,0.000000,1.069518
76,17.866667,11.333333,13.756000,0.000000,1.093661
77,17.900000,11.500000,13.822667,0.000000,1.075969
78,17.900000,11.600000,13.850000,0.000000,1.091778
79,17.900000,11.700000,13.849333,0.000000,1.070734
80,17.900000,11.433333,13.803333,0.000000,1.103364
81,17.900000,11.566667,13.753333,0.000000,1.074417
82,17.900000,11.466667,13.770667,0.000000,1.073852
83,17.900000,11.466667,13.825333,0.000000,1.070150
84,17.900000,11.600000,13.781333,0.000000,1.083304
85,17.900000,11.633333,13.754667,0.000000,1.069990
86,17.900000,11.533333,13.822667,0.000000,1.075404
87,17.933333,11.700000,13.798667,0.000000,1.076545
88,17.933333,11.633333,13.770667,0.000000,1.081428
89,17.966667,11.633333,13.810000,0.000000,1.069377
90,18.000000,11.633333,13.869333,0.000000,1.081698
91,18.000000,11.633333,13.812000,0.000000,1.102080
92,18.000000,11.666667,13.837333,0.000000,1.085487
93,18.000000,11.666667,13.802667,0.000000,1.018665
94,18.000000,11.633333,13.784667,0.000000,1.087463
95,18.000000,11.500000,13.802667,0.000000,1.080724
96,18.000000,11.566667,13.838667,0.000000,1.058567
97,18.000000,11.566667,13.831333,0.000000,1.071410
98,18.000000,11.566667,13.793333,0.000000,1.065491
99,18.000000,11.666667,13.837333,0.000000,1.045084
100,18.000000,11.666667,13.808000,0.000000,1.062522
101,18.000000,11.733333,13.843333,0.000000,1.078509
102,18.033333,11.566667,13.794667,0.000000,1.091409
103,18.033333,11.633333,13.804667,0.000000,1.085228
104,18.033333,11.633333,13.803333,0.000000,1.080641
105,18.033333,11.466667,13.796000,0.000000,1.090062
106,18.033333,11.500000,13.846667,0.000000,1.047578
107,18.033333,11.600000,13.779333,0.000000,1.072245
108,18.033333,11.600000,13.771333,0.000000,1.064734
109,18.033333,11.500000,13.808000,0.000000,1.111209
110,18.033333,11.633333,13.831333,0.000000,1.072454
111,18.066667,11.566667,13.768000,0.000000,1.054431
112,18.066667,11.566667,13.794000,0.000000,1.084376
113,18.066667,11.866667,13.826000,0.000000,1.043818
114,18.066667,11.533333,13.805333,0.000000,1.064303
115,18.066667,11.600000,13.808667,0.000000,1.066262
116,18.100000,11.733333,13.881333,0.000000,1.077787
117,18.100000,11.566667,13.796667,0.000000,1.088398
118,18.100000,11.666667,13.822667,0.000000,1.088412
119,18.100000,11.566667,13.764667,0.000000,1.063800
120,18.100000,11.600000,13.806667,0.000000,1.091535
121,18.100000,11.600000,13.826000,0.000000,1.074606
122,18.100000,11.566667,13.782667,0.000000,1.073197
123,18.100000,11.633333,13.776667,0.000000,1.068335
124,18.100000,11.666667,13.804000,0.000000,1.057232
125,18.100000,11.500000,13.766667,0.000000,1.095614
126,18.100000,11.533333,13.785333,0.000000,1.088951
127,18.100000,11.600000,13.838000,0.000000,1.047301
128,18.100000,11.500000,13.752000,0.000000,1.089963
129,18.100000,11.600000,13.807333,0.000000,1.082962
130,18.100000,11.666667,13.797333,0.000000,1.059183
131,18.100000,11.633333,13.799333,0.000000,1.088234
132,18.100000,11.566667,13.818000,0.000000,1.083977
133,18.100000,11.733333,13.759333,0.000000,1.074720
134,18.100000,11.700000,13.860667,0.000000,1.087776
135,18.100000,11.766667,13.764000,0.000000,1.053638
136,18.100000,11.566667,13.817333,0.000000,1.062028
137,18.100000,11.400000,13.787333,0.000000,1.077161
138,18.100000,11.500000,13.750000,0.000000,1.113430
139,18.100000,11.633333,13.816667,0.000000,1.069065
140,18.100000,11.566667,13.806000,0.000000,1.060852
141,18.100000,11.700000,13.807333,0.000000,1.072261
142,18.100000,11.633333,13.794000,0.000000,1.062919
143,18.100000,11.766667,13.839333,0.000000,1.044348
144,18.100000,11.633333,13.820000,0.000000,1.055701
145,18.100000,11.700000,13.854667,0.000000,1.088306
146,18.100000,11.733333,13.832667,0.000000,1.081315
147,18.100000,11.600000,13.807333,0.000000,1.081102
148,18.100000,11.433333,13.830667,0.000000,1.081276
149,18.100000,11.600000,13.832000,0.000000,1.045927
150,18.100000,11.533333,13.832667,0.000000,1.094715
151,18.100000,11.633333,13.806000,0.000000,1.074809
152,18.100000,11.700000,13.801333,0.000000,1.039303
153,18.100000,11.733333,13.796000,0.000000,1.058323
154,18.100000,11.533333,13.810000,0.000000,1.075822
155,18.100000,11.433333,13.791333,0.000000,1.057040
156,18.100000,11.633333,13.794000,0.000000,1.067878
157,18.100000,11.600000,13.811333,0.000000,1.092281
158,18.100000,11.800000,13.862667,0.000000,1.117737
159,18.100000,11.600000,13.814000,0.000000,1.064553
160,18.100000,11.666667,13.823333,0.000000,1.096612
161,18.100000,11.600000,13.780667,0.000000,1.090500
162,18.100000,11.733333,13.810000,0.000000,1.069238
163,18.100000,11.700000,13.786667,0.000000,1.072934
164,18.100000,11.500000,13.794000,0.000000,1.074674
165,18.100000,11.700000,13.792000,0.000000,1.073265
166,18.100000,11.500000,13.789333,0.000000,1.094288
167,18.100000,11.733333,13.836667,0.000000,1.067780
168,18.100000,11.733333,13.822000,0.000000,1.075605
169,18.100000,11.666667,13.820000,0.000000,1.064031
170,18.100000,11.666667,13.852000,0.000000,1.039461
171,18.100000,11.800000,13.780667,0.000000,1.017929
172,18.100000,11.600000,13.817333,0.000000,1.062490
173,18.100000,11.566667,13.837333,0.000000,1.063591
174,18.100000,11.600000,13.824000,0.000000,1.073848
175,18.100000,11.600000,13.853333,0.000000,1.108894
176,18.100000,11.600000,13.768667,0.000000,1.045377
177,18.100000,11.533333,13.851333,0.000000,1.091274
178,18.100000,11.600000,13.825333,0.000000,1.082644
179,18.100000,11.733333,13.779333,0.000000,1.071252
180,18.100000,11.600000,13.802667,0.000000,1.067022
181,18.100000,11.700000,13.777333,0.000000,1.045303
182,18.100000,11.466667,13.828667,0.000000,1.091405
183,18.100000,11.566667,13.784667,0.000000,1.063702
184,18.100000,11.600000,13.814000,0.000000,1.084126
185,18.100000,11.566667,13.822667,0.000000,1.088895
186,18.100000,11.466667,13.809333,0.000000,1.072455
187,18.133333,11.600000,13.836000,0.000000,1.076889
188,18.133333,11.666667,13.846667,0.000000,1.044532
189,18.133333,11.733333,13.774000,0.000000,1.057722
190,18.133333,11.666667,13.810667,0.000000,1.071218
191,18.133333,11.500000,13.806667,0.000000,1.091720
192,18.133333,11.633333,13.800667,0.000000,1.031414
193,18.133333,11.700000,13.811333,0.000000,1.039144
194,18.133333,11.566667,13.822667,0.000000,1.076339
195,18.133333,11.633333,13.767333,0.000000,1.056999
196,18.133333,11.633333,13.821333,0.000000,1.073421
197,18.133333,11.666667,13.820667,0.000000,1.072248
198,18.133333,11.533333,13.793333,0.000000,1.069880
199,18.133333,11.500000,13.798667,0.000000,1.105947
200,18.166667,11.366667,13.824667,0.000000,1.097652
201,18.166667,11.700000,13.776000,0.000000,1.036151
202,18.166667,11.400000,13.805333,0.000000,1.096728
203,18.166667,11.700000,13.836667,0.000000,1.075188
204,18.166667,11.666667,13.848000,0.000000,1.054109
205,18.166667,11.500000,13.792667,0.000000,1.087601
206,18.166667,11.633333,13.814667,0.000000,1.076962
207,18.166667,11.466667,13.788667,0.000000,1.059206
208,18.166667,11.733333,13.778667,0.000000,1.041566
209,18.166667,11.566667,13.772000,0.000000,1.068912
210,18.166667,11.433333,13.801333,0.000000,1.083590
211,18.166667,11.533333,13.793333,0.000000,1.035028
212,18.166667,11.733333,13.738667,0.000000,1.049012
213,18.166667,11.666667,13.850000,0.000000,1.099002
214,18.166667,11.633333,13.803333,0.000000,1.058019
215,18.166667,11.666667,13.764000,0.000000,1.066650
216,18.166667,11.766667,13.816000,0.000000,1.064600
217,18.166667,11.666667,13.805333,0.000000,1.032343
218,18.166667,11.466667,13.826000,0.000000,1.070769
219,18.166667,11.600000,13.823333,0.000000,1.084139
220,18.166667,11.666667,13.812667,0.000000,1.071482
221,18.166667,11.533333,13.802000,0.000000,1.086604
222,18.166667,11.700000,13.806000,0.000000,1.049817
223,18.166667,11.566667,13.866000,0.000000,1.086114
224,18.166667,11.733333,13.803333,0.000000,1.094993
225,18.166667,11.600000,13.783333,0.000000,1.070717
226,18.166667,11.500000,13.803333,0.000000,1.096655
227,18.166667,11.566667,13.754667,0.000000,1.077252
228,18.166667,11.700000,13.834000,0.000000,1.055852
229,18.166667,11.533333,13.796667,0.000000,1.061533
230,18.166667,11.566667,13.787333,0.000000,1.051833
231,18.166667,11.566667,13.774667,0.000000,1.064801
232,18.166667,11.466667,13.775333,0.000000,1.070652
233,18.166667,11.633333,13.812667,0.000000,1.064871
234,18.166667,11.600000,13.788667,0.000000,1.049075
235,18.166667,11.633333,13.833333,0.000000,1.080047
236,18.166667,11.666667,13.812000,0.000000,1.074447
237,18.166667,11.600000,13.787333,0.000000,1.079384
238,18.166667,11.666667,13.818000,0.000000,1.073451
239,18.166667,11.566667,13.804000,0.000000,1.086084
240,18.166667,11.566667,13.848000,0.000000,1.069201
241,18.200000,11.633333,13.845333,0.000000,1.098377
242,18.200000,11.633333,13.841333,0.000000,1.060351
243,18.200000,11.700000,13.836000,0.000000,1.067787
244,18.200000,11.500000,13.810000,0.000000,1.068699
245,18.200000,11.466667,13.818667,0.000000,1.113420
246,18.200000,11.633333,13.830000,0.000000,1.069272
247,18.200000,11.733333,13.794000,0.000000,1.055490
248,18.200000,11.533333,13.792667,0.000000,1.079306
249,18.200000,11.566667,13.790000,0.000000,1.099394
250,18.200000,11.433333,13.834000,0.000000,1.108383
251,18.200000,11.666667,13.791333,0.000000,1.052759
252,18.200000,11.433333,13.792000,0.000000,1.125278
253,18.200000,11.533333,13.827333,0.000000,1.074918
254,18.200000,11.533333,13.761333,0.000000,1.058955
255,18.200000,11.633333,13.814667,0.000000,1.053656
256,18.200000,11.666667,13.806667,0.000000,1.017852
257,18.200000,11.700000,13.807333,0.000000,1.061269
258,18.200000,11.600000,13.790000,0.000000,1.092630
259,18.200000,11.666667,13.800667,0.000000,1.055002
260,18.200000,11.466667,13.829333,0.000000,1.090948
261,18.200000,11.633333,13.818667,0.000000,1.065947
262,18.200000,11.533333,13.809333,0.000000,1.082780
263,18.200000,11.733333,13.812000,0.000000,1.047619
264,18.200000,11.566667,13.826667,0.000000,1.057754
265,18.200000,11.700000,13.837333,0.000000,1.063051
266,18.200000,11.600000,13.837333,0.000000,1.106797
267,18.200000,11.700000,13.839333,0.000000,1.073401
268,18.200000,11.633333,13.809333,0.000000,1.076076
269,18.200000,11.666667,13.789333,0.000000,1.067086
270,18.200000,11.566667,13.819333,0.000000,1.087342
271,18.200000,11.666667,13.780000,0.000000,1.083873
272,18.200000,11.500000,13.817333,0.000000,1.072577
273,18.200000,11.666667,13.860000,0.000000,1.100675
274,18.200000,11.466667,13.800667,0.000000,1.050164
275,18.200000,11.600000,13.808667,0.000000,1.050452
276,18.200000,11.633333,13.759333,0.000000,1.068911
277,18.200000,11.533333,13.810667,0.000000,1.075786
278,18.200000,11.700000,13.854667,0.000000,1.063896
279,18.200000,11.733333,13.822000,0.000000,1.077568
280,18.200000,11.600000,13.778000,0.000000,1.086645
281,18.200000,11.666667,13.767333,0.000000,1.052320
282,18.200000,11.566667,13.757333,0.000000,1.044480
283,18.200000,11.700000,13.754000,0.000000,1.020540
284,18.200000,11.700000,13.796667,0.000000,1.038873
285,18.200000,11.566667,13.788000,0.000000,1.078757
286,18.200000,11.600000,13.797333,0.000000,1.082027
287,18.200000,11.633333,13.780667,0.000000,1.089084
288,18.200000,11.600000,13.840000,0.000000,1.055811
289,18.200000,11.700000,13.783333,0.000000,1.069773
290,18.200000,11.600000,13.792667,0.000000,1.043332
291,18.200000,11.633333,13.752667,0.000000,1.069343
292,18.200000,11.500000,13.789333,0.000000,1.074896
293,18.200000,11.500000,13.754667,0.000000,1.087257
294,18.200000,11.500000,13.830000,0.000000,1.092263
295,18.200000,11.600000,13.786667,0.000000,1.076835
296,18.200000,11.700000,13.838667,0.000000,1.037592
297,18.200000,11.700000,13.826000,0.000000,1.057715
298,18.200000,11.633333,13.865333,0.000000,1.071630
299,18.200000,11.533333,13.816667,0.000000,1.064435
300,18.200000,11.500000,13.734667,0.000000,1.079195
301,18.200000,11.666667,13.822667,0.000000,1.043125
302,18.200000,11.600000,13.776667,0.000000,1.077103
303,18.200000,11.533333,13.790000,0.000000,1.109783
304,18.200000,11.633333,13.794000,0.000000,1.075580
305,18.200000,11.433333,13.742667,0.000000,1.077167
306,18.200000,11.566667,13.804000,0.000000,1.102761
307,18.200000,11.733333,13.817333,0.000000,1.048658
308,18.200000,11.633333,13.839333,0.000000,1.051600
309,18.200000,11.566667,13.821333,0.000000,1.093167
310,18.233333,11.533333,13.814000,0.000000,1.101852
311,18.233333,11.766667,13.812000,0.000000,1.060530
312,18.266667,11.400000,13.801333,0.000000,1.101625
313,18.266667,11.633333,13.839333,0.000000,1.065559
314,18.266667,11.700000,13.827333,0.000000,1.064817
315,18.266667,11.600000,13.835333,0.000000,1.099983
316,18.266667,11.733333,13.782667,0.000000,1.034499
317,18.266667,11.633333,13.874000,0.000000,1.073204
318,18.266667,11.566667,13.786000,0.000000,1.074670
319,18.266667,11.766667,13.827333,0.000000,1.056965
320,18.266667,11.633333,13.802000,0.000000,1.103711
321,18.266667,11.600000,13.808000,0.000000,1.043016
322,18.266667,11.733333,13.810667,0.000000,1.077777
323,18.266667,11.666667,13.827333,0.000000,1.056758
324,18.266667,11.600000,13.808000,0.000000,1.053307
325,18.300000,11.600000,13.775333,0.000000,1.070915
326,18.300000,11.700000,13.791333,0.000000,1.045688
327,18.300000,11.400000,13.812667,0.000000,1.108316
328,18.300000,11.600000,13.801333,0.000000,1.064568
329,18.300000,11.633333,13.766000,0.000000,1.046013
330,18.300000,11.533333,13.827333,0.000000,1.095634
331,18.300000,11.566667,13.810667,0.000000,1.053074
332,18.300000,11.566667,13.784000,0.000000,1.053628
333,18.300000,11.633333,13.838667,0.000000,1.109456
334,18.300000,11.633333,13.818667,0.000000,1.102471
335,18.300000,11.500000,13.826000,0.000000,1.101851
336,18.333333,11.533333,13.820000,0.000000,1.065974
337,18.333333,11.766667,13.812000,0.000000,1.058532
338,18.333333,11.666667,13.761333,0.000000,1.060087
339,18.333333,11.466667,13.853333,0.000000,1.096938
340,18.333333,11.466667,13.774000,0.000000,1.061001
341,18.333333,11.766667,13.822000,0.000000,1.091190
342,18.333333,11.500000,13.850000,0.000000,1.069659
343,18.333333,11.433333,13.778000,0.000000,1.074579
344,18.333333,11.400000,13.748667,0.000000,1.099117
345,18.333333,11.800000,13.829333,0.000000,1.073121
346,18.333333,11.566667,13.804000,0.000000,1.082084
347,18.333333,11.800000,13.851333,0.000000,1.061221
348,18.333333,11.500000,13.790000,0.000000,1.083901
349,18.333333,11.500000,13.793333,0.000000,1.041703
350,18.333333,11.666667,13.819333,0.000000,1.064404
351,18.333333,11.666667,13.810667,0.000000,1.073361
352,18.333333,11.533333,13.773333,0.000000,1.032741
353,18.333333,11.566667,13.765333,0.000000,1.070115
354,18.333333,11.633333,13.792000,0.000000,1.065391
355,18.333333,11.600000,13.824000,0.000000,1.085918
356,18.333333,11.500000,13.741333,0.000000,1.074401
357,18.333333,11.700000,13.771333,0.000000,1.039970
358,18.333333,11.766667,13.768667,0.000000,1.037225
359,18.333333,11.500000,13.769333,0.000000,1.084062
360,18.333333,11.533333,13.801333,0.000000,1.046689
361,18.333333,11.600000,13.838667,0.000000,1.092785
362,18.333333,11.633333,13.755333,0.000000,1.059538
363,18.333333,11.566667,13.798667,0.000000,1.077602
364,18.333333,11.533333,13.796000,0.000000,1.077081
365,18.333333,11.600000,13.830000,0.000000,1.053231
366,18.333333,11.566667,13.837333,0.000000,1.093053
367,18.333333,11.733333,13.812000,0.000000,1.043671
368,18.333333,11.733333,13.846667,0.000000,1.088505
369,18.333333,11.500000,13.786667,0.000000,1.063824
370,18.333333,11.633333,13.849333,0.000000,1.064449
371,18.333333,11.600000,13.789333,0.000000,1.066660
372,18.333333,11.500000,13.848667,0.000000,1.065633
373,18.333333,11.600000,13.814000,0.000000,1.079059
374,18.333333,11.400000,13.816000,0.000000,1.088339
375,18.333333,11.533333,13.793333,0.000000,1.078317
376,18.333333,11.666667,13.820000,0.000000,1.074755
377,18.333333,11.600000,13.760667,0.000000,1.080142
378,18.333333,11.666667,13.815333,0.000000,1.078488
379,18.333333,11.600000,13.822667,0.000000,1.046970
380,18.333333,11.700000,13.862667,0.000000,1.044283
381,18.333333,11.500000,13.775333,0.000000,1.107668
382,18.333333,11.566667,13.811333,0.000000,1.073494
383,18.333333,11.633333,13.794667,0.000000,1.053361
384,18.333333,11.666667,13.800000,0.000000,1.064515
385,18.333333,11.700000,13.810667,0.000000,1.055907
386,18.333333,11.666667,13.783333,0.000000,1.103422
387,18.333333,11.433333,13.882667,0.000000,1.096076
388,18.333333,11.666667,13.784667,0.000000,1.059636
389,18.333333,11.633333,13.800667,0.000000,1.089242
390,18.333333,11.633333,13.808667,0.000000,1.060488
391,18.333333,11.666667,13.788000,0.000000,1.077688
392,18.333333,11.666667,13.838000,0.000000,1.050238
393,18.333333,11.633333,13.805333,0.000000,1.063833
394,18.333333,11.600000,13.816667,0.000000,1.077994
395,18.333333,11.666667,13.792667,0.000000,1.070868
396,18.333333,11.566667,13.794667,0.000000,1.049429
397,18.333333,11.500000,13.778000,0.000000,1.065699
398,18.333333,11.700000,13.820667,0.000000,1.052552
399,18.333333,11.600000,13.813333,0.000000,1.101074
400,18.333333,11.600000,13.824667,0.000000,1.066409
401,18.333333,11.600000,13.821333,0.000000,1.043895
402,18.333333,11.666667,13.864667,0.000000,1.070074
403,18.333333,11.666667,13.826000,0.000000,1.094514
404,18.333333,11.533333,13.788000,0.000000,1.056240
405,18.333333,11.500000,13.787333,0.000000,1.097235
406,18.333333,11.600000,13.763333,0.000000,1.058583
407,18.333333,11.666667,13.797333,0.000000,1.069101
408,18.333333,11.666667,13.778000,0.000000,1.082113
409,18.333333,11.466667,13.796000,0.000000,1.105872
410,18.333333,11.566667,13.788667,0.000000,1.067455
411,18.333333,11.533333,13.779333,0.000000,1.074441
412,18.333333,11.633333,13.826667,0.000000,1.055611
413,18.333333,11.666667,13.822000,0.000000,1.066690
414,18.333333,11.433333,13.829333,0.000000,1.072069
415,18.333333,11.533333,13.840667,0.000000,1.081576
416,18.333333,11.700000,13.772000,0.000000,1.068456
417,18.333333,11.766667,13.830667,0.000000,1.066755
418,18.333333,11.600000,13.758000,0.000000,1.054716
419,18.333333,11.866667,13.839333,0.000000,1.026023
420,18.333333,11.500000,13.787333,0.000000,1.061217
421,18.333333,11.533333,13.775333,0.000000,1.099272
422,18.333333,11.666667,13.754000,0.000000,1.047042
423,18.333333,11.466667,13.775333,0.000000,1.057540
424,18.333333,11.766667,13.814667,0.000000,1.062743
425,18.333333,11.500000,13.785333,0.000000,1.056571
426,18.333333,11.566667,13.772667,0.000000,1.098151
427,18.333333,11.333333,13.771333,0.000000,1.080961
428,18.333333,11.633333,13.782667,0.000000,1.029159
429,18.333333,11.500000,13.784667,0.000000,1.058094
430,18.333333,11.533333,13.772667,0.000000,1.060886
431,18.333333,11.533333,13.768000,0.000000,1.096423
432,18.366667,11.566667,13.869333,0.000000,1.097989
433,18.366667,11.800000,13.828667,0.000000,1.072222
434,18.366667,11.500000,13.850667,0.000000,1.102620
435,18.366667,11.566667,13.792000,0.000000,1.079759
436,18.366667,11.700000,13.799333,0.000000,1.075058
437,18.366667,11.433333,13.788667,0.000000,1.085179
438,18.366667,11.566667,13.790000,0.000000,1.103159
439,18.366667,11.700000,13.816000,0.000000,1.047062
440,18.366667,11.466667,13.804667,0.000000,1.063818
441,18.366667,11.666667,13.833333,0.000000,1.087036
442,18.366667,11.666667,13.850000,0.000000,1.085809
443,18.366667,11.566667,13.792667,0.000000,1.087425
444,18.366667,11.400000,13.797333,0.000000,1.098880
445,18.366667,11.500000,13.771333,0.000000,1.066566
446,18.366667,11.466667,13.829333,0.000000,1.083230
447,18.366667,11.633333,13.834667,0.000000,1.066407
448,18.366667,11.600000,13.825333,0.000000,1.033195
449,18.366667,11.533333,13.827333,0.000000,1.085594
450,18.366667,11.633333,13.814000,0.000000,1.076059
451,18.366667,11.600000,13.838000,0.000000,1.044867
452,18.366667,11.633333,13.780000,0.000000,1.065357
453,18.366667,11.800000,13.835333,0.000000,1.081449
454,18.366667,11.633333,13.868000,0.000000,1.087881
455,18.366667,11.600000,13.824667,0.000000,1.089075
456,18.366667,11.533333,13.790667,0.000000,1.078244
457,18.366667,11.633333,13.771333,0.000000,1.091948
458,18.366667,11.600000,13.821333,0.000000,1.049241
459,18.366667,11.733333,13.777333,0.000000,1.079122
460,18.366667,11.566667,13.812667,0.000000,1.073231
461,18.366667,11.733333,13.851333,0.000000,1.053561
462,18.366667,11.733333,13.806667,0.000000,1.068397
463,18.366667,11.666667,13.860667,0.000000,1.077096
464,18.366667,11.600000,13.841333,0.000000,1.057689
465,18.366667,11.733333,13.826000,0.000000,1.035391
466,18.366667,11.600000,13.816000,0.000000,1.110002
467,18.366667,11.566667,13.804000,0.000000,1.090233
468,18.366667,11.600000,13.765333,0.000000,1.051825
469,18.366667,11.366667,13.776000,0.000000,1.106971
470,18.366667,11.700000,13.820667,0.000000,1.043579
471,18.400000,11.666667,13.854667,0.000000,1.069558
472,18.400000,11.566667,13.789333,0.000000,1.074647
473,18.400000,11.733333,13.821333,0.000000,1.087478
474,18.400000,11.500000,13.806667,0.000000,1.081118
475,18.400000,11.366667,13.764000,0.000000,1.092824
476,18.400000,11.633333,13.746000,0.000000,1.067777
477,18.400000,11.566667,13.832000,0.000000,1.069410
478,18.400000,11.533333,13.776000,0.000000,1.083204
479,18.400000,11.566667,13.788667,0.000000,1.064298
480,18.400000,11.466667,13.837333,0.000000,1.069320
481,18.400000,11.533333,13.785333,0.000000,1.073859
482,18.400000,11.666667,13.811333,0.000000,1.071431
483,18.400000,11.500000,13.846000,0.000000,1.083605
484,18.400000,11.533333,13.854000,0.000000,1.080866
485,18.400000,11.566667,13.766667,0.000000,1.070313
486,18.400000,11.633333,13.824000,0.000000,1.048446
487,18.400000,11.600000,13.816000,0.000000,1.051131
488,18.400000,11.666667,13.812000,0.000000,1.095686
489,18.400000,11.400000,13.832667,0.000000,1.083987
490,18.400000,11.600000,13.856667,0.000000,1.087705
491,18.400000,11.466667,13.841333,0.000000,1.071373
492,18.400000,11.600000,13.825333,0.000000,1.088170
493,18.400000,11.566667,13.809333,0.000000,1.050999
494,18.400000,11.733333,13.808667,0.000000,1.049150
495,18.400000,11.600000,13.820000,0.000000,1.039317
496,18.400000,11.566667,13.834000,0.000000,1.064398
497,18.400000,11.700000,13.822667,0.000000,1.058933
498,18.400000,11.733333,13.872000,0.000000,1.094684
499,18.400000,11.700000,13.782667,0.000000,1.071089
500,18.400000,11.433333,13.796000,0.000000,1.090689
BestSdev: 0.291998, Time: 23m39.925132259s