gen,best,worst,mean,rep,sdev
1,15.966667,11.833333,13.815000,0.000000,1.116021
2,16.300000,12.000000,13.765000,0.000000,1.000732
3,16.566667,12.033333,13.800000,0.000000,1.055579
4,16.666667,11.766667,13.788333,0.000000,1.084181
5,16.766667,11.800000,13.745000,0.000000,1.089371
6,16.766667,11.800000,13.740000,0.000000,1.081221
7,16.766667,12.033333,13.800000,0.000000,1.035559
8,16.833333,11.800000,13.731667,0.000000,1.055410
9,16.900000,11.900000,13.786667,0.000000,1.083908
10,16.933333,11.766667,13.738333,0.000000,1.076201
11,16.966667,12.000000,13.810000,0.000000,1.054370
12,17.000000,11.833333,13.798333,0.000000,1.097466
13,17.033333,11.766667,13.818333,0.000000,1.089461
14,17.033333,12.066667,13.790000,0.000000,0.992820
15,17.166667,11.833333,13.845000,0.000000,1.116963
16,17.166667,11.866667,13.835000,0.000000,1.075114
17,17.166667,12.000000,13.828333,0.000000,1.055488
18,17.166667,11.833333,13.748333,0.000000,1.033400
19,17.166667,11.933333,13.833333,0.000000,1.023854
20,17.200000,11.766667,13.735000,0.000000,1.119499
21,17.200000,11.866667,13.778333,0.000000,1.029608
22,17.200000,11.833333,13.781667,0.000000,1.047353
23,17.200000,11.866667,13.736667,0.000000,1.039949
24,17.200000,12.066667,13.791667,0.000000,1.006829
25,17.200000,11.866667,13.806667,0.000000,1.075284
26,17.200000,12.100000,13.805000,0.000000,0.968578
27,17.200000,11.933333,13.821667,0.000000,1.040563
28,17.200000,11.933333,13.763333,0.000000,1.014095
29,17.200000,11.866667,13.758333,0.000000,1.090314
30,17.266667,11.966667,13.678333,0.000000,1.047486
31,17.300000,11.766667,13.751667,0.000000,1.095271
32,17.300000,11.800000,13.816667,0.000000,1.049286
33,17.300000,11.900000,13.751667,0.000000,1.036414
34,17.333333,11.733333,13.800000,0.000000,1.144290
35,17.366667,11.900000,13.813333,0.000000,1.055068
36,17.400000,11.900000,13.855000,0.000000,1.092951
37,17.400000,12.033333,13.855000,0.000000,1.016009
38,17.400000,12.000000,13.873333,0.000000,1.046050
39,17.400000,11.733333,13.808333,0.000000,1.060543
40,17.400000,11.900000,13.816667,0.000000,1.040181
41,17.433333,11.933333,13.786667,0.000000,1.050200
42,17.433333,11.966667,13.840000,0.000000,1.069373
43,17.433333,11.766667,13.798333,0.000000,1.104602
44,17.433333,11.866667,13.816667,0.000000,1.066577
45,17.433333,12.033333,13.820000,0.000000,1.070059
46,17.433333,12.033333,13.825000,0.000000,1.077729
47,17.433333,11.900000,13.831667,0.000000,1.099654
48,17.433333,12.000000,13.788333,0.000000,1.015738
49,17.433333,11.866667,13.753333,0.000000,1.021680
50,17.433333,11.900000,13.790000,0.000000,1.025384
51,17.433333,11.733333,13.758333,0.000000,1.100712
52,17.433333,11.900000,13.785000,0.000000,1.005683
53,17.433333,11.833333,13.758333,0.000000,1.058908
54,17.433333,12.133333,13.821667,0.000000,1.040367
55,17.433333,11.933333,13.775000,0.000000,1.028711
56,17.433333,11.866667,13.721667,0.000000,1.036253
57,17.433333,12.066667,13.890000,0.000000,1.028357
58,17.433333,11.966667,13.803333,0.000000,1.011232
59,17.433333,11.933333,13.808333,0.000000,1.059757
60,17.433333,12.000000,13.833333,0.000000,1.067285
61,17.433333,12.066667,13.825000,0.000000,1.038037
62,17.466667,11.866667,13.806667,0.000000,1.055257
63,17.466667,11.833333,13.813333,0.000000,1.074626
64,17.466667,11.900000,13.855000,0.000000,1.102190
65,17.466667,11.766667,13.763333,0.000000,1.030626
66,17.466667,12.033333,13.813333,0.000000,1.051128
67,17.466667,12.033333,13.863333,0.000000,1.064996
68,17.500000,11.800000,13.821667,0.000000,1.060621
69,17.500000,11.866667,13.773333,0.000000,1.007200
70,17.500000,11.733333,13.758333,0.000000,1.105193
71,17.500000,11.900000,13.811667,0.000000,1.103815
72,17.500000,11.900000,13.825000,0.000000,1.043926
73,17.500000,12.133333,13.880000,0.000000,1.035003
74,17.500000,11.966667,13.821667,0.000000,1.040915
75,17.500000,11.966667,13.836667,0.000000,1.042487
76,17.500000,11.966667,13.786667,0.000000,1.009871
77,17.500000,11.933333,13.755000,0.000000,1.053102
78,17.500000,11.766667,13.791667,0.000000,1.076300
79,17.533333,11.933333,13.803333,0.000000,1.106824
80,17.533333,11.966667,13.806667,0.000000,1.072429
81,17.566667,11.900000,13.828333,0.000000,1.057441
82,17.566667,11.933333,13.770000,0.000000,1.059017
83,17.566667,12.066667,13.833333,0.000000,1.031345
84,17.566667,11.900000,13.806667,0.000000,1.040268
85,17.600000,12.000000,13.790000,0.000000,1.015475
86,17.600000,12.000000,13.803333,0.000000,1.051295
87,17.600000,11.833333,13.833333,0.000000,1.067406
88,17.666667,11.933333,13.866667,0.000000,1.084203
89,17.666667,11.900000,13.796667,0.000000,1.034843
90,17.666667,11.933333,13.758333,0.000000,0.950918
91,17.666667,11.866667,13.756667,0.000000,1.040776
92,17.666667,11.966667,13.738333,0.000000,1.041096
93,17.666667,11.966667,13.795000,0.000000,1.012540
94,17.666667,11.966667,13.830000,0.000000,1.053807
95,17.666667,11.800000,13.740000,0.000000,1.076701
96,17.700000,11.933333,13.780000,0.000000,1.056149
97,17.700000,11.900000,13.838333,0.000000,1.076760
98,17.700000,11.833333,13.725000,0.000000,1.090889
99,17.700000,11.933333,13.848333,0.000000,1.089109
100,17.700000,12.033333,13.880000,0.000000,1.049611
101,17.700000,11.933333,13.846667,0.000000,1.069999
102,17.700000,12.066667,13.826667,0.000000,1.077230
103,17.700000,11.933333,13.863333,0.000000,1.033578
104,17.700000,11.800000,13.770000,0.000000,1.066838
105,17.700000,11.800000,13.700000,0.000000,1.088811
106,17.700000,11.833333,13.906667,0.000000,1.112461
107,17.700000,12.066667,13.833333,0.000000,1.038810
108,17.700000,11.866667,13.813333,0.000000,1.027821
109,17.700000,12.066667,13.831667,0.000000,1.039870
110,17.700000,12.033333,13.846667,0.000000,1.030114
111,17.700000,12.033333,13.765000,0.000000,0.983822
112,17.700000,12.100000,13.841667,0.000000,1.027333
113,17.733333,12.000000,13.788333,0.000000,1.052610
114,17.766667,11.866667,13.741667,0.000000,1.066692
115,17.766667,11.833333,13.793333,0.000000,1.103388
116,17.766667,12.000000,13.813333,0.000000,1.043138
117,17.766667,11.833333,13.765000,0.000000,1.089398
118,17.766667,11.866667,13.801667,0.000000,1.054729
119,17.800000,11.900000,13.798333,0.000000,1.093023
120,17.800000,11.800000,13.783333,0.000000,1.081295
121,17.800000,11.866667,13.833333,0.000000,1.067704
122,17.800000,11.733333,13.778333,0.000000,1.087238
123,17.800000,12.033333,13.856667,0.000000,0.997063
124,17.800000,11.933333,13.736667,0.000000,1.044424
125,17.800000,12.000000,13.861667,0.000000,1.061136
126,17.800000,11.933333,13.851667,0.000000,1.047188
127,17.833333,12.000000,13.848333,0.000000,1.066894
128,17.833333,11.900000,13.823333,0.000000,1.080312
129,17.833333,12.133333,13.890000,0.000000,1.021355
130,17.866667,11.900000,13.848333,0.000000,1.071539
131,17.866667,11.800000,13.815000,0.000000,1.064362
132,17.866667,11.866667,13.746667,0.000000,1.030721
133,17.866667,11.900000,13.905000,0.000000,1.047582
134,17.866667,12.033333,13.843333,0.000000,1.057493
135,17.866667,12.066667,13.845000,0.000000,1.024865
136,17.866667,12.066667,13.821667,0.000000,1.056308
137,17.866667,11.866667,13.810000,0.000000,1.047747
138,17.866667,11.900000,13.781667,0.000000,1.061130
139,17.866667,11.866667,13.771667,0.000000,0.994276
140,17.866667,11.766667,13.776667,0.000000,1.072983
141,17.900000,11.833333,13.806667,0.000000,1.109245
142,17.900000,12.033333,13.858333,0.000000,0.988570
143,17.900000,12.066667,13.833333,0.000000,1.044708
144,17.900000,11.966667,13.801667,0.000000,1.036900
145,17.900000,11.766667,13.721667,0.000000,1.042108
146,17.900000,11.833333,13.685000,0.000000,1.046017
147,17.900000,11.933333,13.853333,0.000000,1.092923
148,17.900000,11.866667,13.778333,0.000000,1.063787
149,17.900000,11.933333,13.801667,0.000000,1.037471
150,17.900000,11.966667,13.745000,0.000000,1.011737
151,17.900000,12.000000,13.885000,0.000000,1.083432
152,17.900000,11.833333,13.728333,0.000000,1.050998
153,17.900000,12.033333,13.805000,0.000000,1.091862
154,17.900000,11.900000,13.818333,0.000000,1.088865
155,17.900000,11.800000,13.771667,0.000000,1.030143
156,17.900000,11.933333,13.866667,0.000000,1.078396
157,17.900000,11.866667,13.746667,0.000000,1.033619
158,17.900000,11.866667,13.766667,0.000000,1.046747
159,17.900000,12.133333,13.760000,0.000000,0.976992
160,17.900000,11.800000,13.838333,0.000000,1.098121
161,17.900000,11.900000,13.868333,0.000000,1.069015
162,17.900000,11.933333,13.796667,0.000000,1.031749
163,17.900000,11.833333,13.810000,0.000000,1.046675
164,17.900000,11.800000,13.715000,0.000000,1.052884
165,17.900000,12.066667,13.793333,0.000000,1.038740
166,17.900000,11.900000,13.858333,0.000000,1.013797
167,17.900000,11.800000,13.826667,0.000000,1.059657
168,17.900000,11.933333,13.813333,0.000000,1.051455
169,17.900000,11.800000,13.871667,0.000000,1.071930
170,17.900000,11.800000,13.761667,0.000000,1.043438
171,17.900000,11.633333,13.796667,0.000000,1.169830
172,17.900000,11.733333,13.801667,0.000000,1.057566
173,17.900000,12.000000,13.808333,0.000000,0.998250
174,17.900000,12.033333,13.801667,0.000000,1.034446
175,17.900000,11.933333,13.778333,0.000000,0.966692
176,17.900000,11.866667,13.835000,0.000000,1.070246
177,17.900000,12.033333,13.805000,0.000000,1.012363
178,17.900000,12.033333,13.890000,0.000000,1.020305
179,17.900000,11.933333,13.853333,0.000000,1.069861
180,17.900000,12.100000,13.875000,0.000000,1.041983
181,17.900000,11.866667,13.743333,0.000000,1.043716
182,17.900000,12.033333,13.815000,0.000000,0.969620
183,17.900000,11.866667,13.848333,0.000000,1.093209
184,17.900000,11.900000,13.828333,0.000000,1.034041
185,17.900000,11.733333,13.805000,0.000000,1.062576
186,17.900000,12.100000,13.816667,0.000000,1.078532
187,17.900000,11.866667,13.860000,0.000000,1.058918
188,17.900000,11.933333,13.868333,0.000000,1.029876
189,17.900000,11.900000,13.780000,0.000000,1.033954
190,17.900000,11.833333,13.728333,0.000000,1.019046
191,17.900000,11.933333,13.875000,0.000000,1.045578
192,17.900000,12.100000,13.880000,0.000000,1.063980
193,17.900000,11.933333,13.796667,0.000000,1.051662
194,17.900000,12.100000,13.861667,0.000000,0.971622
195,17.900000,11.900000,13.871667,0.000000,1.058095
196,17.900000,11.800000,13.746667,0.000000,1.028340
197,17.900000,11.966667,13.865000,0.000000,1.034352
198,17.900000,11.966667,13.830000,0.000000,1.021313
199,17.900000,11.966667,13.828333,0.000000,1.038258
200,17.900000,11.866667,13.790000,0.000000,1.039153
BestSdev: 0.334606, Time: 8m58.691136999s