gen,best,worst,mean,rep,sdev
1,16.200000,11.466667,13.778667,0.000000,1.086367
2,16.333333,11.633333,13.809333,0.000000,1.066035
3,16.533333,11.633333,13.830000,0.000000,1.047142
4,16.700000,11.600000,13.805333,0.000000,1.101673
5,16.833333,11.533333,13.770667,0.000000,1.074787
6,16.966667,11.666667,13.818000,0.000000,1.052344
7,17.033333,11.666667,13.824667,0.000000,1.081554
8,17.100000,11.733333,13.842000,0.000000,1.038887
9,17.200000,11.500000,13.824667,0.000000,1.086979
10,17.200000,11.666667,13.791333,0.000000,1.098378
11,17.266667,11.666667,13.826667,0.000000,1.065711
12,17.266667,11.333333,13.788667,0.000000,1.118385
13,17.300000,11.500000,13.832667,0.000000,1.095707
14,17.300000,11.666667,13.828000,0.000000,1.027000
15,17.333333,11.533333,13.764000,0.000000,1.091032
16,17.333333,11.600000,13.800667,0.000000,1.051454
17,17.333333,11.433333,13.765333,0.000000,1.058628
18,17.333333,11.600000,13.822000,0.000000,1.094314
19,17.333333,11.533333,13.808667,0.000000,1.049174
20,17.333333,11.400000,13.732667,0.000000,1.087427
BestSdev: 0.348214, Time: 1m7.340449022s