gen,best,worst,mean,rep,sdev
1,15.766667,11.966667,13.795000,0.000000,1.027406
2,16.200000,11.800000,13.780000,0.000000,1.054988
3,16.266667,12.000000,13.826667,0.000000,0.994686
4,16.400000,11.766667,13.688333,0.000000,1.027531
5,16.500000,11.966667,13.796667,0.000000,1.075313
6,16.500000,11.900000,13.746667,0.000000,1.017535
7,16.566667,11.800000,13.835000,0.000000,1.075356
8,16.633333,12.033333,13.860000,0.000000,1.051797
9,16.733333,11.866667,13.803333,0.000000,1.076659
10,16.800000,11.800000,13.701667,0.000000,1.056801
11,16.866667,11.900000,13.776667,0.000000,1.041102
12,16.900000,11.866667,13.820000,0.000000,1.041448
13,16.900000,12.033333,13.848333,0.000000,1.034413
14,16.900000,12.000000,13.810000,0.000000,1.043092
15,16.900000,11.800000,13.771667,0.000000,1.040629
16,16.900000,11.933333,13.783333,0.000000,1.036635
17,16.900000,12.066667,13.860000,0.000000,0.999976
18,16.900000,11.566667,13.773333,0.000000,1.103293
19,16.900000,12.133333,13.851667,0.000000,0.996893
20,17.033333,11.633333,13.808333,0.000000,1.129128
21,17.033333,11.733333,13.853333,0.000000,1.112697
22,17.033333,11.966667,13.783333,0.000000,0.995044
23,17.033333,11.900000,13.830000,0.000000,1.008393
24,17.100000,11.933333,13.776667,0.000000,1.018506
25,17.133333,11.833333,13.756667,0.000000,1.053158
26,17.133333,11.833333,13.741667,0.000000,1.080389
27,17.133333,11.900000,13.751667,0.000000,0.998956
28,17.133333,11.933333,13.805000,0.000000,0.995886
29,17.166667,11.966667,13.893333,0.000000,1.050682
30,17.166667,11.933333,13.848333,0.000000,1.091302
31,17.166667,11.800000,13.825000,0.000000,1.086920
32,17.200000,11.800000,13.858333,0.000000,1.111382
33,17.200000,12.200000,13.885000,0.000000,0.986316
34,17.200000,12.033333,13.893333,0.000000,1.028934
35,17.200000,12.066667,13.845000,0.000000,1.035136
36,17.233333,11.900000,13.791667,0.000000,1.061164
37,17.233333,12.033333,13.811667,0.000000,1.034779
38,17.233333,11.800000,13.820000,0.000000,1.080639
39,17.233333,12.100000,13.888333,0.000000,1.028674
40,17.266667,11.966667,13.743333,0.000000,1.034998
41,17.266667,11.866667,13.755000,0.000000,1.047892
42,17.266667,11.733333,13.726667,0.000000,1.085020
43,17.266667,11.833333,13.735000,0.000000,1.050669
44,17.300000,12.033333,13.853333,0.000000,1.063871
45,17.300000,12.133333,13.883333,0.000000,1.019827
46,17.300000,12.133333,13.890000,0.000000,1.007186
47,17.333333,11.833333,13.811667,0.000000,1.082940
48,17.333333,11.866667,13.875000,0.000000,1.055750
49,17.333333,11.933333,13.783333,0.000000,1.049331
50,17.333333,11.866667,13.808333,0.000000,1.056442
51,17.400000,12.033333,13.816667,0.000000,1.044018
52,17.400000,11.933333,13.843333,0.000000,1.003113
53,17.400000,11.900000,13.776667,0.000000,1.041634
54,17.400000,11.866667,13.755000,0.000000,1.009123
55,17.400000,12.033333,13.821667,0.000000,1.057801
56,17.400000,11.966667,13.743333,0.000000,0.989213
57,17.400000,11.766667,13.815000,0.000000,1.060490
58,17.400000,11.833333,13.826667,0.000000,1.047421
59,17.400000,11.633333,13.808333,0.000000,1.120650
60,17.433333,11.800000,13.818333,0.000000,1.062652
61,17.500000,11.933333,13.850000,0.000000,1.060872
62,17.500000,11.833333,13.856667,0.000000,1.057206
63,17.500000,11.933333,13.806667,0.000000,1.003963
64,17.500000,12.033333,13.791667,0.000000,0.992438
65,17.500000,11.900000,13.783333,0.000000,1.078565
66,17.500000,12.033333,13.751667,0.000000,0.998532
67,17.533333,11.766667,13.833333,0.000000,1.071823
68,17.533333,11.833333,13.810000,0.000000,1.050579
69,17.533333,11.966667,13.776667,0.000000,1.032841
70,17.533333,12.000000,13.788333,0.000000,1.065905
71,17.533333,11.833333,13.731667,0.000000,1.020326
72,17.533333,11.866667,13.735000,0.000000,1.037835
73,17.533333,11.900000,13.736667,0.000000,1.023490
74,17.533333,12.066667,13.768333,0.000000,1.031613
75,17.533333,12.033333,13.716667,0.000000,0.966593
76,17.533333,11.933333,13.840000,0.000000,1.096286
77,17.533333,12.000000,13.870000,0.000000,1.082764
78,17.533333,11.900000,13.816667,0.000000,1.008454
79,17.533333,12.000000,13.810000,0.000000,1.032145
80,17.533333,11.800000,13.895000,0.000000,1.098960
81,17.533333,11.833333,13.723333,0.000000,1.063938
82,17.533333,11.833333,13.806667,0.000000,1.077729
83,17.566667,11.933333,13.865000,0.000000,1.051336
84,17.566667,11.866667,13.805000,0.000000,1.037153
85,17.566667,11.733333,13.761667,0.000000,1.031724
86,17.566667,11.833333,13.815000,0.000000,1.090674
87,17.566667,11.933333,13.761667,0.000000,1.052144
88,17.600000,11.800000,13.840000,0.000000,1.115251
89,17.600000,11.866667,13.845000,0.000000,1.094562
90,17.600000,11.866667,13.790000,0.000000,1.048213
91,17.600000,11.966667,13.793333,0.000000,1.018302
92,17.600000,12.066667,13.771667,0.000000,1.012411
93,17.600000,11.933333,13.803333,0.000000,1.055724
94,17.600000,11.900000,13.753333,0.000000,1.055446
95,17.600000,11.866667,13.848333,0.000000,1.071236
96,17.600000,12.066667,13.771667,0.000000,1.015184
97,17.600000,12.033333,13.820000,0.000000,1.031706
98,17.600000,11.800000,13.803333,0.000000,1.113490
99,17.600000,11.933333,13.803333,0.000000,1.045222
100,17.600000,11.900000,13.783333,0.000000,1.045558
BestSdev: 0.358812, Time: 4m36.922295112s