gen,best,worst,mean,rep,sdev
1,29.933333,13.100000,20.782000,0.000000,3.700028
2,30.866667,13.133333,20.700667,0.000000,3.515879
3,31.133333,13.000000,20.521333,0.000000,3.535556
4,31.500000,13.333333,20.724667,0.000000,3.679524
5,31.866667,13.166667,20.702667,0.000000,3.571927
6,32.000000,13.000000,20.599333,0.000000,3.541790
7,32.066667,13.433333,20.659333,0.000000,3.533716
8,32.200000,13.266667,20.691333,0.000000,3.581344
9,32.300000,13.533333,20.780667,0.000000,3.419760
10,32.300000,13.133333,20.740000,0.000000,3.446327
11,32.433333,13.100000,20.700667,0.000000,3.602891
12,32.500000,13.133333,20.700667,0.000000,3.607661
13,32.600000,13.533333,20.824667,0.000000,3.500721
14,32.766667,13.733333,20.719333,0.000000,3.536517
15,33.066667,13.300000,20.652667,0.000000,3.570347
16,33.133333,13.300000,20.721333,0.000000,3.489146
17,33.433333,13.433333,20.720000,0.000000,3.511264
18,33.566667,13.700000,20.760000,0.000000,3.506175
19,33.633333,13.933333,20.888000,0.000000,3.508291
20,33.766667,13.600000,20.698667,0.000000,3.517070
21,33.766667,13.266667,20.807333,0.000000,3.578309
22,33.833333,13.300000,20.918000,0.000000,3.484418
23,33.900000,13.066667,20.753333,0.000000,3.631769
24,34.066667,13.533333,20.792667,0.000000,3.606668
25,34.066667,13.133333,20.599333,0.000000,3.560344
26,34.100000,13.133333,20.614667,0.000000,3.488387
27,34.133333,13.666667,20.523333,0.000000,3.566508
28,34.166667,13.000000,20.736667,0.000000,3.577836
29,34.166667,13.066667,20.653333,0.000000,3.487436
30,34.200000,13.233333,20.824667,0.000000,3.656812
31,34.200000,13.466667,20.804667,0.000000,3.528211
32,34.200000,13.600000,20.732000,0.000000,3.566206
33,34.200000,13.466667,20.874000,0.000000,3.682304
34,34.233333,12.966667,20.655333,0.000000,3.545603
35,34.266667,13.300000,20.906667,0.000000,3.552102
36,34.300000,13.633333,20.882000,0.000000,3.526434
37,34.300000,13.500000,20.784667,0.000000,3.589876
38,34.300000,13.333333,20.680000,0.000000,3.576329
39,34.300000,13.366667,20.591333,0.000000,3.603907
40,34.300000,13.433333,20.778667,0.000000,3.611664
41,34.300000,13.866667,20.824000,0.000000,3.599142
42,34.300000,13.500000,20.672667,0.000000,3.522428
43,34.300000,12.866667,20.827333,0.000000,3.711595
44,34.300000,13.533333,20.844667,0.000000,3.525530
45,34.300000,13.200000,20.857333,0.000000,3.665415
46,34.300000,13.400000,20.814667,0.000000,3.650055
47,34.300000,13.466667,20.776000,0.000000,3.587649
48,34.300000,13.433333,20.763333,0.000000,3.565840
49,34.333333,13.333333,20.498667,0.000000,3.490522
50,34.333333,13.300000,20.758667,0.000000,3.565998
51,34.366667,13.366667,20.646667,0.000000,3.633312
52,34.433333,12.833333,20.717333,0.000000,3.754145
53,34.433333,13.433333,20.680667,0.000000,3.555580
54,34.433333,13.533333,20.720000,0.000000,3.585950
55,34.466667,13.100000,20.673333,0.000000,3.710860
56,34.466667,13.300000,20.759333,0.000000,3.620902
57,34.466667,13.166667,20.709333,0.000000,3.653652
58,34.566667,13.600000,20.746000,0.000000,3.554070
59,34.566667,13.200000,20.738000,0.000000,3.560386
60,34.566667,13.366667,20.660667,0.000000,3.440273
61,34.566667,13.300000,20.798667,0.000000,3.496012
62,34.566667,13.200000,20.764000,0.000000,3.605709
63,34.600000,13.666667,20.763333,0.000000,3.571264
64,34.633333,13.333333,20.560667,0.000000,3.634259
65,34.633333,13.433333,20.800000,0.000000,3.654028
66,34.633333,13.533333,20.769333,0.000000,3.578368
67,34.633333,13.700000,20.738667,0.000000,3.519239
68,34.633333,13.400000,20.652667,0.000000,3.526281
69,34.633333,13.266667,20.594667,0.000000,3.627497
70,34.666667,13.400000,20.682000,0.000000,3.671097
71,34.733333,13.300000,20.614000,0.000000,3.618837
72,34.733333,13.433333,20.741333,0.000000,3.425972
73,34.733333,13.766667,20.685333,0.000000,3.507467
74,34.733333,13.600000,20.912667,0.000000,3.557619
75,34.733333,13.600000,20.708000,0.000000,3.575093
76,34.733333,13.266667,20.799333,0.000000,3.612568
77,34.733333,13.400000,20.708000,0.000000,3.526571
78,34.733333,13.433333,20.804000,0.000000,3.676447
79,34.833333,13.033333,20.684000,0.000000,3.714134
80,34.866667,13.466667,20.801333,0.000000,3.607939
81,34.900000,13.566667,20.757333,0.000000,3.585287
82,34.966667,13.266667,20.820667,0.000000,3.664506
83,34.966667,12.900000,20.558000,0.000000,3.674952
84,35.033333,13.066667,20.827333,0.000000,3.679974
85,35.033333,13.233333,20.713333,0.000000,3.527436
86,35.033333,12.666667,20.567333,0.000000,3.583482
87,35.033333,13.700000,20.710000,0.000000,3.488584
88,35.033333,13.766667,20.754000,0.000000,3.460166
89,35.033333,13.300000,20.800667,0.000000,3.562566
90,35.066667,13.733333,20.790667,0.000000,3.605906
91,35.066667,13.466667,20.740000,0.000000,3.501497
92,35.066667,12.566667,20.729333,0.000000,3.626849
93,35.066667,13.066667,20.644000,0.000000,3.648686
94,35.066667,13.266667,20.796000,0.000000,3.581445
95,35.066667,13.533333,20.892667,0.000000,3.636141
96,35.066667,13.400000,20.826667,0.000000,3.530574
97,35.066667,13.366667,20.769333,0.000000,3.490099
98,35.066667,13.533333,20.762000,0.000000,3.465264
99,35.166667,13.500000,20.656000,0.000000,3.577158
100,35.166667,13.133333,20.638000,0.000000,3.571689
101,35.166667,13.566667,20.795333,0.000000,3.484725
102,35.166667,13.200000,20.790667,0.000000,3.612202
103,35.200000,13.733333,20.885333,0.000000,3.523719
104,35.200000,13.466667,20.684667,0.000000,3.469037
105,35.200000,13.333333,20.750000,0.000000,3.624456
106,35.200000,13.666667,20.768000,0.000000,3.458512
107,35.200000,13.266667,20.697333,0.000000,3.569976
108,35.200000,13.733333,20.672000,0.000000,3.540572
109,35.233333,13.500000,20.768667,0.000000,3.639110
110,35.266667,13.266667,20.704667,0.000000,3.579507
111,35.266667,13.766667,20.766667,0.000000,3.427079
112,35.266667,13.366667,20.656000,0.000000,3.510794
113,35.266667,13.233333,20.764667,0.000000,3.595862
114,35.266667,13.233333,20.708000,0.000000,3.567067
115,35.266667,13.600000,20.896667,0.000000,3.557342
116,35.300000,13.700000,20.692000,0.000000,3.552376
117,35.300000,13.166667,20.730667,0.000000,3.612853
118,35.300000,13.133333,20.618000,0.000000,3.585063
119,35.300000,13.700000,20.806667,0.000000,3.537853
120,35.300000,13.133333,20.705333,0.000000,3.556098
121,35.300000,13.233333,20.738667,0.000000,3.609967
122,35.300000,13.233333,20.732000,0.000000,3.585476
123,35.300000,12.966667,20.736667,0.000000,3.500375
124,35.300000,13.400000,20.603333,0.000000,3.559922
125,35.300000,13.400000,20.604000,0.000000,3.458745
126,35.300000,13.433333,20.642000,0.000000,3.628928
127,35.300000,13.600000,20.758000,0.000000,3.624782
128,35.366667,13.400000,20.575333,0.000000,3.620405
129,35.366667,13.733333,20.758000,0.000000,3.492598
130,35.366667,13.133333,20.942000,0.000000,3.617292
131,35.366667,13.266667,20.826667,0.000000,3.525368
132,35.366667,13.600000,20.883333,0.000000,3.538743
133,35.366667,13.433333,20.604667,0.000000,3.381812
134,35.366667,13.433333,20.626000,0.000000,3.577980
135,35.366667,13.466667,20.692667,0.000000,3.598849
136,35.366667,13.200000,20.711333,0.000000,3.599041
137,35.366667,13.466667,20.705333,0.000000,3.572252
138,35.366667,13.433333,20.668667,0.000000,3.626734
139,35.466667,13.166667,20.668667,0.000000,3.609298
140,35.466667,13.233333,20.568000,0.000000,3.573544
141,35.466667,13.500000,20.798667,0.000000,3.584668
142,35.466667,13.300000,20.577333,0.000000,3.514649
143,35.533333,13.266667,20.830000,0.000000,3.613191
144,35.533333,13.000000,20.803333,0.000000,3.652574
145,35.533333,13.133333,20.750667,0.000000,3.553566
146,35.533333,13.100000,20.783333,0.000000,3.565138
147,35.533333,13.333333,20.613333,0.000000,3.594455
148,35.533333,13.533333,20.935333,0.000000,3.530261
149,35.533333,13.100000,20.668000,0.000000,3.582507
150,35.533333,14.000000,20.796000,0.000000,3.509178
151,35.533333,13.466667,20.748667,0.000000,3.558725
152,35.533333,13.500000,20.771333,0.000000,3.571164
153,35.533333,13.500000,20.712667,0.000000,3.632429
154,35.533333,12.966667,20.720000,0.000000,3.572937
155,35.533333,13.533333,20.648000,0.000000,3.539197
156,35.533333,12.900000,20.695333,0.000000,3.572041
157,35.533333,13.066667,20.480667,0.000000,3.449434
158,35.533333,13.400000,20.721333,0.000000,3.535442
159,35.533333,13.733333,20.636000,0.000000,3.419751
160,35.533333,13.366667,20.742667,0.000000,3.589916
161,35.533333,13.800000,20.776000,0.000000,3.621807
162,35.533333,13.233333,20.558667,0.000000,3.592602
163,35.533333,13.266667,20.652667,0.000000,3.661330
164,35.533333,13.533333,20.616000,0.000000,3.385358
165,35.533333,13.300000,20.698000,0.000000,3.548234
166,35.533333,13.333333,20.845333,0.000000,3.615704
167,35.533333,13.433333,20.738667,0.000000,3.481401
168,35.633333,13.133333,20.869333,0.000000,3.528362
169,35.633333,13.133333,20.682667,0.000000,3.605011
170,35.633333,13.266667,20.835333,0.000000,3.724011
171,35.633333,13.333333,20.820667,0.000000,3.609672
172,35.633333,13.266667,20.742667,0.000000,3.560796
173,35.633333,13.233333,20.700667,0.000000,3.599879
174,35.633333,13.333333,20.818000,0.000000,3.560931
175,35.633333,13.166667,20.825333,0.000000,3.668461
176,35.633333,13.133333,20.639333,0.000000,3.579699
177,35.633333,13.800000,20.746667,0.000000,3.541931
178,35.666667,13.533333,20.777333,0.000000,3.553729
179,35.666667,13.100000,20.826667,0.000000,3.571872
180,35.666667,13.166667,20.726667,0.000000,3.560847
181,35.666667,13.200000,20.720667,0.000000,3.685273
182,35.666667,13.700000,20.678667,0.000000,3.567050
183,35.666667,13.166667,20.728667,0.000000,3.558295
184,35.666667,13.166667,20.770000,0.000000,3.589669
185,35.666667,13.433333,20.670000,0.000000,3.539244
186,35.666667,13.466667,20.639333,0.000000,3.529156
187,35.666667,13.133333,20.589333,0.000000,3.507387
188,35.666667,13.633333,21.015333,0.000000,3.679537
189,35.666667,13.466667,20.768000,0.000000,3.535788
190,35.666667,13.400000,20.782667,0.000000,3.595793
191,35.666667,13.133333,20.711333,0.000000,3.640857
192,35.666667,13.033333,20.610000,0.000000,3.590205
193,35.733333,13.433333,21.036667,0.000000,3.617414
194,35.733333,13.200000,20.560667,0.000000,3.528407
195,35.733333,13.500000,20.815333,0.000000,3.508526
196,35.733333,13.033333,20.957333,0.000000,3.715810
197,35.733333,13.300000,20.724667,0.000000,3.580331
198,35.733333,13.333333,20.920667,0.000000,3.646489
199,35.733333,13.500000,20.578000,0.000000,3.517667
200,35.733333,13.400000,20.880667,0.000000,3.556631
BestSdev: 1.004745, Time: 12m0.851979366s