gen,best,worst,mean,rep,sdev
1,30.733333,12.100000,20.666333,0.000000,3.540588
2,31.766667,11.933333,20.719500,0.000000,3.627395
3,32.533333,11.966667,20.736000,0.000000,3.630329
4,32.800000,11.833333,20.636333,0.000000,3.621142
5,33.200000,11.933333,20.746333,0.000000,3.594600
6,33.533333,12.133333,20.678000,0.000000,3.599862
7,33.666667,11.666667,20.680833,0.000000,3.635489
8,33.700000,11.900000,20.752667,0.000000,3.635519
9,33.700000,12.000000,20.759667,0.000000,3.579114
10,33.733333,12.033333,20.705333,0.000000,3.588395
11,33.933333,11.766667,20.747667,0.000000,3.657530
12,34.133333,11.866667,20.695000,0.000000,3.633470
13,34.400000,12.166667,20.741333,0.000000,3.641336
14,34.400000,12.300000,20.673500,0.000000,3.526221
15,34.566667,11.800000,20.673500,0.000000,3.607617
16,34.633333,12.266667,20.698500,0.000000,3.624142
17,34.633333,11.400000,20.673667,0.000000,3.642860
18,34.766667,11.933333,20.679500,0.000000,3.614023
19,34.833333,11.900000,20.714500,0.000000,3.611668
20,34.866667,11.833333,20.710833,0.000000,3.617626
21,35.033333,11.666667,20.691833,0.000000,3.619314
22,35.033333,12.033333,20.837333,0.000000,3.551370
23,35.033333,12.100000,20.839333,0.000000,3.564030
24,35.033333,11.866667,20.776667,0.000000,3.629805
25,35.166667,11.833333,20.756833,0.000000,3.602774
26,35.200000,12.000000,20.747167,0.000000,3.603737
27,35.200000,12.466667,20.874167,0.000000,3.607080
28,35.200000,11.933333,20.750833,0.000000,3.601968
29,35.233333,11.933333,20.678667,0.000000,3.615873
30,35.233333,12.266667,20.806000,0.000000,3.610653
31,35.366667,11.966667,20.738833,0.000000,3.577742
32,35.366667,12.033333,20.714833,0.000000,3.619363
33,35.400000,12.233333,20.699833,0.000000,3.609007
34,35.400000,12.200000,20.738667,0.000000,3.615021
35,35.433333,11.833333,20.695000,0.000000,3.575893
36,35.500000,12.000000,20.802833,0.000000,3.602579
37,35.566667,11.933333,20.684167,0.000000,3.626220
38,35.566667,12.000000,20.736667,0.000000,3.615792
39,35.566667,11.633333,20.728333,0.000000,3.613119
40,35.566667,12.000000,20.762167,0.000000,3.643775
41,35.566667,12.366667,20.824000,0.000000,3.573198
42,35.633333,11.900000,20.762667,0.000000,3.603554
43,35.633333,12.066667,20.740167,0.000000,3.641869
44,35.633333,12.066667,20.660333,0.000000,3.629020
45,35.633333,11.766667,20.634500,0.000000,3.614655
46,35.633333,12.333333,20.798667,0.000000,3.608531
47,35.666667,12.266667,20.719667,0.000000,3.612151
48,35.666667,11.800000,20.732000,0.000000,3.595719
49,35.700000,11.833333,20.706333,0.000000,3.673120
50,35.700000,12.366667,20.837500,0.000000,3.626960
BestSdev: 1.080202, Time: 10m33.42865139s