gen,best,worst,mean,rep,sdev
1,27.600000,14.400000,20.796667,0.000000,3.377986
2,28.500000,14.000000,20.585000,0.000000,3.414679
3,29.066667,13.900000,20.566667,0.000000,3.467549
4,29.533333,14.100000,20.631667,0.000000,3.633916
5,29.933333,14.366667,20.601667,0.000000,3.436621
6,30.133333,14.700000,20.975000,0.000000,3.567738
7,30.466667,14.466667,20.775000,0.000000,3.473478
8,30.566667,14.100000,20.588333,0.000000,3.334658
9,30.933333,14.600000,20.861667,0.000000,3.625216
10,31.133333,14.500000,20.583333,0.000000,3.607708
11,31.133333,14.433333,20.813333,0.000000,3.448957
12,31.466667,14.933333,20.873333,0.000000,3.477856
13,31.533333,14.333333,20.795000,0.000000,3.532635
14,31.600000,14.300000,20.803333,0.000000,3.550270
15,31.633333,14.666667,20.625000,0.000000,3.449714
16,31.633333,14.266667,20.573333,0.000000,3.503844
17,31.700000,14.700000,20.903333,0.000000,3.383237
18,31.733333,14.066667,20.768333,0.000000,3.411500
19,31.900000,14.600000,20.733333,0.000000,3.543101
20,31.900000,14.000000,20.578333,0.000000,3.490946
21,31.966667,14.166667,20.775000,0.000000,3.397774
22,32.000000,14.733333,20.793333,0.000000,3.453412
23,32.000000,14.766667,20.823333,0.000000,3.402148
24,32.000000,14.666667,20.691667,0.000000,3.354954
25,32.000000,14.533333,20.725000,0.000000,3.461040
26,32.100000,14.366667,20.871667,0.000000,3.574469
27,32.166667,14.066667,20.725000,0.000000,3.553274
28,32.200000,14.033333,20.611667,0.000000,3.489133
29,32.200000,14.633333,20.855000,0.000000,3.482222
30,32.300000,14.433333,20.545000,0.000000,3.502524
31,32.400000,14.300000,20.630000,0.000000,3.488388
32,32.500000,14.533333,20.481667,0.000000,3.392843
33,32.600000,14.133333,20.468333,0.000000,3.569877
34,32.633333,15.000000,20.651667,0.000000,3.351840
35,32.633333,14.233333,20.613333,0.000000,3.439792
36,32.633333,14.566667,20.793333,0.000000,3.502749
37,32.766667,14.766667,20.830000,0.000000,3.399995
38,32.766667,14.566667,20.861667,0.000000,3.460057
39,32.766667,14.666667,20.480000,0.000000,3.374952
40,32.800000,14.500000,20.600000,0.000000,3.398965
41,32.800000,14.466667,21.011667,0.000000,3.498076
42,32.800000,14.266667,20.715000,0.000000,3.513562
43,32.800000,14.366667,20.791667,0.000000,3.506063
44,32.800000,14.700000,20.858333,0.000000,3.418129
45,32.833333,14.666667,20.938333,0.000000,3.474482
46,32.833333,14.833333,20.595000,0.000000,3.352329
47,32.833333,14.200000,20.530000,0.000000,3.499850
48,32.833333,14.066667,20.655000,0.000000,3.603285
49,32.833333,14.633333,20.965000,0.000000,3.469812
50,32.833333,14.800000,20.593333,0.000000,3.350046
51,32.866667,14.600000,20.613333,0.000000,3.357819
52,32.866667,15.000000,21.050000,0.000000,3.524308
53,32.866667,14.033333,20.461667,0.000000,3.322712
54,33.000000,14.566667,20.600000,0.000000,3.335720
55,33.066667,14.466667,20.763333,0.000000,3.551337
56,33.200000,14.400000,20.740000,0.000000,3.567850
57,33.200000,14.600000,20.778333,0.000000,3.371322
58,33.266667,14.066667,20.643333,0.000000,3.558307
59,33.266667,14.300000,20.896667,0.000000,3.602700
60,33.266667,14.200000,20.613333,0.000000,3.625000
61,33.266667,14.500000,20.796667,0.000000,3.512263
62,33.300000,14.566667,20.856667,0.000000,3.571765
63,33.366667,14.100000,20.731667,0.000000,3.547063
64,33.366667,14.333333,20.851667,0.000000,3.721355
65,33.366667,14.333333,20.646667,0.000000,3.515328
66,33.366667,14.133333,20.626667,0.000000,3.484277
67,33.366667,13.800000,20.768333,0.000000,3.540693
68,33.366667,15.000000,20.633333,0.000000,3.361145
69,33.366667,14.600000,20.621667,0.000000,3.530906
70,33.433333,14.733333,20.686667,0.000000,3.461934
71,33.433333,14.600000,20.621667,0.000000,3.359286
72,33.433333,14.733333,20.926667,0.000000,3.549188
73,33.433333,14.266667,20.695000,0.000000,3.482100
74,33.433333,14.100000,20.540000,0.000000,3.522284
75,33.433333,14.666667,20.923333,0.000000,3.374830
76,33.466667,14.500000,20.796667,0.000000,3.544611
77,33.466667,14.366667,20.605000,0.000000,3.489249
78,33.466667,14.433333,20.660000,0.000000,3.391983
79,33.466667,14.466667,20.668333,0.000000,3.408494
80,33.500000,14.733333,20.706667,0.000000,3.516833
81,33.500000,14.966667,20.868333,0.000000,3.402515
82,33.500000,14.200000,20.425000,0.000000,3.363698
83,33.500000,14.233333,20.525000,0.000000,3.436393
84,33.500000,14.500000,20.928333,0.000000,3.366951
85,33.500000,14.766667,20.675000,0.000000,3.378302
86,33.500000,14.200000,20.800000,0.000000,3.620875
87,33.500000,14.000000,20.540000,0.000000,3.529742
88,33.500000,14.300000,20.590000,0.000000,3.369920
89,33.500000,14.600000,20.608333,0.000000,3.329188
90,33.500000,14.133333,20.491667,0.000000,3.534193
91,33.566667,14.133333,20.665000,0.000000,3.530226
92,33.566667,14.966667,20.991667,0.000000,3.438295
93,33.566667,14.466667,20.391667,0.000000,3.208399
94,33.566667,14.466667,20.600000,0.000000,3.547364
95,33.566667,14.633333,20.676667,0.000000,3.301855
96,33.566667,14.700000,20.940000,0.000000,3.407587
97,33.566667,14.700000,20.978333,0.000000,3.401383
98,33.566667,14.400000,20.845000,0.000000,3.605969
99,33.566667,14.266667,20.746667,0.000000,3.470181
100,33.566667,14.700000,20.861667,0.000000,3.483740
101,33.633333,14.733333,20.856667,0.000000,3.440781
102,33.633333,14.366667,20.553333,0.000000,3.488488
103,33.633333,14.400000,20.786667,0.000000,3.436368
104,33.633333,14.233333,20.863333,0.000000,3.599840
105,33.633333,14.200000,20.661667,0.000000,3.613437
106,33.633333,14.466667,20.601667,0.000000,3.527931
107,33.633333,14.366667,20.770000,0.000000,3.517206
108,33.633333,14.633333,20.938333,0.000000,3.462476
109,33.633333,14.133333,20.651667,0.000000,3.457982
110,33.666667,14.600000,20.710000,0.000000,3.484556
111,33.700000,14.733333,20.821667,0.000000,3.502927
112,33.700000,14.700000,20.780000,0.000000,3.464641
113,33.700000,14.433333,20.451667,0.000000,3.388866
114,33.700000,14.666667,20.758333,0.000000,3.371763
115,33.700000,14.300000,20.791667,0.000000,3.463317
116,33.700000,14.066667,20.615000,0.000000,3.610911
117,33.700000,14.200000,20.493333,0.000000,3.425011
118,33.700000,14.033333,20.678333,0.000000,3.579316
119,33.700000,14.500000,20.508333,0.000000,3.442539
120,33.700000,14.600000,20.851667,0.000000,3.417468
121,33.800000,14.233333,20.836667,0.000000,3.522595
122,33.800000,14.700000,20.948333,0.000000,3.594265
123,33.866667,14.433333,20.755000,0.000000,3.584700
124,33.866667,14.033333,20.518333,0.000000,3.557498
125,33.866667,14.066667,20.785000,0.000000,3.437157
126,33.866667,14.733333,20.666667,0.000000,3.597907
127,33.866667,14.966667,20.883333,0.000000,3.410723
128,33.866667,14.700000,20.896667,0.000000,3.444248
129,33.866667,14.066667,20.515000,0.000000,3.409533
130,33.866667,14.233333,20.453333,0.000000,3.525712
131,33.900000,14.766667,20.845000,0.000000,3.477631
132,33.900000,14.500000,20.978333,0.000000,3.492678
133,33.900000,14.066667,20.820000,0.000000,3.449169
134,33.900000,13.633333,20.425000,0.000000,3.744496
135,33.900000,14.433333,20.658333,0.000000,3.533771
136,33.900000,14.500000,20.925000,0.000000,3.444518
137,33.900000,14.100000,20.731667,0.000000,3.532639
138,33.900000,14.533333,21.030000,0.000000,3.619319
139,33.900000,14.500000,20.441667,0.000000,3.288206
140,33.900000,15.066667,20.788333,0.000000,3.345360
141,33.900000,14.733333,20.803333,0.000000,3.513057
142,33.900000,14.600000,20.738333,0.000000,3.477877
143,33.966667,14.333333,20.828333,0.000000,3.688150
144,34.000000,14.466667,20.916667,0.000000,3.559979
145,34.000000,14.333333,20.815000,0.000000,3.433729
146,34.000000,14.533333,20.540000,0.000000,3.439052
147,34.000000,15.000000,20.993333,0.000000,3.369036
148,34.000000,14.600000,20.580000,0.000000,3.300703
149,34.000000,14.033333,20.668333,0.000000,3.400605
150,34.000000,14.866667,20.826667,0.000000,3.368014
151,34.000000,14.433333,20.661667,0.000000,3.487713
152,34.000000,14.766667,20.630000,0.000000,3.451837
153,34.000000,14.433333,20.768333,0.000000,3.548762
154,34.000000,14.933333,21.011667,0.000000,3.406286
155,34.033333,14.633333,20.903333,0.000000,3.446095
156,34.033333,14.366667,20.896667,0.000000,3.603120
157,34.033333,14.633333,20.833333,0.000000,3.530641
158,34.033333,14.133333,20.713333,0.000000,3.494113
159,34.033333,14.666667,20.855000,0.000000,3.478081
160,34.166667,15.333333,20.828333,0.000000,3.422694
161,34.166667,14.566667,20.745000,0.000000,3.418906
162,34.300000,14.166667,20.645000,0.000000,3.523849
163,34.400000,14.500000,20.481667,0.000000,3.487379
164,34.400000,14.533333,20.923333,0.000000,3.754310
165,34.400000,14.333333,20.751667,0.000000,3.600601
166,34.400000,14.000000,20.518333,0.000000,3.585306
167,34.400000,14.266667,20.730000,0.000000,3.597410
168,34.433333,14.066667,20.768333,0.000000,3.591975
169,34.433333,14.533333,21.013333,0.000000,3.548504
170,34.433333,14.300000,20.868333,0.000000,3.799867
171,34.433333,14.300000,20.616667,0.000000,3.369939
172,34.433333,14.666667,20.603333,0.000000,3.405105
173,34.433333,14.266667,20.763333,0.000000,3.567228
174,34.433333,14.533333,20.708333,0.000000,3.577861
175,34.433333,14.766667,20.696667,0.000000,3.385792
176,34.433333,14.900000,20.893333,0.000000,3.460348
177,34.433333,14.533333,20.853333,0.000000,3.309449
178,34.433333,14.600000,20.938333,0.000000,3.551542
179,34.433333,14.433333,20.853333,0.000000,3.572110
180,34.466667,14.466667,20.611667,0.000000,3.497693
181,34.466667,14.633333,20.646667,0.000000,3.476042
182,34.466667,14.766667,20.763333,0.000000,3.434172
183,34.566667,14.300000,20.725000,0.000000,3.438048
184,34.566667,14.700000,20.821667,0.000000,3.456945
185,34.566667,14.600000,20.771667,0.000000,3.539554
186,34.566667,14.800000,20.801667,0.000000,3.417059
187,34.566667,14.266667,20.870000,0.000000,3.684384
188,34.566667,14.500000,20.626667,0.000000,3.416730
189,34.566667,14.900000,20.965000,0.000000,3.429658
190,34.566667,14.800000,20.858333,0.000000,3.414537
191,34.566667,15.000000,21.155000,0.000000,3.472134
192,34.566667,14.700000,20.618333,0.000000,3.406038
193,34.566667,14.366667,20.726667,0.000000,3.560158
194,34.566667,14.300000,20.536667,0.000000,3.362704
195,34.566667,13.933333,20.601667,0.000000,3.482474
196,34.566667,15.033333,20.711667,0.000000,3.387757
197,34.566667,14.033333,20.608333,0.000000,3.572190
198,34.633333,13.800000,20.675000,0.000000,3.644718
199,34.633333,14.633333,20.935000,0.000000,3.559660
200,34.633333,15.033333,20.730000,0.000000,3.200009
BestSdev: 1.145561, Time: 5m56.381484736s