gen,best,worst,mean,rep,sdev
1,31.566667,11.766667,20.795167,0.000000,3.620607
2,32.566667,11.833333,20.711833,0.000000,3.665670
3,32.666667,11.966667,20.725000,0.000000,3.605275
4,33.200000,12.066667,20.627833,0.000000,3.564095
5,33.433333,11.833333,20.792500,0.000000,3.588511
6,33.466667,11.933333,20.799167,0.000000,3.609613
7,33.666667,11.633333,20.611667,0.000000,3.606861
8,33.933333,12.033333,20.782000,0.000000,3.615070
9,34.133333,12.300000,20.758500,0.000000,3.595049
10,34.433333,12.033333,20.719000,0.000000,3.608637
11,34.500000,12.400000,20.706000,0.000000,3.556706
12,34.733333,11.833333,20.708833,0.000000,3.605691
13,35.033333,11.866667,20.686000,0.000000,3.606939
14,35.066667,12.066667,20.805500,0.000000,3.695591
15,35.166667,12.033333,20.752167,0.000000,3.648491
16,35.300000,11.900000,20.709000,0.000000,3.586978
17,35.333333,12.000000,20.755000,0.000000,3.658784
18,35.333333,12.066667,20.749000,0.000000,3.588080
19,35.466667,11.933333,20.709833,0.000000,3.644439
20,35.633333,12.033333,20.771000,0.000000,3.636301
21,35.633333,12.333333,20.669333,0.000000,3.561712
22,35.633333,11.733333,20.742333,0.000000,3.671208
23,35.633333,12.033333,20.682833,0.000000,3.578406
24,35.633333,11.700000,20.730167,0.000000,3.629318
25,35.666667,12.133333,20.702500,0.000000,3.613577
26,35.666667,11.833333,20.695167,0.000000,3.671634
27,35.666667,11.533333,20.711500,0.000000,3.636837
28,35.666667,12.000000,20.728833,0.000000,3.660826
29,35.666667,11.866667,20.685833,0.000000,3.650250
30,35.666667,11.933333,20.661667,0.000000,3.567197
31,35.700000,12.366667,20.720667,0.000000,3.596852
32,35.833333,11.833333,20.646500,0.000000,3.638675
33,35.833333,12.266667,20.736000,0.000000,3.589298
34,35.833333,11.933333,20.707000,0.000000,3.566184
35,35.833333,12.100000,20.756167,0.000000,3.637560
36,35.833333,11.866667,20.760000,0.000000,3.639157
37,35.866667,12.300000,20.712833,0.000000,3.609860
38,35.866667,12.166667,20.740167,0.000000,3.646609
39,35.866667,11.933333,20.660000,0.000000,3.603657
40,35.900000,12.166667,20.692500,0.000000,3.651305
41,35.900000,11.800000,20.683000,0.000000,3.631156
42,35.900000,11.566667,20.768167,0.000000,3.615855
43,35.900000,11.866667,20.735500,0.000000,3.596661
44,35.900000,12.266667,20.710333,0.000000,3.563678
45,35.900000,12.100000,20.654500,0.000000,3.531763
46,35.900000,11.800000,20.777167,0.000000,3.631281
47,35.933333,12.066667,20.747500,0.000000,3.683027
48,35.933333,11.733333,20.685833,0.000000,3.630527
49,36.066667,11.766667,20.729167,0.000000,3.644347
50,36.066667,12.000000,20.722500,0.000000,3.604729
51,36.066667,11.766667,20.788667,0.000000,3.654129
52,36.066667,12.100000,20.842833,0.000000,3.577501
53,36.066667,12.033333,20.768167,0.000000,3.553561
54,36.066667,11.833333,20.661333,0.000000,3.639806
55,36.066667,11.800000,20.656167,0.000000,3.676864
56,36.100000,11.800000,20.674833,0.000000,3.621792
57,36.100000,12.266667,20.682833,0.000000,3.618631
58,36.100000,12.133333,20.719833,0.000000,3.557886
59,36.100000,12.133333,20.704667,0.000000,3.620855
60,36.100000,11.866667,20.690333,0.000000,3.591517
61,36.100000,12.066667,20.649833,0.000000,3.581746
62,36.100000,12.166667,20.731000,0.000000,3.579828
63,36.100000,11.933333,20.763833,0.000000,3.620723
64,36.100000,12.200000,20.839833,0.000000,3.545452
65,36.100000,12.100000,20.718333,0.000000,3.611655
66,36.333333,12.100000,20.740000,0.000000,3.595187
67,36.400000,11.766667,20.725167,0.000000,3.650688
68,36.400000,12.033333,20.772333,0.000000,3.572815
69,36.400000,11.733333,20.775500,0.000000,3.638193
70,36.400000,12.066667,20.679000,0.000000,3.578175
71,36.400000,12.033333,20.626667,0.000000,3.585164
72,36.466667,11.966667,20.715833,0.000000,3.602610
73,36.466667,11.966667,20.773000,0.000000,3.626480
74,36.466667,12.300000,20.775333,0.000000,3.579330
75,36.466667,11.833333,20.596500,0.000000,3.527198
76,36.466667,12.066667,20.780333,0.000000,3.632317
77,36.466667,12.133333,20.732167,0.000000,3.612153
78,36.466667,12.033333,20.704500,0.000000,3.611735
79,36.466667,12.000000,20.618667,0.000000,3.553305
80,36.466667,11.833333,20.767167,0.000000,3.669576
81,36.466667,11.800000,20.726500,0.000000,3.598932
82,36.466667,11.866667,20.679833,0.000000,3.597693
83,36.466667,11.633333,20.710500,0.000000,3.573448
84,36.466667,12.233333,20.776000,0.000000,3.636858
85,36.466667,11.933333,20.668500,0.000000,3.571147
86,36.466667,12.300000,20.663833,0.000000,3.565627
87,36.466667,12.133333,20.722000,0.000000,3.581334
88,36.466667,11.933333,20.723500,0.000000,3.621466
89,36.500000,11.900000,20.740333,0.000000,3.577122
90,36.566667,11.700000,20.716333,0.000000,3.592313
91,36.566667,12.166667,20.747833,0.000000,3.647097
92,36.566667,12.233333,20.636333,0.000000,3.604299
93,36.566667,12.100000,20.730833,0.000000,3.570534
94,36.566667,11.966667,20.701333,0.000000,3.622838
95,36.566667,11.800000,20.691500,0.000000,3.575018
96,36.566667,12.533333,20.744667,0.000000,3.557584
97,36.566667,12.133333,20.767167,0.000000,3.645401
98,36.633333,12.066667,20.804500,0.000000,3.599576
99,36.633333,12.200000,20.768667,0.000000,3.610629
100,36.666667,11.966667,20.700500,0.000000,3.532580
101,36.666667,12.100000,20.812000,0.000000,3.636573
102,36.666667,12.033333,20.699333,0.000000,3.678786
103,36.700000,12.133333,20.732333,0.000000,3.640966
104,36.700000,12.200000,20.730833,0.000000,3.594746
105,36.700000,11.933333,20.827667,0.000000,3.629675
106,36.700000,12.633333,20.805333,0.000000,3.589861
107,36.700000,11.766667,20.682000,0.000000,3.615925
108,36.733333,12.200000,20.714333,0.000000,3.595791
109,36.733333,11.666667,20.716500,0.000000,3.630526
110,36.766667,11.833333,20.738333,0.000000,3.623799
111,36.800000,12.166667,20.734500,0.000000,3.620502
112,36.800000,12.100000,20.716333,0.000000,3.546892
113,36.800000,12.033333,20.774000,0.000000,3.599427
114,36.833333,12.066667,20.720833,0.000000,3.606052
115,36.833333,12.133333,20.775000,0.000000,3.596605
116,36.833333,11.833333,20.802500,0.000000,3.651759
117,36.900000,11.966667,20.643667,0.000000,3.585789
118,36.900000,12.066667,20.734667,0.000000,3.688053
119,36.900000,11.833333,20.662667,0.000000,3.591675
120,37.000000,12.033333,20.672667,0.000000,3.639796
121,37.000000,12.166667,20.724000,0.000000,3.634980
122,37.000000,11.966667,20.675833,0.000000,3.636753
123,37.000000,12.033333,20.702000,0.000000,3.625287
124,37.000000,12.300000,20.717167,0.000000,3.635115
125,37.000000,12.000000,20.693667,0.000000,3.600818
126,37.000000,12.266667,20.648500,0.000000,3.514248
127,37.000000,12.033333,20.653333,0.000000,3.623657
128,37.000000,12.066667,20.750333,0.000000,3.557870
129,37.000000,11.900000,20.742333,0.000000,3.615748
130,37.000000,12.166667,20.722500,0.000000,3.566325
131,37.000000,12.300000,20.665667,0.000000,3.539753
132,37.000000,12.266667,20.705167,0.000000,3.591818
133,37.000000,11.833333,20.687500,0.000000,3.605791
134,37.000000,11.766667,20.802667,0.000000,3.625214
135,37.000000,12.400000,20.759667,0.000000,3.569832
136,37.000000,12.333333,20.715000,0.000000,3.606467
137,37.000000,12.166667,20.728500,0.000000,3.624056
138,37.000000,11.900000,20.751500,0.000000,3.577723
139,37.100000,11.933333,20.708833,0.000000,3.654805
140,37.100000,11.766667,20.720500,0.000000,3.640013
141,37.100000,11.900000,20.738667,0.000000,3.646456
142,37.100000,11.933333,20.741333,0.000000,3.605812
143,37.100000,11.933333,20.677333,0.000000,3.575554
144,37.100000,11.966667,20.751000,0.000000,3.588926
145,37.100000,12.000000,20.743333,0.000000,3.590090
146,37.100000,12.100000,20.764000,0.000000,3.624066
147,37.100000,11.966667,20.714833,0.000000,3.586932
148,37.100000,12.266667,20.743333,0.000000,3.600753
149,37.166667,11.966667,20.655500,0.000000,3.640464
150,37.166667,12.100000,20.675500,0.000000,3.549594
151,37.166667,12.133333,20.824333,0.000000,3.616345
152,37.166667,12.400000,20.804667,0.000000,3.609887
153,37.166667,12.200000,20.793833,0.000000,3.606314
154,37.166667,12.133333,20.800500,0.000000,3.644750
155,37.166667,11.833333,20.719167,0.000000,3.602203
156,37.166667,12.133333,20.779500,0.000000,3.565842
157,37.166667,11.600000,20.750333,0.000000,3.598725
158,37.166667,12.066667,20.778000,0.000000,3.572627
159,37.166667,12.400000,20.681000,0.000000,3.603330
160,37.166667,11.900000,20.730833,0.000000,3.614386
161,37.166667,11.966667,20.731667,0.000000,3.626647
162,37.166667,12.033333,20.660000,0.000000,3.613192
163,37.166667,11.966667,20.806667,0.000000,3.593095
164,37.166667,12.233333,20.785667,0.000000,3.661262
165,37.166667,12.166667,20.764667,0.000000,3.614258
166,37.166667,12.066667,20.720333,0.000000,3.658357
167,37.166667,11.766667,20.777333,0.000000,3.630902
168,37.166667,11.766667,20.833833,0.000000,3.650272
169,37.166667,12.000000,20.687833,0.000000,3.584496
170,37.166667,11.933333,20.765333,0.000000,3.644504
171,37.166667,12.033333,20.837333,0.000000,3.623213
172,37.166667,11.833333,20.741833,0.000000,3.667621
173,37.166667,12.166667,20.750000,0.000000,3.654560
174,37.166667,12.033333,20.689500,0.000000,3.540019
175,37.166667,12.200000,20.793667,0.000000,3.592097
176,37.166667,11.966667,20.716000,0.000000,3.615991
177,37.166667,12.033333,20.645333,0.000000,3.628559
178,37.233333,11.800000,20.716500,0.000000,3.643743
179,37.233333,12.300000,20.735167,0.000000,3.568214
180,37.233333,11.933333,20.684667,0.000000,3.614597
181,37.233333,11.733333,20.786167,0.000000,3.622373
182,37.266667,11.700000,20.678167,0.000000,3.604682
183,37.266667,12.366667,20.770167,0.000000,3.635900
184,37.266667,12.100000,20.731000,0.000000,3.645323
185,37.266667,11.766667,20.687167,0.000000,3.636259
186,37.266667,11.733333,20.758667,0.000000,3.652699
187,37.266667,11.966667,20.695667,0.000000,3.588805
188,37.266667,11.933333,20.755000,0.000000,3.595859
189,37.266667,12.366667,20.720000,0.000000,3.614582
190,37.333333,11.933333,20.783833,0.000000,3.622577
191,37.333333,12.333333,20.739833,0.000000,3.565795
192,37.333333,11.766667,20.752000,0.000000,3.612274
193,37.333333,12.233333,20.739333,0.000000,3.626441
194,37.333333,12.000000,20.710167,0.000000,3.557324
195,37.333333,12.300000,20.733667,0.000000,3.633755
196,37.333333,11.833333,20.722500,0.000000,3.607308
197,37.333333,12.166667,20.721833,0.000000,3.570074
198,37.333333,12.100000,20.642500,0.000000,3.584741
199,37.333333,12.166667,20.672500,0.000000,3.515450
200,37.333333,11.866667,20.779333,0.000000,3.597870
BestSdev: 0.952138, Time: 42m18.899611028s