gen,best,worst,mean,rep,sdev
1,29.100000,13.466667,20.821333,0.000000,3.483772
2,30.066667,12.833333,20.740667,0.000000,3.540916
3,30.866667,13.666667,20.696667,0.000000,3.549144
4,31.166667,13.066667,20.542000,0.000000,3.505077
5,31.333333,13.233333,20.831333,0.000000,3.609776
6,31.866667,13.600000,20.641333,0.000000,3.566406
7,31.900000,13.400000,20.643333,0.000000,3.432998
8,32.200000,13.533333,20.703333,0.000000,3.548322
9,32.366667,13.566667,20.740667,0.000000,3.554420
10,32.466667,13.633333,20.874667,0.000000,3.538052
11,32.600000,13.333333,20.515333,0.000000,3.549127
12,32.833333,13.066667,20.602000,0.000000,3.617256
13,32.900000,13.566667,20.868667,0.000000,3.505863
14,32.966667,13.533333,20.642667,0.000000,3.483414
15,33.200000,13.433333,20.791333,0.000000,3.563941
16,33.333333,13.466667,20.872667,0.000000,3.525377
17,33.433333,13.733333,20.630000,0.000000,3.449706
18,33.466667,13.900000,20.771333,0.000000,3.496652
19,33.500000,13.233333,20.746000,0.000000,3.550954
20,33.566667,13.400000,20.663333,0.000000,3.511408
21,33.566667,13.433333,20.950000,0.000000,3.711219
22,33.766667,13.200000,20.816667,0.000000,3.650391
23,33.766667,13.233333,20.839333,0.000000,3.606945
24,33.800000,13.533333,20.870667,0.000000,3.498258
25,33.866667,13.100000,20.694000,0.000000,3.589646
26,33.900000,13.433333,20.808000,0.000000,3.503584
27,33.900000,13.566667,20.859333,0.000000,3.604654
28,33.933333,13.200000,20.690000,0.000000,3.538584
29,33.966667,13.600000,20.650000,0.000000,3.580669
30,33.966667,13.533333,20.715333,0.000000,3.551738
31,34.033333,13.033333,20.745333,0.000000,3.727824
32,34.033333,13.366667,20.762667,0.000000,3.667813
33,34.033333,13.600000,20.698000,0.000000,3.422871
34,34.033333,13.166667,20.658667,0.000000,3.614916
35,34.033333,13.066667,20.606667,0.000000,3.605129
36,34.033333,13.500000,20.735333,0.000000,3.534516
37,34.066667,13.066667,20.728667,0.000000,3.620226
38,34.066667,13.200000,20.717333,0.000000,3.493262
39,34.166667,13.266667,20.778000,0.000000,3.589675
40,34.166667,13.133333,20.630000,0.000000,3.500094
41,34.166667,13.633333,20.900667,0.000000,3.561256
42,34.166667,13.333333,20.689333,0.000000,3.655749
43,34.200000,13.266667,20.800667,0.000000,3.688497
44,34.233333,13.500000,20.717333,0.000000,3.638723
45,34.300000,13.200000,20.671333,0.000000,3.617127
46,34.300000,13.666667,20.794000,0.000000,3.516540
47,34.300000,13.233333,20.726667,0.000000,3.589833
48,34.400000,13.066667,20.563333,0.000000,3.480512
49,34.400000,13.266667,20.786667,0.000000,3.584096
50,34.400000,13.366667,20.801333,0.000000,3.657143
51,34.500000,13.466667,20.802667,0.000000,3.612254
52,34.500000,13.433333,20.754667,0.000000,3.635937
53,34.500000,13.166667,20.584667,0.000000,3.588775
54,34.533333,13.333333,20.738667,0.000000,3.610754
55,34.533333,13.733333,20.748667,0.000000,3.615574
56,34.533333,13.066667,20.772667,0.000000,3.665671
57,34.533333,13.400000,20.730000,0.000000,3.545581
58,34.566667,13.400000,20.696667,0.000000,3.525166
59,34.566667,13.466667,20.756000,0.000000,3.465946
60,34.600000,13.500000,20.573333,0.000000,3.543556
61,34.600000,13.533333,20.749333,0.000000,3.563486
62,34.633333,12.966667,20.674667,0.000000,3.644923
63,34.633333,12.866667,20.587333,0.000000,3.561967
64,34.633333,13.133333,20.800000,0.000000,3.561486
65,34.700000,13.433333,20.744000,0.000000,3.581546
66,34.700000,13.100000,20.710000,0.000000,3.604079
67,34.700000,13.533333,20.725333,0.000000,3.544059
68,34.700000,13.533333,20.734000,0.000000,3.622439
69,34.700000,13.200000,20.733333,0.000000,3.595705
70,34.800000,13.633333,20.922667,0.000000,3.575112
71,34.800000,13.200000,20.542667,0.000000,3.472321
72,34.800000,13.233333,20.896667,0.000000,3.490373
73,34.833333,13.366667,20.726667,0.000000,3.577278
74,34.833333,13.066667,20.928000,0.000000,3.679373
75,34.833333,13.400000,20.592000,0.000000,3.523538
76,34.833333,12.933333,20.727333,0.000000,3.662589
77,34.833333,13.466667,20.885333,0.000000,3.605256
78,34.866667,13.266667,20.835333,0.000000,3.667862
79,34.866667,13.433333,20.633333,0.000000,3.500403
80,34.900000,13.133333,20.779333,0.000000,3.690865
81,34.900000,13.266667,20.671333,0.000000,3.604685
82,34.900000,13.300000,20.768000,0.000000,3.516620
83,34.900000,13.766667,20.790000,0.000000,3.628714
84,34.900000,13.200000,20.736000,0.000000,3.463393
85,34.900000,13.166667,20.876000,0.000000,3.626278
86,34.900000,13.166667,20.870000,0.000000,3.643850
87,34.900000,13.400000,20.770000,0.000000,3.613857
88,34.900000,13.333333,20.657333,0.000000,3.638517
89,34.900000,13.133333,20.573333,0.000000,3.537450
90,34.900000,13.533333,20.780667,0.000000,3.634349
91,34.900000,13.366667,20.701333,0.000000,3.568952
92,34.900000,12.966667,20.700667,0.000000,3.664233
93,34.900000,13.566667,20.814667,0.000000,3.703456
94,34.900000,13.266667,20.665333,0.000000,3.628862
95,34.900000,13.433333,20.716667,0.000000,3.558239
96,34.900000,13.700000,20.735333,0.000000,3.506330
97,34.900000,13.666667,20.740000,0.000000,3.610534
98,34.933333,13.333333,20.680667,0.000000,3.639074
99,34.933333,13.533333,20.675333,0.000000,3.543105
100,34.933333,13.133333,20.650000,0.000000,3.695732
BestSdev: 1.101795, Time: 6m11.052826723s