gen,best,worst,mean,rep,sdev
1,32.600000,11.233333,20.741800,0.000000,3.620173
2,33.333333,10.966667,20.703933,0.000000,3.599849
3,33.733333,11.200000,20.762267,0.000000,3.621268
4,34.100000,11.266667,20.725733,0.000000,3.623878
5,34.366667,10.900000,20.752067,0.000000,3.621115
6,34.733333,11.166667,20.727800,0.000000,3.599760
7,34.733333,11.133333,20.736133,0.000000,3.586852
8,34.766667,11.133333,20.739733,0.000000,3.612410
9,34.833333,11.466667,20.744867,0.000000,3.631164
10,34.866667,11.333333,20.709667,0.000000,3.610170
11,34.966667,11.400000,20.663933,0.000000,3.589341
12,35.033333,11.633333,20.779800,0.000000,3.562842
13,35.066667,11.166667,20.709400,0.000000,3.618021
14,35.200000,11.233333,20.682200,0.000000,3.608612
15,35.233333,11.366667,20.719267,0.000000,3.582897
16,35.233333,11.033333,20.759333,0.000000,3.610336
17,35.233333,11.233333,20.745867,0.000000,3.603413
18,35.366667,11.233333,20.752467,0.000000,3.665973
19,35.433333,11.066667,20.716400,0.000000,3.637750
20,35.500000,11.333333,20.763133,0.000000,3.646310
21,35.500000,11.466667,20.737400,0.000000,3.591884
22,35.533333,11.500000,20.737933,0.000000,3.613403
23,35.566667,11.166667,20.684533,0.000000,3.618242
24,35.666667,11.400000,20.769067,0.000000,3.601699
25,35.700000,11.466667,20.744133,0.000000,3.645547
26,35.700000,11.333333,20.736667,0.000000,3.630922
27,35.700000,11.266667,20.738867,0.000000,3.589693
28,35.700000,11.000000,20.790867,0.000000,3.631714
29,35.700000,11.400000,20.716400,0.000000,3.603432
30,35.733333,11.166667,20.710133,0.000000,3.615574
31,35.733333,11.100000,20.691333,0.000000,3.599432
32,35.833333,11.300000,20.725067,0.000000,3.615653
33,35.833333,10.933333,20.783200,0.000000,3.669245
34,35.900000,11.233333,20.703800,0.000000,3.599178
35,35.933333,11.066667,20.722267,0.000000,3.624127
36,35.933333,11.466667,20.743400,0.000000,3.628131
37,35.966667,11.533333,20.726667,0.000000,3.603874
38,35.966667,11.300000,20.706933,0.000000,3.601958
39,35.966667,11.166667,20.715733,0.000000,3.605000
40,36.033333,11.266667,20.731400,0.000000,3.592101
41,36.066667,11.400000,20.727400,0.000000,3.615110
42,36.066667,11.200000,20.705867,0.000000,3.590420
43,36.066667,11.466667,20.757533,0.000000,3.613690
44,36.166667,11.166667,20.706867,0.000000,3.598298
45,36.166667,10.900000,20.704133,0.000000,3.641304
46,36.166667,11.400000,20.712933,0.000000,3.642131
47,36.166667,11.333333,20.768800,0.000000,3.635992
48,36.166667,10.966667,20.734267,0.000000,3.623647
49,36.166667,11.466667,20.773133,0.000000,3.597409
50,36.166667,11.400000,20.721400,0.000000,3.614735
51,36.166667,11.366667,20.749600,0.000000,3.604441
52,36.166667,11.166667,20.721333,0.000000,3.620872
53,36.166667,11.133333,20.718933,0.000000,3.602677
54,36.166667,11.333333,20.678133,0.000000,3.598390
55,36.166667,11.166667,20.715200,0.000000,3.613038
56,36.166667,11.200000,20.699533,0.000000,3.641998
57,36.166667,10.933333,20.677867,0.000000,3.624551
58,36.333333,11.366667,20.684067,0.000000,3.628937
59,36.366667,11.400000,20.743067,0.000000,3.627748
60,36.433333,11.166667,20.704800,0.000000,3.602902
61,36.433333,11.366667,20.744800,0.000000,3.579268
62,36.433333,11.366667,20.703333,0.000000,3.609959
63,36.500000,11.400000,20.704333,0.000000,3.614807
64,36.500000,11.233333,20.720067,0.000000,3.595604
65,36.566667,11.166667,20.731200,0.000000,3.619096
66,36.566667,11.266667,20.721733,0.000000,3.625565
67,36.566667,10.933333,20.773933,0.000000,3.615329
68,36.566667,11.000000,20.711000,0.000000,3.633642
69,36.566667,11.633333,20.772267,0.000000,3.626009
70,36.566667,10.866667,20.732867,0.000000,3.654634
71,36.566667,11.300000,20.752533,0.000000,3.627181
72,36.566667,11.166667,20.760067,0.000000,3.611538
73,36.600000,11.200000,20.754933,0.000000,3.589338
74,36.600000,11.333333,20.710667,0.000000,3.596684
75,36.666667,11.466667,20.739400,0.000000,3.637395
76,36.666667,11.166667,20.789667,0.000000,3.614465
77,36.666667,11.433333,20.803400,0.000000,3.641462
78,36.700000,11.066667,20.716000,0.000000,3.621532
79,36.700000,11.633333,20.747667,0.000000,3.631643
80,36.766667,11.333333,20.685733,0.000000,3.617785
81,36.766667,11.400000,20.800067,0.000000,3.624678
82,36.766667,11.133333,20.750600,0.000000,3.625773
83,36.766667,11.100000,20.684933,0.000000,3.686754
84,36.766667,11.366667,20.732600,0.000000,3.610351
85,36.766667,11.366667,20.763267,0.000000,3.613802
86,36.800000,11.266667,20.782133,0.000000,3.624662
87,36.800000,11.200000,20.719467,0.000000,3.588207
88,36.800000,11.266667,20.764067,0.000000,3.633307
89,36.833333,11.200000,20.700000,0.000000,3.635839
90,36.833333,11.066667,20.771467,0.000000,3.681322
91,36.833333,11.266667,20.759733,0.000000,3.581846
92,36.833333,11.033333,20.767267,0.000000,3.644576
93,36.833333,11.266667,20.764000,0.000000,3.604518
94,36.833333,11.233333,20.750333,0.000000,3.659261
95,36.833333,11.266667,20.716800,0.000000,3.601859
96,36.866667,11.200000,20.722467,0.000000,3.621343
97,36.933333,11.233333,20.796267,0.000000,3.644484
98,36.933333,11.166667,20.730800,0.000000,3.644386
99,36.933333,11.133333,20.766533,0.000000,3.636441
100,36.933333,11.266667,20.734067,0.000000,3.588934
101,36.966667,11.266667,20.758467,0.000000,3.629376
102,36.966667,11.466667,20.762333,0.000000,3.623059
103,36.966667,11.400000,20.764200,0.000000,3.609634
104,36.966667,11.100000,20.748400,0.000000,3.622968
105,36.966667,11.033333,20.683867,0.000000,3.600711
106,36.966667,11.433333,20.748600,0.000000,3.615676
107,36.966667,11.300000,20.692267,0.000000,3.588757
108,36.966667,11.100000,20.711133,0.000000,3.630057
109,36.966667,11.266667,20.735800,0.000000,3.641811
110,37.033333,11.366667,20.716867,0.000000,3.596623
111,37.033333,11.666667,20.810133,0.000000,3.597874
112,37.033333,11.200000,20.769000,0.000000,3.644814
113,37.066667,11.366667,20.767000,0.000000,3.611753
114,37.066667,11.133333,20.744267,0.000000,3.594772
115,37.133333,11.566667,20.745733,0.000000,3.616760
116,37.133333,11.400000,20.751867,0.000000,3.605316
117,37.133333,11.433333,20.720933,0.000000,3.596823
118,37.133333,11.366667,20.757333,0.000000,3.626598
119,37.133333,11.400000,20.742200,0.000000,3.607858
120,37.133333,11.333333,20.742600,0.000000,3.626922
121,37.133333,11.333333,20.707867,0.000000,3.619866
122,37.133333,11.133333,20.692133,0.000000,3.625912
123,37.200000,11.466667,20.748800,0.000000,3.614337
124,37.233333,11.500000,20.671667,0.000000,3.590905
125,37.233333,11.200000,20.697867,0.000000,3.626795
126,37.233333,11.300000,20.698867,0.000000,3.628448
127,37.233333,11.366667,20.691333,0.000000,3.620125
128,37.233333,11.500000,20.700533,0.000000,3.606898
129,37.233333,11.233333,20.731933,0.000000,3.613922
130,37.266667,11.200000,20.729467,0.000000,3.628091
131,37.266667,11.166667,20.743267,0.000000,3.590780
132,37.300000,11.200000,20.711867,0.000000,3.604427
133,37.300000,11.266667,20.727733,0.000000,3.604311
134,37.300000,11.066667,20.708200,0.000000,3.585918
135,37.300000,11.533333,20.767733,0.000000,3.620976
136,37.300000,11.133333,20.772200,0.000000,3.638081
137,37.300000,11.400000,20.768733,0.000000,3.626058
138,37.300000,11.333333,20.786867,0.000000,3.620098
139,37.300000,11.500000,20.753200,0.000000,3.625875
140,37.300000,11.366667,20.705600,0.000000,3.629102
141,37.300000,11.300000,20.728133,0.000000,3.628442
142,37.300000,11.200000,20.690400,0.000000,3.601543
143,37.333333,11.033333,20.671333,0.000000,3.618313
144,37.333333,11.366667,20.696733,0.000000,3.614142
145,37.333333,11.533333,20.762067,0.000000,3.590463
146,37.333333,11.433333,20.774067,0.000000,3.631201
147,37.333333,11.433333,20.740067,0.000000,3.668110
148,37.333333,11.333333,20.772467,0.000000,3.639197
149,37.333333,11.566667,20.739267,0.000000,3.616944
150,37.333333,11.233333,20.712200,0.000000,3.597131
151,37.466667,11.300000,20.704933,0.000000,3.603434
152,37.466667,11.266667,20.698333,0.000000,3.617705
153,37.466667,11.100000,20.727667,0.000000,3.613040
154,37.466667,11.266667,20.722067,0.000000,3.631276
155,37.533333,11.100000,20.754000,0.000000,3.647669
156,37.533333,11.133333,20.739533,0.000000,3.627276
157,37.533333,11.166667,20.741467,0.000000,3.626768
158,37.533333,11.133333,20.713533,0.000000,3.660453
159,37.533333,11.366667,20.735667,0.000000,3.633483
160,37.566667,10.866667,20.708600,0.000000,3.632722
161,37.566667,11.333333,20.705933,0.000000,3.592694
162,37.566667,10.933333,20.701533,0.000000,3.600441
163,37.566667,11.366667,20.760667,0.000000,3.609906
164,37.566667,11.200000,20.704800,0.000000,3.627363
165,37.566667,11.166667,20.713933,0.000000,3.614174
166,37.566667,11.300000,20.708400,0.000000,3.609340
167,37.566667,11.133333,20.738800,0.000000,3.596243
168,37.566667,11.300000,20.746267,0.000000,3.616623
169,37.566667,11.300000,20.735000,0.000000,3.639046
170,37.566667,11.033333,20.697733,0.000000,3.668039
171,37.566667,11.300000,20.724133,0.000000,3.598611
172,37.566667,11.433333,20.730000,0.000000,3.615231
173,37.566667,11.400000,20.732600,0.000000,3.621077
174,37.566667,11.000000,20.694467,0.000000,3.613514
175,37.566667,11.200000,20.730133,0.000000,3.623188
176,37.566667,11.366667,20.698267,0.000000,3.614696
177,37.566667,11.166667,20.737400,0.000000,3.611715
178,37.566667,11.433333,20.788600,0.000000,3.628144
179,37.566667,11.200000,20.745200,0.000000,3.611825
180,37.566667,11.400000,20.721933,0.000000,3.615711
181,37.566667,11.433333,20.741800,0.000000,3.600752
182,37.566667,11.366667,20.737533,0.000000,3.606269
183,37.566667,11.233333,20.701067,0.000000,3.610582
184,37.566667,11.266667,20.770533,0.000000,3.634091
185,37.566667,11.100000,20.776733,0.000000,3.589647
186,37.566667,11.433333,20.789800,0.000000,3.613673
187,37.566667,11.133333,20.785000,0.000000,3.568943
188,37.666667,11.300000,20.711733,0.000000,3.602674
189,37.666667,11.500000,20.692733,0.000000,3.565321
190,37.666667,11.500000,20.755867,0.000000,3.636511
191,37.666667,11.266667,20.749533,0.000000,3.596487
192,37.666667,10.966667,20.691200,0.000000,3.648335
193,37.666667,11.400000,20.698600,0.000000,3.599693
194,37.666667,11.600000,20.742267,0.000000,3.610751
195,37.666667,11.166667,20.698533,0.000000,3.617635
196,37.666667,11.366667,20.763400,0.000000,3.585623
197,37.666667,11.066667,20.744800,0.000000,3.634608
198,37.700000,11.266667,20.761467,0.000000,3.625802
199,37.700000,11.366667,20.761400,0.000000,3.608304
200,37.700000,10.966667,20.688000,0.000000,3.592754
201,37.700000,11.333333,20.708533,0.000000,3.630060
202,37.700000,11.066667,20.720933,0.000000,3.630251
203,37.700000,11.100000,20.696867,0.000000,3.632380
204,37.700000,11.466667,20.744733,0.000000,3.622615
205,37.700000,11.200000,20.714333,0.000000,3.631958
206,37.700000,11.566667,20.714733,0.000000,3.619836
207,37.700000,11.466667,20.750400,0.000000,3.593911
208,37.700000,11.033333,20.740933,0.000000,3.611122
209,37.700000,10.866667,20.689533,0.000000,3.584207
210,37.700000,11.333333,20.681000,0.000000,3.606834
211,37.700000,11.433333,20.729933,0.000000,3.591560
212,37.700000,11.333333,20.703600,0.000000,3.631646
213,37.700000,11.200000,20.678600,0.000000,3.638979
214,37.700000,11.666667,20.779200,0.000000,3.617839
215,37.700000,11.166667,20.701067,0.000000,3.596615
216,37.700000,11.400000,20.744467,0.000000,3.630989
217,37.700000,11.266667,20.721400,0.000000,3.592682
218,37.700000,11.400000,20.741000,0.000000,3.610008
219,37.700000,11.100000,20.729667,0.000000,3.638771
220,37.700000,11.266667,20.717867,0.000000,3.569563
221,37.700000,11.033333,20.758467,0.000000,3.639841
222,37.700000,11.333333,20.747067,0.000000,3.616179
223,37.700000,11.266667,20.698600,0.000000,3.630334
224,37.700000,11.600000,20.766533,0.000000,3.616372
225,37.700000,11.133333,20.730867,0.000000,3.560600
226,37.700000,11.366667,20.729400,0.000000,3.593584
227,37.700000,10.966667,20.744267,0.000000,3.608358
228,37.700000,11.666667,20.740933,0.000000,3.625698
229,37.700000,11.366667,20.739000,0.000000,3.611564
230,37.733333,11.200000,20.754133,0.000000,3.631997
231,37.733333,11.200000,20.677067,0.000000,3.620786
232,37.733333,11.400000,20.730333,0.000000,3.594600
233,37.766667,11.300000,20.758667,0.000000,3.625378
234,37.766667,10.933333,20.687800,0.000000,3.614389
235,37.766667,11.266667,20.704333,0.000000,3.609444
236,37.766667,11.066667,20.733067,0.000000,3.628211
237,37.766667,11.266667,20.767600,0.000000,3.599928
238,37.766667,11.200000,20.725600,0.000000,3.630625
239,37.800000,11.366667,20.729067,0.000000,3.649030
240,37.800000,11.133333,20.707933,0.000000,3.615765
241,37.800000,11.500000,20.778600,0.000000,3.605785
242,37.800000,11.333333,20.708533,0.000000,3.605755
243,37.800000,11.066667,20.678733,0.000000,3.649586
244,37.800000,11.200000,20.741333,0.000000,3.614026
245,37.800000,10.800000,20.737000,0.000000,3.591304
246,37.800000,11.300000,20.722667,0.000000,3.610507
247,37.800000,11.133333,20.703400,0.000000,3.583249
248,37.800000,11.166667,20.699933,0.000000,3.631183
249,37.800000,11.433333,20.689467,0.000000,3.616003
250,37.800000,11.433333,20.668600,0.000000,3.591097
251,37.833333,11.200000,20.690400,0.000000,3.578093
252,37.833333,11.200000,20.674067,0.000000,3.640410
253,37.833333,11.133333,20.737200,0.000000,3.632837
254,37.833333,11.200000,20.722200,0.000000,3.618362
255,37.833333,11.333333,20.696067,0.000000,3.596073
256,37.833333,11.633333,20.743200,0.000000,3.562322
257,37.833333,11.300000,20.775667,0.000000,3.613196
258,37.833333,11.466667,20.746267,0.000000,3.574519
259,37.833333,11.000000,20.763200,0.000000,3.629313
260,37.833333,11.466667,20.746400,0.000000,3.592536
261,37.833333,11.000000,20.697733,0.000000,3.624125
262,37.833333,11.400000,20.734000,0.000000,3.591345
263,37.833333,11.133333,20.744200,0.000000,3.627747
264,37.833333,11.000000,20.665800,0.000000,3.597363
265,37.833333,11.200000,20.708533,0.000000,3.602255
266,37.833333,11.300000,20.760867,0.000000,3.606571
267,37.833333,11.166667,20.720067,0.000000,3.628316
268,37.833333,11.133333,20.760800,0.000000,3.628018
269,37.833333,11.233333,20.727133,0.000000,3.615137
270,37.833333,11.300000,20.735133,0.000000,3.658557
271,37.833333,11.466667,20.761133,0.000000,3.600631
272,37.833333,11.400000,20.706533,0.000000,3.620104
273,37.833333,11.266667,20.712000,0.000000,3.598675
274,37.833333,11.266667,20.786467,0.000000,3.634950
275,37.900000,11.300000,20.688333,0.000000,3.590104
276,37.900000,11.233333,20.700733,0.000000,3.590739
277,37.900000,11.266667,20.751867,0.000000,3.620327
278,37.900000,11.066667,20.737933,0.000000,3.607336
279,37.900000,11.400000,20.753067,0.000000,3.625114
280,37.933333,10.966667,20.692000,0.000000,3.636034
281,37.933333,11.266667,20.730400,0.000000,3.639847
282,37.933333,11.400000,20.753867,0.000000,3.619597
283,37.933333,11.400000,20.707667,0.000000,3.634430
284,37.933333,11.266667,20.750333,0.000000,3.589622
285,37.933333,11.566667,20.745000,0.000000,3.578155
286,37.933333,11.500000,20.745000,0.000000,3.565515
287,37.933333,11.100000,20.685200,0.000000,3.610711
288,37.933333,11.300000,20.724400,0.000000,3.610280
289,37.933333,11.466667,20.753667,0.000000,3.596741
290,37.933333,11.200000,20.720267,0.000000,3.611966
291,37.933333,11.266667,20.690333,0.000000,3.592778
292,37.933333,10.933333,20.707733,0.000000,3.636509
293,37.933333,11.500000,20.757133,0.000000,3.634239
294,37.933333,11.300000,20.760867,0.000000,3.598705
295,37.933333,11.200000,20.724267,0.000000,3.609179
296,37.966667,11.366667,20.749867,0.000000,3.624803
297,37.966667,11.500000,20.715933,0.000000,3.584517
298,37.966667,11.333333,20.734133,0.000000,3.595623
299,37.966667,11.033333,20.734667,0.000000,3.660354
300,37.966667,11.366667,20.709133,0.000000,3.648683
301,37.966667,11.333333,20.725800,0.000000,3.607059
302,37.966667,11.400000,20.736267,0.000000,3.607429
303,37.966667,11.366667,20.732200,0.000000,3.626818
304,37.966667,11.366667,20.714733,0.000000,3.598120
305,37.966667,11.300000,20.718200,0.000000,3.622324
306,37.966667,11.366667,20.708733,0.000000,3.592935
307,37.966667,11.300000,20.692333,0.000000,3.644314
308,37.966667,11.433333,20.682533,0.000000,3.622912
309,37.966667,11.266667,20.718267,0.000000,3.605141
310,37.966667,10.966667,20.751200,0.000000,3.653762
311,37.966667,11.166667,20.717733,0.000000,3.643658
312,37.966667,11.333333,20.733533,0.000000,3.654132
313,37.966667,11.200000,20.735933,0.000000,3.626523
314,37.966667,11.200000,20.747533,0.000000,3.620686
315,37.966667,11.233333,20.660333,0.000000,3.589529
316,37.966667,11.366667,20.710800,0.000000,3.613929
317,38.000000,11.133333,20.745000,0.000000,3.617456
318,38.000000,11.000000,20.708467,0.000000,3.626910
319,38.000000,11.366667,20.722267,0.000000,3.551496
320,38.000000,11.333333,20.742000,0.000000,3.587584
321,38.000000,11.200000,20.738200,0.000000,3.639969
322,38.000000,11.200000,20.754867,0.000000,3.623731
323,38.000000,11.533333,20.746467,0.000000,3.598708
324,38.000000,11.033333,20.729533,0.000000,3.612495
325,38.000000,10.766667,20.781800,0.000000,3.657605
326,38.000000,11.600000,20.759333,0.000000,3.621726
327,38.000000,11.633333,20.722267,0.000000,3.550743
328,38.000000,11.366667,20.737800,0.000000,3.614284
329,38.000000,11.366667,20.763067,0.000000,3.608077
330,38.000000,11.733333,20.753933,0.000000,3.605218
331,38.033333,11.266667,20.753067,0.000000,3.604902
332,38.033333,11.366667,20.709800,0.000000,3.599305
333,38.033333,11.433333,20.708267,0.000000,3.607611
334,38.033333,11.533333,20.754133,0.000000,3.613943
335,38.033333,11.366667,20.714600,0.000000,3.594133
336,38.033333,11.100000,20.696800,0.000000,3.634891
337,38.033333,11.433333,20.772400,0.000000,3.614795
338,38.100000,11.333333,20.700133,0.000000,3.605022
339,38.100000,11.400000,20.683267,0.000000,3.605515
340,38.166667,11.200000,20.765400,0.000000,3.625654
341,38.166667,11.166667,20.738600,0.000000,3.617631
342,38.166667,11.100000,20.767667,0.000000,3.633637
343,38.166667,11.033333,20.740400,0.000000,3.666280
344,38.166667,11.233333,20.721467,0.000000,3.644338
345,38.166667,11.666667,20.741400,0.000000,3.626690
346,38.166667,11.233333,20.822867,0.000000,3.643601
347,38.200000,11.166667,20.788333,0.000000,3.610329
348,38.200000,11.400000,20.671667,0.000000,3.622530
349,38.200000,10.900000,20.726600,0.000000,3.668087
350,38.200000,11.533333,20.716000,0.000000,3.593934
351,38.200000,11.200000,20.766067,0.000000,3.649585
352,38.200000,11.500000,20.688067,0.000000,3.629545
353,38.200000,11.233333,20.713533,0.000000,3.573593
354,38.200000,11.400000,20.729867,0.000000,3.640093
355,38.200000,11.400000,20.755067,0.000000,3.625755
356,38.200000,11.266667,20.662267,0.000000,3.655584
357,38.200000,11.266667,20.729000,0.000000,3.639034
358,38.200000,11.633333,20.740533,0.000000,3.589858
359,38.200000,11.733333,20.701067,0.000000,3.612071
360,38.233333,11.300000,20.720733,0.000000,3.581132
361,38.233333,11.333333,20.740467,0.000000,3.625032
362,38.233333,11.166667,20.684733,0.000000,3.619665
363,38.233333,11.166667,20.732200,0.000000,3.580629
364,38.233333,11.033333,20.748333,0.000000,3.615406
365,38.233333,11.200000,20.707733,0.000000,3.646012
366,38.233333,11.333333,20.748000,0.000000,3.600118
367,38.233333,11.400000,20.756267,0.000000,3.607279
368,38.233333,11.366667,20.713200,0.000000,3.614858
369,38.233333,11.166667,20.691867,0.000000,3.606711
370,38.233333,11.233333,20.774200,0.000000,3.633078
371,38.233333,11.433333,20.754267,0.000000,3.600195
372,38.233333,11.333333,20.739200,0.000000,3.653805
373,38.233333,11.566667,20.727333,0.000000,3.609074
374,38.233333,11.366667,20.708933,0.000000,3.607126
375,38.233333,11.366667,20.667000,0.000000,3.574791
376,38.233333,10.933333,20.692467,0.000000,3.648160
377,38.233333,11.333333,20.728533,0.000000,3.587515
378,38.233333,11.033333,20.744333,0.000000,3.648517
379,38.233333,11.266667,20.754467,0.000000,3.579849
380,38.233333,11.166667,20.734600,0.000000,3.631462
381,38.233333,11.300000,20.709933,0.000000,3.612177
382,38.233333,11.133333,20.761467,0.000000,3.620280
383,38.233333,11.300000,20.721800,0.000000,3.597909
384,38.233333,11.733333,20.773267,0.000000,3.605354
385,38.233333,11.166667,20.716600,0.000000,3.588680
386,38.233333,11.366667,20.692733,0.033333,3.577688
387,38.233333,11.233333,20.752667,0.000000,3.653944
388,38.233333,11.266667,20.731533,0.000000,3.620026
389,38.233333,11.233333,20.740733,0.000000,3.647544
390,38.233333,11.300000,20.758467,0.000000,3.633454
391,38.233333,11.200000,20.776400,0.000000,3.604019
392,38.233333,11.366667,20.716267,0.000000,3.612241
393,38.233333,11.366667,20.737133,0.000000,3.611284
394,38.233333,11.266667,20.737467,0.000000,3.608081
395,38.233333,11.466667,20.784800,0.000000,3.664443
396,38.233333,11.366667,20.725600,0.000000,3.608971
397,38.233333,11.300000,20.695000,0.000000,3.597628
398,38.233333,11.366667,20.748800,0.000000,3.612734
399,38.233333,11.133333,20.750133,0.000000,3.634417
400,38.233333,11.433333,20.729400,0.000000,3.586802
401,38.233333,11.033333,20.726400,0.000000,3.667883
402,38.233333,11.166667,20.707333,0.000000,3.605934
403,38.233333,11.466667,20.735800,0.000000,3.598497
404,38.233333,11.566667,20.744133,0.000000,3.618629
405,38.233333,11.466667,20.738800,0.000000,3.626162
406,38.233333,11.233333,20.756133,0.000000,3.648105
407,38.300000,11.300000,20.681267,0.000000,3.597349
408,38.300000,11.066667,20.765533,0.000000,3.614476
409,38.300000,11.066667,20.678067,0.000000,3.574010
410,38.300000,11.200000,20.683467,0.000000,3.607743
411,38.300000,11.166667,20.735467,0.000000,3.621363
412,38.300000,11.066667,20.749667,0.000000,3.626266
413,38.300000,11.000000,20.751800,0.000000,3.600428
414,38.300000,11.366667,20.695400,0.000000,3.594926
415,38.300000,11.233333,20.703267,0.000000,3.572403
416,38.300000,11.566667,20.753133,0.000000,3.643501
417,38.300000,11.133333,20.702133,0.000000,3.611872
418,38.300000,11.366667,20.689933,0.000000,3.578260
419,38.300000,11.266667,20.755533,0.000000,3.643612
420,38.300000,11.566667,20.690600,0.000000,3.596263
421,38.300000,11.233333,20.763333,0.000000,3.668329
422,38.300000,11.066667,20.654333,0.000000,3.624348
423,38.300000,11.166667,20.774667,0.000000,3.613366
424,38.366667,11.100000,20.743067,0.000000,3.618701
425,38.366667,11.266667,20.752867,0.000000,3.607526
426,38.366667,11.300000,20.720667,0.000000,3.616089
427,38.366667,11.000000,20.760800,0.000000,3.635716
428,38.366667,11.300000,20.741467,0.000000,3.629795
429,38.366667,11.333333,20.730467,0.000000,3.588030
430,38.366667,11.166667,20.690000,0.000000,3.634852
431,38.366667,11.166667,20.744733,0.000000,3.606497
432,38.366667,11.166667,20.739000,0.000000,3.614000
433,38.366667,11.266667,20.669200,0.000000,3.622417
434,38.366667,11.100000,20.772200,0.000000,3.610914
435,38.366667,11.266667,20.684600,0.000000,3.591170
436,38.366667,11.333333,20.735000,0.000000,3.595369
437,38.366667,11.433333,20.672267,0.000000,3.594538
438,38.366667,11.300000,20.704933,0.000000,3.574644
439,38.366667,11.233333,20.695133,0.000000,3.600268
440,38.366667,11.233333,20.743533,0.000000,3.603586
441,38.366667,11.333333,20.689200,0.000000,3.586686
442,38.366667,11.000000,20.654800,0.000000,3.576160
443,38.366667,11.666667,20.728200,0.000000,3.595042
444,38.366667,11.400000,20.693000,0.000000,3.605833
445,38.366667,11.466667,20.725000,0.000000,3.629832
446,38.366667,11.366667,20.746933,0.000000,3.629938
447,38.366667,11.266667,20.733867,0.000000,3.654587
448,38.366667,11.266667,20.783867,0.000000,3.635018
449,38.366667,11.233333,20.740933,0.000000,3.606698
450,38.366667,11.200000,20.697867,0.000000,3.617059
451,38.366667,10.733333,20.702133,0.000000,3.620710
452,38.366667,11.200000,20.696400,0.000000,3.604528
453,38.366667,11.500000,20.658267,0.000000,3.625332
454,38.366667,11.566667,20.756400,0.000000,3.604322
455,38.366667,11.333333,20.742200,0.000000,3.620359
456,38.366667,11.500000,20.782600,0.000000,3.619864
457,38.366667,11.233333,20.729800,0.000000,3.619228
458,38.366667,11.200000,20.712733,0.000000,3.639825
459,38.366667,11.400000,20.724400,0.000000,3.633442
460,38.366667,11.066667,20.722133,0.000000,3.680032
461,38.366667,11.333333,20.718133,0.000000,3.599510
462,38.366667,11.233333,20.672933,0.000000,3.598427
463,38.366667,11.200000,20.770333,0.000000,3.634350
464,38.366667,11.400000,20.701600,0.000000,3.579411
465,38.366667,11.333333,20.758200,0.000000,3.630462
466,38.366667,11.566667,20.713600,0.000000,3.594009
467,38.366667,11.400000,20.749800,0.000000,3.610220
468,38.366667,11.333333,20.730600,0.000000,3.604331
469,38.366667,11.200000,20.728600,0.000000,3.609706
470,38.366667,11.600000,20.736867,0.000000,3.601605
471,38.366667,11.333333,20.758933,0.000000,3.573760
472,38.366667,11.500000,20.733067,0.000000,3.609759
473,38.366667,11.433333,20.758933,0.000000,3.600668
474,38.366667,11.433333,20.712667,0.000000,3.619679
475,38.433333,10.933333,20.746200,0.000000,3.612479
476,38.433333,10.900000,20.743333,0.000000,3.618059
477,38.433333,11.266667,20.712933,0.000000,3.588041
478,38.433333,11.300000,20.685267,0.000000,3.615932
479,38.433333,11.100000,20.710133,0.000000,3.596717
480,38.433333,11.266667,20.749400,0.000000,3.622904
481,38.433333,11.666667,20.764333,0.000000,3.609013
482,38.433333,11.433333,20.749800,0.000000,3.617505
483,38.433333,11.000000,20.796000,0.000000,3.618638
484,38.433333,10.933333,20.764000,0.000000,3.639975
485,38.433333,11.066667,20.730533,0.000000,3.561505
486,38.433333,11.200000,20.683600,0.000000,3.604808
487,38.433333,11.300000,20.761267,0.000000,3.609432
488,38.433333,11.333333,20.723933,0.000000,3.622638
489,38.433333,11.566667,20.728000,0.000000,3.604003
490,38.433333,11.333333,20.719000,0.000000,3.644663
491,38.433333,11.000000,20.733867,0.000000,3.620673
492,38.433333,11.433333,20.746800,0.000000,3.629873
493,38.433333,11.200000,20.744400,0.000000,3.661344
494,38.433333,11.366667,20.730800,0.000000,3.602901
495,38.433333,11.433333,20.759400,0.000000,3.614028
496,38.433333,11.600000,20.699800,0.000000,3.590737
497,38.433333,11.266667,20.740000,0.000000,3.613210
498,38.433333,11.133333,20.714333,0.000000,3.608346
499,38.433333,11.200000,20.732333,0.000000,3.647939
500,38.433333,11.066667,20.712600,0.000000,3.622413
BestSdev: 0.914537, Time: 4h28m22.058801092s