gen,best,worst,mean,rep,sdev
1,31.833333,10.966667,20.741933,0.000000,3.642716
2,32.933333,11.033333,20.748933,0.000000,3.619678
3,33.433333,11.366667,20.717933,0.000000,3.610592
4,33.700000,10.933333,20.742467,0.000000,3.613529
5,33.933333,11.000000,20.725067,0.000000,3.637502
6,34.300000,11.000000,20.762800,0.000000,3.640222
7,34.333333,11.233333,20.699267,0.000000,3.583120
8,34.333333,11.233333,20.684733,0.000000,3.584688
9,34.366667,11.300000,20.710000,0.000000,3.630302
10,34.466667,11.300000,20.779933,0.000000,3.627380
11,34.566667,11.500000,20.722467,0.000000,3.641401
12,34.733333,11.000000,20.736200,0.000000,3.618496
13,34.966667,11.333333,20.713467,0.000000,3.591075
14,35.133333,11.233333,20.699333,0.000000,3.602204
15,35.166667,11.433333,20.747867,0.000000,3.600838
16,35.166667,10.966667,20.698333,0.000000,3.617225
17,35.166667,11.200000,20.714200,0.000000,3.611113
18,35.200000,11.233333,20.704000,0.000000,3.605954
19,35.266667,11.200000,20.814000,0.000000,3.623918
20,35.266667,11.366667,20.730467,0.000000,3.642146
21,35.300000,11.133333,20.740867,0.000000,3.612205
22,35.300000,11.066667,20.712200,0.000000,3.629045
23,35.333333,11.000000,20.713267,0.000000,3.605350
24,35.333333,11.333333,20.784867,0.000000,3.640843
25,35.433333,11.266667,20.718733,0.000000,3.621979
26,35.433333,11.266667,20.730867,0.000000,3.640550
27,35.466667,11.066667,20.739533,0.000000,3.593452
28,35.533333,11.000000,20.719267,0.000000,3.640701
29,35.600000,11.333333,20.735067,0.000000,3.587558
30,35.666667,11.233333,20.756267,0.000000,3.646872
31,35.800000,10.933333,20.686200,0.000000,3.620895
32,35.800000,11.266667,20.721400,0.000000,3.605124
33,35.833333,11.466667,20.764200,0.000000,3.631406
34,35.833333,11.300000,20.727200,0.000000,3.635347
35,35.866667,11.233333,20.709467,0.000000,3.630430
36,35.866667,11.200000,20.761867,0.000000,3.651691
37,35.866667,11.200000,20.675600,0.000000,3.640000
38,35.866667,11.366667,20.709333,0.000000,3.619124
39,35.900000,11.133333,20.746867,0.000000,3.611912
40,35.900000,11.533333,20.762667,0.000000,3.589808
41,35.900000,11.566667,20.753267,0.000000,3.607291
42,35.900000,11.400000,20.745533,0.000000,3.657465
43,35.933333,11.166667,20.691600,0.000000,3.640522
44,35.933333,11.166667,20.707000,0.000000,3.613652
45,36.100000,11.500000,20.715267,0.000000,3.601179
46,36.133333,11.333333,20.718133,0.000000,3.623238
47,36.233333,11.133333,20.756400,0.000000,3.612736
48,36.233333,11.166667,20.713133,0.000000,3.588004
49,36.266667,11.300000,20.703133,0.000000,3.541556
50,36.266667,11.300000,20.720733,0.000000,3.645893
BestSdev: 0.902732, Time: 26m36.559473159s