gen,best,worst,mean,rep,sdev
1,31.533333,11.933333,20.723833,0.000000,3.568834
2,32.300000,11.800000,20.721167,0.000000,3.653669
3,32.866667,12.366667,20.823333,0.000000,3.569464
4,33.200000,11.966667,20.761333,0.000000,3.561939
5,33.533333,11.733333,20.754000,0.000000,3.616455
6,33.633333,12.266667,20.745333,0.000000,3.614656
7,33.766667,12.133333,20.711000,0.000000,3.547613
8,33.866667,12.033333,20.644167,0.000000,3.511458
9,33.966667,12.000000,20.710667,0.000000,3.595607
10,34.000000,11.633333,20.732000,0.000000,3.638507
11,34.000000,12.100000,20.659667,0.000000,3.655719
12,34.000000,11.900000,20.602333,0.000000,3.555273
13,34.100000,11.533333,20.670333,0.000000,3.661137
14,34.166667,12.100000,20.795333,0.000000,3.645649
15,34.166667,12.133333,20.678333,0.000000,3.587182
16,34.433333,12.466667,20.780167,0.000000,3.616716
17,34.433333,12.033333,20.740833,0.000000,3.631525
18,34.633333,12.033333,20.774667,0.000000,3.597702
19,34.633333,12.166667,20.728500,0.000000,3.593228
20,34.666667,11.833333,20.712667,0.000000,3.602705
21,34.766667,11.866667,20.774333,0.000000,3.622029
22,34.766667,11.833333,20.742833,0.000000,3.617385
23,34.866667,12.166667,20.727500,0.000000,3.633274
24,35.066667,12.000000,20.772000,0.000000,3.604210
25,35.066667,12.366667,20.768500,0.000000,3.611726
26,35.066667,12.333333,20.735500,0.000000,3.603584
27,35.066667,11.833333,20.780500,0.000000,3.623096
28,35.066667,11.800000,20.750833,0.000000,3.557578
29,35.133333,12.133333,20.676167,0.000000,3.520101
30,35.200000,12.066667,20.714667,0.000000,3.601824
31,35.200000,12.233333,20.720000,0.000000,3.618083
32,35.266667,11.800000,20.674667,0.000000,3.601410
33,35.266667,12.000000,20.705333,0.000000,3.606097
34,35.300000,12.066667,20.724333,0.000000,3.588745
35,35.300000,12.133333,20.658000,0.000000,3.644000
36,35.333333,12.000000,20.663667,0.000000,3.611913
37,35.433333,12.000000,20.713500,0.000000,3.661813
38,35.466667,11.933333,20.623333,0.000000,3.604871
39,35.466667,11.900000,20.702500,0.000000,3.624441
40,35.500000,11.766667,20.623500,0.000000,3.589509
41,35.500000,11.966667,20.722167,0.000000,3.588338
42,35.500000,12.133333,20.762000,0.000000,3.618206
43,35.500000,11.800000,20.738667,0.000000,3.592917
44,35.533333,11.966667,20.643667,0.000000,3.582135
45,35.533333,11.966667,20.757500,0.000000,3.638599
46,35.566667,12.100000,20.766833,0.000000,3.669224
47,35.633333,11.700000,20.723000,0.000000,3.621528
48,35.633333,11.833333,20.758000,0.000000,3.586027
49,35.666667,11.800000,20.709500,0.000000,3.610584
50,35.666667,11.833333,20.712667,0.000000,3.580856
51,35.666667,12.000000,20.727000,0.000000,3.565507
52,35.700000,11.766667,20.746167,0.000000,3.600265
53,35.733333,12.100000,20.633833,0.000000,3.625870
54,35.733333,11.966667,20.707833,0.000000,3.618391
55,35.733333,11.966667,20.682500,0.000000,3.620249
56,35.733333,11.800000,20.639833,0.000000,3.585634
57,35.800000,12.166667,20.776500,0.000000,3.631517
58,35.800000,11.866667,20.685667,0.000000,3.615147
59,35.800000,11.800000,20.789333,0.000000,3.608041
60,35.800000,12.333333,20.747333,0.000000,3.617477
61,35.800000,11.833333,20.619667,0.000000,3.588922
62,35.800000,12.033333,20.690667,0.000000,3.575077
63,35.800000,12.000000,20.732167,0.000000,3.640162
64,35.800000,12.300000,20.854333,0.000000,3.602856
65,35.833333,11.966667,20.749167,0.000000,3.602558
66,35.966667,12.033333,20.800500,0.000000,3.628305
67,36.033333,11.833333,20.675667,0.000000,3.664788
68,36.033333,11.733333,20.696667,0.000000,3.671266
69,36.033333,11.900000,20.783000,0.000000,3.645327
70,36.033333,12.133333,20.822167,0.000000,3.638787
71,36.066667,12.166667,20.708167,0.000000,3.597309
72,36.166667,12.100000,20.827667,0.000000,3.590780
73,36.166667,12.100000,20.717667,0.000000,3.630473
74,36.166667,11.866667,20.776333,0.000000,3.645933
75,36.166667,11.833333,20.798167,0.000000,3.604861
76,36.166667,12.000000,20.674000,0.000000,3.653414
77,36.166667,12.133333,20.760000,0.000000,3.565121
78,36.166667,11.966667,20.749333,0.000000,3.615700
79,36.166667,11.933333,20.710667,0.000000,3.580914
80,36.266667,11.900000,20.778500,0.000000,3.580873
81,36.266667,12.033333,20.696000,0.000000,3.603865
82,36.266667,11.966667,20.699167,0.000000,3.594691
83,36.266667,11.866667,20.729000,0.000000,3.617676
84,36.333333,12.033333,20.690833,0.000000,3.594992
85,36.333333,11.666667,20.716500,0.000000,3.629392
86,36.333333,12.166667,20.734500,0.000000,3.642983
87,36.333333,12.000000,20.721333,0.000000,3.578004
88,36.333333,12.000000,20.746500,0.000000,3.579946
89,36.333333,11.700000,20.723667,0.000000,3.564089
90,36.366667,12.233333,20.778000,0.000000,3.638873
91,36.366667,12.366667,20.748500,0.000000,3.579969
92,36.366667,12.133333,20.812000,0.000000,3.616239
93,36.366667,12.200000,20.762167,0.000000,3.598404
94,36.366667,11.833333,20.672167,0.000000,3.580828
95,36.366667,12.100000,20.753000,0.000000,3.514762
96,36.400000,12.000000,20.670000,0.000000,3.607196
97,36.400000,12.100000,20.695667,0.000000,3.613216
98,36.400000,12.166667,20.741833,0.000000,3.571042
99,36.400000,11.800000,20.833167,0.000000,3.651915
100,36.400000,11.966667,20.720667,0.000000,3.610871
101,36.400000,12.366667,20.795833,0.000000,3.566557
102,36.433333,12.000000,20.744667,0.000000,3.568666
103,36.500000,12.433333,20.733500,0.000000,3.591318
104,36.533333,12.066667,20.818833,0.000000,3.633105
105,36.533333,12.066667,20.667667,0.000000,3.644476
106,36.566667,12.066667,20.820333,0.000000,3.653302
107,36.566667,12.166667,20.669500,0.000000,3.606427
108,36.566667,11.933333,20.699167,0.000000,3.608167
109,36.566667,12.066667,20.670000,0.000000,3.587323
110,36.566667,11.833333,20.704667,0.000000,3.635664
111,36.566667,12.033333,20.676500,0.000000,3.632353
112,36.566667,11.966667,20.764167,0.000000,3.632800
113,36.566667,12.100000,20.732333,0.000000,3.583496
114,36.566667,11.900000,20.683333,0.000000,3.627179
115,36.633333,12.000000,20.748333,0.000000,3.584500
116,36.633333,12.433333,20.794500,0.000000,3.626178
117,36.633333,12.233333,20.805167,0.000000,3.616171
118,36.633333,12.033333,20.719500,0.000000,3.607344
119,36.633333,11.866667,20.760500,0.000000,3.625266
120,36.666667,11.900000,20.704833,0.000000,3.635208
121,36.666667,12.600000,20.688667,0.000000,3.579161
122,36.666667,12.266667,20.686833,0.000000,3.565824
123,36.666667,12.066667,20.718333,0.000000,3.630621
124,36.666667,12.033333,20.707000,0.000000,3.595463
125,36.666667,11.933333,20.728833,0.000000,3.586094
126,36.666667,11.966667,20.687667,0.000000,3.628430
127,36.833333,12.100000,20.712667,0.000000,3.634937
128,36.833333,11.966667,20.694667,0.000000,3.582006
129,36.833333,11.933333,20.727833,0.000000,3.614344
130,36.833333,12.333333,20.746167,0.000000,3.574168
131,36.833333,11.966667,20.710833,0.000000,3.668485
132,36.833333,12.466667,20.767500,0.000000,3.604287
133,36.833333,11.966667,20.761833,0.000000,3.614018
134,36.833333,11.900000,20.755667,0.000000,3.573679
135,36.833333,11.866667,20.725000,0.000000,3.678339
136,36.866667,11.900000,20.778500,0.000000,3.680904
137,36.866667,11.766667,20.729833,0.000000,3.631496
138,36.866667,12.000000,20.653667,0.000000,3.600219
139,36.866667,11.900000,20.699500,0.000000,3.600718
140,36.866667,12.000000,20.713333,0.000000,3.581443
141,36.866667,12.066667,20.785167,0.000000,3.648299
142,36.866667,12.200000,20.747333,0.000000,3.627423
143,36.866667,11.966667,20.768667,0.000000,3.572704
144,36.866667,12.033333,20.791500,0.000000,3.631987
145,36.966667,12.133333,20.667167,0.000000,3.578787
146,36.966667,11.833333,20.721500,0.000000,3.617427
147,36.966667,12.200000,20.744833,0.000000,3.602929
148,36.966667,12.033333,20.706000,0.000000,3.620802
149,36.966667,11.933333,20.790667,0.000000,3.609261
150,36.966667,12.066667,20.668167,0.000000,3.622554
151,36.966667,11.800000,20.711333,0.000000,3.683764
152,36.966667,12.400000,20.782500,0.000000,3.620449
153,36.966667,11.866667,20.714833,0.000000,3.606404
154,36.966667,12.366667,20.784833,0.000000,3.589282
155,36.966667,11.933333,20.731667,0.000000,3.570134
156,36.966667,11.900000,20.662333,0.000000,3.585717
157,36.966667,11.733333,20.682833,0.000000,3.558075
158,36.966667,12.100000,20.738500,0.000000,3.578449
159,36.966667,12.133333,20.748667,0.000000,3.593013
160,36.966667,11.900000,20.729667,0.000000,3.599746
161,36.966667,11.833333,20.716333,0.000000,3.637420
162,36.966667,12.000000,20.741000,0.000000,3.592317
163,36.966667,11.933333,20.705333,0.000000,3.578778
164,36.966667,11.866667,20.682833,0.000000,3.597338
165,36.966667,11.900000,20.727333,0.000000,3.574562
166,37.000000,12.000000,20.726500,0.000000,3.612530
167,37.000000,11.933333,20.684333,0.000000,3.631831
168,37.000000,11.900000,20.746667,0.000000,3.597007
169,37.000000,12.200000,20.707000,0.000000,3.585160
170,37.033333,12.200000,20.773167,0.000000,3.608240
171,37.066667,11.900000,20.742333,0.000000,3.622616
172,37.066667,12.100000,20.727833,0.000000,3.593902
173,37.066667,11.766667,20.765000,0.000000,3.641849
174,37.100000,12.066667,20.675833,0.000000,3.603459
175,37.100000,12.233333,20.805167,0.000000,3.644069
176,37.100000,12.200000,20.692333,0.000000,3.582882
177,37.100000,12.100000,20.639500,0.000000,3.590209
178,37.100000,11.833333,20.729167,0.000000,3.664391
179,37.100000,12.066667,20.726500,0.000000,3.613235
180,37.100000,12.200000,20.778833,0.000000,3.664899
181,37.100000,11.933333,20.737500,0.000000,3.639793
182,37.100000,12.300000,20.790833,0.000000,3.605519
183,37.100000,12.133333,20.797833,0.000000,3.549452
184,37.100000,12.000000,20.711000,0.000000,3.605297
185,37.100000,12.033333,20.615167,0.000000,3.602866
186,37.100000,11.933333,20.656000,0.000000,3.569886
187,37.100000,12.233333,20.775333,0.000000,3.624261
188,37.100000,11.933333,20.748833,0.000000,3.541984
189,37.100000,11.833333,20.740833,0.000000,3.611685
190,37.100000,12.100000,20.835667,0.000000,3.632014
191,37.100000,12.166667,20.744667,0.000000,3.561870
192,37.100000,12.600000,20.686333,0.000000,3.561357
193,37.100000,11.866667,20.748500,0.000000,3.658795
194,37.133333,11.966667,20.775667,0.000000,3.622886
195,37.133333,11.766667,20.725500,0.000000,3.595645
196,37.133333,11.666667,20.654667,0.000000,3.614204
197,37.200000,11.900000,20.724833,0.000000,3.648005
198,37.200000,11.600000,20.682833,0.000000,3.668006
199,37.200000,12.133333,20.722333,0.000000,3.574050
200,37.200000,11.933333,20.769667,0.000000,3.656966
201,37.200000,12.033333,20.682667,0.000000,3.611345
202,37.200000,11.966667,20.673167,0.000000,3.615919
203,37.200000,11.833333,20.762833,0.000000,3.587298
204,37.200000,12.066667,20.688167,0.000000,3.651414
205,37.200000,12.000000,20.754333,0.000000,3.599811
206,37.200000,11.733333,20.667833,0.000000,3.575733
207,37.200000,12.066667,20.698000,0.000000,3.611100
208,37.200000,11.566667,20.734167,0.000000,3.656747
209,37.200000,12.033333,20.743333,0.000000,3.566207
210,37.200000,12.000000,20.737667,0.000000,3.661562
211,37.200000,11.966667,20.698333,0.000000,3.613415
212,37.200000,11.766667,20.722833,0.000000,3.595731
213,37.300000,11.933333,20.753667,0.000000,3.608029
214,37.300000,12.133333,20.709000,0.000000,3.585501
215,37.300000,11.800000,20.753833,0.000000,3.666131
216,37.300000,11.700000,20.710333,0.000000,3.662367
217,37.300000,12.266667,20.747667,0.000000,3.622744
218,37.300000,12.133333,20.706667,0.000000,3.594071
219,37.300000,11.933333,20.683667,0.000000,3.573337
220,37.300000,11.866667,20.681667,0.000000,3.579530
221,37.300000,12.133333,20.749667,0.000000,3.576439
222,37.300000,12.100000,20.759000,0.000000,3.614056
223,37.300000,11.733333,20.776167,0.000000,3.664498
224,37.333333,11.633333,20.765833,0.000000,3.665330
225,37.333333,11.866667,20.697000,0.000000,3.651460
226,37.333333,12.066667,20.802167,0.000000,3.586150
227,37.333333,11.933333,20.722500,0.000000,3.608277
228,37.333333,12.233333,20.794500,0.000000,3.609732
229,37.333333,12.133333,20.750500,0.000000,3.642926
230,37.333333,12.133333,20.732333,0.000000,3.635492
231,37.333333,12.300000,20.706333,0.000000,3.591387
232,37.333333,12.133333,20.718667,0.000000,3.609967
233,37.333333,11.800000,20.687833,0.000000,3.609197
234,37.333333,12.266667,20.745333,0.000000,3.578736
235,37.333333,11.600000,20.662500,0.000000,3.592239
236,37.333333,12.000000,20.697667,0.000000,3.584628
237,37.333333,12.100000,20.699667,0.000000,3.607531
238,37.333333,11.900000,20.801500,0.000000,3.641958
239,37.333333,12.100000,20.739500,0.000000,3.608709
240,37.333333,11.900000,20.695000,0.000000,3.602273
241,37.333333,12.200000,20.724167,0.000000,3.605526
242,37.366667,12.033333,20.733167,0.000000,3.601998
243,37.366667,12.600000,20.722333,0.000000,3.577778
244,37.366667,12.300000,20.757167,0.000000,3.579259
245,37.366667,11.800000,20.789833,0.000000,3.597907
246,37.366667,11.800000,20.715833,0.000000,3.530698
247,37.366667,12.233333,20.720000,0.000000,3.626605
248,37.366667,11.500000,20.794000,0.000000,3.682498
249,37.366667,12.366667,20.697000,0.000000,3.604532
250,37.366667,11.800000,20.788500,0.000000,3.646362
251,37.366667,11.766667,20.751500,0.000000,3.658822
252,37.366667,12.400000,20.781167,0.000000,3.587886
253,37.366667,12.033333,20.602500,0.000000,3.574317
254,37.366667,11.800000,20.770000,0.000000,3.580438
255,37.366667,12.666667,20.795000,0.000000,3.551939
256,37.366667,11.900000,20.806167,0.000000,3.654706
257,37.366667,11.900000,20.763167,0.000000,3.604124
258,37.366667,12.366667,20.720333,0.000000,3.668938
259,37.366667,11.966667,20.745167,0.000000,3.613548
260,37.366667,11.900000,20.731000,0.000000,3.651201
261,37.366667,11.966667,20.733167,0.000000,3.569700
262,37.366667,12.133333,20.641167,0.000000,3.588452
263,37.366667,12.300000,20.726833,0.000000,3.564757
264,37.366667,12.233333,20.783667,0.000000,3.583022
265,37.366667,11.833333,20.716833,0.000000,3.607533
266,37.366667,11.833333,20.782833,0.000000,3.665579
267,37.400000,12.000000,20.788000,0.000000,3.615209
268,37.433333,11.933333,20.668333,0.000000,3.622861
269,37.433333,12.200000,20.657667,0.000000,3.565557
270,37.433333,12.366667,20.783333,0.000000,3.586701
271,37.433333,12.066667,20.753500,0.000000,3.592033
272,37.433333,12.266667,20.743167,0.000000,3.614537
273,37.433333,11.833333,20.741333,0.000000,3.625332
274,37.433333,11.900000,20.781167,0.000000,3.587030
275,37.433333,11.566667,20.708500,0.000000,3.653384
276,37.433333,11.900000,20.729333,0.000000,3.587381
277,37.433333,11.700000,20.682667,0.000000,3.615954
278,37.433333,12.400000,20.717167,0.000000,3.585534
279,37.433333,12.000000,20.640667,0.000000,3.600301
280,37.433333,11.866667,20.696833,0.000000,3.615860
281,37.433333,12.100000,20.749833,0.000000,3.583938
282,37.433333,11.666667,20.669833,0.000000,3.541144
283,37.433333,11.800000,20.691500,0.000000,3.596751
284,37.433333,12.033333,20.714167,0.000000,3.709720
285,37.433333,11.833333,20.659000,0.000000,3.659251
286,37.433333,12.133333,20.745500,0.000000,3.579630
287,37.433333,11.833333,20.659500,0.000000,3.630872
288,37.433333,11.766667,20.747833,0.000000,3.591136
289,37.433333,12.100000,20.754667,0.000000,3.622563
290,37.433333,11.933333,20.738667,0.000000,3.586742
291,37.433333,11.700000,20.833667,0.000000,3.660408
292,37.433333,12.100000,20.733833,0.000000,3.630482
293,37.433333,12.266667,20.780500,0.000000,3.641585
294,37.433333,11.900000,20.751333,0.000000,3.600692
295,37.433333,12.166667,20.762000,0.000000,3.610180
296,37.433333,11.800000,20.748500,0.000000,3.638892
297,37.433333,11.866667,20.664333,0.000000,3.567353
298,37.433333,12.300000,20.712833,0.000000,3.552515
299,37.433333,11.766667,20.774167,0.000000,3.607334
300,37.433333,12.166667,20.703500,0.000000,3.626157
301,37.433333,11.866667,20.771000,0.000000,3.652239
302,37.433333,12.000000,20.745333,0.000000,3.659935
303,37.433333,11.966667,20.722833,0.000000,3.551685
304,37.433333,12.233333,20.668333,0.000000,3.597349
305,37.433333,12.000000,20.801833,0.000000,3.569989
306,37.433333,11.866667,20.792667,0.000000,3.577451
307,37.433333,11.533333,20.729833,0.000000,3.591428
308,37.433333,11.866667,20.673333,0.000000,3.601108
309,37.433333,11.800000,20.673667,0.000000,3.629646
310,37.433333,12.233333,20.743833,0.000000,3.580061
311,37.433333,12.166667,20.705167,0.000000,3.641757
312,37.500000,12.233333,20.715167,0.000000,3.631380
313,37.500000,11.600000,20.737000,0.000000,3.626009
314,37.500000,12.233333,20.626667,0.000000,3.618006
315,37.500000,12.100000,20.734667,0.000000,3.658396
316,37.500000,12.066667,20.773500,0.000000,3.566094
317,37.500000,11.800000,20.750667,0.000000,3.613000
318,37.500000,11.800000,20.712667,0.000000,3.634060
319,37.500000,11.766667,20.708667,0.000000,3.706242
320,37.500000,11.800000,20.747333,0.000000,3.620211
321,37.500000,12.133333,20.758500,0.000000,3.614660
322,37.500000,11.533333,20.753667,0.000000,3.703815
323,37.500000,12.133333,20.704167,0.000000,3.568007
324,37.500000,11.966667,20.628500,0.000000,3.650608
325,37.500000,12.133333,20.844500,0.000000,3.633921
326,37.500000,12.166667,20.788833,0.000000,3.609734
327,37.500000,11.833333,20.670833,0.000000,3.625033
328,37.500000,12.100000,20.659167,0.000000,3.652941
329,37.500000,12.100000,20.634833,0.000000,3.619380
330,37.500000,11.966667,20.731333,0.000000,3.630168
331,37.500000,11.933333,20.695667,0.000000,3.592034
332,37.500000,12.100000,20.802667,0.000000,3.668838
333,37.500000,11.933333,20.787500,0.000000,3.645634
334,37.500000,12.066667,20.662333,0.000000,3.593390
335,37.500000,11.800000,20.784333,0.000000,3.594208
336,37.500000,12.000000,20.655000,0.000000,3.558209
337,37.500000,12.500000,20.711833,0.000000,3.530485
338,37.500000,11.966667,20.742833,0.000000,3.583508
339,37.500000,12.266667,20.722333,0.000000,3.589265
340,37.533333,11.866667,20.798167,0.000000,3.654627
341,37.533333,11.866667,20.755667,0.000000,3.634766
342,37.533333,11.866667,20.792833,0.000000,3.602047
343,37.533333,11.933333,20.700667,0.000000,3.619563
344,37.533333,12.233333,20.708333,0.000000,3.596078
345,37.533333,11.833333,20.788000,0.000000,3.634871
346,37.533333,11.766667,20.748167,0.000000,3.643198
347,37.533333,11.766667,20.777000,0.000000,3.605842
348,37.533333,12.000000,20.713500,0.000000,3.615443
349,37.533333,11.800000,20.720167,0.000000,3.622070
350,37.533333,11.966667,20.687667,0.000000,3.621313
351,37.533333,12.033333,20.805333,0.000000,3.624425
352,37.533333,12.000000,20.705333,0.000000,3.663634
353,37.533333,12.233333,20.770000,0.000000,3.575212
354,37.533333,12.000000,20.632333,0.000000,3.555284
355,37.533333,11.833333,20.699167,0.000000,3.635428
356,37.533333,11.600000,20.737000,0.000000,3.620867
357,37.533333,11.966667,20.786167,0.000000,3.624455
358,37.533333,12.200000,20.757667,0.000000,3.613984
359,37.533333,11.966667,20.773667,0.000000,3.604649
360,37.533333,11.933333,20.791333,0.000000,3.635418
361,37.533333,11.900000,20.734500,0.000000,3.612582
362,37.533333,12.100000,20.721667,0.000000,3.637448
363,37.533333,11.933333,20.783833,0.000000,3.637207
364,37.533333,11.833333,20.764000,0.000000,3.619014
365,37.566667,12.033333,20.721667,0.000000,3.636234
366,37.566667,12.300000,20.800167,0.000000,3.668325
367,37.566667,11.833333,20.662167,0.000000,3.569616
368,37.566667,12.233333,20.713333,0.000000,3.557141
369,37.566667,12.266667,20.701333,0.000000,3.610539
370,37.566667,11.866667,20.728167,0.000000,3.631631
371,37.566667,12.300000,20.709500,0.000000,3.622037
372,37.566667,11.966667,20.723833,0.000000,3.621864
373,37.566667,11.866667,20.690833,0.000000,3.580052
374,37.566667,11.900000,20.675000,0.000000,3.605511
375,37.566667,11.666667,20.767167,0.000000,3.671936
376,37.566667,11.766667,20.841333,0.000000,3.677311
377,37.566667,12.033333,20.738500,0.000000,3.647197
378,37.566667,12.000000,20.743500,0.000000,3.570383
379,37.566667,12.166667,20.694000,0.000000,3.651798
380,37.566667,12.166667,20.788333,0.000000,3.576397
381,37.566667,11.666667,20.705000,0.000000,3.613488
382,37.566667,12.066667,20.737000,0.000000,3.615265
383,37.566667,11.900000,20.713500,0.000000,3.575308
384,37.566667,12.200000,20.710333,0.000000,3.633238
385,37.566667,11.966667,20.769000,0.000000,3.586289
386,37.566667,12.033333,20.763167,0.000000,3.593246
387,37.566667,12.033333,20.717500,0.000000,3.623909
388,37.566667,11.500000,20.761167,0.000000,3.620232
389,37.566667,12.100000,20.640167,0.000000,3.622279
390,37.566667,12.266667,20.712167,0.000000,3.577547
391,37.566667,11.833333,20.773000,0.000000,3.607804
392,37.566667,12.033333,20.798000,0.000000,3.606580
393,37.566667,12.000000,20.730000,0.000000,3.622749
394,37.566667,12.166667,20.733500,0.000000,3.649306
395,37.600000,11.900000,20.765833,0.000000,3.694102
396,37.600000,12.300000,20.700333,0.000000,3.585534
397,37.600000,11.900000,20.754500,0.000000,3.618908
398,37.600000,12.200000,20.739500,0.000000,3.556157
399,37.600000,11.866667,20.690667,0.000000,3.624792
400,37.600000,12.033333,20.651500,0.000000,3.632645
401,37.600000,11.600000,20.739000,0.000000,3.618171
402,37.600000,11.866667,20.675667,0.000000,3.612912
403,37.600000,12.033333,20.660833,0.000000,3.618691
404,37.600000,12.066667,20.770667,0.000000,3.642290
405,37.600000,11.800000,20.696000,0.000000,3.666059
406,37.600000,12.200000,20.700667,0.000000,3.602612
407,37.600000,11.733333,20.778500,0.000000,3.674626
408,37.600000,11.933333,20.826500,0.000000,3.648163
409,37.600000,11.966667,20.753500,0.000000,3.589131
410,37.600000,12.066667,20.699333,0.000000,3.647164
411,37.600000,11.833333,20.810000,0.000000,3.576368
412,37.600000,12.266667,20.750167,0.000000,3.571046
413,37.600000,11.766667,20.782167,0.000000,3.633585
414,37.600000,12.000000,20.731000,0.000000,3.627856
415,37.600000,11.866667,20.728333,0.000000,3.600216
416,37.600000,11.866667,20.599333,0.000000,3.597238
417,37.600000,11.900000,20.623500,0.000000,3.650512
418,37.600000,12.100000,20.732667,0.000000,3.595882
419,37.600000,12.366667,20.687333,0.000000,3.582019
420,37.600000,12.233333,20.762833,0.000000,3.632603
421,37.600000,11.966667,20.699167,0.000000,3.595962
422,37.600000,12.233333,20.621000,0.000000,3.582838
423,37.600000,11.833333,20.730667,0.000000,3.586554
424,37.600000,12.100000,20.714500,0.000000,3.609243
425,37.600000,11.500000,20.708667,0.000000,3.655455
426,37.600000,12.033333,20.803000,0.000000,3.642310
427,37.600000,12.366667,20.829500,0.000000,3.642328
428,37.600000,12.066667,20.699000,0.000000,3.584420
429,37.600000,12.166667,20.776667,0.000000,3.628666
430,37.600000,12.200000,20.732167,0.000000,3.611806
431,37.600000,12.133333,20.714833,0.000000,3.615284
432,37.600000,12.066667,20.734833,0.000000,3.590907
433,37.600000,12.166667,20.788000,0.000000,3.583570
434,37.600000,11.833333,20.673500,0.000000,3.637923
435,37.600000,12.133333,20.725667,0.000000,3.627152
436,37.600000,12.233333,20.756500,0.000000,3.632279
437,37.600000,12.000000,20.658667,0.000000,3.580815
438,37.600000,12.300000,20.772167,0.000000,3.618816
439,37.600000,12.000000,20.688833,0.000000,3.670163
440,37.600000,12.033333,20.794667,0.000000,3.653680
441,37.600000,12.366667,20.778667,0.000000,3.554386
442,37.600000,11.866667,20.673000,0.000000,3.596796
443,37.600000,12.066667,20.820167,0.000000,3.602094
444,37.600000,11.866667,20.687333,0.000000,3.595732
445,37.600000,12.166667,20.702667,0.000000,3.574400
446,37.600000,11.866667,20.769167,0.000000,3.609958
447,37.600000,11.600000,20.728500,0.000000,3.580141
448,37.600000,12.000000,20.665167,0.000000,3.633008
449,37.600000,12.200000,20.755000,0.000000,3.602054
450,37.633333,11.966667,20.782333,0.000000,3.629938
451,37.633333,12.133333,20.718500,0.000000,3.620647
452,37.633333,11.666667,20.667333,0.000000,3.595853
453,37.633333,11.866667,20.715500,0.000000,3.633197
454,37.633333,11.833333,20.727333,0.000000,3.597644
455,37.633333,12.066667,20.735333,0.000000,3.669839
456,37.633333,12.033333,20.799000,0.000000,3.616592
457,37.633333,11.900000,20.691000,0.000000,3.580855
458,37.633333,11.833333,20.706500,0.000000,3.610836
459,37.633333,12.333333,20.682167,0.000000,3.628035
460,37.633333,11.866667,20.692833,0.000000,3.639624
461,37.633333,11.700000,20.694667,0.000000,3.599906
462,37.633333,11.966667,20.772167,0.000000,3.591525
463,37.633333,12.200000,20.685333,0.000000,3.617158
464,37.633333,11.933333,20.752333,0.000000,3.582536
465,37.633333,12.066667,20.682833,0.000000,3.630893
466,37.633333,12.033333,20.805833,0.000000,3.622068
467,37.633333,11.966667,20.742333,0.000000,3.564428
468,37.633333,12.066667,20.692833,0.000000,3.615812
469,37.633333,11.900000,20.697833,0.000000,3.609282
470,37.700000,12.166667,20.699000,0.000000,3.574690
471,37.700000,11.933333,20.718500,0.000000,3.587225
472,37.700000,12.233333,20.751500,0.000000,3.580374
473,37.700000,12.033333,20.672500,0.000000,3.557983
474,37.700000,12.166667,20.725333,0.000000,3.582105
475,37.700000,11.800000,20.688167,0.000000,3.642720
476,37.766667,12.200000,20.729333,0.000000,3.593914
477,37.766667,12.033333,20.737833,0.000000,3.625122
478,37.766667,11.900000,20.782500,0.000000,3.617061
479,37.766667,11.833333,20.734667,0.000000,3.610881
480,37.766667,12.133333,20.630833,0.000000,3.561589
481,37.766667,12.066667,20.668833,0.000000,3.576738
482,37.766667,12.166667,20.728000,0.000000,3.604646
483,37.766667,12.266667,20.704333,0.000000,3.591466
484,37.766667,11.866667,20.748500,0.000000,3.573836
485,37.766667,11.966667,20.755333,0.000000,3.605108
486,37.766667,12.133333,20.821833,0.000000,3.674050
487,37.766667,12.066667,20.717500,0.000000,3.575244
488,37.766667,11.933333,20.726833,0.000000,3.559212
489,37.766667,12.200000,20.765000,0.000000,3.592826
490,37.766667,11.933333,20.707333,0.000000,3.595486
491,37.766667,11.900000,20.658500,0.000000,3.578933
492,37.766667,12.166667,20.667333,0.000000,3.612720
493,37.766667,12.000000,20.700167,0.000000,3.613043
494,37.766667,12.333333,20.717000,0.000000,3.632714
495,37.766667,12.300000,20.810667,0.000000,3.677123
496,37.766667,12.133333,20.715500,0.000000,3.592685
497,37.766667,12.133333,20.782667,0.000000,3.622367
498,37.766667,12.033333,20.728333,0.000000,3.583012
499,37.766667,11.800000,20.652667,0.000000,3.604022
500,37.766667,11.700000,20.683833,0.000000,3.579963
BestSdev: 0.935383, Time: 1h57m35.681290094s