gen,best,worst,mean,rep,sdev
1,33.400000,11.266667,20.755600,0.000000,3.646386
2,34.166667,11.366667,20.764800,0.000000,3.601754
3,34.600000,11.466667,20.714067,0.000000,3.567048
4,34.766667,11.100000,20.708200,0.000000,3.591185
5,34.900000,11.000000,20.734800,0.000000,3.610215
6,34.900000,11.200000,20.711800,0.000000,3.639172
7,35.100000,11.333333,20.750067,0.000000,3.646569
8,35.233333,11.600000,20.745467,0.000000,3.609883
9,35.300000,11.200000,20.722400,0.000000,3.614743
10,35.300000,11.500000,20.771600,0.000000,3.588352
11,35.466667,11.066667,20.721267,0.000000,3.625944
12,35.666667,11.466667,20.732400,0.000000,3.662591
13,35.700000,11.266667,20.727800,0.000000,3.633429
14,35.733333,11.133333,20.784867,0.000000,3.644708
15,35.766667,11.066667,20.769933,0.000000,3.626942
16,35.766667,11.200000,20.729800,0.000000,3.606590
17,35.766667,11.366667,20.733600,0.000000,3.604010
18,35.833333,11.166667,20.703867,0.000000,3.667854
19,35.833333,11.300000,20.727667,0.000000,3.623911
20,35.833333,11.366667,20.755200,0.000000,3.608466
BestSdev: 0.632585, Time: 11m18.624044459s