gen,best,worst,mean,rep,sdev
1,28.533333,14.433333,20.951667,0.000000,3.690900
2,29.400000,15.233333,20.888333,0.000000,3.320844
3,30.266667,14.933333,20.890000,0.000000,3.603817
4,30.533333,14.500000,20.776667,0.000000,3.520291
5,30.600000,14.833333,20.825000,0.000000,3.394268
6,30.900000,14.200000,20.496667,0.000000,3.698640
7,30.966667,14.233333,20.665000,0.000000,3.439973
8,31.000000,14.366667,20.601667,0.000000,3.474727
9,31.100000,14.766667,20.690000,0.000000,3.453508
10,31.266667,14.566667,20.851667,0.000000,3.530695
11,31.366667,14.000000,20.616667,0.000000,3.460284
12,31.466667,14.966667,20.981667,0.000000,3.253402
13,31.466667,14.833333,20.775000,0.000000,3.392428
14,31.533333,14.800000,20.925000,0.000000,3.426836
15,31.700000,14.200000,20.806667,0.000000,3.676912
16,31.733333,14.633333,21.030000,0.000000,3.499031
17,31.800000,14.000000,20.571667,0.000000,3.462752
18,31.900000,14.400000,20.910000,0.000000,3.607935
19,32.033333,14.700000,20.933333,0.000000,3.635901
20,32.033333,14.233333,20.713333,0.000000,3.479427
21,32.033333,14.566667,20.580000,0.000000,3.301722
22,32.100000,14.166667,20.898333,0.000000,3.653475
23,32.100000,14.300000,20.688333,0.000000,3.417975
24,32.200000,14.600000,20.521667,0.000000,3.484287
25,32.333333,14.266667,20.933333,0.000000,3.627800
26,32.433333,14.533333,20.708333,0.000000,3.565304
27,32.533333,14.433333,20.745000,0.000000,3.537228
28,32.666667,14.366667,20.766667,0.000000,3.400504
29,32.700000,14.700000,20.825000,0.000000,3.552331
30,32.700000,14.566667,20.735000,0.000000,3.459534
31,32.700000,14.666667,20.606667,0.000000,3.455961
32,32.700000,14.233333,20.635000,0.000000,3.530775
33,32.733333,14.133333,20.696667,0.000000,3.562279
34,32.733333,14.633333,20.818333,0.000000,3.445854
35,32.833333,14.533333,20.756667,0.000000,3.390684
36,32.966667,14.600000,20.755000,0.000000,3.359239
37,33.066667,14.500000,20.713333,0.000000,3.431693
38,33.133333,14.233333,20.948333,0.000000,3.700569
39,33.166667,13.733333,20.511667,0.000000,3.554487
40,33.300000,14.600000,20.711667,0.000000,3.592771
41,33.400000,13.900000,20.826667,0.000000,3.682920
42,33.400000,14.700000,20.566667,0.000000,3.338775
43,33.400000,14.466667,20.688333,0.000000,3.523133
44,33.466667,14.200000,20.653333,0.000000,3.565223
45,33.466667,14.500000,20.781667,0.000000,3.422742
46,33.466667,14.866667,20.746667,0.000000,3.342976
47,33.466667,15.000000,20.776667,0.000000,3.423131
48,33.466667,14.166667,20.780000,0.000000,3.713906
49,33.466667,15.000000,20.623333,0.000000,3.325660
50,33.466667,14.300000,20.816667,0.000000,3.469443
51,33.466667,14.300000,20.648333,0.000000,3.430026
52,33.466667,14.200000,20.821667,0.000000,3.565139
53,33.466667,14.400000,20.693333,0.000000,3.536515
54,33.466667,14.166667,20.663333,0.000000,3.467875
55,33.466667,14.533333,21.038333,0.000000,3.482633
56,33.466667,14.266667,20.756667,0.000000,3.558813
57,33.600000,14.233333,20.691667,0.000000,3.484435
58,33.600000,14.000000,20.763333,0.000000,3.510819
59,33.633333,14.233333,20.680000,0.000000,3.623454
60,33.666667,14.233333,20.776667,0.000000,3.635130
61,33.666667,14.866667,20.898333,0.000000,3.313465
62,33.666667,14.366667,20.820000,0.000000,3.522556
63,33.733333,14.533333,20.591667,0.000000,3.552312
64,33.733333,14.500000,20.778333,0.000000,3.556763
65,33.733333,14.666667,20.860000,0.000000,3.419382
66,33.733333,14.500000,20.751667,0.000000,3.486112
67,33.800000,14.166667,20.618333,0.000000,3.497649
68,33.833333,14.866667,20.825000,0.000000,3.539057
69,33.833333,14.366667,20.553333,0.000000,3.445718
70,33.866667,14.400000,20.590000,0.000000,3.494846
71,33.866667,14.466667,20.585000,0.000000,3.521916
72,33.866667,14.300000,20.750000,0.000000,3.550953
73,33.866667,14.400000,20.825000,0.000000,3.592727
74,33.866667,14.966667,20.985000,0.000000,3.439679
75,33.866667,14.700000,21.020000,0.000000,3.453943
76,33.866667,14.433333,20.776667,0.000000,3.597915
77,33.866667,14.400000,20.801667,0.000000,3.517514
78,33.900000,13.833333,20.653333,0.000000,3.595508
79,33.900000,14.500000,20.761667,0.000000,3.535373
80,33.900000,14.466667,20.876667,0.000000,3.535330
81,33.900000,14.933333,20.881667,0.000000,3.404770
82,33.900000,14.133333,20.670000,0.000000,3.516299
83,33.900000,14.766667,21.021667,0.000000,3.464895
84,33.933333,14.233333,20.915000,0.000000,3.672890
85,33.933333,14.100000,20.598333,0.000000,3.520556
86,33.933333,14.233333,20.748333,0.000000,3.455882
87,33.933333,14.333333,20.646667,0.000000,3.481724
88,33.966667,14.100000,20.853333,0.000000,3.430203
89,33.966667,14.533333,20.678333,0.000000,3.303328
90,34.000000,14.033333,20.533333,0.000000,3.559784
91,34.033333,14.600000,20.798333,0.000000,3.511291
92,34.033333,14.000000,20.450000,0.000000,3.507576
93,34.033333,14.433333,20.755000,0.000000,3.475415
94,34.066667,14.700000,20.660000,0.000000,3.490680
95,34.066667,14.333333,20.828333,0.000000,3.627101
96,34.066667,14.433333,20.753333,0.000000,3.541248
97,34.066667,14.366667,20.623333,0.000000,3.520818
98,34.066667,13.966667,20.666667,0.000000,3.447108
99,34.066667,14.400000,20.735000,0.000000,3.465947
100,34.066667,14.500000,20.888333,0.000000,3.658310
BestSdev: 1.148952, Time: 2m50.624723513s