gen,best,worst,mean,rep,sdev
1,31.266667,11.633333,20.657833,0.000000,3.604287
2,32.333333,12.000000,20.708333,0.000000,3.605054
3,32.866667,12.533333,20.771000,0.000000,3.541724
4,33.066667,12.000000,20.667167,0.000000,3.580563
5,33.233333,11.700000,20.704833,0.000000,3.587881
6,33.666667,11.933333,20.663833,0.000000,3.603026
7,33.800000,12.033333,20.646167,0.000000,3.621050
8,34.300000,12.266667,20.664833,0.000000,3.612039
9,34.433333,12.200000,20.749833,0.000000,3.582732
10,34.466667,12.300000,20.746667,0.000000,3.560167
11,34.466667,12.533333,20.776000,0.000000,3.597458
12,34.500000,12.066667,20.746167,0.000000,3.608745
13,34.500000,11.766667,20.692000,0.000000,3.602049
14,34.600000,12.033333,20.773500,0.000000,3.600808
15,34.633333,11.833333,20.771833,0.000000,3.636511
16,34.800000,12.366667,20.817667,0.000000,3.614414
17,34.833333,12.233333,20.829667,0.000000,3.619069
18,34.833333,12.033333,20.678667,0.000000,3.578826
19,34.833333,11.933333,20.701167,0.000000,3.562460
20,34.833333,12.233333,20.748000,0.000000,3.585380
BestSdev: 0.962601, Time: 4m22.791318947s