gen,best,worst,mean,rep,sdev
1,16.533333,11.333333,13.768667,0.000000,1.075926
2,16.833333,11.333333,13.798000,0.000000,1.079770
3,17.066667,11.166667,13.776000,0.000000,1.088446
4,17.133333,11.400000,13.840667,0.000000,1.056370
5,17.300000,11.300000,13.803333,0.000000,1.092681
6,17.333333,11.333333,13.814333,0.000000,1.077573
7,17.366667,11.266667,13.786667,0.000000,1.109215
8,17.500000,11.366667,13.797667,0.000000,1.084248
9,17.566667,11.400000,13.768667,0.000000,1.079347
10,17.566667,11.300000,13.782000,0.000000,1.089665
11,17.600000,11.366667,13.810000,0.000000,1.086629
12,17.600000,11.433333,13.809333,0.000000,1.052058
13,17.600000,11.433333,13.817333,0.000000,1.093287
14,17.600000,11.600000,13.819000,0.000000,1.066353
15,17.633333,11.366667,13.776333,0.000000,1.088544
16,17.633333,11.333333,13.794333,0.000000,1.069290
17,17.633333,11.366667,13.796667,0.000000,1.065173
18,17.633333,11.366667,13.841000,0.000000,1.087927
19,17.633333,11.366667,13.791333,0.000000,1.079763
20,17.633333,11.300000,13.808000,0.000000,1.096463
21,17.666667,11.300000,13.779333,0.000000,1.092411
22,17.733333,11.200000,13.849333,0.000000,1.092290
23,17.733333,11.200000,13.797000,0.000000,1.086741
24,17.766667,11.366667,13.791000,0.000000,1.082632
25,17.866667,11.333333,13.821333,0.000000,1.089043
26,17.900000,11.466667,13.814333,0.000000,1.066791
27,17.900000,11.366667,13.824667,0.000000,1.075050
28,17.900000,11.400000,13.804000,0.000000,1.092920
29,17.900000,11.366667,13.784000,0.000000,1.091872
30,17.900000,11.333333,13.823333,0.000000,1.092836
31,17.900000,11.266667,13.826000,0.000000,1.083809
32,17.933333,11.600000,13.804333,0.000000,1.084016
33,17.933333,11.266667,13.797667,0.000000,1.060109
34,17.933333,11.533333,13.792667,0.000000,1.047474
35,17.933333,11.333333,13.801000,0.000000,1.087893
36,17.933333,11.333333,13.823000,0.000000,1.092650
37,17.933333,11.433333,13.810000,0.000000,1.073809
38,17.966667,11.133333,13.760333,0.000000,1.081748
39,17.966667,11.300000,13.826667,0.000000,1.092410
40,17.966667,11.366667,13.816000,0.000000,1.061801
41,17.966667,11.300000,13.790667,0.000000,1.090716
42,17.966667,11.300000,13.806667,0.000000,1.093499
43,17.966667,11.300000,13.827333,0.000000,1.086446
44,17.966667,11.366667,13.804000,0.000000,1.079093
45,17.966667,11.066667,13.798000,0.000000,1.089254
46,18.033333,11.433333,13.806000,0.000000,1.082110
47,18.033333,11.200000,13.786000,0.000000,1.060650
48,18.033333,11.366667,13.792000,0.000000,1.063218
49,18.033333,11.233333,13.795667,0.000000,1.080312
50,18.033333,11.433333,13.814000,0.000000,1.077638
51,18.033333,11.333333,13.769000,0.000000,1.064509
52,18.033333,11.333333,13.814000,0.000000,1.081549
53,18.033333,11.400000,13.795000,0.000000,1.053932
54,18.033333,11.333333,13.799000,0.000000,1.083174
55,18.033333,11.133333,13.798667,0.000000,1.102931
56,18.033333,11.433333,13.826333,0.000000,1.102522
57,18.033333,11.266667,13.784000,0.000000,1.067995
58,18.033333,11.400000,13.838000,0.000000,1.088491
59,18.033333,11.200000,13.784667,0.000000,1.086313
60,18.033333,11.433333,13.850667,0.000000,1.090084
61,18.033333,11.500000,13.801667,0.000000,1.075955
62,18.033333,11.333333,13.787333,0.000000,1.081994
63,18.033333,11.366667,13.810333,0.000000,1.056100
64,18.033333,11.300000,13.765000,0.000000,1.100902
65,18.033333,11.466667,13.810000,0.000000,1.111156
66,18.033333,11.466667,13.816667,0.000000,1.069807
67,18.033333,11.366667,13.794333,0.000000,1.108779
68,18.033333,11.400000,13.821333,0.000000,1.080609
69,18.033333,11.366667,13.784667,0.000000,1.066891
70,18.033333,11.300000,13.836333,0.000000,1.086922
71,18.033333,11.333333,13.786667,0.000000,1.078775
72,18.100000,11.333333,13.823333,0.000000,1.081738
73,18.100000,11.400000,13.796333,0.000000,1.096540
74,18.100000,11.133333,13.775667,0.000000,1.074012
75,18.100000,11.333333,13.815333,0.000000,1.095945
76,18.100000,11.233333,13.804667,0.000000,1.068876
77,18.100000,11.400000,13.802667,0.000000,1.070793
78,18.100000,11.366667,13.799333,0.000000,1.079410
79,18.133333,11.400000,13.830000,0.000000,1.084875
80,18.133333,11.366667,13.826333,0.000000,1.082947
81,18.133333,11.466667,13.819333,0.000000,1.078603
82,18.133333,11.466667,13.793667,0.000000,1.068139
83,18.166667,11.266667,13.803000,0.000000,1.066773
84,18.166667,11.200000,13.776000,0.000000,1.101824
85,18.166667,11.233333,13.782333,0.000000,1.068013
86,18.200000,11.433333,13.860333,0.000000,1.093274
87,18.200000,11.433333,13.843333,0.000000,1.064991
88,18.200000,11.433333,13.830667,0.000000,1.073043
89,18.200000,11.133333,13.798333,0.000000,1.107669
90,18.200000,11.433333,13.839667,0.000000,1.081887
91,18.200000,11.466667,13.813000,0.000000,1.097140
92,18.200000,11.233333,13.779667,0.000000,1.080444
93,18.200000,11.333333,13.809333,0.000000,1.076464
94,18.200000,11.333333,13.827667,0.000000,1.091749
95,18.200000,11.200000,13.804333,0.000000,1.109556
96,18.200000,11.366667,13.793000,0.000000,1.065163
97,18.200000,11.300000,13.809000,0.000000,1.062619
98,18.200000,11.333333,13.829667,0.000000,1.097943
99,18.200000,11.333333,13.800333,0.000000,1.079241
100,18.200000,11.433333,13.775667,0.000000,1.071055
BestSdev: 0.301565, Time: 9m3.620284194s