gen,best,worst,mean,rep,sdev
1,16.800000,11.033333,13.817333,0.000000,1.078872
2,17.166667,10.966667,13.812333,0.000000,1.106438
3,17.233333,11.000000,13.779833,0.000000,1.097857
4,17.400000,10.966667,13.801500,0.000000,1.098816
5,17.433333,11.100000,13.806333,0.000000,1.093001
6,17.500000,10.966667,13.793333,0.000000,1.091813
7,17.533333,11.000000,13.784833,0.000000,1.080126
8,17.600000,11.133333,13.799667,0.000000,1.076610
9,17.666667,11.133333,13.787000,0.000000,1.085977
10,17.700000,11.133333,13.799167,0.000000,1.081249
11,17.766667,11.133333,13.801000,0.000000,1.078389
12,17.800000,10.933333,13.809000,0.000000,1.093241
13,17.866667,11.033333,13.795000,0.000000,1.092149
14,17.866667,11.166667,13.785167,0.000000,1.086643
15,17.866667,11.166667,13.806833,0.000000,1.082320
16,17.866667,11.100000,13.818833,0.000000,1.097322
17,17.866667,11.033333,13.819500,0.000000,1.085927
18,17.866667,11.033333,13.807833,0.000000,1.090430
19,17.900000,11.233333,13.793833,0.000000,1.097103
20,17.900000,11.066667,13.791000,0.000000,1.102466
21,17.933333,10.966667,13.793000,0.000000,1.080307
22,17.966667,11.033333,13.802000,0.000000,1.093165
23,18.000000,11.033333,13.792667,0.000000,1.089641
24,18.000000,11.000000,13.818833,0.000000,1.089049
25,18.000000,11.033333,13.796000,0.000000,1.085627
26,18.000000,11.033333,13.818500,0.000000,1.101462
27,18.000000,11.166667,13.791833,0.000000,1.074591
28,18.000000,11.066667,13.803500,0.000000,1.087744
29,18.033333,11.133333,13.817833,0.000000,1.082486
30,18.033333,11.000000,13.781167,0.000000,1.080459
31,18.033333,10.933333,13.806833,0.000000,1.076496
32,18.066667,11.100000,13.797333,0.000000,1.081322
33,18.100000,11.000000,13.833500,0.000000,1.088145
34,18.100000,11.033333,13.792167,0.000000,1.092415
35,18.100000,11.000000,13.793333,0.000000,1.075315
36,18.133333,11.100000,13.822667,0.000000,1.092484
37,18.133333,11.166667,13.795000,0.000000,1.076233
38,18.166667,11.033333,13.786333,0.000000,1.078773
39,18.166667,11.100000,13.799667,0.000000,1.101575
40,18.166667,11.100000,13.791500,0.000000,1.089453
41,18.166667,10.966667,13.802000,0.000000,1.089378
42,18.166667,11.100000,13.784833,0.000000,1.083516
43,18.166667,11.000000,13.789667,0.000000,1.072148
44,18.166667,11.133333,13.819333,0.000000,1.085735
45,18.166667,10.966667,13.801333,0.000000,1.087056
46,18.166667,11.066667,13.808000,0.000000,1.090127
47,18.166667,11.166667,13.803000,0.000000,1.066396
48,18.166667,11.100000,13.806667,0.000000,1.089708
49,18.166667,11.133333,13.780667,0.000000,1.067908
50,18.166667,11.066667,13.784333,0.000000,1.073137
BestSdev: 0.299003, Time: 8m41.348265928s