gen,best,worst,mean,rep,sdev
1,16.966667,11.000000,13.784333,0.000000,1.091115
2,17.233333,10.966667,13.816333,0.000000,1.077094
3,17.300000,11.033333,13.789667,0.000000,1.088829
4,17.466667,11.033333,13.803500,0.000000,1.081609
5,17.500000,11.000000,13.797000,0.000000,1.096480
6,17.633333,11.166667,13.824667,0.000000,1.090798
7,17.666667,11.200000,13.821667,0.000000,1.086420
8,17.733333,11.133333,13.821667,0.000000,1.082300
9,17.733333,11.066667,13.816333,0.000000,1.087192
10,17.766667,10.866667,13.777833,0.000000,1.102374
11,17.800000,11.133333,13.792833,0.000000,1.086455
12,17.833333,11.100000,13.823333,0.000000,1.092806
13,17.933333,11.133333,13.824000,0.000000,1.082551
14,17.933333,11.000000,13.806833,0.000000,1.087122
15,17.966667,11.266667,13.816000,0.000000,1.087212
16,18.000000,11.133333,13.801000,0.000000,1.076859
17,18.000000,11.166667,13.779500,0.000000,1.072993
18,18.000000,11.033333,13.794667,0.000000,1.067728
19,18.033333,11.133333,13.836833,0.000000,1.092886
20,18.066667,11.166667,13.806500,0.000000,1.086197
21,18.066667,11.033333,13.810167,0.000000,1.092278
22,18.066667,11.200000,13.786833,0.000000,1.093862
23,18.066667,11.066667,13.828500,0.000000,1.108649
24,18.066667,11.166667,13.799000,0.000000,1.069561
25,18.066667,11.133333,13.802167,0.000000,1.068981
26,18.066667,11.033333,13.795167,0.000000,1.096045
27,18.066667,11.033333,13.819333,0.000000,1.078660
28,18.066667,11.066667,13.798167,0.000000,1.083651
29,18.066667,11.133333,13.802500,0.000000,1.094758
30,18.066667,10.966667,13.805167,0.000000,1.077810
31,18.066667,11.000000,13.814000,0.000000,1.082165
32,18.066667,11.033333,13.824333,0.000000,1.091858
33,18.100000,11.133333,13.801167,0.000000,1.079481
34,18.100000,11.100000,13.825833,0.000000,1.088324
35,18.100000,11.000000,13.786000,0.000000,1.098513
36,18.100000,11.066667,13.791167,0.000000,1.084404
37,18.100000,11.100000,13.814333,0.000000,1.094180
38,18.100000,11.333333,13.813500,0.000000,1.071087
39,18.100000,10.933333,13.795167,0.000000,1.104580
40,18.100000,11.000000,13.807000,0.000000,1.077258
41,18.100000,11.033333,13.810167,0.000000,1.089867
42,18.100000,11.133333,13.826333,0.000000,1.094267
43,18.100000,11.133333,13.791000,0.000000,1.078096
44,18.100000,10.966667,13.791167,0.000000,1.083680
45,18.100000,11.000000,13.814167,0.000000,1.087270
46,18.100000,11.100000,13.804500,0.000000,1.097626
47,18.100000,11.166667,13.811833,0.000000,1.101926
48,18.100000,11.200000,13.818000,0.000000,1.086831
49,18.100000,11.200000,13.791500,0.000000,1.073394
50,18.100000,11.133333,13.782000,0.000000,1.091636
51,18.100000,11.200000,13.795500,0.000000,1.069673
52,18.133333,11.000000,13.800000,0.000000,1.085560
53,18.133333,11.033333,13.808500,0.000000,1.075223
54,18.133333,11.100000,13.784833,0.000000,1.085907
55,18.166667,11.066667,13.797000,0.000000,1.089054
56,18.166667,11.166667,13.770500,0.000000,1.078515
57,18.166667,11.066667,13.796167,0.000000,1.097481
58,18.166667,11.133333,13.799333,0.000000,1.087639
59,18.166667,11.100000,13.817000,0.000000,1.061763
60,18.166667,11.066667,13.818333,0.000000,1.090993
61,18.166667,11.100000,13.812333,0.000000,1.080511
62,18.166667,11.166667,13.833500,0.000000,1.080523
63,18.166667,11.200000,13.798833,0.000000,1.076334
64,18.166667,11.100000,13.787500,0.000000,1.087779
65,18.166667,11.200000,13.825500,0.000000,1.082187
66,18.166667,11.100000,13.804000,0.000000,1.080890
67,18.166667,11.066667,13.779833,0.000000,1.078000
68,18.166667,10.966667,13.801667,0.000000,1.092809
69,18.166667,11.033333,13.814500,0.000000,1.083246
70,18.166667,11.166667,13.816000,0.000000,1.105567
71,18.166667,11.066667,13.844500,0.000000,1.095699
72,18.166667,11.133333,13.786333,0.000000,1.092214
73,18.200000,11.100000,13.796833,0.000000,1.081953
74,18.200000,10.933333,13.802167,0.000000,1.109048
75,18.200000,11.166667,13.799667,0.000000,1.090073
76,18.200000,11.133333,13.790667,0.000000,1.075690
77,18.200000,11.066667,13.813167,0.000000,1.086113
78,18.200000,11.033333,13.776667,0.000000,1.094249
79,18.200000,11.033333,13.817167,0.000000,1.088221
80,18.200000,11.033333,13.797167,0.000000,1.081156
81,18.200000,11.166667,13.812167,0.000000,1.088560
82,18.200000,11.033333,13.833833,0.000000,1.093651
83,18.200000,11.100000,13.797000,0.000000,1.091698
84,18.200000,11.033333,13.802000,0.000000,1.099610
85,18.200000,11.066667,13.828000,0.000000,1.072273
86,18.200000,11.033333,13.814500,0.000000,1.084147
87,18.200000,11.200000,13.808667,0.000000,1.092568
88,18.200000,11.066667,13.816833,0.000000,1.085459
89,18.200000,11.133333,13.827333,0.000000,1.092349
90,18.200000,11.033333,13.812333,0.000000,1.099775
91,18.233333,11.133333,13.810667,0.000000,1.072540
92,18.233333,11.000000,13.801333,0.000000,1.089437
93,18.233333,11.233333,13.806167,0.000000,1.094927
94,18.233333,11.066667,13.791667,0.000000,1.088467
95,18.233333,11.266667,13.816000,0.000000,1.088419
96,18.233333,11.066667,13.819667,0.000000,1.100302
97,18.233333,11.066667,13.791833,0.000000,1.086524
98,18.233333,11.000000,13.797500,0.000000,1.088056
99,18.233333,11.033333,13.821333,0.000000,1.106959
100,18.233333,10.966667,13.798167,0.000000,1.087458
BestSdev: 0.219797, Time: 17m11.626040412s