gen,best,worst,mean,rep,sdev
1,16.633333,11.400000,13.825333,0.000000,1.078263
2,16.800000,11.500000,13.787333,0.000000,1.070262
3,16.900000,11.433333,13.796333,0.000000,1.066571
4,17.033333,11.500000,13.845667,0.000000,1.088471
5,17.133333,11.400000,13.798667,0.000000,1.081825
6,17.166667,11.466667,13.802000,0.000000,1.040244
7,17.200000,11.400000,13.780000,0.000000,1.084161
8,17.333333,11.000000,13.792333,0.000000,1.119038
9,17.333333,11.200000,13.847667,0.000000,1.105139
10,17.433333,11.300000,13.795000,0.000000,1.084805
11,17.500000,11.400000,13.823667,0.000000,1.084352
12,17.566667,11.200000,13.804667,0.000000,1.102581
13,17.600000,11.166667,13.777000,0.000000,1.087614
14,17.633333,11.133333,13.813667,0.000000,1.080852
15,17.666667,11.433333,13.827333,0.000000,1.079025
16,17.700000,11.366667,13.808000,0.000000,1.070539
17,17.733333,11.200000,13.809333,0.000000,1.097833
18,17.733333,11.133333,13.807000,0.000000,1.080710
19,17.733333,11.233333,13.821667,0.000000,1.090713
20,17.733333,11.266667,13.808000,0.000000,1.102320
21,17.733333,11.333333,13.778333,0.000000,1.052624
22,17.766667,11.300000,13.841000,0.000000,1.070577
23,17.766667,11.300000,13.781667,0.000000,1.076052
24,17.766667,11.566667,13.829000,0.000000,1.072123
25,17.766667,11.400000,13.826000,0.000000,1.065824
26,17.800000,11.400000,13.799667,0.000000,1.101063
27,17.800000,11.466667,13.824333,0.000000,1.074700
28,17.800000,11.366667,13.838333,0.000000,1.094397
29,17.833333,11.500000,13.802667,0.000000,1.083972
30,17.866667,11.400000,13.826000,0.000000,1.080843
31,17.866667,11.300000,13.786333,0.000000,1.095567
32,17.866667,11.266667,13.788667,0.000000,1.073434
33,17.866667,11.433333,13.813333,0.000000,1.059685
34,17.900000,11.300000,13.794333,0.000000,1.085571
35,17.933333,11.300000,13.783333,0.000000,1.075393
36,17.933333,11.400000,13.767000,0.000000,1.093342
37,17.933333,11.400000,13.806667,0.000000,1.066192
38,17.966667,11.266667,13.821667,0.000000,1.085860
39,17.966667,11.333333,13.800000,0.000000,1.059031
40,17.966667,11.433333,13.786667,0.000000,1.053124
41,17.966667,11.400000,13.801667,0.000000,1.064645
42,17.966667,11.300000,13.786333,0.000000,1.091586
43,17.966667,11.300000,13.786667,0.000000,1.080514
44,17.966667,11.366667,13.787333,0.000000,1.093576
45,18.000000,11.433333,13.824333,0.000000,1.087580
46,18.033333,11.300000,13.781667,0.000000,1.102322
47,18.033333,11.366667,13.793333,0.000000,1.059839
48,18.066667,11.266667,13.827333,0.000000,1.076123
49,18.066667,11.400000,13.805000,0.000000,1.069334
50,18.100000,11.266667,13.826000,0.000000,1.106352
51,18.133333,11.366667,13.819333,0.000000,1.091876
52,18.133333,11.366667,13.802333,0.000000,1.067222
53,18.133333,11.333333,13.818000,0.000000,1.096523
54,18.133333,11.333333,13.773000,0.000000,1.103812
55,18.166667,11.433333,13.817667,0.000000,1.076892
56,18.200000,11.400000,13.793333,0.000000,1.080196
57,18.200000,11.300000,13.786667,0.000000,1.073981
58,18.200000,11.400000,13.769000,0.000000,1.077785
59,18.200000,11.133333,13.814000,0.000000,1.109839
60,18.200000,11.400000,13.811667,0.000000,1.075995
61,18.233333,11.366667,13.803667,0.000000,1.065462
62,18.233333,11.300000,13.791333,0.000000,1.095104
63,18.233333,11.266667,13.785000,0.000000,1.072528
64,18.233333,11.400000,13.813333,0.000000,1.088380
65,18.266667,11.400000,13.802000,0.000000,1.073429
66,18.266667,11.266667,13.776667,0.000000,1.107106
67,18.266667,11.400000,13.829333,0.000000,1.078960
68,18.266667,11.300000,13.808333,0.000000,1.082396
69,18.266667,11.200000,13.827667,0.000000,1.086730
70,18.266667,11.333333,13.804667,0.000000,1.078232
71,18.266667,11.233333,13.782000,0.000000,1.093887
72,18.266667,11.400000,13.779333,0.000000,1.086931
73,18.266667,11.366667,13.799667,0.000000,1.089810
74,18.266667,11.300000,13.788667,0.000000,1.097856
75,18.266667,11.300000,13.807667,0.000000,1.077781
76,18.266667,11.466667,13.798333,0.000000,1.072872
77,18.266667,11.266667,13.794667,0.000000,1.106964
78,18.266667,11.266667,13.836667,0.000000,1.076087
79,18.266667,11.300000,13.788000,0.000000,1.072751
80,18.266667,11.300000,13.776667,0.000000,1.075265
81,18.266667,11.366667,13.795333,0.000000,1.060459
82,18.266667,11.633333,13.813000,0.000000,1.067136
83,18.266667,11.300000,13.852000,0.000000,1.065493
84,18.266667,11.466667,13.825667,0.000000,1.077741
85,18.266667,11.466667,13.796333,0.000000,1.056342
86,18.266667,11.300000,13.768333,0.000000,1.068418
87,18.266667,11.266667,13.805000,0.000000,1.064827
88,18.266667,11.366667,13.789000,0.000000,1.064081
89,18.266667,11.300000,13.833000,0.000000,1.069034
90,18.266667,11.166667,13.802000,0.000000,1.073160
91,18.266667,11.400000,13.797667,0.000000,1.090294
92,18.266667,11.266667,13.806000,0.000000,1.090545
93,18.266667,11.333333,13.803000,0.000000,1.091266
94,18.266667,11.400000,13.822667,0.000000,1.096167
95,18.266667,11.366667,13.778667,0.000000,1.058829
96,18.266667,11.100000,13.807333,0.000000,1.094517
97,18.266667,11.333333,13.810000,0.000000,1.074700
98,18.333333,11.433333,13.799333,0.000000,1.109977
99,18.333333,11.500000,13.807333,0.000000,1.051400
100,18.333333,11.333333,13.809667,0.000000,1.111616
101,18.333333,11.200000,13.786667,0.000000,1.084902
102,18.333333,11.366667,13.751000,0.000000,1.088106
103,18.333333,11.533333,13.850000,0.000000,1.066577
104,18.333333,11.300000,13.810667,0.000000,1.092624
105,18.333333,11.433333,13.817333,0.000000,1.069809
106,18.333333,11.300000,13.803667,0.000000,1.075426
107,18.333333,11.400000,13.809667,0.000000,1.055873
108,18.333333,11.333333,13.798667,0.000000,1.061671
109,18.333333,11.233333,13.806667,0.000000,1.090876
110,18.333333,11.400000,13.799333,0.000000,1.042974
111,18.333333,11.333333,13.810000,0.000000,1.080646
112,18.333333,11.366667,13.791000,0.000000,1.068747
113,18.333333,11.300000,13.775000,0.000000,1.066294
114,18.333333,11.233333,13.779333,0.000000,1.108408
115,18.333333,11.366667,13.818333,0.000000,1.076615
116,18.333333,11.433333,13.784333,0.000000,1.067317
117,18.333333,11.466667,13.853667,0.000000,1.086505
118,18.333333,11.366667,13.846667,0.000000,1.065235
119,18.333333,11.266667,13.774000,0.000000,1.096085
120,18.333333,11.366667,13.775667,0.000000,1.077237
121,18.333333,11.200000,13.802333,0.000000,1.082088
122,18.333333,11.300000,13.806000,0.000000,1.101743
123,18.333333,11.266667,13.811333,0.000000,1.090101
124,18.366667,11.300000,13.818000,0.000000,1.080418
125,18.400000,11.266667,13.821000,0.000000,1.115206
126,18.400000,11.266667,13.815000,0.000000,1.087300
127,18.400000,11.300000,13.833667,0.000000,1.099088
128,18.400000,11.400000,13.782667,0.000000,1.081671
129,18.400000,11.400000,13.796333,0.000000,1.066385
130,18.400000,11.366667,13.773000,0.000000,1.064210
131,18.400000,11.466667,13.818000,0.000000,1.076517
132,18.400000,11.333333,13.769000,0.000000,1.074708
133,18.400000,11.466667,13.794667,0.000000,1.077893
134,18.433333,11.333333,13.790000,0.000000,1.074841
135,18.433333,11.400000,13.770000,0.000000,1.085151
136,18.433333,11.233333,13.771667,0.000000,1.114937
137,18.433333,11.300000,13.794000,0.000000,1.084654
138,18.433333,11.366667,13.797333,0.000000,1.080626
139,18.433333,11.366667,13.783333,0.000000,1.080788
140,18.433333,11.233333,13.778000,0.000000,1.090348
141,18.433333,11.433333,13.777333,0.000000,1.076003
142,18.433333,11.466667,13.822667,0.000000,1.086565
143,18.433333,11.233333,13.854333,0.000000,1.094223
144,18.433333,11.400000,13.769333,0.000000,1.083545
145,18.433333,11.466667,13.818333,0.000000,1.057260
146,18.433333,11.366667,13.788333,0.000000,1.068957
147,18.433333,11.433333,13.814667,0.000000,1.087399
148,18.433333,11.400000,13.822000,0.000000,1.071379
149,18.433333,11.400000,13.808000,0.000000,1.091579
150,18.433333,11.233333,13.802000,0.000000,1.068505
151,18.433333,11.266667,13.812333,0.000000,1.082138
152,18.433333,11.300000,13.782000,0.000000,1.115285
153,18.433333,11.166667,13.795667,0.000000,1.083507
154,18.433333,11.333333,13.805667,0.000000,1.092501
155,18.433333,11.333333,13.826333,0.000000,1.094729
156,18.433333,11.266667,13.842000,0.000000,1.090632
157,18.433333,11.333333,13.861000,0.000000,1.077874
158,18.433333,11.233333,13.754000,0.000000,1.081249
159,18.433333,11.400000,13.802333,0.000000,1.079751
160,18.433333,11.200000,13.850667,0.000000,1.097421
161,18.433333,11.366667,13.787333,0.000000,1.076624
162,18.433333,11.400000,13.799667,0.000000,1.060884
163,18.433333,11.366667,13.797667,0.000000,1.083500
164,18.433333,11.400000,13.793333,0.000000,1.093539
165,18.433333,11.366667,13.823333,0.000000,1.091701
166,18.433333,11.400000,13.813667,0.000000,1.076450
167,18.433333,11.200000,13.793333,0.000000,1.093791
168,18.433333,11.300000,13.799000,0.000000,1.080242
169,18.433333,11.400000,13.811667,0.000000,1.072083
170,18.433333,11.266667,13.804333,0.000000,1.082297
171,18.433333,11.300000,13.800000,0.000000,1.082933
172,18.433333,11.333333,13.790667,0.000000,1.074614
173,18.433333,11.400000,13.789667,0.000000,1.088342
174,18.433333,11.300000,13.815667,0.000000,1.103286
175,18.433333,11.333333,13.766667,0.000000,1.082932
176,18.466667,11.400000,13.776667,0.000000,1.086798
177,18.466667,11.300000,13.783333,0.000000,1.083250
178,18.466667,11.300000,13.834000,0.000000,1.098123
179,18.466667,11.333333,13.817000,0.000000,1.106638
180,18.466667,11.233333,13.806333,0.000000,1.096631
181,18.466667,11.366667,13.811333,0.000000,1.090132
182,18.466667,11.300000,13.779667,0.000000,1.107529
183,18.466667,11.233333,13.808000,0.000000,1.074890
184,18.466667,11.333333,13.768667,0.000000,1.074422
185,18.466667,11.400000,13.813333,0.000000,1.080872
186,18.466667,11.433333,13.821333,0.000000,1.079717
187,18.466667,11.100000,13.752333,0.000000,1.097276
188,18.466667,11.366667,13.798333,0.000000,1.091298
189,18.466667,11.400000,13.796333,0.000000,1.085086
190,18.466667,11.400000,13.802000,0.000000,1.073272
191,18.466667,11.366667,13.809333,0.000000,1.077146
192,18.466667,11.400000,13.779333,0.000000,1.080587
193,18.466667,11.500000,13.831667,0.000000,1.104960
194,18.466667,11.366667,13.832000,0.000000,1.076703
195,18.466667,11.466667,13.818333,0.000000,1.060426
196,18.466667,11.433333,13.801333,0.000000,1.066610
197,18.466667,11.366667,13.783333,0.000000,1.086347
198,18.466667,11.233333,13.830667,0.000000,1.055600
199,18.466667,11.166667,13.786000,0.000000,1.111074
200,18.466667,11.300000,13.781333,0.000000,1.064729
BestSdev: 0.344014, Time: 17m50.666955701s