gen,best,worst,mean,rep,sdev
1,30.733333,11.966667,20.705333,0.000000,3.574974
2,31.966667,12.066667,20.711833,0.000000,3.552936
3,32.366667,12.133333,20.746500,0.000000,3.584771
4,32.833333,12.133333,20.721000,0.000000,3.634270
5,33.133333,12.033333,20.746333,0.000000,3.582851
6,33.266667,11.800000,20.732167,0.000000,3.594138
7,33.466667,12.100000,20.674833,0.000000,3.539791
8,33.700000,12.000000,20.685833,0.000000,3.617057
9,33.766667,11.833333,20.680333,0.000000,3.598821
10,33.866667,12.133333,20.771833,0.000000,3.598638
11,34.066667,11.900000,20.644333,0.000000,3.610349
12,34.166667,12.166667,20.782667,0.000000,3.621072
13,34.300000,11.733333,20.748167,0.000000,3.576356
14,34.366667,11.666667,20.610500,0.000000,3.601046
15,34.366667,12.133333,20.721000,0.000000,3.611496
16,34.466667,11.833333,20.743667,0.000000,3.579274
17,34.566667,11.833333,20.696333,0.000000,3.647204
18,34.633333,11.833333,20.714500,0.000000,3.597404
19,34.633333,12.300000,20.748667,0.000000,3.596057
20,34.766667,11.966667,20.725333,0.000000,3.572266
21,34.866667,11.833333,20.716667,0.000000,3.619890
22,34.866667,12.066667,20.751500,0.000000,3.633138
23,34.900000,11.866667,20.719333,0.000000,3.577809
24,34.900000,11.766667,20.705167,0.000000,3.570935
25,35.100000,12.000000,20.719333,0.000000,3.654054
26,35.166667,12.033333,20.690500,0.000000,3.580615
27,35.166667,12.100000,20.695000,0.000000,3.584593
28,35.233333,12.033333,20.726333,0.000000,3.652519
29,35.400000,11.900000,20.805667,0.000000,3.602314
30,35.433333,12.033333,20.740167,0.000000,3.663002
31,35.433333,11.966667,20.726833,0.000000,3.557894
32,35.433333,12.000000,20.731667,0.000000,3.609217
33,35.433333,12.033333,20.731000,0.000000,3.627037
34,35.500000,11.466667,20.623000,0.000000,3.653154
35,35.500000,11.966667,20.742500,0.000000,3.587002
36,35.500000,11.900000,20.708500,0.000000,3.605967
37,35.500000,11.966667,20.723500,0.000000,3.588050
38,35.500000,12.333333,20.731667,0.000000,3.575619
39,35.533333,12.066667,20.746000,0.000000,3.638253
40,35.533333,12.500000,20.760833,0.000000,3.639952
41,35.700000,11.833333,20.778833,0.000000,3.633400
42,35.733333,12.200000,20.792333,0.000000,3.583863
43,35.733333,12.333333,20.723833,0.000000,3.580592
44,35.733333,11.833333,20.778167,0.000000,3.565544
45,35.766667,11.866667,20.647500,0.000000,3.658977
46,35.766667,11.866667,20.677333,0.000000,3.640530
47,35.766667,12.033333,20.644333,0.000000,3.541833
48,35.766667,12.200000,20.764000,0.000000,3.580057
49,35.800000,11.533333,20.706833,0.000000,3.617235
50,35.800000,12.033333,20.732000,0.000000,3.655655
51,35.800000,12.066667,20.799500,0.000000,3.640815
52,35.800000,12.100000,20.785333,0.000000,3.582275
53,35.800000,11.766667,20.683833,0.000000,3.587807
54,35.800000,12.166667,20.784500,0.000000,3.591245
55,35.800000,12.200000,20.751500,0.000000,3.612097
56,35.866667,12.133333,20.709500,0.000000,3.563520
57,35.900000,12.166667,20.785167,0.000000,3.649742
58,35.900000,11.966667,20.621500,0.000000,3.567600
59,35.933333,12.133333,20.726500,0.000000,3.596466
60,35.933333,11.966667,20.706333,0.000000,3.589974
61,35.933333,12.033333,20.750500,0.000000,3.598138
62,35.933333,11.766667,20.692667,0.000000,3.632228
63,35.933333,11.900000,20.702500,0.000000,3.623012
64,35.933333,11.933333,20.696667,0.000000,3.629368
65,35.933333,12.200000,20.649500,0.000000,3.580200
66,35.933333,11.900000,20.805833,0.000000,3.609001
67,35.933333,11.700000,20.756500,0.000000,3.572336
68,35.933333,12.266667,20.870667,0.000000,3.634384
69,35.933333,11.800000,20.765667,0.000000,3.637260
70,35.933333,12.100000,20.723333,0.000000,3.599116
71,36.066667,11.733333,20.773833,0.000000,3.704684
72,36.200000,12.100000,20.775333,0.000000,3.629908
73,36.200000,11.666667,20.799333,0.000000,3.615742
74,36.200000,11.833333,20.724333,0.000000,3.661306
75,36.233333,12.000000,20.718833,0.000000,3.644378
76,36.233333,11.566667,20.689833,0.000000,3.641852
77,36.233333,11.800000,20.628000,0.000000,3.575830
78,36.233333,12.066667,20.776000,0.000000,3.628829
79,36.300000,12.133333,20.747500,0.000000,3.589811
80,36.400000,12.000000,20.750500,0.000000,3.640970
81,36.433333,12.166667,20.737000,0.000000,3.622244
82,36.433333,12.066667,20.725500,0.000000,3.593774
83,36.433333,12.166667,20.748000,0.000000,3.635433
84,36.433333,11.800000,20.726667,0.000000,3.599348
85,36.433333,12.200000,20.683333,0.000000,3.585324
86,36.433333,12.033333,20.707333,0.000000,3.596122
87,36.433333,12.100000,20.692667,0.000000,3.564860
88,36.433333,12.100000,20.763833,0.000000,3.663563
89,36.433333,12.066667,20.678500,0.000000,3.618473
90,36.500000,12.133333,20.688500,0.000000,3.614433
91,36.500000,12.100000,20.687000,0.000000,3.550277
92,36.533333,12.133333,20.770500,0.000000,3.638966
93,36.566667,11.933333,20.718167,0.000000,3.642293
94,36.566667,11.833333,20.710000,0.000000,3.581621
95,36.566667,12.200000,20.722167,0.000000,3.657379
96,36.566667,12.233333,20.706833,0.000000,3.602307
97,36.600000,12.366667,20.771000,0.000000,3.632714
98,36.600000,11.933333,20.664500,0.000000,3.644236
99,36.600000,11.966667,20.794333,0.000000,3.623131
100,36.600000,11.866667,20.657500,0.000000,3.559435
BestSdev: 1.091018, Time: 21m12.691306096s