gen,best,worst,mean,rep,sdev
1,32.633333,11.400000,20.688733,0.000000,3.603360
2,33.600000,11.266667,20.686333,0.000000,3.610464
3,33.666667,11.066667,20.729467,0.000000,3.654419
4,34.066667,11.400000,20.769333,0.000000,3.627310
5,34.133333,11.366667,20.731200,0.000000,3.614214
6,34.266667,11.233333,20.784467,0.000000,3.629546
7,34.466667,11.466667,20.723467,0.000000,3.608973
8,34.533333,11.266667,20.715000,0.000000,3.642205
9,34.566667,11.266667,20.720000,0.000000,3.632124
10,34.600000,11.500000,20.719200,0.000000,3.595232
11,34.733333,11.100000,20.725533,0.000000,3.630939
12,34.733333,11.200000,20.710467,0.000000,3.599400
13,34.866667,11.400000,20.722933,0.000000,3.632802
14,34.933333,11.533333,20.734133,0.000000,3.609620
15,34.933333,11.100000,20.722267,0.000000,3.588766
16,35.033333,11.066667,20.764867,0.000000,3.642182
17,35.066667,11.133333,20.742067,0.000000,3.616789
18,35.100000,11.200000,20.695200,0.000000,3.651070
19,35.166667,11.400000,20.702333,0.000000,3.589248
20,35.166667,11.333333,20.751733,0.000000,3.583700
21,35.200000,11.600000,20.743800,0.000000,3.566503
22,35.300000,11.266667,20.765667,0.000000,3.629817
23,35.300000,11.466667,20.770867,0.000000,3.613323
24,35.466667,11.433333,20.714333,0.000000,3.651714
25,35.500000,10.933333,20.737533,0.000000,3.633650
26,35.500000,11.333333,20.726733,0.000000,3.609696
27,35.500000,11.300000,20.713800,0.000000,3.616688
28,35.500000,11.433333,20.725400,0.000000,3.643050
29,35.533333,11.166667,20.740800,0.000000,3.647790
30,35.566667,11.366667,20.727867,0.000000,3.570407
31,35.633333,11.066667,20.698933,0.000000,3.612247
32,35.633333,11.233333,20.746400,0.000000,3.649377
33,35.633333,11.133333,20.722333,0.000000,3.623194
34,35.666667,11.266667,20.733467,0.000000,3.637540
35,35.733333,11.233333,20.714800,0.000000,3.572003
36,35.766667,11.133333,20.785600,0.000000,3.652900
37,35.866667,11.233333,20.676133,0.000000,3.602941
38,35.866667,11.333333,20.746933,0.000000,3.598230
39,35.933333,11.433333,20.725333,0.000000,3.575471
40,35.933333,11.333333,20.726800,0.000000,3.610679
41,35.933333,11.133333,20.762000,0.000000,3.621491
42,35.966667,11.033333,20.703533,0.000000,3.622699
43,35.966667,11.100000,20.708600,0.000000,3.635073
44,35.966667,11.366667,20.750533,0.000000,3.620356
45,35.966667,10.966667,20.633200,0.000000,3.638526
46,35.966667,11.766667,20.737667,0.000000,3.604485
47,35.966667,11.300000,20.670600,0.000000,3.603729
48,36.033333,11.233333,20.724400,0.000000,3.636493
49,36.066667,11.266667,20.743933,0.000000,3.590051
50,36.133333,11.200000,20.740933,0.000000,3.611192
51,36.133333,11.200000,20.679200,0.000000,3.611071
52,36.133333,11.200000,20.717800,0.000000,3.629298
53,36.133333,11.233333,20.761400,0.000000,3.603759
54,36.133333,11.266667,20.717800,0.000000,3.592816
55,36.233333,11.200000,20.728333,0.000000,3.662625
56,36.233333,11.433333,20.737067,0.000000,3.609814
57,36.266667,11.233333,20.725533,0.000000,3.598672
58,36.266667,11.400000,20.704533,0.000000,3.630561
59,36.266667,11.333333,20.719133,0.000000,3.568247
60,36.300000,11.100000,20.753733,0.000000,3.607218
61,36.300000,11.400000,20.725600,0.000000,3.607916
62,36.300000,11.266667,20.719933,0.000000,3.637380
63,36.300000,11.133333,20.705933,0.000000,3.615455
64,36.300000,11.500000,20.743333,0.000000,3.597063
65,36.300000,11.266667,20.725800,0.000000,3.645674
66,36.300000,11.366667,20.701933,0.000000,3.579655
67,36.366667,10.933333,20.726333,0.000000,3.646392
68,36.400000,11.000000,20.702867,0.000000,3.584619
69,36.400000,11.466667,20.742800,0.000000,3.585305
70,36.400000,11.633333,20.722000,0.000000,3.610555
71,36.400000,11.333333,20.766867,0.000000,3.628371
72,36.433333,11.466667,20.719800,0.000000,3.603474
73,36.466667,10.766667,20.724000,0.000000,3.613781
74,36.466667,11.533333,20.720533,0.000000,3.573311
75,36.466667,11.400000,20.716067,0.000000,3.601668
76,36.466667,11.333333,20.712067,0.000000,3.644002
77,36.466667,11.300000,20.684133,0.000000,3.650343
78,36.466667,11.333333,20.765333,0.000000,3.615500
79,36.466667,11.233333,20.718333,0.000000,3.589097
80,36.500000,11.166667,20.730267,0.000000,3.616267
81,36.500000,11.233333,20.755667,0.000000,3.611729
82,36.500000,10.900000,20.730933,0.000000,3.631364
83,36.500000,11.133333,20.708200,0.000000,3.612813
84,36.500000,11.100000,20.707267,0.000000,3.628298
85,36.533333,11.300000,20.755867,0.000000,3.622530
86,36.566667,11.300000,20.742533,0.000000,3.637831
87,36.566667,11.400000,20.725600,0.000000,3.621388
88,36.566667,11.033333,20.738333,0.000000,3.602736
89,36.600000,11.233333,20.741533,0.000000,3.590989
90,36.633333,11.466667,20.703467,0.000000,3.616666
91,36.633333,11.233333,20.766667,0.000000,3.645480
92,36.700000,11.200000,20.752467,0.000000,3.635962
93,36.800000,11.266667,20.720600,0.000000,3.583514
94,36.800000,11.200000,20.734333,0.000000,3.620047
95,36.800000,11.366667,20.665267,0.000000,3.604222
96,36.800000,11.666667,20.730000,0.000000,3.627741
97,36.800000,10.766667,20.787933,0.000000,3.664841
98,36.800000,11.366667,20.757200,0.000000,3.628087
99,36.800000,11.200000,20.769733,0.000000,3.616438
100,36.800000,11.100000,20.704667,0.000000,3.617844
101,36.800000,11.300000,20.717000,0.000000,3.601393
102,36.800000,11.100000,20.751467,0.000000,3.602745
103,36.800000,11.633333,20.721467,0.000000,3.601551
104,36.800000,11.133333,20.711867,0.000000,3.650911
105,36.800000,11.300000,20.759133,0.000000,3.638792
106,36.800000,11.200000,20.721867,0.000000,3.600043
107,36.800000,11.133333,20.722533,0.000000,3.628350
108,36.800000,11.166667,20.740200,0.000000,3.588851
109,36.800000,11.300000,20.742867,0.000000,3.636308
110,36.800000,11.500000,20.771933,0.000000,3.609936
111,36.800000,11.266667,20.726133,0.000000,3.642679
112,36.800000,11.133333,20.624400,0.000000,3.604528
113,36.800000,11.300000,20.749600,0.000000,3.613634
114,36.800000,11.166667,20.719000,0.000000,3.618516
115,36.800000,11.333333,20.745333,0.000000,3.611861
116,36.800000,11.400000,20.705200,0.000000,3.618691
117,36.800000,11.066667,20.771667,0.000000,3.634883
118,36.800000,11.333333,20.711400,0.000000,3.676297
119,36.800000,11.500000,20.750600,0.000000,3.582493
120,36.800000,11.366667,20.687667,0.000000,3.574491
121,36.800000,11.200000,20.682400,0.000000,3.645959
122,36.800000,11.100000,20.725133,0.000000,3.600336
123,36.800000,11.333333,20.712667,0.000000,3.624772
124,36.833333,11.233333,20.778333,0.000000,3.629451
125,36.833333,11.133333,20.662800,0.000000,3.621461
126,36.833333,11.400000,20.724667,0.000000,3.615740
127,36.900000,11.266667,20.726467,0.000000,3.661983
128,36.900000,11.433333,20.698000,0.000000,3.600830
129,36.900000,11.266667,20.710733,0.000000,3.563092
130,36.900000,11.300000,20.731800,0.000000,3.597142
131,36.900000,11.166667,20.750200,0.000000,3.648966
132,36.900000,11.300000,20.684533,0.000000,3.601064
133,36.900000,11.333333,20.758333,0.000000,3.646173
134,36.900000,11.100000,20.729800,0.000000,3.613731
135,36.900000,11.433333,20.730133,0.000000,3.612520
136,36.900000,11.300000,20.755667,0.000000,3.631309
137,36.900000,11.200000,20.757267,0.000000,3.615294
138,36.966667,11.200000,20.722200,0.000000,3.618889
139,36.966667,11.233333,20.766867,0.000000,3.619925
140,36.966667,11.600000,20.779133,0.000000,3.582914
141,36.966667,11.000000,20.720400,0.000000,3.600556
142,36.966667,11.366667,20.707733,0.000000,3.598078
143,36.966667,11.333333,20.736267,0.000000,3.663966
144,37.000000,11.400000,20.750133,0.000000,3.645941
145,37.000000,11.300000,20.772067,0.000000,3.648584
146,37.000000,11.233333,20.702133,0.000000,3.634186
147,37.000000,11.566667,20.744467,0.000000,3.578886
148,37.000000,11.066667,20.700600,0.000000,3.611656
149,37.000000,11.366667,20.687067,0.000000,3.614892
150,37.033333,11.166667,20.714000,0.000000,3.594511
151,37.033333,11.433333,20.721533,0.000000,3.619777
152,37.033333,11.266667,20.730467,0.000000,3.627605
153,37.033333,11.100000,20.725867,0.000000,3.630661
154,37.033333,11.233333,20.713467,0.000000,3.591222
155,37.033333,10.900000,20.689400,0.000000,3.604935
156,37.033333,11.266667,20.749467,0.000000,3.656025
157,37.033333,11.100000,20.724467,0.000000,3.589081
158,37.033333,11.333333,20.768267,0.000000,3.649359
159,37.066667,11.233333,20.686133,0.000000,3.614852
160,37.066667,11.300000,20.682267,0.000000,3.606252
161,37.066667,11.633333,20.727667,0.000000,3.616930
162,37.066667,11.500000,20.755667,0.000000,3.628243
163,37.066667,11.633333,20.713800,0.000000,3.555532
164,37.066667,11.400000,20.751200,0.000000,3.604735
165,37.133333,11.100000,20.749667,0.000000,3.596616
166,37.133333,11.166667,20.782267,0.000000,3.631244
167,37.166667,11.266667,20.739800,0.000000,3.636864
168,37.233333,11.266667,20.731600,0.000000,3.608911
169,37.266667,11.466667,20.736667,0.000000,3.579633
170,37.266667,11.400000,20.734467,0.000000,3.607179
171,37.300000,11.266667,20.726733,0.000000,3.621326
172,37.300000,10.966667,20.688200,0.000000,3.616740
173,37.300000,11.300000,20.722533,0.000000,3.625222
174,37.300000,11.333333,20.681067,0.000000,3.614089
175,37.300000,11.333333,20.720533,0.000000,3.600613
176,37.300000,11.100000,20.716600,0.000000,3.615811
177,37.300000,11.533333,20.756000,0.000000,3.605149
178,37.300000,11.366667,20.715667,0.000000,3.648278
179,37.333333,11.100000,20.729467,0.000000,3.631379
180,37.333333,11.333333,20.738800,0.000000,3.636041
181,37.333333,11.300000,20.716533,0.000000,3.607179
182,37.333333,11.133333,20.712133,0.000000,3.600689
183,37.366667,11.400000,20.714600,0.000000,3.588380
184,37.366667,11.300000,20.733800,0.000000,3.638296
185,37.366667,11.333333,20.742200,0.000000,3.627047
186,37.366667,11.366667,20.749667,0.000000,3.606956
187,37.366667,11.300000,20.711133,0.000000,3.607790
188,37.366667,11.300000,20.715133,0.000000,3.607743
189,37.366667,11.100000,20.720267,0.000000,3.631339
190,37.366667,11.333333,20.697867,0.000000,3.623837
191,37.366667,11.133333,20.702733,0.000000,3.642646
192,37.366667,11.200000,20.765067,0.000000,3.635580
193,37.366667,11.000000,20.756400,0.000000,3.634515
194,37.366667,11.333333,20.724467,0.000000,3.586176
195,37.366667,10.900000,20.656200,0.000000,3.596186
196,37.366667,11.233333,20.785333,0.000000,3.650938
197,37.366667,11.400000,20.705333,0.000000,3.605479
198,37.366667,11.366667,20.757267,0.000000,3.638510
199,37.366667,11.433333,20.720267,0.000000,3.609886
200,37.366667,11.333333,20.691200,0.000000,3.638012
BestSdev: 0.847918, Time: 1h54m25.517690743s