gen,best,worst,mean,rep,sdev
1,30.400000,12.966667,20.828667,0.000000,3.510351
2,31.133333,12.933333,20.658333,0.000000,3.541797
3,31.533333,13.033333,20.655333,0.000000,3.539636
4,32.100000,12.600000,20.799333,0.000000,3.624034
5,32.133333,12.733333,20.809333,0.000000,3.565201
6,32.333333,12.200000,20.640333,0.000000,3.647842
7,32.533333,12.600000,20.711000,0.000000,3.660824
8,32.600000,12.400000,20.660000,0.000000,3.617489
9,32.766667,12.600000,20.685000,0.000000,3.558386
10,32.800000,13.100000,20.690333,0.000000,3.511384
11,32.866667,12.366667,20.640667,0.000000,3.580922
12,33.000000,12.600000,20.747333,0.000000,3.553425
13,33.133333,12.366667,20.794333,0.000000,3.561627
14,33.400000,12.400000,20.701667,0.000000,3.537086
15,33.600000,12.900000,20.830333,0.000000,3.567961
16,33.666667,12.500000,20.864000,0.000000,3.611003
17,33.833333,12.633333,20.850667,0.000000,3.617420
18,34.000000,12.800000,20.712000,0.000000,3.664954
19,34.100000,12.533333,20.796333,0.000000,3.675805
20,34.100000,12.800000,20.776667,0.000000,3.586435
21,34.200000,12.633333,20.618667,0.000000,3.557815
22,34.266667,12.366667,20.674333,0.000000,3.662873
23,34.300000,12.500000,20.774667,0.000000,3.578077
24,34.466667,12.400000,20.562000,0.000000,3.594123
25,34.500000,12.533333,20.750667,0.000000,3.640251
26,34.500000,12.600000,20.737667,0.000000,3.624934
27,34.533333,12.666667,20.720667,0.000000,3.577591
28,34.566667,12.500000,20.688000,0.000000,3.601552
29,34.566667,12.766667,20.747000,0.000000,3.581206
30,34.666667,12.633333,20.775667,0.000000,3.637335
31,34.766667,12.833333,20.808000,0.000000,3.657662
32,34.833333,12.833333,20.740667,0.000000,3.606527
33,34.833333,12.500000,20.721000,0.000000,3.630393
34,34.833333,12.766667,20.755000,0.000000,3.653216
35,34.833333,12.466667,20.703000,0.000000,3.518784
36,34.866667,12.766667,20.847667,0.000000,3.653450
37,34.900000,12.866667,20.767000,0.000000,3.550496
38,34.900000,12.466667,20.739000,0.000000,3.617166
39,34.966667,12.500000,20.780667,0.000000,3.644100
40,35.033333,12.666667,20.768333,0.000000,3.612459
41,35.066667,12.700000,20.741667,0.000000,3.612076
42,35.100000,12.533333,20.901000,0.000000,3.618025
43,35.100000,12.466667,20.808667,0.000000,3.571717
44,35.166667,12.633333,20.697667,0.000000,3.585352
45,35.166667,12.533333,20.716000,0.000000,3.617990
46,35.166667,12.200000,20.641333,0.000000,3.633821
47,35.166667,12.400000,20.668667,0.000000,3.618279
48,35.333333,12.533333,20.690000,0.000000,3.615078
49,35.333333,12.233333,20.813333,0.000000,3.651352
50,35.333333,12.700000,20.858000,0.000000,3.655640
51,35.366667,12.633333,20.766667,0.000000,3.587937
52,35.366667,12.366667,20.700667,0.000000,3.656736
53,35.366667,12.566667,20.801667,0.000000,3.575980
54,35.400000,12.600000,20.729667,0.000000,3.582285
55,35.400000,12.833333,20.758333,0.000000,3.615655
56,35.400000,12.600000,20.749000,0.000000,3.558325
57,35.400000,12.933333,20.720667,0.000000,3.552660
58,35.400000,12.300000,20.783000,0.000000,3.627167
59,35.466667,12.666667,20.649333,0.000000,3.572448
60,35.500000,12.933333,20.907000,0.000000,3.613191
61,35.500000,12.533333,20.780333,0.000000,3.634892
62,35.500000,13.100000,20.677667,0.000000,3.544171
63,35.533333,12.800000,20.767000,0.000000,3.581464
64,35.533333,13.066667,20.762333,0.000000,3.634423
65,35.533333,12.533333,20.718000,0.000000,3.595399
66,35.600000,12.800000,20.812333,0.000000,3.644149
67,35.600000,12.333333,20.752667,0.000000,3.635315
68,35.600000,12.966667,20.794667,0.000000,3.579917
69,35.600000,12.900000,20.791333,0.000000,3.638872
70,35.600000,12.733333,20.857667,0.000000,3.662920
71,35.600000,12.633333,20.773333,0.000000,3.650069
72,35.633333,12.866667,20.741000,0.000000,3.525320
73,35.633333,12.933333,20.802667,0.000000,3.689622
74,35.633333,12.433333,20.781000,0.000000,3.601470
75,35.733333,12.266667,20.685333,0.000000,3.589597
76,35.766667,12.533333,20.762333,0.000000,3.629261
77,35.766667,12.066667,20.757333,0.000000,3.680859
78,35.766667,12.600000,20.758667,0.000000,3.530357
79,35.766667,12.733333,20.740667,0.000000,3.628571
80,35.800000,12.200000,20.822333,0.000000,3.650375
81,35.800000,12.433333,20.795333,0.000000,3.541967
82,35.800000,13.066667,20.707333,0.000000,3.575371
83,35.800000,12.233333,20.565667,0.000000,3.553429
84,35.800000,12.700000,20.701667,0.000000,3.538018
85,35.800000,13.000000,20.835667,0.000000,3.582000
86,35.800000,12.533333,20.745667,0.000000,3.593339
87,35.800000,13.000000,20.657333,0.000000,3.482115
88,35.800000,12.500000,20.736667,0.000000,3.663422
89,35.800000,13.033333,20.801000,0.000000,3.566911
90,35.800000,12.666667,20.687667,0.000000,3.575495
91,35.800000,12.333333,20.694333,0.000000,3.566119
92,35.800000,12.666667,20.716000,0.000000,3.506397
93,35.800000,12.500000,20.683667,0.000000,3.582110
94,35.800000,12.733333,20.780333,0.000000,3.585547
95,35.800000,12.800000,20.744333,0.000000,3.618479
96,35.800000,12.566667,20.642667,0.000000,3.594101
97,35.800000,12.766667,20.710667,0.000000,3.597727
98,35.800000,12.633333,20.655333,0.000000,3.542186
99,35.800000,13.100000,20.710333,0.000000,3.556520
100,35.800000,12.666667,20.572667,0.000000,3.573281
BestSdev: 1.182639, Time: 11m23.103688656s