gen,best,worst,mean,rep,sdev
1,16.500000,11.400000,13.748667,0.000000,1.077918
2,16.833333,11.400000,13.792333,0.000000,1.070138
3,16.966667,11.366667,13.820333,0.000000,1.070705
4,17.066667,11.366667,13.781333,0.000000,1.088540
5,17.233333,11.233333,13.790667,0.000000,1.084168
6,17.233333,11.400000,13.795333,0.000000,1.087040
7,17.400000,11.200000,13.832000,0.000000,1.100521
8,17.466667,11.466667,13.826667,0.000000,1.093986
9,17.466667,11.333333,13.809667,0.000000,1.094665
10,17.466667,11.300000,13.795333,0.000000,1.087196
11,17.466667,11.300000,13.770667,0.000000,1.081685
12,17.533333,11.233333,13.781333,0.000000,1.112737
13,17.566667,11.233333,13.781667,0.000000,1.099100
14,17.566667,11.333333,13.816333,0.000000,1.067819
15,17.566667,11.166667,13.827333,0.000000,1.087244
16,17.600000,11.366667,13.796000,0.000000,1.069740
17,17.633333,11.400000,13.805667,0.000000,1.095383
18,17.633333,11.566667,13.809333,0.000000,1.061359
19,17.666667,11.300000,13.804333,0.000000,1.072757
20,17.666667,11.233333,13.802667,0.000000,1.072918
21,17.700000,11.466667,13.791000,0.000000,1.062087
22,17.700000,11.133333,13.796667,0.000000,1.092510
23,17.733333,11.333333,13.787000,0.000000,1.079118
24,17.766667,11.400000,13.837000,0.000000,1.075171
25,17.800000,11.133333,13.815667,0.000000,1.086389
26,17.800000,11.233333,13.802000,0.000000,1.089855
27,17.833333,11.533333,13.804000,0.000000,1.062840
28,17.866667,11.533333,13.773333,0.000000,1.063408
29,17.866667,11.466667,13.831333,0.000000,1.074618
30,17.900000,11.333333,13.801333,0.000000,1.102723
31,17.900000,11.400000,13.813000,0.000000,1.097903
32,17.933333,11.400000,13.812667,0.000000,1.072414
33,17.933333,11.433333,13.796667,0.000000,1.079250
34,17.933333,11.200000,13.842333,0.000000,1.083205
35,17.933333,11.300000,13.832333,0.000000,1.091670
36,17.966667,11.233333,13.781000,0.000000,1.071852
37,17.966667,11.300000,13.824000,0.000000,1.042004
38,17.966667,11.400000,13.832667,0.000000,1.084757
39,17.966667,11.333333,13.804333,0.000000,1.082957
40,17.966667,11.366667,13.837000,0.000000,1.080296
41,17.966667,11.333333,13.816667,0.000000,1.095290
42,17.966667,11.300000,13.771667,0.000000,1.077115
43,17.966667,11.266667,13.780333,0.000000,1.044599
44,18.000000,11.166667,13.828000,0.000000,1.080540
45,18.000000,11.400000,13.826333,0.000000,1.094122
46,18.000000,11.366667,13.823667,0.000000,1.094803
47,18.000000,11.366667,13.806000,0.000000,1.080982
48,18.000000,11.433333,13.829333,0.000000,1.093572
49,18.000000,11.266667,13.795667,0.000000,1.083999
50,18.000000,11.533333,13.814333,0.000000,1.088205
51,18.000000,11.300000,13.768000,0.000000,1.072911
52,18.000000,11.400000,13.853667,0.000000,1.100055
53,18.000000,11.366667,13.798000,0.000000,1.095341
54,18.033333,11.200000,13.789333,0.000000,1.068107
55,18.066667,11.466667,13.789333,0.000000,1.082466
56,18.066667,11.266667,13.811667,0.000000,1.092612
57,18.066667,11.500000,13.821000,0.000000,1.071188
58,18.066667,11.200000,13.816000,0.000000,1.067839
59,18.066667,11.233333,13.808667,0.000000,1.081900
60,18.066667,11.233333,13.774667,0.000000,1.087106
61,18.100000,11.266667,13.789333,0.000000,1.086242
62,18.100000,11.366667,13.815000,0.000000,1.071964
63,18.100000,11.300000,13.796000,0.000000,1.076614
64,18.100000,11.300000,13.781667,0.000000,1.088637
65,18.100000,11.366667,13.788000,0.000000,1.077186
66,18.100000,11.333333,13.820333,0.000000,1.081530
67,18.100000,11.333333,13.792333,0.000000,1.077819
68,18.100000,11.233333,13.765333,0.000000,1.076310
69,18.100000,11.433333,13.813333,0.000000,1.088819
70,18.100000,11.466667,13.782000,0.000000,1.073096
71,18.100000,11.233333,13.782000,0.000000,1.080898
72,18.100000,11.466667,13.778000,0.000000,1.068770
73,18.100000,11.300000,13.786333,0.000000,1.089537
74,18.100000,11.366667,13.827333,0.000000,1.075078
75,18.100000,11.500000,13.793000,0.000000,1.085818
76,18.100000,11.266667,13.761000,0.000000,1.071526
77,18.100000,11.300000,13.818000,0.000000,1.077476
78,18.100000,11.266667,13.809000,0.000000,1.098130
79,18.133333,11.233333,13.807333,0.000000,1.110717
80,18.133333,11.266667,13.824667,0.000000,1.082782
81,18.133333,11.433333,13.774667,0.000000,1.044037
82,18.133333,11.433333,13.817000,0.000000,1.060885
83,18.133333,11.333333,13.773333,0.000000,1.055182
84,18.133333,11.266667,13.820000,0.000000,1.106047
85,18.133333,11.466667,13.839333,0.000000,1.075937
86,18.133333,11.333333,13.822333,0.000000,1.101977
87,18.133333,11.266667,13.778000,0.000000,1.093421
88,18.133333,11.433333,13.797667,0.000000,1.082127
89,18.133333,11.300000,13.799333,0.000000,1.084146
90,18.133333,11.433333,13.791333,0.000000,1.069735
91,18.133333,11.333333,13.800667,0.000000,1.069904
92,18.133333,11.433333,13.818667,0.000000,1.072578
93,18.166667,11.233333,13.800333,0.000000,1.107131
94,18.166667,11.400000,13.806667,0.000000,1.085030
95,18.166667,11.466667,13.790000,0.000000,1.086510
96,18.166667,11.366667,13.805667,0.000000,1.076189
97,18.166667,11.400000,13.770000,0.000000,1.072160
98,18.166667,11.266667,13.770333,0.000000,1.079716
99,18.166667,11.233333,13.813000,0.000000,1.092629
100,18.166667,11.333333,13.821667,0.000000,1.079372
101,18.166667,11.233333,13.827333,0.000000,1.113042
102,18.166667,11.466667,13.832333,0.000000,1.086371
103,18.166667,11.300000,13.820333,0.000000,1.106736
104,18.166667,11.466667,13.807667,0.000000,1.057430
105,18.166667,11.166667,13.778000,0.000000,1.093211
106,18.166667,11.166667,13.807000,0.000000,1.085711
107,18.166667,11.133333,13.800333,0.000000,1.085514
108,18.166667,11.300000,13.798333,0.000000,1.055945
109,18.166667,11.300000,13.809333,0.000000,1.071924
110,18.166667,11.266667,13.816333,0.000000,1.092032
111,18.200000,11.333333,13.854000,0.000000,1.081720
112,18.200000,11.366667,13.816000,0.000000,1.076907
113,18.200000,11.366667,13.814667,0.000000,1.079018
114,18.200000,11.300000,13.850333,0.000000,1.086742
115,18.200000,11.366667,13.805333,0.000000,1.085328
116,18.200000,11.366667,13.820667,0.000000,1.087084
117,18.200000,11.400000,13.827333,0.000000,1.083468
118,18.200000,11.466667,13.797667,0.000000,1.068279
119,18.200000,11.200000,13.762000,0.000000,1.068029
120,18.200000,11.333333,13.797000,0.000000,1.078147
121,18.200000,11.266667,13.767667,0.000000,1.085009
122,18.200000,11.333333,13.815667,0.000000,1.084633
123,18.200000,11.333333,13.815667,0.000000,1.063415
124,18.200000,11.433333,13.805000,0.000000,1.066714
125,18.200000,11.500000,13.843000,0.000000,1.074850
126,18.200000,11.300000,13.807667,0.000000,1.059810
127,18.200000,11.233333,13.778000,0.000000,1.112092
128,18.200000,11.333333,13.804667,0.000000,1.053195
129,18.200000,11.366667,13.785333,0.000000,1.058761
130,18.200000,11.300000,13.824333,0.000000,1.077598
131,18.200000,11.366667,13.794667,0.000000,1.070524
132,18.200000,11.266667,13.795667,0.000000,1.092275
133,18.200000,11.366667,13.811000,0.000000,1.074592
134,18.200000,11.300000,13.762667,0.000000,1.070097
135,18.233333,11.233333,13.806667,0.000000,1.085298
136,18.233333,11.366667,13.774333,0.000000,1.064253
137,18.233333,11.333333,13.819000,0.000000,1.069293
138,18.233333,11.366667,13.796000,0.000000,1.083540
139,18.266667,11.366667,13.798000,0.000000,1.074845
140,18.266667,11.266667,13.790667,0.000000,1.087545
141,18.266667,11.433333,13.789000,0.000000,1.068565
142,18.266667,11.433333,13.813667,0.000000,1.070985
143,18.266667,11.266667,13.809000,0.000000,1.092962
144,18.266667,11.366667,13.791667,0.000000,1.088080
145,18.266667,11.433333,13.812667,0.000000,1.071206
146,18.266667,11.333333,13.827000,0.000000,1.071785
147,18.266667,11.333333,13.821333,0.000000,1.104901
148,18.300000,11.433333,13.802667,0.000000,1.101636
149,18.300000,11.266667,13.806667,0.000000,1.099062
150,18.300000,11.200000,13.799333,0.000000,1.091479
151,18.300000,11.333333,13.817000,0.000000,1.073672
152,18.300000,11.200000,13.792000,0.000000,1.070684
153,18.300000,11.300000,13.780667,0.000000,1.080238
154,18.300000,11.300000,13.817000,0.000000,1.062738
155,18.300000,11.366667,13.790333,0.000000,1.077838
156,18.300000,11.166667,13.830667,0.000000,1.109193
157,18.300000,11.266667,13.803667,0.000000,1.107713
158,18.300000,11.300000,13.783333,0.000000,1.073351
159,18.333333,11.166667,13.828333,0.000000,1.103421
160,18.333333,11.200000,13.793000,0.000000,1.087808
161,18.333333,11.266667,13.796000,0.000000,1.077613
162,18.333333,11.400000,13.813000,0.000000,1.090654
163,18.333333,11.133333,13.775000,0.000000,1.083778
164,18.333333,11.300000,13.835333,0.000000,1.080818
165,18.333333,11.300000,13.771333,0.000000,1.083886
166,18.333333,11.433333,13.801000,0.000000,1.059969
167,18.333333,11.300000,13.808333,0.000000,1.080715
168,18.333333,11.200000,13.769333,0.000000,1.084691
169,18.333333,11.533333,13.785000,0.000000,1.058936
170,18.333333,11.566667,13.862667,0.000000,1.088086
171,18.333333,11.233333,13.833000,0.000000,1.091673
172,18.333333,11.333333,13.816000,0.000000,1.096646
173,18.333333,11.300000,13.795000,0.000000,1.075021
174,18.333333,11.233333,13.773333,0.000000,1.078594
175,18.333333,11.433333,13.832667,0.000000,1.093380
176,18.333333,11.300000,13.809667,0.000000,1.099024
177,18.333333,11.166667,13.823000,0.000000,1.087906
178,18.333333,11.333333,13.812000,0.000000,1.077223
179,18.333333,11.300000,13.769000,0.000000,1.078487
180,18.333333,11.200000,13.810000,0.000000,1.086648
181,18.333333,11.466667,13.791667,0.000000,1.060336
182,18.333333,11.400000,13.864667,0.000000,1.078504
183,18.333333,11.366667,13.809667,0.000000,1.069410
184,18.333333,11.300000,13.773000,0.000000,1.077208
185,18.333333,11.333333,13.798667,0.000000,1.070451
186,18.333333,11.466667,13.804667,0.000000,1.092235
187,18.333333,11.266667,13.825667,0.000000,1.085643
188,18.333333,11.300000,13.827333,0.000000,1.113553
189,18.333333,11.266667,13.784333,0.000000,1.096162
190,18.333333,11.466667,13.842667,0.000000,1.073901
191,18.333333,11.333333,13.817000,0.000000,1.065770
192,18.333333,11.333333,13.830333,0.000000,1.090022
193,18.333333,11.333333,13.787667,0.000000,1.071769
194,18.333333,11.366667,13.811000,0.000000,1.118899
195,18.333333,11.400000,13.802333,0.000000,1.072501
196,18.333333,11.200000,13.814333,0.000000,1.091564
197,18.333333,11.100000,13.798667,0.000000,1.102403
198,18.333333,11.433333,13.833333,0.000000,1.098068
199,18.333333,11.500000,13.788667,0.000000,1.067708
200,18.333333,11.300000,13.807333,0.000000,1.100148
BestSdev: 0.292134, Time: 17m49.331665986s