gen,best,worst,mean,rep,sdev
1,27.533333,14.600000,20.886667,0.000000,3.469168
2,29.466667,14.133333,20.535000,0.000000,3.741184
3,30.166667,14.266667,20.820000,0.000000,3.456206
4,30.666667,13.966667,20.566667,0.000000,3.417544
5,31.000000,14.266667,20.616667,0.000000,3.459146
6,31.366667,14.600000,20.665000,0.000000,3.509362
7,31.533333,14.333333,20.678333,0.000000,3.492056
8,31.533333,14.666667,20.840000,0.000000,3.378108
9,31.600000,14.233333,20.723333,0.000000,3.505070
10,31.600000,14.700000,20.790000,0.000000,3.450056
11,31.600000,15.000000,20.520000,0.000000,3.288645
12,31.666667,14.066667,20.843333,0.000000,3.612391
13,31.900000,14.166667,20.768333,0.000000,3.583595
14,31.900000,14.166667,20.518333,0.000000,3.473778
15,31.966667,14.800000,20.870000,0.000000,3.488160
16,32.000000,14.700000,21.023333,0.000000,3.304678
17,32.033333,14.200000,20.680000,0.000000,3.477000
18,32.200000,14.300000,21.013333,0.000000,3.595203
19,32.200000,14.233333,20.596667,0.000000,3.471411
20,32.366667,14.500000,20.921667,0.000000,3.628571
21,32.466667,14.566667,20.671667,0.000000,3.404849
22,32.700000,15.100000,20.861667,0.000000,3.381880
23,32.833333,14.033333,20.605000,0.000000,3.622590
24,32.833333,14.100000,20.790000,0.000000,3.567124
25,32.833333,14.933333,20.738333,0.000000,3.475659
26,32.866667,14.633333,20.690000,0.000000,3.407116
27,32.966667,14.500000,20.725000,0.000000,3.519905
28,32.966667,14.500000,20.690000,0.000000,3.450808
29,32.966667,14.800000,20.746667,0.000000,3.428151
30,32.966667,14.066667,20.448333,0.000000,3.624716
31,33.033333,15.000000,20.951667,0.000000,3.566059
32,33.066667,14.600000,20.708333,0.000000,3.413360
33,33.366667,14.766667,20.891667,0.000000,3.615082
34,33.366667,14.633333,20.791667,0.000000,3.348978
35,33.366667,14.100000,20.635000,0.000000,3.488732
36,33.366667,14.933333,20.788333,0.000000,3.315785
37,33.366667,15.000000,21.083333,0.000000,3.421726
38,33.400000,14.166667,20.705000,0.000000,3.502509
39,33.400000,14.400000,20.778333,0.000000,3.507551
40,33.433333,14.933333,20.851667,0.000000,3.479480
41,33.500000,14.133333,20.643333,0.000000,3.514433
42,33.633333,14.233333,20.556667,0.000000,3.540426
43,33.633333,14.200000,20.820000,0.000000,3.776682
44,33.633333,14.966667,21.120000,0.000000,3.366067
45,33.633333,15.133333,20.883333,0.000000,3.353687
46,33.633333,14.433333,20.901667,0.000000,3.430621
47,33.633333,15.033333,20.800000,0.000000,3.474408
48,33.633333,14.366667,20.713333,0.000000,3.575759
49,33.633333,14.933333,20.911667,0.000000,3.482527
50,33.633333,14.166667,20.661667,0.000000,3.459465
51,33.633333,14.266667,20.771667,0.000000,3.483532
52,33.633333,14.600000,20.660000,0.000000,3.459043
53,33.666667,14.466667,20.568333,0.000000,3.501414
54,33.733333,14.666667,20.918333,0.000000,3.506527
55,33.800000,14.433333,20.476667,0.000000,3.546751
56,33.800000,14.666667,20.835000,0.000000,3.502620
57,33.800000,14.700000,20.793333,0.000000,3.411283
58,33.800000,14.466667,20.865000,0.000000,3.430241
59,33.800000,14.866667,20.726667,0.000000,3.235356
60,33.800000,14.333333,20.683333,0.000000,3.451303
61,33.800000,14.600000,20.530000,0.000000,3.442610
62,33.800000,14.000000,20.601667,0.000000,3.505795
63,33.866667,14.533333,20.536667,0.000000,3.420043
64,33.866667,14.266667,20.496667,0.000000,3.420641
65,33.866667,14.600000,20.710000,0.000000,3.421213
66,33.900000,13.733333,20.253333,0.000000,3.618673
67,33.900000,14.700000,20.685000,0.000000,3.287123
68,33.966667,14.600000,20.851667,0.000000,3.472257
69,34.000000,14.566667,20.985000,0.000000,3.619201
70,34.000000,14.100000,20.688333,0.000000,3.639038
71,34.066667,14.700000,20.813333,0.000000,3.509197
72,34.066667,14.366667,20.703333,0.000000,3.516369
73,34.066667,14.600000,20.748333,0.000000,3.346978
74,34.100000,14.300000,20.656667,0.000000,3.597388
75,34.100000,14.533333,20.681667,0.000000,3.477491
76,34.100000,14.500000,20.788333,0.000000,3.476170
77,34.100000,14.233333,20.620000,0.000000,3.524687
78,34.100000,14.766667,20.673333,0.000000,3.460381
79,34.100000,14.666667,20.770000,0.000000,3.435453
80,34.100000,14.533333,20.566667,0.000000,3.413391
81,34.100000,14.100000,20.683333,0.000000,3.486857
82,34.100000,14.600000,21.011667,0.000000,3.618154
83,34.100000,14.033333,20.353333,0.000000,3.472078
84,34.100000,14.766667,20.855000,0.000000,3.567932
85,34.100000,14.700000,20.935000,0.000000,3.514226
86,34.100000,14.400000,20.773333,0.000000,3.375438
87,34.100000,14.033333,20.440000,0.000000,3.405498
88,34.100000,14.333333,20.675000,0.000000,3.346973
89,34.100000,14.533333,20.946667,0.000000,3.566205
90,34.100000,14.566667,20.436667,0.000000,3.410910
91,34.100000,14.600000,20.951667,0.000000,3.525360
92,34.100000,15.000000,20.776667,0.000000,3.243958
93,34.200000,14.300000,20.621667,0.000000,3.574137
94,34.200000,14.833333,20.841667,0.000000,3.445597
95,34.200000,15.033333,20.941667,0.000000,3.364569
96,34.200000,14.633333,20.888333,0.000000,3.459722
97,34.200000,14.533333,20.601667,0.000000,3.472449
98,34.200000,14.366667,20.595000,0.000000,3.400794
99,34.200000,14.633333,20.641667,0.000000,3.182561
100,34.200000,14.366667,20.735000,0.000000,3.637689
101,34.200000,14.766667,20.820000,0.000000,3.394481
102,34.200000,14.366667,20.800000,0.000000,3.540941
103,34.200000,14.766667,20.783333,0.000000,3.446237
104,34.200000,14.866667,20.906667,0.000000,3.350254
105,34.233333,14.533333,20.658333,0.000000,3.467483
106,34.233333,14.400000,20.785000,0.000000,3.538357
107,34.266667,14.000000,20.658333,0.000000,3.669885
108,34.266667,14.200000,20.626667,0.000000,3.534740
109,34.266667,14.766667,20.921667,0.000000,3.505908
110,34.300000,14.866667,20.598333,0.000000,3.473237
111,34.333333,14.033333,20.721667,0.000000,3.610439
112,34.333333,14.433333,20.825000,0.000000,3.568610
113,34.333333,14.600000,20.481667,0.000000,3.454829
114,34.333333,14.766667,20.563333,0.000000,3.399183
115,34.333333,14.500000,20.671667,0.000000,3.452265
116,34.366667,14.433333,20.755000,0.000000,3.493195
117,34.366667,14.666667,20.728333,0.000000,3.373285
118,34.366667,14.433333,20.671667,0.000000,3.456885
119,34.366667,15.100000,20.806667,0.000000,3.243125
120,34.366667,14.666667,20.693333,0.000000,3.369543
121,34.366667,14.766667,20.693333,0.000000,3.305628
122,34.366667,14.433333,20.571667,0.000000,3.608162
123,34.366667,14.800000,20.843333,0.000000,3.244574
124,34.366667,14.100000,20.386667,0.000000,3.467972
125,34.366667,14.233333,20.518333,0.000000,3.570707
126,34.400000,14.700000,20.995000,0.000000,3.523416
127,34.400000,15.000000,20.966667,0.000000,3.522355
128,34.400000,14.666667,20.691667,0.000000,3.425897
129,34.400000,14.433333,20.481667,0.000000,3.397845
130,34.400000,14.466667,20.893333,0.000000,3.545045
131,34.400000,14.166667,20.791667,0.000000,3.457508
132,34.400000,14.833333,20.776667,0.000000,3.373972
133,34.400000,14.133333,20.660000,0.000000,3.537178
134,34.433333,14.233333,20.791667,0.000000,3.693667
135,34.433333,14.533333,20.580000,0.000000,3.363402
136,34.466667,14.166667,20.900000,0.000000,3.539400
137,34.500000,14.600000,20.775000,0.000000,3.408401
138,34.500000,14.166667,20.638333,0.000000,3.527390
139,34.500000,14.933333,20.950000,0.000000,3.402237
140,34.500000,14.666667,20.596667,0.000000,3.483740
141,34.500000,14.166667,20.685000,0.000000,3.555495
142,34.500000,14.800000,20.905000,0.000000,3.420785
143,34.500000,14.366667,20.670000,0.000000,3.604670
144,34.500000,14.566667,20.783333,0.000000,3.491194
145,34.500000,14.300000,20.688333,0.000000,3.549508
146,34.500000,14.300000,20.715000,0.000000,3.601914
147,34.500000,14.166667,20.781667,0.000000,3.463877
148,34.500000,14.566667,20.861667,0.000000,3.526440
149,34.500000,14.766667,20.895000,0.000000,3.471451
150,34.500000,14.300000,20.630000,0.000000,3.450312
151,34.500000,13.966667,20.583333,0.000000,3.499391
152,34.500000,14.400000,20.565000,0.000000,3.441570
153,34.500000,14.133333,20.765000,0.000000,3.518156
154,34.500000,14.600000,20.760000,0.000000,3.500396
155,34.500000,14.466667,20.785000,0.000000,3.487746
156,34.500000,14.433333,20.545000,0.000000,3.455472
157,34.500000,14.233333,20.721667,0.000000,3.528393
158,34.500000,14.333333,20.435000,0.000000,3.381025
159,34.566667,14.933333,20.851667,0.000000,3.582307
160,34.566667,14.700000,20.721667,0.000000,3.538817
161,34.566667,14.466667,20.646667,0.000000,3.540696
162,34.566667,14.200000,20.806667,0.000000,3.609072
163,34.566667,14.066667,21.043333,0.000000,3.648589
164,34.566667,14.933333,21.051667,0.000000,3.502638
165,34.566667,14.700000,20.613333,0.000000,3.430703
166,34.566667,14.800000,20.930000,0.000000,3.461646
167,34.566667,14.200000,20.578333,0.000000,3.422453
168,34.666667,14.400000,20.988333,0.000000,3.626195
169,34.666667,14.466667,20.751667,0.000000,3.579520
170,34.666667,14.833333,20.938333,0.000000,3.407290
171,34.666667,14.400000,20.601667,0.000000,3.475631
172,34.666667,14.633333,20.845000,0.000000,3.431616
173,34.666667,14.533333,20.830000,0.000000,3.507142
174,34.666667,14.633333,20.715000,0.000000,3.367526
175,34.666667,14.566667,20.766667,0.000000,3.536334
176,34.666667,14.533333,20.675000,0.000000,3.314428
177,34.666667,14.666667,20.730000,0.000000,3.480156
178,34.666667,14.200000,20.470000,0.000000,3.521281
179,34.666667,14.766667,20.688333,0.000000,3.324851
180,34.666667,14.066667,20.553333,0.000000,3.663140
181,34.666667,14.266667,20.623333,0.000000,3.483270
182,34.666667,14.566667,20.496667,0.000000,3.341935
183,34.666667,14.933333,20.765000,0.000000,3.386686
184,34.666667,14.933333,21.065000,0.000000,3.469090
185,34.666667,14.366667,20.840000,0.000000,3.545727
186,34.666667,14.600000,20.765000,0.000000,3.370478
187,34.666667,14.533333,20.671667,0.000000,3.448186
188,34.666667,14.233333,20.806667,0.000000,3.673429
189,34.666667,14.566667,20.680000,0.000000,3.524682
190,34.666667,14.066667,20.476667,0.000000,3.532690
191,34.666667,14.066667,20.298333,0.000000,3.339178
192,34.666667,14.533333,20.820000,0.000000,3.633611
193,34.766667,13.800000,20.771667,0.000000,3.567016
194,34.766667,14.033333,20.625000,0.000000,3.546445
195,34.766667,14.400000,20.880000,0.000000,3.593976
196,34.766667,14.500000,20.551667,0.000000,3.303760
197,34.766667,14.433333,20.906667,0.000000,3.661544
198,34.766667,14.666667,20.728333,0.000000,3.342406
199,34.766667,14.400000,20.791667,0.000000,3.619043
200,34.766667,14.700000,20.483333,0.000000,3.321641
BestSdev: 1.038846, Time: 5m35.006322006s