gen,best,worst,mean,rep,sdev
1,15.800000,12.033333,13.888333,0.000000,1.010203
2,16.000000,11.933333,13.781667,0.000000,0.999788
3,16.200000,11.833333,13.768333,0.000000,1.059955
4,16.266667,12.033333,13.821667,0.000000,0.969368
5,16.333333,11.966667,13.778333,0.000000,0.983332
6,16.466667,11.933333,13.845000,0.000000,1.056312
7,16.466667,11.933333,13.878333,0.000000,1.043873
8,16.533333,11.866667,13.810000,0.000000,1.041304
9,16.600000,11.833333,13.710000,0.000000,1.025515
10,16.666667,11.866667,13.766667,0.000000,1.052954
11,16.666667,11.933333,13.745000,0.000000,1.022502
12,16.700000,11.800000,13.813333,0.000000,1.087079
13,16.766667,11.866667,13.798333,0.000000,1.066133
14,16.866667,11.933333,13.820000,0.000000,1.075253
15,16.866667,12.100000,13.845000,0.000000,0.997006
16,16.933333,12.100000,13.918333,0.000000,1.037490
17,16.966667,12.066667,13.871667,0.000000,1.037234
18,17.000000,11.866667,13.746667,0.000000,1.043608
19,17.000000,12.000000,13.818333,0.000000,1.019188
20,17.066667,11.866667,13.778333,0.000000,1.053993
21,17.100000,11.966667,13.813333,0.000000,1.055554
22,17.166667,11.733333,13.746667,0.000000,1.070703
23,17.166667,11.966667,13.780000,0.000000,1.053179
24,17.166667,11.833333,13.831667,0.000000,1.031149
25,17.166667,11.833333,13.766667,0.000000,1.060337
26,17.266667,11.900000,13.756667,0.000000,1.010429
27,17.266667,11.800000,13.756667,0.000000,1.029007
28,17.266667,11.933333,13.813333,0.000000,1.047916
29,17.266667,11.900000,13.780000,0.000000,1.035046
30,17.300000,11.900000,13.755000,0.000000,1.031504
31,17.333333,11.766667,13.798333,0.000000,1.068377
32,17.333333,12.033333,13.826667,0.000000,1.024132
33,17.366667,11.800000,13.745000,0.000000,1.084826
34,17.366667,11.800000,13.800000,0.000000,1.069480
35,17.366667,12.033333,13.826667,0.000000,1.027542
36,17.366667,11.866667,13.778333,0.000000,1.063559
37,17.400000,11.666667,13.778333,0.000000,1.116015
38,17.433333,12.100000,13.831667,0.000000,1.035522
39,17.433333,11.900000,13.870000,0.000000,1.049466
40,17.433333,11.800000,13.806667,0.000000,1.095742
41,17.433333,11.900000,13.853333,0.000000,1.072489
42,17.433333,11.900000,13.838333,0.000000,1.065106
43,17.433333,11.900000,13.821667,0.000000,1.068276
44,17.433333,11.800000,13.788333,0.000000,1.071051
45,17.466667,11.800000,13.813333,0.000000,1.136142
46,17.466667,11.766667,13.706667,0.000000,1.109353
47,17.466667,11.833333,13.810000,0.000000,1.020784
48,17.466667,11.866667,13.810000,0.000000,1.061710
49,17.466667,12.033333,13.773333,0.000000,1.005529
50,17.466667,11.866667,13.840000,0.000000,1.054239
51,17.466667,11.933333,13.795000,0.000000,1.116603
52,17.466667,12.033333,13.765000,0.000000,1.047087
53,17.466667,11.833333,13.841667,0.000000,1.073583
54,17.500000,11.766667,13.741667,0.000000,1.103569
55,17.500000,11.933333,13.803333,0.000000,1.032026
56,17.500000,11.966667,13.810000,0.000000,1.059938
57,17.500000,11.766667,13.751667,0.000000,1.064675
58,17.500000,11.966667,13.783333,0.000000,0.988140
59,17.500000,11.933333,13.760000,0.000000,1.034948
60,17.500000,11.900000,13.753333,0.000000,1.027884
61,17.500000,11.933333,13.771667,0.000000,1.016756
62,17.500000,11.733333,13.806667,0.000000,1.086723
63,17.500000,12.066667,13.863333,0.000000,0.997222
64,17.500000,11.866667,13.833333,0.000000,1.043706
65,17.500000,11.900000,13.818333,0.000000,1.083296
66,17.500000,11.900000,13.793333,0.000000,1.051191
67,17.500000,11.966667,13.836667,0.000000,1.073721
68,17.500000,11.966667,13.701667,0.000000,1.090733
69,17.500000,11.966667,13.863333,0.000000,1.023042
70,17.500000,11.900000,13.781667,0.000000,1.048751
71,17.500000,11.833333,13.761667,0.000000,1.025834
72,17.500000,11.900000,13.831667,0.000000,1.029503
73,17.500000,11.800000,13.805000,0.000000,1.015979
74,17.500000,11.900000,13.813333,0.000000,1.037723
75,17.500000,12.033333,13.881667,0.000000,1.035728
76,17.500000,11.933333,13.871667,0.000000,1.062000
77,17.500000,11.933333,13.786667,0.000000,1.030311
78,17.500000,11.933333,13.821667,0.000000,1.073220
79,17.500000,11.766667,13.771667,0.000000,1.087635
80,17.500000,11.933333,13.878333,0.000000,1.096272
81,17.533333,11.866667,13.801667,0.000000,1.062537
82,17.566667,12.033333,13.850000,0.000000,1.060758
83,17.566667,11.866667,13.788333,0.000000,1.086449
84,17.566667,11.766667,13.793333,0.000000,1.063370
85,17.600000,12.066667,13.765000,0.000000,1.026855
86,17.633333,11.866667,13.813333,0.000000,1.096571
87,17.633333,11.833333,13.851667,0.000000,1.032079
88,17.633333,11.866667,13.811667,0.000000,1.103039
89,17.633333,11.933333,13.785000,0.000000,1.080938
90,17.633333,11.800000,13.833333,0.000000,1.067062
91,17.633333,11.833333,13.791667,0.000000,1.092864
92,17.633333,11.766667,13.798333,0.000000,1.083344
93,17.633333,11.900000,13.766667,0.000000,1.042667
94,17.633333,11.966667,13.801667,0.000000,1.076080
95,17.633333,12.033333,13.863333,0.000000,1.069423
96,17.633333,12.066667,13.865000,0.000000,1.047157
97,17.633333,12.133333,13.798333,0.000000,1.018607
98,17.633333,12.033333,13.796667,0.000000,0.983850
99,17.633333,12.000000,13.761667,0.000000,0.996406
100,17.633333,11.933333,13.853333,0.000000,1.072908
101,17.633333,12.100000,13.856667,0.000000,1.021657
102,17.633333,11.900000,13.705000,0.000000,1.033739
103,17.666667,12.100000,13.783333,0.000000,1.033575
104,17.666667,12.000000,13.806667,0.000000,1.051651
105,17.666667,11.933333,13.761667,0.000000,1.075406
106,17.666667,11.800000,13.733333,0.000000,1.038207
107,17.666667,11.966667,13.851667,0.000000,1.003744
108,17.666667,11.833333,13.843333,0.000000,1.083675
109,17.666667,11.966667,13.871667,0.000000,1.124876
110,17.666667,12.066667,13.830000,0.000000,0.993480
111,17.666667,12.100000,13.796667,0.000000,1.041110
112,17.666667,11.866667,13.811667,0.000000,1.045046
113,17.666667,12.166667,13.780000,0.000000,1.017449
114,17.666667,11.900000,13.786667,0.000000,1.081229
115,17.666667,11.933333,13.838333,0.000000,1.073997
116,17.666667,11.966667,13.855000,0.000000,1.033570
117,17.666667,11.833333,13.840000,0.000000,1.115554
118,17.666667,12.000000,13.770000,0.000000,1.013186
119,17.666667,11.900000,13.826667,0.000000,1.051140
120,17.666667,11.966667,13.761667,0.000000,1.000277
121,17.666667,11.966667,13.766667,0.000000,1.068315
122,17.700000,11.966667,13.815000,0.000000,1.013903
123,17.700000,11.700000,13.741667,0.000000,1.042372
124,17.700000,12.066667,13.795000,0.000000,1.003281
125,17.700000,11.900000,13.865000,0.000000,1.056761
126,17.700000,11.866667,13.870000,0.000000,1.064164
127,17.700000,11.900000,13.793333,0.000000,1.079770
128,17.700000,11.966667,13.813333,0.000000,1.025767
129,17.700000,11.966667,13.778333,0.000000,1.040215
130,17.700000,11.900000,13.830000,0.000000,1.016635
131,17.700000,11.766667,13.788333,0.000000,1.074690
132,17.700000,11.900000,13.746667,0.000000,1.048404
133,17.733333,12.033333,13.865000,0.000000,1.070336
134,17.766667,12.000000,13.813333,0.000000,1.052736
135,17.766667,11.800000,13.725000,0.000000,1.021844
136,17.766667,12.166667,13.895000,0.000000,1.003593
137,17.766667,11.900000,13.806667,0.000000,1.023692
138,17.766667,11.933333,13.808333,0.000000,1.021081
139,17.766667,12.233333,13.910000,0.000000,1.000525
140,17.766667,12.000000,13.855000,0.000000,1.021822
141,17.766667,11.866667,13.800000,0.000000,1.083678
142,17.766667,11.800000,13.790000,0.000000,1.071677
143,17.766667,12.000000,13.755000,0.000000,1.025851
144,17.766667,11.900000,13.810000,0.000000,1.086874
145,17.766667,12.000000,13.793333,0.000000,0.994204
146,17.766667,12.066667,13.910000,0.000000,1.052071
147,17.766667,11.966667,13.816667,0.000000,1.061232
148,17.766667,11.966667,13.790000,0.000000,1.096401
149,17.766667,11.833333,13.790000,0.000000,1.048390
150,17.766667,11.900000,13.735000,0.000000,1.042329
151,17.766667,11.966667,13.801667,0.000000,1.061053
152,17.766667,11.966667,13.836667,0.000000,1.037728
153,17.800000,11.766667,13.726667,0.000000,1.059886
154,17.800000,11.800000,13.826667,0.000000,1.024036
155,17.800000,11.933333,13.871667,0.000000,1.068645
156,17.800000,12.066667,13.840000,0.000000,1.065522
157,17.800000,11.866667,13.741667,0.000000,1.035982
158,17.800000,11.966667,13.795000,0.000000,1.023632
159,17.800000,12.000000,13.808333,0.000000,1.041099
160,17.800000,12.033333,13.851667,0.000000,1.050183
161,17.800000,12.000000,13.840000,0.000000,1.080456
162,17.800000,11.833333,13.781667,0.000000,1.107834
163,17.800000,11.833333,13.763333,0.000000,1.032296
164,17.800000,11.833333,13.780000,0.000000,1.068602
165,17.800000,11.833333,13.820000,0.000000,1.077180
166,17.800000,11.966667,13.753333,0.000000,1.037208
167,17.800000,11.833333,13.770000,0.000000,1.048714
168,17.800000,11.900000,13.890000,0.000000,1.079143
169,17.800000,11.966667,13.828333,0.000000,0.999854
170,17.800000,12.033333,13.821667,0.000000,0.996962
171,17.833333,11.933333,13.816667,0.000000,1.052149
172,17.833333,12.233333,13.881667,0.000000,1.021754
173,17.833333,11.866667,13.736667,0.000000,1.043977
174,17.833333,11.933333,13.751667,0.000000,1.055923
175,17.833333,11.866667,13.880000,0.000000,1.154099
176,17.833333,12.066667,13.808333,0.000000,1.014401
177,17.833333,11.966667,13.858333,0.000000,1.061804
178,17.833333,11.766667,13.768333,0.000000,1.052971
179,17.833333,11.866667,13.808333,0.000000,1.055640
180,17.833333,12.000000,13.811667,0.000000,1.010661
181,17.833333,11.933333,13.835000,0.000000,1.015569
182,17.833333,12.000000,13.865000,0.000000,1.040687
183,17.833333,11.900000,13.826667,0.000000,1.001420
184,17.833333,11.866667,13.781667,0.000000,1.054779
185,17.833333,11.933333,13.768333,0.000000,1.022230
186,17.833333,11.933333,13.840000,0.000000,1.040630
187,17.833333,12.000000,13.825000,0.000000,1.069240
188,17.833333,11.933333,13.756667,0.000000,1.020674
189,17.833333,11.933333,13.866667,0.000000,1.035386
190,17.833333,11.900000,13.835000,0.000000,1.072867
191,17.833333,11.866667,13.755000,0.000000,1.042182
192,17.833333,11.900000,13.833333,0.000000,1.012302
193,17.833333,11.966667,13.800000,0.000000,1.026616
194,17.866667,11.833333,13.810000,0.000000,1.125096
195,17.866667,11.833333,13.805000,0.000000,1.073311
196,17.866667,11.933333,13.741667,0.000000,1.050469
197,17.866667,11.833333,13.785000,0.000000,1.021565
198,17.866667,11.866667,13.796667,0.000000,1.068445
199,17.866667,11.733333,13.728333,0.000000,1.101595
200,17.866667,11.800000,13.723333,0.000000,1.069151
BestSdev: 0.366756, Time: 8m43.103697369s