gen,best,worst,mean,rep,sdev
1,27.400000,14.400000,20.466667,0.000000,3.415725
2,28.833333,14.166667,20.668333,0.000000,3.575665
3,29.366667,14.600000,20.831667,0.000000,3.374523
4,30.133333,15.000000,20.951667,0.000000,3.460343
5,30.166667,14.766667,20.296667,0.000000,3.262760
6,30.400000,14.266667,20.638333,0.000000,3.524461
7,30.466667,14.733333,20.673333,0.000000,3.329114
8,30.633333,14.766667,20.891667,0.000000,3.445380
9,30.900000,14.066667,20.693333,0.000000,3.602354
10,31.233333,14.600000,20.570000,0.000000,3.453911
11,31.233333,14.000000,20.570000,0.000000,3.398377
12,31.366667,14.433333,20.791667,0.000000,3.389196
13,31.500000,14.800000,20.580000,0.000000,3.278905
14,31.566667,14.300000,20.446667,0.000000,3.494746
15,31.633333,14.800000,20.921667,0.000000,3.518031
16,31.800000,14.233333,20.643333,0.000000,3.656687
17,31.933333,14.166667,20.576667,0.000000,3.526752
18,32.100000,14.600000,20.766667,0.000000,3.510469
19,32.100000,14.366667,20.625000,0.000000,3.582347
20,32.166667,14.633333,20.800000,0.000000,3.394372
21,32.200000,14.333333,20.666667,0.000000,3.433390
22,32.266667,14.766667,20.656667,0.000000,3.436840
23,32.333333,14.966667,20.938333,0.000000,3.299248
24,32.333333,14.500000,20.563333,0.000000,3.279833
25,32.366667,13.866667,20.493333,0.000000,3.543695
26,32.366667,14.666667,20.918333,0.000000,3.490778
27,32.366667,14.933333,20.693333,0.000000,3.276465
28,32.366667,14.533333,20.851667,0.000000,3.418516
29,32.400000,14.300000,20.933333,0.000000,3.674639
30,32.400000,14.433333,20.638333,0.000000,3.528561
31,32.466667,14.566667,20.935000,0.000000,3.580222
32,32.600000,14.700000,20.671667,0.000000,3.436047
33,32.600000,14.366667,20.755000,0.000000,3.466670
34,32.633333,13.833333,20.660000,0.000000,3.683729
35,32.633333,14.500000,20.663333,0.000000,3.565192
36,32.666667,14.333333,20.555000,0.000000,3.575532
37,32.733333,15.033333,20.860000,0.000000,3.409244
38,32.800000,14.633333,20.541667,0.000000,3.464728
39,32.800000,14.866667,20.526667,0.000000,3.434433
40,32.966667,14.633333,20.971667,0.000000,3.470788
41,32.966667,14.933333,20.980000,0.000000,3.439473
42,32.966667,14.733333,20.701667,0.000000,3.404608
43,32.966667,14.533333,20.741667,0.000000,3.417027
44,32.966667,15.033333,21.093333,0.000000,3.385650
45,33.000000,14.200000,20.731667,0.000000,3.490462
46,33.000000,14.333333,20.631667,0.000000,3.407328
47,33.000000,14.800000,20.711667,0.000000,3.294778
48,33.066667,14.966667,20.710000,0.000000,3.408465
49,33.133333,14.533333,20.660000,0.000000,3.539119
50,33.133333,14.466667,20.618333,0.000000,3.497644
BestSdev: 1.196982, Time: 1m25.832300886s