gen,best,worst,mean,rep,sdev
1,16.533333,11.533333,13.813667,0.000000,1.061003
2,16.833333,11.366667,13.802333,0.000000,1.076423
3,16.933333,11.533333,13.818000,0.000000,1.076007
4,17.100000,11.400000,13.855667,0.000000,1.102355
5,17.233333,11.366667,13.767333,0.000000,1.087913
6,17.233333,11.466667,13.825667,0.000000,1.062352
7,17.300000,11.333333,13.793000,0.000000,1.074670
8,17.300000,11.400000,13.793667,0.000000,1.078583
9,17.366667,11.266667,13.769667,0.000000,1.092846
10,17.366667,11.366667,13.779333,0.000000,1.054453
11,17.400000,11.300000,13.817000,0.000000,1.095432
12,17.433333,11.266667,13.777667,0.000000,1.080908
13,17.433333,11.533333,13.796333,0.000000,1.078034
14,17.433333,11.400000,13.839333,0.000000,1.084643
15,17.500000,11.200000,13.774333,0.000000,1.086514
16,17.566667,11.366667,13.803333,0.000000,1.090377
17,17.600000,11.333333,13.851667,0.000000,1.089762
18,17.600000,11.400000,13.825000,0.000000,1.103425
19,17.633333,11.300000,13.820000,0.000000,1.095548
20,17.633333,11.133333,13.773000,0.000000,1.103802
21,17.733333,11.500000,13.876667,0.000000,1.090598
22,17.800000,11.266667,13.830667,0.000000,1.090763
23,17.800000,11.300000,13.806333,0.000000,1.100397
24,17.800000,11.300000,13.785333,0.000000,1.063182
25,17.800000,11.300000,13.787667,0.000000,1.087676
26,17.833333,11.300000,13.796000,0.000000,1.099110
27,17.833333,11.433333,13.831667,0.000000,1.066836
28,17.833333,11.366667,13.816667,0.000000,1.070743
29,17.866667,11.333333,13.775333,0.000000,1.097134
30,17.900000,11.433333,13.782667,0.000000,1.081523
31,17.900000,11.333333,13.751000,0.000000,1.093859
32,17.966667,11.466667,13.797667,0.000000,1.094881
33,17.966667,11.533333,13.799667,0.000000,1.078338
34,17.966667,11.333333,13.792000,0.000000,1.099797
35,17.966667,11.200000,13.795667,0.000000,1.091335
36,18.000000,11.266667,13.847000,0.000000,1.090652
37,18.000000,11.500000,13.827667,0.000000,1.087257
38,18.033333,11.233333,13.847000,0.000000,1.093428
39,18.100000,11.266667,13.824667,0.000000,1.102831
40,18.100000,11.333333,13.826000,0.000000,1.067515
41,18.133333,11.466667,13.815333,0.000000,1.080429
42,18.133333,11.400000,13.838667,0.000000,1.090476
43,18.133333,11.200000,13.775000,0.000000,1.095877
44,18.133333,11.300000,13.784333,0.000000,1.087731
45,18.166667,11.400000,13.841333,0.000000,1.089213
46,18.166667,11.400000,13.827667,0.000000,1.048306
47,18.166667,11.266667,13.823000,0.000000,1.076603
48,18.166667,11.333333,13.803667,0.000000,1.074224
49,18.166667,11.233333,13.788667,0.000000,1.089656
50,18.166667,11.400000,13.821667,0.000000,1.079205
BestSdev: 0.388744, Time: 4m35.379548824s