gen,best,worst,mean,rep,sdev
1,16.566667,11.366667,13.845667,0.000000,1.075282
2,16.833333,11.433333,13.798667,0.000000,1.071480
3,17.066667,11.366667,13.797667,0.000000,1.095442
4,17.233333,11.433333,13.814333,0.000000,1.083059
5,17.333333,11.233333,13.805333,0.000000,1.114182
6,17.433333,11.366667,13.802667,0.000000,1.098550
7,17.466667,11.300000,13.823667,0.000000,1.081771
8,17.466667,11.300000,13.800333,0.000000,1.074345
9,17.533333,11.233333,13.811000,0.000000,1.085824
10,17.566667,11.300000,13.780667,0.000000,1.075106
11,17.566667,11.433333,13.802333,0.000000,1.095037
12,17.566667,11.233333,13.819333,0.000000,1.097700
13,17.600000,11.200000,13.805000,0.000000,1.094409
14,17.666667,11.366667,13.815333,0.000000,1.090735
15,17.666667,11.266667,13.836333,0.000000,1.110029
16,17.700000,11.366667,13.776333,0.000000,1.077072
17,17.700000,11.400000,13.812667,0.000000,1.107874
18,17.700000,11.366667,13.793333,0.000000,1.083002
19,17.733333,11.333333,13.824333,0.000000,1.080512
20,17.733333,11.233333,13.748333,0.000000,1.070197
21,17.733333,11.366667,13.789000,0.000000,1.079642
22,17.766667,11.300000,13.783000,0.000000,1.093166
23,17.766667,11.466667,13.797000,0.000000,1.092995
24,17.766667,11.433333,13.810667,0.000000,1.105296
25,17.766667,11.433333,13.817667,0.000000,1.083420
26,17.766667,11.300000,13.759333,0.000000,1.080222
27,17.766667,11.400000,13.825667,0.000000,1.046946
28,17.766667,11.233333,13.791333,0.000000,1.081019
29,17.866667,11.266667,13.794667,0.000000,1.108132
30,17.900000,11.300000,13.802667,0.000000,1.089242
31,17.900000,11.366667,13.831000,0.000000,1.088105
32,17.900000,11.066667,13.786000,0.000000,1.075308
33,17.900000,11.333333,13.798000,0.000000,1.067705
34,17.966667,11.233333,13.799333,0.000000,1.090277
35,17.966667,11.166667,13.788333,0.000000,1.080895
36,17.966667,11.466667,13.818667,0.000000,1.072959
37,17.966667,11.333333,13.816667,0.000000,1.103342
38,17.966667,11.233333,13.804667,0.000000,1.082459
39,18.000000,11.433333,13.790000,0.000000,1.093265
40,18.000000,11.500000,13.818333,0.000000,1.076761
41,18.000000,11.333333,13.838667,0.000000,1.073720
42,18.033333,11.300000,13.830000,0.000000,1.094732
43,18.066667,11.400000,13.826667,0.000000,1.079296
44,18.066667,11.366667,13.811000,0.000000,1.066996
45,18.066667,11.433333,13.773000,0.000000,1.080146
46,18.066667,11.466667,13.838667,0.000000,1.081515
47,18.066667,11.300000,13.812667,0.000000,1.079182
48,18.066667,11.133333,13.801667,0.000000,1.089808
49,18.066667,11.433333,13.837333,0.000000,1.099267
50,18.066667,11.400000,13.807667,0.000000,1.074362
BestSdev: 0.316495, Time: 4m35.041538281s