gen,best,worst,mean,rep,sdev
1,15.800000,12.000000,13.891667,0.000000,1.000607
2,16.100000,11.966667,13.860000,0.000000,1.060209
3,16.333333,11.933333,13.720000,0.000000,1.041171
4,16.400000,11.966667,13.833333,0.000000,1.050311
5,16.500000,12.033333,13.866667,0.000000,1.039091
6,16.633333,12.066667,13.843333,0.000000,1.018460
7,16.766667,12.000000,13.806667,0.000000,1.066878
8,16.766667,11.933333,13.780000,0.000000,1.049253
9,16.900000,12.100000,13.830000,0.000000,1.028831
10,16.900000,11.866667,13.761667,0.000000,1.055948
11,16.900000,12.033333,13.851667,0.000000,1.025427
12,17.000000,11.933333,13.760000,0.000000,1.073503
13,17.000000,11.900000,13.796667,0.000000,1.048152
14,17.033333,12.166667,13.861667,0.000000,1.023746
15,17.033333,11.866667,13.863333,0.000000,1.057078
16,17.066667,11.900000,13.758333,0.000000,1.015876
17,17.066667,11.866667,13.771667,0.000000,1.030753
18,17.066667,11.900000,13.788333,0.000000,1.042143
19,17.100000,11.900000,13.816667,0.000000,1.055151
20,17.100000,11.933333,13.730000,0.000000,1.023011
21,17.133333,12.000000,13.773333,0.000000,1.046353
22,17.166667,11.900000,13.868333,0.000000,1.053350
23,17.166667,11.733333,13.788333,0.000000,1.099519
24,17.166667,11.666667,13.793333,0.000000,1.089684
25,17.166667,12.033333,13.840000,0.000000,1.015449
26,17.166667,11.733333,13.750000,0.000000,1.066174
27,17.166667,11.933333,13.831667,0.000000,1.038895
28,17.166667,11.966667,13.791667,0.000000,1.002261
29,17.166667,12.033333,13.868333,0.000000,1.079230
30,17.166667,12.066667,13.831667,0.000000,1.037355
31,17.233333,11.933333,13.843333,0.000000,1.124005
32,17.333333,11.933333,13.768333,0.000000,1.098998
33,17.333333,11.833333,13.906667,0.000000,1.098370
34,17.333333,11.800000,13.751667,0.000000,1.062785
35,17.333333,11.966667,13.730000,0.000000,1.037243
36,17.366667,12.066667,13.881667,0.000000,1.091146
37,17.400000,11.866667,13.861667,0.000000,1.086409
38,17.400000,12.033333,13.833333,0.000000,1.026128
39,17.400000,11.733333,13.808333,0.000000,1.069365
40,17.466667,11.933333,13.753333,0.000000,1.015794
41,17.466667,12.033333,13.786667,0.000000,1.078756
42,17.466667,11.900000,13.780000,0.000000,1.072841
43,17.466667,11.833333,13.780000,0.000000,1.069006
44,17.533333,11.966667,13.840000,0.000000,1.064121
45,17.533333,11.866667,13.833333,0.000000,1.053860
46,17.533333,11.866667,13.768333,0.000000,1.028573
47,17.533333,11.966667,13.813333,0.000000,1.082741
48,17.533333,11.933333,13.831667,0.000000,1.039604
49,17.566667,11.966667,13.826667,0.000000,1.031031
50,17.566667,11.933333,13.796667,0.000000,1.065466
51,17.566667,12.000000,13.818333,0.000000,1.017901
52,17.566667,11.966667,13.778333,0.000000,1.003602
53,17.600000,11.833333,13.771667,0.000000,1.035370
54,17.600000,12.033333,13.808333,0.000000,0.995053
55,17.600000,11.800000,13.793333,0.000000,1.116596
56,17.600000,11.966667,13.758333,0.000000,1.053706
57,17.600000,11.833333,13.806667,0.000000,1.098456
58,17.600000,11.766667,13.773333,0.000000,1.062044
59,17.600000,11.866667,13.810000,0.000000,1.089261
60,17.600000,11.866667,13.763333,0.000000,1.061938
61,17.600000,12.033333,13.831667,0.000000,1.052352
62,17.600000,11.966667,13.821667,0.000000,1.019875
63,17.600000,11.833333,13.808333,0.000000,1.119075
64,17.600000,11.966667,13.785000,0.000000,1.030209
65,17.600000,11.933333,13.791667,0.000000,1.030960
66,17.600000,11.933333,13.830000,0.000000,1.032165
67,17.633333,11.866667,13.740000,0.000000,1.009777
68,17.633333,11.966667,13.795000,0.000000,1.033545
69,17.633333,11.833333,13.798333,0.000000,1.048260
70,17.633333,12.033333,13.835000,0.000000,1.030342
71,17.633333,12.066667,13.836667,0.000000,1.065514
72,17.633333,11.700000,13.788333,0.000000,1.076834
73,17.633333,11.833333,13.740000,0.000000,1.048507
74,17.633333,11.866667,13.795000,0.000000,1.079643
75,17.633333,11.766667,13.808333,0.000000,1.024628
76,17.633333,12.100000,13.841667,0.000000,0.992279
77,17.633333,11.800000,13.798333,0.000000,1.088829
78,17.633333,11.900000,13.830000,0.000000,1.048255
79,17.700000,11.866667,13.726667,0.000000,1.079668
80,17.700000,11.733333,13.731667,0.000000,1.079661
81,17.733333,11.966667,13.805000,0.000000,1.074280
82,17.733333,11.800000,13.798333,0.000000,1.054530
83,17.733333,11.933333,13.768333,0.000000,1.006692
84,17.733333,11.733333,13.781667,0.000000,1.054497
85,17.733333,11.900000,13.730000,0.000000,1.040525
86,17.733333,12.000000,13.798333,0.000000,1.045496
87,17.733333,11.966667,13.805000,0.000000,1.062449
88,17.733333,11.866667,13.840000,0.000000,1.073761
89,17.733333,12.033333,13.778333,0.000000,1.021573
90,17.766667,11.933333,13.848333,0.000000,1.053238
91,17.766667,11.966667,13.813333,0.000000,1.003058
92,17.800000,11.800000,13.786667,0.000000,1.091029
93,17.800000,11.933333,13.905000,0.000000,1.036901
94,17.800000,11.933333,13.908333,0.000000,1.054066
95,17.800000,11.933333,13.781667,0.000000,1.054454
96,17.800000,11.866667,13.785000,0.000000,1.027429
97,17.800000,11.900000,13.845000,0.000000,1.106129
98,17.800000,11.900000,13.743333,0.000000,1.030406
99,17.800000,11.933333,13.763333,0.000000,1.032429
100,17.800000,11.933333,13.786667,0.000000,1.047177
101,17.800000,11.833333,13.815000,0.000000,1.061005
102,17.800000,11.800000,13.853333,0.000000,1.084815
103,17.800000,12.133333,13.793333,0.000000,0.968479
104,17.800000,11.966667,13.853333,0.000000,1.037612
105,17.800000,11.933333,13.811667,0.000000,1.093810
106,17.833333,11.900000,13.838333,0.000000,1.111166
107,17.833333,11.800000,13.810000,0.000000,1.108564
108,17.833333,11.900000,13.806667,0.000000,1.086366
109,17.833333,11.933333,13.845000,0.000000,1.039415
110,17.833333,11.900000,13.825000,0.000000,1.026346
111,17.833333,11.966667,13.748333,0.000000,1.045595
112,17.833333,11.833333,13.793333,0.000000,1.071853
113,17.866667,11.833333,13.746667,0.000000,0.990168
114,17.866667,11.900000,13.820000,0.000000,1.009597
115,17.866667,11.966667,13.810000,0.000000,1.020364
116,17.866667,11.866667,13.810000,0.000000,1.031691
117,17.866667,11.800000,13.833333,0.000000,1.043498
118,17.866667,12.000000,13.808333,0.000000,1.063871
119,17.866667,12.000000,13.836667,0.000000,1.027731
120,17.866667,11.966667,13.766667,0.000000,1.043994
121,17.866667,12.066667,13.848333,0.000000,1.036166
122,17.866667,11.900000,13.865000,0.000000,1.056679
123,17.866667,11.800000,13.820000,0.000000,1.042389
124,17.866667,12.066667,13.788333,0.000000,1.019620
125,17.866667,11.900000,13.848333,0.000000,1.083679
126,17.866667,11.966667,13.845000,0.000000,1.110926
127,17.866667,11.833333,13.776667,0.000000,1.047824
128,17.866667,12.000000,13.845000,0.000000,1.055736
129,17.866667,11.966667,13.825000,0.000000,1.072038
130,17.866667,11.833333,13.781667,0.000000,1.016903
131,17.866667,11.966667,13.761667,0.000000,0.984429
132,17.866667,11.866667,13.776667,0.000000,1.028636
133,17.866667,11.933333,13.821667,0.000000,1.032213
134,17.866667,12.100000,13.871667,0.000000,1.012385
135,17.866667,11.966667,13.890000,0.000000,1.066333
136,17.866667,12.166667,13.796667,0.000000,0.979055
137,17.866667,12.000000,13.820000,0.000000,1.028765
138,17.866667,12.033333,13.805000,0.000000,1.054796
139,17.866667,11.966667,13.818333,0.000000,1.011688
140,17.866667,12.033333,13.803333,0.000000,1.014160
141,17.866667,11.633333,13.791667,0.000000,1.061954
142,17.866667,12.033333,13.738333,0.000000,1.026670
143,17.866667,11.966667,13.860000,0.000000,1.095866
144,17.866667,11.866667,13.786667,0.000000,1.068343
145,17.866667,11.900000,13.778333,0.000000,1.038057
146,17.866667,12.033333,13.801667,0.000000,1.009542
147,17.966667,11.833333,13.826667,0.000000,1.118605
148,18.000000,11.866667,13.711667,0.000000,1.047672
149,18.000000,12.000000,13.758333,0.000000,1.034358
150,18.000000,11.966667,13.903333,0.000000,1.085281
151,18.000000,12.100000,13.786667,0.000000,1.004422
152,18.000000,11.933333,13.728333,0.000000,0.991224
153,18.000000,12.033333,13.796667,0.000000,1.017246
154,18.000000,11.933333,13.811667,0.000000,1.040915
155,18.000000,12.066667,13.838333,0.000000,0.985617
156,18.000000,11.666667,13.716667,0.000000,1.014033
157,18.000000,11.900000,13.748333,0.000000,1.007829
158,18.000000,12.066667,13.796667,0.000000,1.014718
159,18.000000,11.933333,13.800000,0.000000,1.027114
160,18.000000,11.733333,13.790000,0.000000,1.118825
161,18.000000,11.933333,13.726667,0.000000,1.058832
162,18.000000,11.933333,13.791667,0.000000,1.017478
163,18.000000,12.000000,13.780000,0.000000,1.033501
164,18.000000,11.866667,13.850000,0.000000,1.064951
165,18.000000,11.900000,13.795000,0.000000,1.011281
166,18.000000,12.066667,13.848333,0.000000,1.029084
167,18.000000,11.866667,13.858333,0.000000,1.058165
168,18.000000,11.800000,13.795000,0.000000,1.067870
169,18.000000,11.833333,13.758333,0.000000,1.077237
170,18.000000,11.966667,13.771667,0.000000,1.067882
171,18.000000,12.000000,13.783333,0.000000,1.004107
172,18.000000,11.966667,13.810000,0.000000,1.042019
173,18.000000,11.933333,13.838333,0.000000,1.054183
174,18.000000,11.933333,13.788333,0.000000,1.088921
175,18.000000,12.033333,13.788333,0.000000,1.041487
176,18.000000,11.733333,13.805000,0.000000,1.077871
177,18.000000,12.066667,13.846667,0.000000,1.072895
178,18.000000,12.000000,13.796667,0.000000,0.979222
179,18.000000,11.966667,13.873333,0.000000,1.081435
180,18.000000,11.800000,13.800000,0.000000,1.044779
181,18.000000,11.900000,13.765000,0.000000,1.047377
182,18.000000,12.033333,13.806667,0.000000,1.025185
183,18.000000,11.633333,13.780000,0.000000,1.066493
184,18.000000,11.766667,13.846667,0.000000,1.063458
185,18.000000,11.800000,13.808333,0.000000,1.068460
186,18.066667,12.133333,13.945000,0.000000,1.058260
187,18.066667,11.866667,13.798333,0.000000,1.045367
188,18.066667,11.733333,13.831667,0.000000,1.090364
189,18.066667,11.900000,13.796667,0.000000,1.064932
190,18.066667,11.966667,13.758333,0.000000,1.021356
191,18.066667,11.933333,13.746667,0.000000,1.055554
192,18.066667,11.900000,13.873333,0.000000,1.085565
193,18.066667,11.933333,13.781667,0.000000,1.015922
194,18.066667,11.966667,13.915000,0.000000,1.063673
195,18.066667,11.733333,13.808333,0.000000,1.051133
196,18.066667,11.766667,13.763333,0.000000,1.065815
197,18.066667,11.833333,13.823333,0.000000,1.107884
198,18.066667,11.833333,13.721667,0.000000,1.052675
199,18.066667,11.800000,13.811667,0.000000,1.035013
200,18.066667,12.000000,13.870000,0.000000,1.015951
201,18.066667,11.900000,13.768333,0.000000,1.018017
202,18.066667,11.966667,13.806667,0.000000,1.058601
203,18.066667,12.000000,13.823333,0.000000,1.047117
204,18.066667,11.800000,13.816667,0.000000,1.101820
205,18.066667,11.933333,13.720000,0.000000,1.024541
206,18.066667,11.833333,13.813333,0.000000,1.088098
207,18.066667,11.933333,13.798333,0.000000,1.024203
208,18.066667,12.000000,13.853333,0.000000,1.086312
209,18.066667,11.966667,13.780000,0.000000,1.018564
210,18.066667,11.933333,13.838333,0.000000,1.112190
211,18.066667,11.866667,13.778333,0.000000,1.048897
212,18.066667,12.000000,13.858333,0.000000,1.037526
213,18.066667,11.900000,13.813333,0.000000,1.038121
214,18.066667,11.700000,13.795000,0.000000,1.081594
215,18.066667,11.900000,13.845000,0.000000,1.088612
216,18.066667,11.866667,13.778333,0.000000,1.076784
217,18.066667,12.000000,13.838333,0.000000,1.019386
218,18.066667,11.933333,13.885000,0.000000,1.067623
219,18.066667,12.100000,13.901667,0.000000,1.046195
220,18.066667,11.733333,13.726667,0.000000,1.054001
221,18.066667,11.833333,13.810000,0.000000,1.075729
222,18.066667,11.866667,13.763333,0.000000,1.039267
223,18.066667,11.766667,13.800000,0.000000,1.073545
224,18.066667,11.866667,13.825000,0.000000,1.052303
225,18.066667,12.033333,13.805000,0.000000,1.011255
226,18.100000,11.966667,13.768333,0.000000,1.004395
227,18.100000,12.000000,13.805000,0.000000,1.022185
228,18.100000,12.000000,13.835000,0.000000,1.061574
229,18.100000,11.933333,13.796667,0.000000,1.054828
230,18.100000,11.733333,13.776667,0.000000,1.065642
231,18.100000,11.800000,13.765000,0.000000,1.074753
232,18.100000,11.866667,13.806667,0.000000,1.105582
233,18.100000,11.900000,13.776667,0.000000,1.111461
234,18.100000,11.900000,13.765000,0.000000,0.998622
235,18.100000,11.800000,13.813333,0.000000,1.112540
236,18.100000,12.066667,13.793333,0.000000,1.038983
237,18.100000,11.833333,13.775000,0.000000,1.117412
238,18.100000,11.866667,13.845000,0.000000,1.088198
239,18.100000,11.900000,13.840000,0.000000,1.093105
240,18.100000,12.033333,13.918333,0.000000,1.058814
241,18.100000,11.900000,13.778333,0.000000,1.046938
242,18.100000,11.866667,13.738333,0.000000,1.015959
243,18.100000,11.933333,13.798333,0.000000,1.016312
244,18.100000,12.066667,13.863333,0.000000,1.049031
245,18.100000,11.900000,13.866667,0.000000,1.089820
246,18.100000,11.833333,13.731667,0.000000,1.048884
247,18.100000,11.833333,13.803333,0.000000,1.097875
248,18.100000,11.900000,13.828333,0.000000,1.079797
249,18.100000,12.133333,13.885000,0.000000,1.038312
250,18.100000,12.033333,13.756667,0.000000,1.032964
251,18.100000,11.966667,13.805000,0.000000,1.026534
252,18.100000,11.966667,13.845000,0.000000,1.034560
253,18.100000,11.733333,13.730000,0.000000,1.081742
254,18.100000,12.166667,13.840000,0.000000,1.002843
255,18.100000,11.866667,13.835000,0.000000,1.067674
256,18.100000,11.966667,13.803333,0.000000,1.031505
257,18.100000,11.866667,13.808333,0.000000,1.047317
258,18.100000,11.966667,13.831667,0.000000,1.045029
259,18.100000,11.900000,13.731667,0.000000,1.025574
260,18.100000,11.800000,13.781667,0.000000,1.045798
261,18.100000,11.866667,13.860000,0.000000,1.074120
262,18.100000,11.766667,13.725000,0.000000,1.034998
263,18.100000,11.833333,13.751667,0.000000,1.071324
264,18.100000,11.866667,13.726667,0.000000,1.012258
265,18.100000,11.866667,13.800000,0.000000,1.058193
266,18.100000,12.066667,13.838333,0.000000,1.018033
267,18.100000,11.966667,13.798333,0.000000,0.986956
268,18.100000,11.900000,13.823333,0.000000,1.083186
269,18.100000,12.066667,13.820000,0.000000,1.012456
270,18.100000,12.100000,13.846667,0.000000,1.035011
271,18.100000,11.966667,13.866667,0.000000,1.055173
272,18.100000,11.666667,13.801667,0.000000,1.095513
273,18.100000,11.966667,13.738333,0.000000,1.051945
274,18.100000,11.900000,13.816667,0.000000,1.054432
275,18.100000,12.166667,13.878333,0.000000,1.005535
276,18.100000,12.166667,13.956667,0.000000,1.058149
277,18.100000,11.866667,13.775000,0.000000,1.012688
278,18.100000,11.866667,13.800000,0.000000,1.055113
279,18.100000,11.933333,13.790000,0.000000,1.061854
280,18.100000,11.900000,13.880000,0.000000,1.042883
281,18.100000,12.066667,13.805000,0.000000,1.020960
282,18.100000,11.900000,13.775000,0.000000,1.048896
283,18.100000,11.733333,13.780000,0.000000,1.106817
284,18.100000,12.000000,13.816667,0.000000,1.023007
285,18.100000,11.800000,13.805000,0.000000,1.081850
286,18.100000,12.000000,13.788333,0.000000,0.995528
287,18.100000,11.933333,13.776667,0.000000,1.053807
288,18.100000,11.966667,13.848333,0.000000,1.044125
289,18.100000,11.866667,13.786667,0.000000,1.039634
290,18.100000,11.900000,13.765000,0.000000,1.050537
291,18.100000,11.966667,13.843333,0.000000,1.104050
292,18.100000,12.066667,13.845000,0.000000,1.044647
293,18.100000,11.933333,13.715000,0.000000,1.013369
294,18.100000,11.933333,13.758333,0.000000,0.990765
295,18.100000,11.900000,13.803333,0.000000,1.047794
296,18.100000,12.166667,13.805000,0.000000,0.964862
297,18.100000,11.833333,13.830000,0.000000,1.133905
298,18.100000,12.033333,13.866667,0.000000,1.038892
299,18.100000,12.000000,13.818333,0.000000,0.983870
300,18.100000,11.800000,13.765000,0.000000,1.083643
301,18.100000,11.866667,13.863333,0.000000,1.133479
302,18.100000,12.066667,13.848333,0.000000,1.052061
303,18.100000,12.233333,13.880000,0.000000,1.059486
304,18.100000,11.900000,13.753333,0.000000,1.031198
305,18.100000,11.866667,13.793333,0.000000,1.040342
306,18.100000,11.900000,13.810000,0.000000,1.047198
307,18.100000,11.800000,13.790000,0.000000,1.074304
308,18.100000,11.966667,13.831667,0.000000,1.054147
309,18.100000,11.900000,13.815000,0.000000,1.056941
310,18.100000,12.033333,13.801667,0.000000,1.000145
311,18.100000,11.966667,13.861667,0.000000,1.015543
312,18.100000,11.766667,13.760000,0.000000,1.074719
313,18.100000,12.100000,13.818333,0.000000,1.051566
314,18.100000,12.166667,13.811667,0.000000,0.992281
315,18.100000,12.066667,13.840000,0.000000,1.055055
316,18.100000,11.833333,13.720000,0.000000,1.089538
317,18.100000,11.800000,13.796667,0.000000,1.063565
318,18.100000,11.800000,13.821667,0.000000,1.057922
319,18.100000,11.800000,13.843333,0.000000,1.088602
320,18.100000,12.033333,13.771667,0.000000,1.030524
321,18.100000,11.733333,13.750000,0.000000,1.089020
322,18.100000,11.966667,13.810000,0.000000,1.022328
323,18.100000,11.733333,13.811667,0.000000,1.081800
324,18.100000,12.000000,13.825000,0.000000,1.099451
325,18.100000,11.933333,13.735000,0.000000,1.036735
326,18.100000,12.033333,13.781667,0.000000,1.057428
327,18.100000,11.833333,13.795000,0.000000,1.064617
328,18.100000,11.866667,13.803333,0.000000,1.057878
329,18.100000,11.866667,13.816667,0.000000,1.040253
330,18.100000,12.133333,13.821667,0.000000,1.006704
331,18.100000,11.700000,13.748333,0.000000,1.091746
332,18.100000,11.933333,13.713333,0.000000,1.008869
333,18.100000,12.066667,13.743333,0.000000,0.984686
334,18.100000,11.766667,13.760000,0.000000,1.055543
335,18.100000,11.900000,13.776667,0.000000,1.036853
336,18.100000,11.900000,13.770000,0.000000,1.032606
337,18.100000,11.933333,13.808333,0.000000,1.032399
338,18.100000,11.800000,13.780000,0.000000,1.069147
339,18.100000,11.900000,13.788333,0.000000,1.043793
340,18.100000,11.866667,13.855000,0.000000,1.104820
341,18.100000,11.800000,13.728333,0.000000,1.066467
342,18.100000,11.966667,13.846667,0.000000,1.072869
343,18.100000,11.933333,13.808333,0.000000,1.070187
344,18.133333,11.933333,13.798333,0.000000,1.048894
345,18.133333,11.900000,13.873333,0.000000,1.051004
346,18.133333,11.900000,13.840000,0.000000,1.055834
347,18.133333,12.000000,13.886667,0.000000,1.087210
348,18.133333,11.900000,13.848333,0.000000,1.091202
349,18.133333,11.866667,13.820000,0.000000,1.072973
350,18.133333,11.800000,13.746667,0.000000,1.064714
351,18.133333,11.866667,13.770000,0.000000,1.046043
352,18.133333,12.033333,13.821667,0.000000,0.994417
353,18.133333,12.066667,13.810000,0.000000,1.034064
354,18.133333,11.900000,13.771667,0.000000,1.028528
355,18.133333,11.966667,13.751667,0.000000,1.034472
356,18.133333,11.900000,13.791667,0.000000,1.058618
357,18.166667,11.933333,13.866667,0.000000,1.119794
358,18.166667,11.900000,13.746667,0.000000,1.018534
359,18.166667,11.833333,13.773333,0.000000,1.029383
360,18.166667,11.833333,13.771667,0.000000,1.078212
361,18.166667,11.966667,13.816667,0.000000,1.013964
362,18.166667,11.900000,13.818333,0.000000,1.079131
363,18.166667,11.800000,13.863333,0.000000,1.080936
364,18.166667,12.033333,13.796667,0.000000,1.017194
365,18.166667,11.766667,13.795000,0.000000,1.071759
366,18.166667,11.900000,13.755000,0.000000,1.013331
367,18.166667,11.933333,13.838333,0.000000,1.074467
368,18.166667,11.733333,13.768333,0.000000,1.126112
369,18.166667,12.000000,13.756667,0.000000,1.007306
370,18.166667,11.833333,13.783333,0.000000,1.023389
371,18.166667,12.100000,13.901667,0.000000,1.014153
372,18.166667,11.700000,13.755000,0.000000,1.064582
373,18.166667,11.866667,13.835000,0.000000,1.113900
374,18.166667,11.900000,13.753333,0.000000,1.030175
375,18.166667,11.733333,13.746667,0.000000,1.108559
376,18.166667,11.766667,13.766667,0.000000,1.053745
377,18.166667,11.866667,13.791667,0.000000,1.065863
378,18.166667,11.800000,13.825000,0.000000,1.118962
379,18.166667,11.733333,13.816667,0.000000,1.065966
380,18.166667,11.700000,13.806667,0.000000,1.095988
381,18.166667,11.833333,13.820000,0.000000,1.049930
382,18.166667,11.833333,13.813333,0.000000,1.061345
383,18.166667,11.833333,13.750000,0.000000,1.116137
384,18.166667,11.766667,13.755000,0.000000,1.042099
385,18.166667,11.800000,13.741667,0.000000,1.048398
386,18.166667,11.966667,13.770000,0.000000,1.034911
387,18.166667,12.000000,13.815000,0.000000,1.028233
388,18.166667,11.900000,13.766667,0.000000,1.044522
389,18.166667,11.900000,13.771667,0.000000,1.019868
390,18.166667,11.666667,13.731667,0.000000,1.110114
391,18.166667,11.933333,13.771667,0.000000,1.083358
392,18.166667,11.966667,13.813333,0.000000,1.008496
393,18.166667,11.933333,13.830000,0.000000,1.032504
394,18.166667,11.833333,13.808333,0.000000,1.086923
395,18.166667,11.966667,13.863333,0.000000,1.076171
396,18.166667,11.833333,13.848333,0.000000,1.046330
397,18.166667,11.900000,13.795000,0.000000,1.080720
398,18.166667,12.000000,13.821667,0.000000,1.018816
399,18.166667,11.933333,13.900000,0.000000,1.059146
400,18.166667,11.900000,13.793333,0.000000,1.046507
401,18.166667,11.966667,13.788333,0.000000,1.051853
402,18.166667,11.800000,13.765000,0.000000,1.042349
403,18.166667,11.866667,13.790000,0.000000,1.038344
404,18.166667,12.033333,13.763333,0.000000,1.025981
405,18.166667,11.966667,13.840000,0.000000,0.986477
406,18.166667,12.100000,13.758333,0.000000,1.016041
407,18.166667,11.733333,13.771667,0.000000,1.074310
408,18.166667,11.866667,13.800000,0.000000,1.017380
409,18.166667,12.033333,13.778333,0.000000,1.052949
410,18.166667,12.000000,13.855000,0.000000,1.049026
411,18.166667,12.100000,13.785000,0.000000,1.049475
412,18.166667,11.666667,13.710000,0.000000,1.116300
413,18.166667,11.766667,13.768333,0.000000,1.075949
414,18.166667,11.833333,13.833333,0.000000,1.091331
415,18.166667,11.900000,13.723333,0.000000,1.026700
416,18.166667,11.800000,13.755000,0.000000,1.087151
417,18.166667,12.000000,13.846667,0.000000,1.045091
418,18.166667,12.100000,13.848333,0.000000,1.032721
419,18.166667,11.933333,13.826667,0.000000,1.059770
420,18.166667,12.033333,13.813333,0.000000,1.064904
421,18.166667,11.933333,13.780000,0.000000,1.043187
422,18.166667,12.066667,13.810000,0.000000,1.034793
423,18.166667,11.866667,13.810000,0.000000,1.034504
424,18.166667,11.966667,13.811667,0.000000,1.073733
425,18.166667,12.033333,13.845000,0.000000,1.024942
426,18.166667,11.933333,13.800000,0.000000,1.035681
427,18.166667,11.766667,13.768333,0.000000,1.085175
428,18.166667,12.066667,13.858333,0.000000,1.082239
429,18.166667,11.900000,13.823333,0.000000,1.066688
430,18.166667,11.933333,13.840000,0.000000,1.004829
431,18.166667,11.633333,13.760000,0.000000,1.081960
432,18.166667,11.800000,13.773333,0.000000,1.091288
433,18.166667,11.866667,13.736667,0.000000,1.020420
434,18.166667,11.900000,13.743333,0.000000,1.083542
435,18.166667,11.933333,13.816667,0.000000,1.095124
436,18.166667,11.866667,13.790000,0.000000,1.041833
437,18.166667,11.833333,13.760000,0.000000,1.043679
438,18.166667,11.900000,13.786667,0.000000,1.086091
439,18.166667,12.000000,13.803333,0.000000,1.023360
440,18.166667,11.866667,13.800000,0.000000,1.038470
441,18.166667,12.033333,13.805000,0.000000,1.001053
442,18.166667,11.933333,13.816667,0.000000,1.069932
443,18.166667,11.933333,13.873333,0.000000,1.045914
444,18.166667,12.000000,13.860000,0.000000,1.047229
445,18.166667,11.833333,13.791667,0.000000,1.033939
446,18.166667,12.033333,13.786667,0.000000,1.034273
447,18.166667,12.100000,13.795000,0.000000,1.000753
448,18.166667,11.900000,13.876667,0.000000,1.090902
449,18.166667,11.866667,13.813333,0.000000,1.037839
450,18.166667,11.933333,13.821667,0.000000,1.121690
451,18.166667,11.900000,13.793333,0.000000,1.060174
452,18.166667,11.966667,13.823333,0.000000,1.055427
453,18.166667,11.933333,13.816667,0.000000,1.097379
454,18.166667,11.966667,13.760000,0.000000,1.016737
455,18.166667,11.966667,13.821667,0.000000,1.013680
456,18.166667,11.666667,13.716667,0.000000,1.035925
457,18.166667,12.033333,13.795000,0.000000,1.028222
458,18.166667,12.033333,13.781667,0.000000,1.003295
459,18.166667,12.033333,13.813333,0.000000,1.031752
460,18.166667,11.866667,13.811667,0.000000,1.087746
461,18.166667,12.000000,13.821667,0.000000,1.031210
462,18.166667,11.866667,13.741667,0.000000,1.065224
463,18.166667,11.733333,13.718333,0.000000,1.047593
464,18.166667,11.833333,13.858333,0.000000,1.103029
465,18.166667,11.766667,13.776667,0.000000,1.046514
466,18.166667,11.933333,13.848333,0.000000,1.030993
467,18.166667,11.933333,13.788333,0.000000,1.021862
468,18.166667,11.833333,13.753333,0.000000,1.042291
469,18.166667,11.800000,13.733333,0.000000,1.044826
470,18.166667,11.933333,13.818333,0.000000,1.034688
471,18.166667,11.766667,13.813333,0.000000,1.070490
472,18.166667,11.966667,13.851667,0.000000,1.060113
473,18.166667,11.933333,13.835000,0.000000,1.021960
474,18.166667,11.933333,13.745000,0.000000,0.966920
475,18.166667,11.933333,13.813333,0.000000,1.031710
476,18.166667,12.066667,13.836667,0.000000,1.024260
477,18.166667,12.000000,13.868333,0.000000,1.057190
478,18.166667,11.900000,13.808333,0.000000,1.063264
479,18.166667,12.000000,13.853333,0.000000,1.062309
480,18.166667,11.800000,13.776667,0.000000,1.068070
481,18.166667,11.933333,13.808333,0.000000,1.033732
482,18.166667,11.933333,13.833333,0.000000,1.073386
483,18.166667,11.833333,13.861667,0.000000,1.082651
484,18.166667,12.100000,13.856667,0.000000,1.044396
485,18.166667,11.866667,13.848333,0.000000,1.121369
486,18.166667,12.000000,13.790000,0.000000,1.066841
487,18.166667,12.100000,13.793333,0.000000,1.023478
488,18.166667,11.933333,13.875000,0.000000,1.023090
489,18.166667,11.900000,13.703333,0.000000,0.999030
490,18.166667,12.100000,13.830000,0.000000,1.020520
491,18.166667,11.700000,13.736667,0.000000,1.024556
492,18.166667,11.666667,13.735000,0.000000,1.056696
493,18.166667,11.833333,13.790000,0.000000,1.028142
494,18.166667,11.933333,13.800000,0.000000,1.032390
495,18.166667,11.933333,13.771667,0.000000,1.032592
496,18.166667,12.000000,13.870000,0.000000,1.090171
497,18.166667,12.033333,13.860000,0.000000,1.099568
498,18.166667,11.833333,13.770000,0.000000,1.041935
499,18.166667,11.966667,13.848333,0.000000,1.031928
500,18.166667,11.766667,13.756667,0.000000,1.092666
BestSdev: 0.337057, Time: 20m14.066220842s