gen,best,worst,mean,rep,sdev
1,16.533333,11.233333,13.831333,0.000000,1.085225
2,16.833333,11.266667,13.779000,0.000000,1.078893
3,17.033333,11.266667,13.828667,0.000000,1.116645
4,17.133333,11.466667,13.787333,0.000000,1.070384
5,17.200000,11.266667,13.811333,0.000000,1.068449
6,17.233333,11.300000,13.800667,0.000000,1.096415
7,17.233333,11.466667,13.829667,0.000000,1.075851
8,17.266667,11.333333,13.803333,0.000000,1.072579
9,17.366667,11.200000,13.803333,0.000000,1.092324
10,17.433333,11.133333,13.765667,0.000000,1.080309
11,17.466667,11.266667,13.849333,0.000000,1.112586
12,17.500000,11.466667,13.805667,0.000000,1.051014
13,17.500000,11.333333,13.787333,0.000000,1.091728
14,17.533333,11.333333,13.800000,0.000000,1.080483
15,17.533333,11.333333,13.802667,0.000000,1.074609
16,17.600000,11.266667,13.810000,0.000000,1.093326
17,17.633333,11.300000,13.767333,0.000000,1.052975
18,17.633333,11.366667,13.828333,0.000000,1.085382
19,17.633333,11.233333,13.782000,0.000000,1.079520
20,17.633333,11.466667,13.802333,0.000000,1.071649
21,17.666667,11.433333,13.799667,0.000000,1.072078
22,17.700000,11.266667,13.758333,0.000000,1.094225
23,17.700000,11.333333,13.795667,0.000000,1.071115
24,17.733333,11.333333,13.812333,0.000000,1.081398
25,17.733333,11.333333,13.792000,0.000000,1.072682
26,17.733333,11.300000,13.793667,0.000000,1.088470
27,17.733333,11.266667,13.823333,0.000000,1.074387
28,17.733333,11.266667,13.807333,0.000000,1.074104
29,17.733333,11.266667,13.828333,0.000000,1.089565
30,17.733333,11.300000,13.797000,0.000000,1.106471
31,17.733333,11.266667,13.791333,0.000000,1.057728
32,17.766667,11.133333,13.783667,0.000000,1.091764
33,17.833333,11.266667,13.794000,0.000000,1.079114
34,17.833333,11.233333,13.793000,0.000000,1.102157
35,17.833333,11.366667,13.806000,0.000000,1.090815
36,17.833333,11.300000,13.815667,0.000000,1.101666
37,17.833333,11.333333,13.822333,0.000000,1.078897
38,17.833333,11.166667,13.829000,0.000000,1.097071
39,17.833333,11.366667,13.794000,0.000000,1.082885
40,17.833333,11.300000,13.817667,0.000000,1.090663
41,17.833333,11.233333,13.844000,0.000000,1.090704
42,17.833333,11.333333,13.773000,0.000000,1.080354
43,17.833333,11.366667,13.782667,0.000000,1.076438
44,17.833333,11.500000,13.825667,0.000000,1.072319
45,17.866667,11.400000,13.762000,0.000000,1.081223
46,17.866667,11.233333,13.855000,0.000000,1.079450
47,17.900000,11.366667,13.807000,0.000000,1.090206
48,17.933333,11.233333,13.799667,0.000000,1.092542
49,17.933333,11.233333,13.805667,0.000000,1.077671
50,17.933333,11.500000,13.801667,0.000000,1.063897
51,17.933333,11.433333,13.851333,0.000000,1.071545
52,17.933333,11.133333,13.818000,0.000000,1.109871
53,17.933333,11.333333,13.813667,0.000000,1.094161
54,17.933333,11.233333,13.816667,0.000000,1.091416
55,17.933333,11.333333,13.811000,0.000000,1.076641
56,17.933333,11.300000,13.806000,0.000000,1.076815
57,17.933333,11.433333,13.822333,0.000000,1.082580
58,17.933333,11.266667,13.833000,0.000000,1.090897
59,17.966667,11.300000,13.815333,0.000000,1.060592
60,17.966667,11.233333,13.807667,0.000000,1.092095
61,17.966667,11.366667,13.804000,0.000000,1.074958
62,17.966667,11.366667,13.775667,0.000000,1.075953
63,18.000000,11.433333,13.835667,0.000000,1.091989
64,18.000000,11.333333,13.812667,0.000000,1.109150
65,18.000000,11.300000,13.775667,0.000000,1.093802
66,18.000000,11.400000,13.781667,0.000000,1.092594
67,18.000000,11.200000,13.835000,0.000000,1.098852
68,18.000000,11.233333,13.791000,0.000000,1.081600
69,18.000000,11.366667,13.774667,0.000000,1.067696
70,18.000000,11.366667,13.813667,0.000000,1.072574
71,18.000000,11.400000,13.771000,0.000000,1.091968
72,18.000000,11.100000,13.789333,0.000000,1.112645
73,18.000000,11.266667,13.805333,0.000000,1.080317
74,18.000000,11.366667,13.797000,0.000000,1.083409
75,18.000000,11.400000,13.817667,0.000000,1.064220
76,18.000000,11.166667,13.815333,0.000000,1.096525
77,18.000000,11.300000,13.807000,0.000000,1.076328
78,18.000000,11.200000,13.789667,0.000000,1.095662
79,18.000000,11.233333,13.805000,0.000000,1.100142
80,18.033333,11.366667,13.826333,0.000000,1.082610
81,18.033333,11.400000,13.815333,0.000000,1.067710
82,18.033333,11.400000,13.786333,0.000000,1.087668
83,18.033333,11.333333,13.799000,0.000000,1.073463
84,18.033333,11.266667,13.809000,0.000000,1.072730
85,18.033333,11.266667,13.790667,0.000000,1.089431
86,18.033333,11.533333,13.819667,0.000000,1.108341
87,18.033333,11.266667,13.816000,0.000000,1.075685
88,18.033333,11.333333,13.820000,0.000000,1.077858
89,18.033333,11.333333,13.757333,0.000000,1.065806
90,18.033333,11.400000,13.787667,0.000000,1.082558
91,18.033333,11.366667,13.802000,0.000000,1.067604
92,18.033333,11.333333,13.793667,0.000000,1.072979
93,18.033333,11.200000,13.796333,0.000000,1.087911
94,18.033333,11.300000,13.789667,0.000000,1.075479
95,18.033333,11.233333,13.789000,0.000000,1.088671
96,18.033333,11.200000,13.796000,0.000000,1.094008
97,18.033333,11.600000,13.832333,0.000000,1.088581
98,18.033333,11.466667,13.779000,0.000000,1.077461
99,18.033333,11.200000,13.806667,0.000000,1.112345
100,18.033333,11.333333,13.805667,0.000000,1.075492
101,18.033333,11.266667,13.795333,0.000000,1.089622
102,18.033333,11.366667,13.793667,0.000000,1.064834
103,18.033333,11.266667,13.820667,0.000000,1.071569
104,18.033333,11.333333,13.825000,0.000000,1.093607
105,18.033333,11.466667,13.834000,0.000000,1.069384
106,18.033333,11.266667,13.794000,0.000000,1.098945
107,18.033333,11.400000,13.825333,0.000000,1.084241
108,18.033333,11.366667,13.780667,0.000000,1.073246
109,18.033333,11.300000,13.786000,0.000000,1.093890
110,18.033333,11.466667,13.826000,0.000000,1.080940
111,18.033333,11.433333,13.794667,0.000000,1.106364
112,18.033333,11.533333,13.845333,0.000000,1.083083
113,18.033333,11.300000,13.770333,0.000000,1.084266
114,18.033333,11.400000,13.813000,0.000000,1.077613
115,18.033333,11.300000,13.806667,0.000000,1.101733
116,18.033333,11.366667,13.818667,0.000000,1.097509
117,18.033333,11.433333,13.790333,0.000000,1.076504
118,18.033333,11.233333,13.787667,0.000000,1.079015
119,18.033333,11.500000,13.804333,0.000000,1.066357
120,18.033333,11.300000,13.815000,0.000000,1.088910
121,18.033333,11.233333,13.813667,0.000000,1.103972
122,18.033333,11.366667,13.816333,0.000000,1.066354
123,18.033333,11.366667,13.783000,0.000000,1.073046
124,18.033333,11.233333,13.830000,0.000000,1.107430
125,18.033333,11.533333,13.826333,0.000000,1.057196
126,18.066667,11.533333,13.792333,0.000000,1.066197
127,18.066667,11.266667,13.799667,0.000000,1.079542
128,18.133333,11.300000,13.831000,0.000000,1.109607
129,18.133333,11.533333,13.815333,0.000000,1.068606
130,18.166667,11.333333,13.815667,0.000000,1.068058
131,18.166667,11.433333,13.792333,0.000000,1.081431
132,18.166667,11.233333,13.788333,0.000000,1.046467
133,18.166667,11.333333,13.818000,0.000000,1.073965
134,18.166667,11.466667,13.846667,0.000000,1.091243
135,18.166667,11.433333,13.796667,0.000000,1.083301
136,18.166667,11.500000,13.838667,0.000000,1.072286
137,18.166667,11.266667,13.808667,0.000000,1.091418
138,18.166667,11.300000,13.828333,0.000000,1.068156
139,18.166667,11.300000,13.820333,0.000000,1.096228
140,18.166667,11.366667,13.809000,0.000000,1.090397
141,18.166667,11.366667,13.812333,0.000000,1.092319
142,18.166667,11.266667,13.787667,0.000000,1.081045
143,18.166667,11.333333,13.855333,0.000000,1.091372
144,18.166667,11.166667,13.775667,0.000000,1.089390
145,18.166667,11.233333,13.785667,0.000000,1.073624
146,18.166667,11.300000,13.821000,0.000000,1.087192
147,18.166667,11.400000,13.807000,0.000000,1.087798
148,18.166667,11.366667,13.808000,0.000000,1.068982
149,18.166667,11.433333,13.764667,0.000000,1.068208
150,18.166667,11.400000,13.797000,0.000000,1.080851
151,18.166667,11.400000,13.805667,0.000000,1.067682
152,18.200000,11.466667,13.791667,0.000000,1.104169
153,18.200000,11.466667,13.839333,0.000000,1.080446
154,18.200000,11.400000,13.795333,0.000000,1.089632
155,18.200000,11.366667,13.795333,0.000000,1.087727
156,18.200000,11.266667,13.816667,0.000000,1.093264
157,18.233333,11.333333,13.809333,0.000000,1.105487
158,18.233333,11.333333,13.800667,0.000000,1.058656
159,18.233333,11.266667,13.792667,0.000000,1.103301
160,18.233333,11.366667,13.801667,0.000000,1.082520
161,18.233333,11.366667,13.793333,0.000000,1.088064
162,18.233333,11.300000,13.797333,0.000000,1.086848
163,18.233333,11.333333,13.801667,0.000000,1.083773
164,18.233333,11.366667,13.759333,0.000000,1.063959
165,18.233333,11.200000,13.769000,0.000000,1.074808
166,18.233333,11.366667,13.810333,0.000000,1.089689
167,18.233333,11.333333,13.814333,0.000000,1.088300
168,18.233333,11.200000,13.792000,0.000000,1.096523
169,18.233333,11.233333,13.811667,0.000000,1.093519
170,18.233333,11.466667,13.785333,0.000000,1.080373
171,18.233333,11.266667,13.767000,0.000000,1.066890
172,18.233333,11.333333,13.752667,0.000000,1.091128
173,18.233333,11.233333,13.786000,0.000000,1.113193
174,18.233333,11.600000,13.783667,0.000000,1.060549
175,18.233333,11.433333,13.767333,0.000000,1.062466
176,18.233333,11.200000,13.806667,0.000000,1.064764
177,18.233333,11.400000,13.819000,0.000000,1.074028
178,18.233333,11.233333,13.816333,0.000000,1.093063
179,18.266667,11.233333,13.820000,0.000000,1.087882
180,18.266667,11.400000,13.813667,0.000000,1.094063
181,18.266667,11.233333,13.813000,0.000000,1.093784
182,18.266667,11.433333,13.794667,0.000000,1.070475
183,18.266667,11.533333,13.804333,0.000000,1.093626
184,18.266667,11.333333,13.823333,0.000000,1.103638
185,18.266667,11.266667,13.777000,0.000000,1.082083
186,18.266667,11.400000,13.801333,0.000000,1.078985
187,18.266667,11.400000,13.804000,0.000000,1.068254
188,18.266667,11.366667,13.840667,0.000000,1.096358
189,18.266667,11.566667,13.808667,0.000000,1.054459
190,18.266667,11.266667,13.803000,0.000000,1.070526
191,18.266667,11.400000,13.798000,0.000000,1.087383
192,18.266667,11.300000,13.841333,0.000000,1.110265
193,18.266667,11.200000,13.813000,0.000000,1.097734
194,18.266667,11.333333,13.813333,0.000000,1.097425
195,18.266667,11.533333,13.812000,0.000000,1.076587
196,18.266667,11.400000,13.808000,0.000000,1.098781
197,18.266667,11.366667,13.814667,0.000000,1.090713
198,18.266667,11.333333,13.828000,0.000000,1.086394
199,18.266667,11.300000,13.834333,0.000000,1.084090
200,18.300000,11.533333,13.820333,0.000000,1.071489
201,18.300000,11.200000,13.832333,0.000000,1.090459
202,18.300000,11.333333,13.788000,0.000000,1.081382
203,18.300000,11.166667,13.820333,0.000000,1.091202
204,18.300000,11.400000,13.793333,0.000000,1.088839
205,18.300000,11.433333,13.813000,0.000000,1.066499
206,18.300000,11.200000,13.789667,0.000000,1.102746
207,18.300000,11.300000,13.846667,0.000000,1.070921
208,18.300000,11.300000,13.789333,0.000000,1.069557
209,18.300000,11.333333,13.786667,0.000000,1.071791
210,18.300000,11.366667,13.796000,0.000000,1.086896
211,18.300000,11.133333,13.805000,0.000000,1.078371
212,18.300000,11.333333,13.815000,0.000000,1.098837
213,18.300000,11.266667,13.815000,0.000000,1.098129
214,18.300000,11.566667,13.818000,0.000000,1.077121
215,18.300000,11.433333,13.791000,0.000000,1.080847
216,18.300000,11.300000,13.801667,0.000000,1.086909
217,18.333333,11.400000,13.803667,0.000000,1.092755
218,18.333333,11.300000,13.797667,0.000000,1.049645
219,18.333333,11.200000,13.770667,0.000000,1.070643
220,18.333333,11.433333,13.786000,0.000000,1.069548
221,18.333333,11.300000,13.809000,0.000000,1.073972
222,18.333333,11.466667,13.782667,0.000000,1.075566
223,18.333333,11.400000,13.804667,0.000000,1.071669
224,18.333333,11.433333,13.809667,0.000000,1.067060
225,18.333333,11.266667,13.823667,0.000000,1.085050
226,18.333333,11.333333,13.847667,0.000000,1.085894
227,18.333333,11.300000,13.782000,0.000000,1.095950
228,18.333333,11.600000,13.870000,0.000000,1.069501
229,18.333333,11.266667,13.814667,0.000000,1.088799
230,18.333333,11.433333,13.835000,0.000000,1.063427
231,18.366667,11.333333,13.809000,0.000000,1.076117
232,18.366667,11.500000,13.837333,0.000000,1.068681
233,18.366667,11.300000,13.837333,0.000000,1.092395
234,18.366667,11.300000,13.795333,0.000000,1.083220
235,18.366667,11.366667,13.789333,0.000000,1.076538
236,18.366667,11.466667,13.866333,0.000000,1.093251
237,18.366667,11.333333,13.822333,0.000000,1.088309
238,18.366667,11.233333,13.813000,0.000000,1.102378
239,18.366667,11.233333,13.782000,0.000000,1.084516
240,18.366667,11.300000,13.792667,0.000000,1.070220
241,18.366667,11.266667,13.802000,0.000000,1.087095
242,18.366667,11.266667,13.815333,0.000000,1.090967
243,18.366667,11.266667,13.797000,0.000000,1.079374
244,18.366667,11.233333,13.782000,0.000000,1.085805
245,18.366667,11.300000,13.812000,0.000000,1.094374
246,18.366667,11.233333,13.818667,0.000000,1.074249
247,18.366667,11.266667,13.785667,0.000000,1.091914
248,18.366667,11.366667,13.830000,0.000000,1.085771
249,18.366667,11.333333,13.799667,0.000000,1.078420
250,18.366667,11.466667,13.808667,0.000000,1.090569
251,18.366667,11.166667,13.780667,0.000000,1.078098
252,18.366667,11.333333,13.775000,0.000000,1.070869
253,18.400000,11.366667,13.791000,0.000000,1.081922
254,18.400000,11.266667,13.824000,0.000000,1.073888
255,18.400000,11.333333,13.806667,0.000000,1.071613
256,18.400000,11.400000,13.841667,0.000000,1.086951
257,18.400000,11.433333,13.781000,0.000000,1.071061
258,18.400000,11.333333,13.806333,0.000000,1.076796
259,18.400000,11.300000,13.792667,0.000000,1.086103
260,18.400000,11.300000,13.811667,0.000000,1.100822
261,18.400000,11.533333,13.787667,0.000000,1.058656
262,18.400000,11.300000,13.815333,0.000000,1.081942
263,18.400000,11.433333,13.820667,0.000000,1.059334
264,18.400000,11.366667,13.775000,0.000000,1.086347
265,18.400000,11.200000,13.819667,0.000000,1.095186
266,18.400000,11.333333,13.748000,0.000000,1.061249
267,18.400000,11.333333,13.781000,0.000000,1.063719
268,18.400000,11.333333,13.803667,0.000000,1.057602
269,18.400000,11.500000,13.814333,0.000000,1.073974
270,18.400000,11.333333,13.813000,0.000000,1.075935
271,18.400000,11.266667,13.788000,0.000000,1.054968
272,18.400000,11.466667,13.836000,0.000000,1.083608
273,18.400000,11.200000,13.802333,0.000000,1.058687
274,18.400000,11.366667,13.802667,0.000000,1.070322
275,18.400000,11.333333,13.830000,0.000000,1.111246
276,18.400000,11.366667,13.815667,0.000000,1.063273
277,18.400000,11.266667,13.836667,0.000000,1.102830
278,18.400000,11.266667,13.805333,0.000000,1.093880
279,18.400000,11.233333,13.812667,0.000000,1.100238
280,18.400000,11.466667,13.806667,0.000000,1.061507
281,18.400000,11.266667,13.796667,0.000000,1.095828
282,18.400000,11.300000,13.822000,0.000000,1.080959
283,18.400000,11.333333,13.804333,0.000000,1.083331
284,18.400000,11.100000,13.772333,0.000000,1.090004
285,18.400000,11.500000,13.813000,0.000000,1.086268
286,18.400000,11.366667,13.816333,0.000000,1.084272
287,18.400000,11.266667,13.817333,0.000000,1.079282
288,18.400000,11.233333,13.790000,0.000000,1.081798
289,18.400000,11.333333,13.827667,0.000000,1.080560
290,18.433333,11.300000,13.811667,0.000000,1.079012
291,18.433333,11.366667,13.780667,0.000000,1.074014
292,18.466667,11.300000,13.817000,0.000000,1.096331
293,18.466667,11.300000,13.770000,0.000000,1.080506
294,18.466667,11.466667,13.817333,0.000000,1.091786
295,18.466667,11.300000,13.813333,0.000000,1.070657
296,18.466667,11.333333,13.814667,0.000000,1.083469
297,18.466667,11.100000,13.780667,0.000000,1.085668
298,18.466667,11.266667,13.790333,0.000000,1.071223
299,18.466667,11.400000,13.786000,0.000000,1.089706
300,18.466667,11.233333,13.807000,0.000000,1.081553
301,18.466667,11.400000,13.760333,0.000000,1.076703
302,18.466667,11.300000,13.783000,0.000000,1.075167
303,18.466667,11.400000,13.804667,0.000000,1.088832
304,18.466667,11.366667,13.814667,0.000000,1.075890
305,18.466667,11.300000,13.777000,0.000000,1.097973
306,18.466667,11.366667,13.795333,0.000000,1.085058
307,18.466667,11.233333,13.807667,0.000000,1.082523
308,18.466667,11.233333,13.787333,0.000000,1.067965
309,18.466667,11.300000,13.802000,0.000000,1.090037
310,18.466667,11.400000,13.812000,0.000000,1.101982
311,18.466667,11.300000,13.804333,0.000000,1.078241
312,18.466667,11.366667,13.806333,0.000000,1.069156
313,18.466667,11.266667,13.811333,0.000000,1.093575
314,18.466667,11.333333,13.815333,0.000000,1.104731
315,18.466667,11.133333,13.796667,0.000000,1.093776
316,18.466667,11.300000,13.785667,0.000000,1.082674
317,18.466667,11.233333,13.759667,0.000000,1.104943
318,18.466667,11.333333,13.767667,0.000000,1.070582
319,18.466667,11.200000,13.841333,0.000000,1.117124
320,18.466667,11.366667,13.791333,0.000000,1.070848
321,18.466667,11.266667,13.843000,0.000000,1.077371
322,18.466667,11.266667,13.810333,0.000000,1.068947
323,18.466667,11.300000,13.797333,0.000000,1.068928
324,18.466667,11.466667,13.819667,0.000000,1.059819
325,18.466667,11.233333,13.793000,0.000000,1.103530
326,18.466667,11.433333,13.778333,0.000000,1.059315
327,18.466667,11.433333,13.799000,0.000000,1.079506
328,18.466667,11.233333,13.813000,0.000000,1.085309
329,18.466667,11.300000,13.824333,0.000000,1.092036
330,18.466667,11.400000,13.860000,0.000000,1.080403
331,18.466667,11.266667,13.776333,0.000000,1.063937
332,18.466667,11.366667,13.835333,0.000000,1.081736
333,18.466667,11.333333,13.809000,0.000000,1.094368
334,18.466667,11.333333,13.805333,0.000000,1.080817
335,18.466667,11.366667,13.819333,0.000000,1.072116
336,18.466667,11.366667,13.819000,0.000000,1.075928
337,18.466667,11.266667,13.804333,0.000000,1.083676
338,18.466667,11.366667,13.792333,0.000000,1.099651
339,18.466667,11.433333,13.815667,0.000000,1.085774
340,18.466667,11.300000,13.826000,0.000000,1.059788
341,18.466667,11.266667,13.800667,0.000000,1.077188
342,18.466667,11.366667,13.814333,0.000000,1.089877
343,18.466667,11.133333,13.802000,0.000000,1.105195
344,18.466667,11.400000,13.812667,0.000000,1.075645
345,18.466667,11.500000,13.788000,0.000000,1.093050
346,18.466667,11.266667,13.788333,0.000000,1.099736
347,18.466667,11.400000,13.824333,0.000000,1.077044
348,18.466667,11.433333,13.772000,0.000000,1.078371
349,18.466667,11.233333,13.785333,0.000000,1.077415
350,18.466667,11.366667,13.825667,0.000000,1.077167
351,18.466667,11.200000,13.794667,0.000000,1.067417
352,18.466667,11.433333,13.785667,0.000000,1.082375
353,18.466667,11.200000,13.804000,0.000000,1.101765
354,18.466667,11.233333,13.796333,0.000000,1.085254
355,18.466667,11.466667,13.823000,0.000000,1.075771
356,18.466667,11.233333,13.796333,0.000000,1.080666
357,18.466667,11.266667,13.802000,0.000000,1.090733
358,18.466667,11.366667,13.789000,0.000000,1.078132
359,18.466667,11.266667,13.819000,0.000000,1.076972
360,18.466667,11.466667,13.824333,0.000000,1.077197
361,18.466667,11.366667,13.820667,0.000000,1.066974
362,18.466667,11.433333,13.783333,0.000000,1.078649
363,18.466667,11.400000,13.829333,0.000000,1.076601
364,18.466667,11.100000,13.760667,0.000000,1.076880
365,18.466667,11.366667,13.800667,0.000000,1.086008
366,18.466667,11.266667,13.810333,0.000000,1.091170
367,18.466667,11.266667,13.789333,0.000000,1.067154
368,18.466667,11.200000,13.777667,0.000000,1.086768
369,18.466667,11.266667,13.813333,0.000000,1.066794
370,18.466667,11.266667,13.797333,0.000000,1.114663
371,18.466667,11.500000,13.794000,0.000000,1.065842
372,18.466667,11.300000,13.830667,0.000000,1.097918
373,18.466667,11.366667,13.783667,0.000000,1.059843
374,18.466667,11.366667,13.800333,0.000000,1.065612
375,18.466667,11.366667,13.782333,0.000000,1.091969
376,18.466667,11.433333,13.807000,0.000000,1.079220
377,18.466667,11.366667,13.802333,0.000000,1.083900
378,18.466667,11.366667,13.783000,0.000000,1.100506
379,18.466667,11.333333,13.827333,0.000000,1.093820
380,18.466667,11.400000,13.822333,0.000000,1.061289
381,18.466667,11.400000,13.835000,0.000000,1.100422
382,18.466667,11.333333,13.784000,0.000000,1.089110
383,18.466667,11.333333,13.817667,0.000000,1.071700
384,18.466667,11.533333,13.820333,0.000000,1.075285
385,18.466667,11.233333,13.800667,0.000000,1.090052
386,18.466667,11.300000,13.822667,0.000000,1.081865
387,18.466667,11.366667,13.804000,0.000000,1.089325
388,18.466667,11.333333,13.824667,0.000000,1.104781
389,18.500000,11.266667,13.804667,0.000000,1.102632
390,18.500000,11.266667,13.807667,0.000000,1.089165
391,18.500000,11.400000,13.840333,0.000000,1.085508
392,18.500000,11.333333,13.826667,0.000000,1.083976
393,18.500000,11.166667,13.817000,0.000000,1.083621
394,18.500000,11.300000,13.801000,0.000000,1.061718
395,18.500000,11.233333,13.812000,0.000000,1.084735
396,18.500000,11.333333,13.802333,0.000000,1.088535
397,18.500000,11.400000,13.821333,0.000000,1.082723
398,18.500000,11.200000,13.819667,0.000000,1.107890
399,18.500000,11.266667,13.836667,0.000000,1.114179
400,18.500000,11.266667,13.791667,0.000000,1.060641
401,18.500000,11.400000,13.802000,0.000000,1.092841
402,18.500000,11.266667,13.790333,0.000000,1.106538
403,18.500000,11.433333,13.790000,0.000000,1.086677
404,18.500000,11.133333,13.813667,0.000000,1.098656
405,18.500000,11.366667,13.817333,0.000000,1.076500
406,18.500000,11.366667,13.812000,0.000000,1.104330
407,18.500000,11.366667,13.831333,0.000000,1.082660
408,18.500000,11.266667,13.815667,0.000000,1.082812
409,18.500000,11.266667,13.784667,0.000000,1.093818
410,18.500000,11.300000,13.794333,0.000000,1.089855
411,18.500000,11.300000,13.809333,0.000000,1.084325
412,18.500000,11.433333,13.813333,0.000000,1.086381
413,18.533333,11.266667,13.798333,0.000000,1.093566
414,18.533333,11.433333,13.824333,0.000000,1.076806
415,18.533333,11.400000,13.810667,0.000000,1.080161
416,18.533333,11.333333,13.814000,0.000000,1.087279
417,18.533333,11.466667,13.833000,0.000000,1.078802
418,18.533333,11.466667,13.793333,0.000000,1.091180
419,18.533333,11.366667,13.793000,0.000000,1.073378
420,18.533333,11.400000,13.819000,0.000000,1.050586
421,18.533333,11.433333,13.812333,0.000000,1.053983
422,18.533333,11.466667,13.816667,0.000000,1.060103
423,18.533333,11.466667,13.827667,0.000000,1.088230
424,18.533333,11.300000,13.815000,0.000000,1.101346
425,18.533333,11.166667,13.788667,0.000000,1.067491
426,18.533333,11.200000,13.799333,0.000000,1.074203
427,18.533333,11.266667,13.766667,0.000000,1.064689
428,18.533333,11.266667,13.817333,0.000000,1.075399
429,18.566667,11.300000,13.801667,0.000000,1.081648
430,18.566667,11.533333,13.793333,0.000000,1.063189
431,18.566667,11.433333,13.830000,0.000000,1.090472
432,18.566667,11.533333,13.812667,0.000000,1.111909
433,18.566667,11.400000,13.839000,0.000000,1.085143
434,18.566667,11.266667,13.755333,0.000000,1.078274
435,18.566667,11.233333,13.789667,0.000000,1.090779
436,18.566667,11.333333,13.817333,0.000000,1.089306
437,18.566667,11.333333,13.806000,0.000000,1.081011
438,18.566667,11.366667,13.802000,0.000000,1.067680
439,18.566667,11.233333,13.768333,0.000000,1.079917
440,18.566667,11.233333,13.800000,0.000000,1.089626
441,18.566667,11.366667,13.726333,0.000000,1.056602
442,18.566667,11.200000,13.800000,0.000000,1.089881
443,18.566667,11.366667,13.820667,0.000000,1.073800
444,18.566667,11.433333,13.782333,0.000000,1.093250
445,18.566667,11.333333,13.781667,0.000000,1.047834
446,18.566667,11.366667,13.805000,0.000000,1.074862
447,18.566667,11.233333,13.788000,0.000000,1.100508
448,18.566667,11.266667,13.790333,0.000000,1.064388
449,18.566667,11.600000,13.817667,0.000000,1.056682
450,18.566667,11.333333,13.771667,0.000000,1.079524
451,18.566667,11.266667,13.812667,0.000000,1.078881
452,18.566667,11.200000,13.785333,0.000000,1.083603
453,18.566667,11.233333,13.797667,0.000000,1.070431
454,18.566667,11.333333,13.814000,0.000000,1.084813
455,18.566667,11.466667,13.790000,0.000000,1.084745
456,18.566667,11.200000,13.763667,0.000000,1.102387
457,18.566667,11.366667,13.801333,0.000000,1.074071
458,18.566667,11.266667,13.795000,0.000000,1.088906
459,18.566667,11.466667,13.851667,0.000000,1.095773
460,18.566667,11.400000,13.796667,0.000000,1.092281
461,18.566667,11.200000,13.792000,0.000000,1.119052
462,18.566667,11.500000,13.806000,0.000000,1.075487
463,18.566667,11.266667,13.825667,0.000000,1.084809
464,18.566667,11.366667,13.824667,0.000000,1.087813
465,18.566667,11.233333,13.815333,0.000000,1.077922
466,18.566667,11.433333,13.780667,0.000000,1.066941
467,18.566667,11.400000,13.793000,0.000000,1.097113
468,18.566667,11.233333,13.791667,0.000000,1.097825
469,18.566667,11.333333,13.814667,0.000000,1.081084
470,18.566667,11.300000,13.791333,0.000000,1.084334
471,18.566667,11.400000,13.805667,0.000000,1.077231
472,18.566667,11.266667,13.756667,0.000000,1.091071
473,18.566667,11.466667,13.776333,0.000000,1.073962
474,18.566667,11.333333,13.804333,0.000000,1.074452
475,18.566667,11.400000,13.816333,0.000000,1.067206
476,18.566667,11.266667,13.811667,0.000000,1.092563
477,18.566667,11.333333,13.799333,0.000000,1.101008
478,18.566667,11.266667,13.834333,0.000000,1.112153
479,18.566667,11.466667,13.807000,0.000000,1.080964
480,18.566667,11.400000,13.786667,0.000000,1.057871
481,18.566667,11.300000,13.816667,0.000000,1.072611
482,18.566667,11.333333,13.821667,0.000000,1.085599
483,18.566667,11.233333,13.805000,0.000000,1.087860
484,18.566667,11.400000,13.819333,0.000000,1.085201
485,18.566667,11.300000,13.826333,0.000000,1.076949
486,18.566667,11.300000,13.764333,0.000000,1.077933
487,18.566667,11.266667,13.810667,0.000000,1.083141
488,18.566667,11.333333,13.786333,0.000000,1.087207
489,18.566667,11.500000,13.852333,0.000000,1.064782
490,18.566667,11.300000,13.819667,0.000000,1.089476
491,18.600000,11.400000,13.781000,0.000000,1.091097
492,18.600000,11.366667,13.837000,0.000000,1.104847
493,18.600000,11.400000,13.826333,0.000000,1.071542
494,18.600000,11.466667,13.788667,0.000000,1.049149
495,18.600000,11.266667,13.804333,0.000000,1.064382
496,18.600000,11.466667,13.802333,0.000000,1.075487
497,18.600000,11.400000,13.783333,0.000000,1.058557
498,18.600000,11.200000,13.808000,0.000000,1.101573
499,18.600000,11.433333,13.804333,0.000000,1.063404
500,18.600000,11.466667,13.771000,0.000000,1.046991
BestSdev: 0.298258, Time: 43m1.68481582s