gen,best,worst,mean,rep,sdev
1,16.933333,11.133333,13.824833,0.000000,1.093098
2,17.100000,11.066667,13.820500,0.000000,1.096955
3,17.133333,11.000000,13.792500,0.000000,1.084161
4,17.266667,11.066667,13.808500,0.000000,1.080196
5,17.333333,11.100000,13.793833,0.000000,1.078354
6,17.333333,11.133333,13.809667,0.000000,1.083473
7,17.366667,11.233333,13.835500,0.000000,1.081134
8,17.433333,11.066667,13.815667,0.000000,1.075196
9,17.466667,11.066667,13.820500,0.000000,1.076129
10,17.466667,11.100000,13.794833,0.000000,1.073547
11,17.500000,10.966667,13.799500,0.000000,1.091441
12,17.566667,11.100000,13.822167,0.000000,1.076858
13,17.600000,11.100000,13.798333,0.000000,1.079571
14,17.633333,11.033333,13.817667,0.000000,1.077803
15,17.733333,11.166667,13.774833,0.000000,1.090592
16,17.733333,11.000000,13.772833,0.000000,1.072701
17,17.766667,11.166667,13.808667,0.000000,1.090024
18,17.766667,11.100000,13.807833,0.000000,1.098754
19,17.766667,11.166667,13.807167,0.000000,1.090070
20,17.766667,11.033333,13.812167,0.000000,1.097478
21,17.766667,11.033333,13.796833,0.000000,1.094053
22,17.866667,11.100000,13.830167,0.000000,1.076811
23,17.900000,10.933333,13.811167,0.000000,1.089424
24,17.900000,11.066667,13.773833,0.000000,1.076718
25,17.933333,11.133333,13.789000,0.000000,1.068939
26,17.933333,11.066667,13.805833,0.000000,1.086573
27,17.933333,11.133333,13.816500,0.000000,1.087120
28,17.933333,11.033333,13.805167,0.000000,1.079969
29,18.000000,11.100000,13.813333,0.000000,1.085352
30,18.000000,11.000000,13.802333,0.000000,1.107417
31,18.000000,11.100000,13.803500,0.000000,1.077052
32,18.000000,11.033333,13.812000,0.000000,1.084910
33,18.000000,11.000000,13.810833,0.000000,1.101511
34,18.033333,10.866667,13.809333,0.000000,1.089898
35,18.033333,11.000000,13.790500,0.000000,1.072836
36,18.033333,11.066667,13.787500,0.000000,1.101196
37,18.033333,11.166667,13.831500,0.000000,1.082520
38,18.033333,10.900000,13.787833,0.000000,1.084218
39,18.066667,11.000000,13.815000,0.000000,1.100347
40,18.066667,11.166667,13.799667,0.000000,1.073370
41,18.066667,11.066667,13.792000,0.000000,1.077380
42,18.066667,11.100000,13.813167,0.000000,1.077099
43,18.066667,11.166667,13.811167,0.000000,1.076235
44,18.100000,11.000000,13.811500,0.000000,1.079692
45,18.100000,11.033333,13.784833,0.000000,1.071406
46,18.100000,11.166667,13.802667,0.000000,1.071808
47,18.133333,11.133333,13.804500,0.000000,1.104426
48,18.133333,11.000000,13.797167,0.000000,1.078205
49,18.133333,11.000000,13.806167,0.000000,1.070075
50,18.166667,10.933333,13.800833,0.000000,1.111174
51,18.166667,11.066667,13.793000,0.000000,1.067638
52,18.166667,11.100000,13.803500,0.000000,1.085608
53,18.200000,11.100000,13.799667,0.000000,1.098461
54,18.200000,10.933333,13.810000,0.000000,1.097065
55,18.200000,11.066667,13.796667,0.000000,1.070954
56,18.200000,11.033333,13.775333,0.000000,1.094746
57,18.200000,11.133333,13.812167,0.000000,1.091677
58,18.200000,11.100000,13.801667,0.000000,1.082262
59,18.200000,11.066667,13.802167,0.000000,1.086756
60,18.200000,11.033333,13.807833,0.000000,1.073505
61,18.200000,11.000000,13.810833,0.000000,1.084384
62,18.200000,11.066667,13.792500,0.000000,1.077128
63,18.200000,11.100000,13.804000,0.000000,1.102254
64,18.200000,11.100000,13.821667,0.000000,1.090350
65,18.200000,11.166667,13.805833,0.000000,1.085969
66,18.233333,11.066667,13.793833,0.000000,1.091937
67,18.233333,11.000000,13.790667,0.000000,1.102991
68,18.266667,11.033333,13.801667,0.000000,1.088515
69,18.266667,11.200000,13.829167,0.000000,1.100678
70,18.266667,11.066667,13.809833,0.000000,1.114082
71,18.266667,11.000000,13.804667,0.000000,1.082688
72,18.300000,11.033333,13.812667,0.000000,1.094366
73,18.400000,10.966667,13.794167,0.000000,1.090724
74,18.400000,11.100000,13.804833,0.000000,1.090767
75,18.400000,11.100000,13.814167,0.000000,1.088428
76,18.400000,11.166667,13.819333,0.000000,1.080475
77,18.400000,11.066667,13.787833,0.000000,1.076980
78,18.400000,11.033333,13.809000,0.000000,1.081460
79,18.400000,11.033333,13.807500,0.000000,1.095921
80,18.400000,11.066667,13.809333,0.000000,1.090684
81,18.400000,11.200000,13.803167,0.000000,1.077965
82,18.400000,11.066667,13.774333,0.000000,1.092260
83,18.400000,11.100000,13.799500,0.000000,1.074746
84,18.400000,11.133333,13.802667,0.000000,1.079107
85,18.400000,10.966667,13.780333,0.000000,1.090750
86,18.400000,11.033333,13.802833,0.000000,1.103319
87,18.400000,11.100000,13.811000,0.000000,1.086612
88,18.400000,11.133333,13.803833,0.000000,1.087233
89,18.400000,11.033333,13.829500,0.000000,1.084954
90,18.400000,11.200000,13.808667,0.000000,1.074823
91,18.400000,11.166667,13.791333,0.000000,1.093159
92,18.400000,11.166667,13.777167,0.000000,1.086169
93,18.400000,11.033333,13.815833,0.000000,1.106118
94,18.433333,11.233333,13.803167,0.000000,1.075971
95,18.433333,11.033333,13.795833,0.000000,1.087783
96,18.433333,11.033333,13.810833,0.000000,1.094475
97,18.433333,11.033333,13.790833,0.000000,1.095838
98,18.433333,11.166667,13.810500,0.000000,1.087272
99,18.433333,11.200000,13.822167,0.000000,1.077976
100,18.433333,10.966667,13.799500,0.000000,1.094429
101,18.466667,11.200000,13.812333,0.000000,1.085161
102,18.466667,11.133333,13.811333,0.000000,1.076446
103,18.466667,11.233333,13.792167,0.000000,1.090933
104,18.466667,11.100000,13.817000,0.000000,1.081528
105,18.466667,11.100000,13.823333,0.000000,1.089667
106,18.466667,11.100000,13.790000,0.000000,1.085946
107,18.466667,10.933333,13.816333,0.000000,1.101655
108,18.466667,11.066667,13.820500,0.000000,1.090782
109,18.500000,11.033333,13.807333,0.000000,1.084689
110,18.500000,11.100000,13.803167,0.000000,1.071941
111,18.500000,10.966667,13.796500,0.000000,1.102570
112,18.500000,11.133333,13.787667,0.000000,1.088675
113,18.500000,11.166667,13.811500,0.000000,1.090197
114,18.500000,11.233333,13.774333,0.000000,1.075331
115,18.500000,11.200000,13.808167,0.000000,1.075504
116,18.500000,11.066667,13.824000,0.000000,1.076797
117,18.500000,10.900000,13.779000,0.000000,1.089512
118,18.500000,11.033333,13.784333,0.000000,1.088543
119,18.500000,11.033333,13.824833,0.000000,1.085784
120,18.500000,11.233333,13.838667,0.000000,1.075665
121,18.500000,11.033333,13.826167,0.000000,1.092260
122,18.500000,11.033333,13.800667,0.000000,1.085904
123,18.500000,10.933333,13.787000,0.000000,1.107709
124,18.533333,11.033333,13.783833,0.000000,1.129609
125,18.533333,11.133333,13.808000,0.000000,1.073988
126,18.533333,11.066667,13.807333,0.000000,1.090991
127,18.533333,11.100000,13.815167,0.000000,1.082781
128,18.533333,11.066667,13.820500,0.000000,1.104444
129,18.533333,11.200000,13.796167,0.000000,1.072881
130,18.533333,11.000000,13.820667,0.000000,1.094860
131,18.533333,11.133333,13.813167,0.000000,1.092721
132,18.533333,11.000000,13.794667,0.000000,1.091780
133,18.533333,11.166667,13.817500,0.000000,1.072694
134,18.533333,11.233333,13.816333,0.000000,1.094607
135,18.566667,11.166667,13.813167,0.000000,1.088224
136,18.566667,11.066667,13.814667,0.000000,1.100351
137,18.566667,10.966667,13.809667,0.000000,1.083211
138,18.566667,11.000000,13.830667,0.000000,1.092655
139,18.566667,11.133333,13.804000,0.000000,1.105966
140,18.566667,10.933333,13.789000,0.000000,1.092562
141,18.566667,11.000000,13.808833,0.000000,1.105085
142,18.566667,11.033333,13.795833,0.000000,1.089923
143,18.566667,11.200000,13.797333,0.000000,1.074200
144,18.600000,11.166667,13.801167,0.000000,1.075777
145,18.600000,11.033333,13.796667,0.000000,1.101184
146,18.600000,11.100000,13.800667,0.000000,1.085889
147,18.600000,11.033333,13.784000,0.000000,1.076338
148,18.600000,11.100000,13.814500,0.000000,1.087099
149,18.600000,11.200000,13.818167,0.000000,1.072164
150,18.600000,11.066667,13.813833,0.000000,1.084916
151,18.600000,11.133333,13.803167,0.000000,1.093992
152,18.600000,11.100000,13.804833,0.000000,1.074229
153,18.600000,11.000000,13.816500,0.000000,1.086957
154,18.600000,11.066667,13.822500,0.000000,1.086113
155,18.600000,11.033333,13.830333,0.000000,1.093791
156,18.600000,11.066667,13.810000,0.000000,1.085270
157,18.600000,11.033333,13.839333,0.000000,1.094217
158,18.600000,11.033333,13.782167,0.000000,1.080127
159,18.600000,11.200000,13.816000,0.000000,1.073044
160,18.600000,11.000000,13.829500,0.000000,1.080478
161,18.600000,11.066667,13.793333,0.000000,1.080106
162,18.600000,11.000000,13.776167,0.000000,1.085532
163,18.600000,11.066667,13.830667,0.000000,1.092087
164,18.600000,11.233333,13.823833,0.000000,1.076392
165,18.600000,11.166667,13.785833,0.000000,1.075636
166,18.666667,11.133333,13.825667,0.000000,1.086576
167,18.666667,11.066667,13.802500,0.000000,1.087749
168,18.666667,11.133333,13.832500,0.000000,1.072310
169,18.666667,11.033333,13.797000,0.000000,1.086327
170,18.666667,10.933333,13.804667,0.000000,1.077009
171,18.666667,11.000000,13.789667,0.000000,1.087416
172,18.666667,11.066667,13.791333,0.000000,1.080238
173,18.666667,11.100000,13.819167,0.000000,1.097708
174,18.666667,11.000000,13.782667,0.000000,1.086376
175,18.666667,11.033333,13.801333,0.000000,1.090663
176,18.666667,11.133333,13.797000,0.000000,1.079216
177,18.666667,11.166667,13.812667,0.000000,1.098266
178,18.666667,11.066667,13.810000,0.000000,1.097142
179,18.666667,11.166667,13.808333,0.000000,1.076314
180,18.666667,11.166667,13.819333,0.000000,1.079980
181,18.666667,11.000000,13.809667,0.000000,1.083428
182,18.666667,11.133333,13.810333,0.000000,1.089097
183,18.666667,11.100000,13.816333,0.000000,1.089493
184,18.666667,11.033333,13.820833,0.000000,1.100238
185,18.666667,10.966667,13.777333,0.000000,1.081963
186,18.666667,11.166667,13.818000,0.000000,1.077785
187,18.666667,11.233333,13.805833,0.000000,1.084000
188,18.666667,11.200000,13.834333,0.000000,1.080001
189,18.666667,11.066667,13.811833,0.000000,1.084561
190,18.666667,11.233333,13.794167,0.000000,1.065873
191,18.666667,10.966667,13.835500,0.000000,1.095615
192,18.666667,11.133333,13.801000,0.000000,1.094271
193,18.666667,11.033333,13.819000,0.000000,1.081460
194,18.666667,11.000000,13.795000,0.000000,1.080716
195,18.700000,11.133333,13.811167,0.000000,1.079748
196,18.700000,11.133333,13.807000,0.000000,1.090223
197,18.700000,11.000000,13.807833,0.000000,1.086525
198,18.700000,11.066667,13.798167,0.000000,1.080914
199,18.700000,11.133333,13.812333,0.000000,1.085933
200,18.700000,11.166667,13.806500,0.000000,1.087461
BestSdev: 0.363379, Time: 33m51.904628666s