gen,best,worst,mean,rep,sdev
1,29.366667,13.333333,20.818000,0.000000,3.622836
2,30.600000,13.666667,20.717333,0.000000,3.570522
3,30.833333,13.333333,20.851333,0.000000,3.482228
4,31.433333,13.066667,20.666000,0.000000,3.653396
5,31.700000,13.233333,20.752000,0.000000,3.668400
6,31.900000,13.500000,20.763333,0.000000,3.556469
7,32.300000,13.166667,20.660000,0.000000,3.594390
8,32.366667,13.233333,20.801333,0.000000,3.619836
9,32.566667,13.400000,20.719333,0.000000,3.665854
10,32.733333,13.500000,20.798667,0.000000,3.561592
11,32.733333,13.100000,20.792000,0.000000,3.632288
12,32.800000,12.800000,20.734000,0.000000,3.651266
13,33.000000,13.666667,20.724000,0.000000,3.415297
14,33.133333,13.400000,20.638000,0.000000,3.531147
15,33.133333,13.166667,20.788667,0.000000,3.501015
16,33.233333,13.600000,20.660667,0.000000,3.421083
17,33.266667,13.433333,20.776000,0.000000,3.487382
18,33.266667,13.433333,20.894667,0.000000,3.615243
19,33.400000,12.966667,20.707333,0.000000,3.671803
20,33.433333,13.600000,20.791333,0.000000,3.653950
21,33.533333,13.700000,20.850000,0.000000,3.509006
22,33.533333,13.166667,20.645333,0.000000,3.566785
23,33.633333,13.700000,20.807333,0.000000,3.622217
24,33.666667,13.300000,20.750667,0.000000,3.514799
25,33.800000,13.133333,20.920667,0.000000,3.752187
26,33.800000,13.266667,20.776000,0.000000,3.628786
27,33.900000,13.266667,20.826667,0.000000,3.564910
28,33.900000,13.233333,20.806667,0.000000,3.600034
29,33.900000,13.800000,20.693333,0.000000,3.417048
30,33.933333,13.533333,20.802000,0.000000,3.585279
31,34.000000,13.366667,20.784000,0.000000,3.669559
32,34.100000,13.400000,20.833333,0.000000,3.656168
33,34.166667,13.633333,20.659333,0.000000,3.561239
34,34.166667,13.100000,20.702000,0.000000,3.566691
35,34.166667,13.300000,20.708000,0.000000,3.665144
36,34.400000,13.033333,20.608000,0.000000,3.597695
37,34.433333,13.200000,20.600667,0.000000,3.578942
38,34.566667,13.166667,20.571333,0.000000,3.530772
39,34.600000,13.233333,20.812667,0.000000,3.532283
40,34.666667,13.533333,20.859333,0.000000,3.521405
41,34.733333,13.233333,20.805333,0.000000,3.580850
42,34.733333,13.300000,20.725333,0.000000,3.593906
43,34.733333,13.600000,20.824000,0.000000,3.535193
44,34.733333,13.433333,20.701333,0.000000,3.550768
45,34.733333,13.366667,20.831333,0.000000,3.510117
46,34.733333,13.233333,20.735333,0.000000,3.600263
47,34.733333,13.666667,20.904000,0.000000,3.456341
48,34.733333,12.900000,20.716000,0.000000,3.548625
49,34.866667,13.466667,20.732000,0.000000,3.581700
50,34.866667,13.433333,20.616667,0.000000,3.584545
51,34.900000,13.366667,20.717333,0.000000,3.502563
52,34.900000,13.266667,20.670667,0.000000,3.615926
53,34.900000,13.166667,20.510000,0.000000,3.527538
54,34.900000,13.466667,20.664667,0.000000,3.642325
55,34.900000,13.200000,20.826000,0.000000,3.568188
56,34.900000,13.433333,20.678667,0.000000,3.552368
57,34.900000,13.366667,20.872667,0.000000,3.548491
58,35.000000,13.600000,20.644667,0.000000,3.561349
59,35.000000,13.566667,20.794000,0.000000,3.518822
60,35.000000,13.766667,20.839333,0.000000,3.506723
61,35.000000,13.800000,20.671333,0.000000,3.473935
62,35.000000,13.000000,20.540000,0.000000,3.634174
63,35.033333,12.833333,20.724667,0.000000,3.591293
64,35.033333,13.866667,20.867333,0.000000,3.424004
65,35.033333,13.866667,20.732000,0.000000,3.496586
66,35.033333,14.000000,20.724667,0.000000,3.440115
67,35.033333,13.533333,20.877333,0.000000,3.561295
68,35.066667,13.533333,20.658667,0.000000,3.509104
69,35.133333,13.566667,20.720667,0.000000,3.556780
70,35.166667,13.333333,20.861333,0.000000,3.575168
71,35.166667,13.200000,20.735333,0.000000,3.546212
72,35.166667,13.500000,20.726667,0.000000,3.568321
73,35.166667,13.266667,20.830000,0.000000,3.580415
74,35.166667,13.666667,20.921333,0.000000,3.516608
75,35.166667,13.666667,20.744667,0.000000,3.550665
76,35.166667,13.000000,20.716667,0.000000,3.604509
77,35.166667,13.666667,20.800667,0.000000,3.482550
78,35.166667,13.133333,20.702667,0.000000,3.524444
79,35.166667,13.366667,20.616667,0.000000,3.512731
80,35.166667,13.700000,20.774667,0.000000,3.552895
81,35.166667,13.366667,20.730667,0.000000,3.611921
82,35.166667,13.500000,20.876667,0.000000,3.628680
83,35.166667,13.166667,20.660000,0.000000,3.709251
84,35.300000,13.200000,20.754000,0.000000,3.577008
85,35.300000,13.100000,20.820667,0.000000,3.594655
86,35.300000,12.933333,20.771333,0.000000,3.752644
87,35.433333,13.366667,20.568667,0.000000,3.538059
88,35.433333,12.966667,20.644000,0.000000,3.571053
89,35.433333,13.166667,20.754000,0.000000,3.575839
90,35.466667,13.300000,20.693333,0.000000,3.490057
91,35.466667,13.200000,20.808667,0.000000,3.581524
92,35.466667,13.533333,20.814667,0.000000,3.517801
93,35.466667,13.266667,20.632000,0.000000,3.599566
94,35.466667,13.366667,20.691333,0.000000,3.595696
95,35.466667,13.200000,20.752667,0.000000,3.611534
96,35.533333,13.600000,20.820000,0.000000,3.560785
97,35.533333,13.366667,20.851333,0.000000,3.524441
98,35.533333,12.866667,20.850000,0.000000,3.669435
99,35.533333,13.300000,20.709333,0.000000,3.573906
100,35.533333,13.200000,20.840000,0.000000,3.630808
101,35.533333,13.666667,20.937333,0.000000,3.622760
102,35.533333,13.633333,20.719333,0.000000,3.545263
103,35.533333,13.833333,20.759333,0.000000,3.522461
104,35.566667,13.000000,20.694667,0.000000,3.669964
105,35.566667,13.866667,20.713333,0.000000,3.576706
106,35.566667,13.433333,20.811333,0.000000,3.710716
107,35.566667,13.266667,20.644000,0.000000,3.547975
108,35.566667,13.366667,20.768000,0.000000,3.571636
109,35.633333,13.333333,20.760667,0.000000,3.667244
110,35.633333,13.366667,20.783333,0.000000,3.506576
111,35.633333,13.400000,20.511333,0.000000,3.520770
112,35.633333,13.466667,20.914000,0.000000,3.668763
113,35.633333,13.500000,20.705333,0.000000,3.533258
114,35.633333,13.200000,20.744667,0.000000,3.522115
115,35.633333,13.166667,20.631333,0.000000,3.559977
116,35.633333,12.833333,20.745333,0.000000,3.718223
117,35.633333,13.500000,20.608667,0.000000,3.505963
118,35.633333,13.466667,20.755333,0.000000,3.596515
119,35.633333,13.366667,20.713333,0.000000,3.500123
120,35.633333,13.566667,20.658667,0.000000,3.570345
121,35.633333,13.666667,20.672000,0.000000,3.502740
122,35.633333,13.466667,20.783333,0.000000,3.554113
123,35.633333,13.133333,20.724667,0.000000,3.639499
124,35.633333,13.433333,20.763333,0.000000,3.599890
125,35.633333,13.066667,20.686000,0.000000,3.556175
126,35.633333,12.833333,20.536667,0.000000,3.596384
127,35.633333,13.433333,20.807333,0.000000,3.700815
128,35.633333,13.600000,20.957333,0.000000,3.671894
129,35.633333,13.000000,20.705333,0.000000,3.693224
130,35.633333,13.566667,20.803333,0.000000,3.575603
131,35.633333,13.300000,20.656000,0.000000,3.584210
132,35.633333,13.266667,20.757333,0.000000,3.633284
133,35.633333,13.366667,20.694000,0.000000,3.598092
134,35.633333,13.833333,20.821333,0.000000,3.416417
135,35.633333,13.300000,20.720667,0.000000,3.604758
136,35.633333,13.766667,20.679333,0.000000,3.547832
137,35.633333,13.033333,20.912667,0.000000,3.641852
138,35.633333,13.200000,20.671333,0.000000,3.554504
139,35.633333,13.666667,20.704667,0.000000,3.531227
140,35.633333,13.633333,20.844667,0.000000,3.570973
141,35.633333,12.933333,20.625333,0.000000,3.680538
142,35.633333,14.000000,20.691333,0.000000,3.527964
143,35.633333,12.866667,20.748667,0.000000,3.575717
144,35.666667,13.200000,20.652000,0.000000,3.573922
145,35.733333,13.366667,20.646000,0.000000,3.563891
146,35.733333,13.333333,20.682667,0.000000,3.511200
147,35.733333,13.400000,20.896000,0.000000,3.496882
148,35.733333,13.633333,20.774667,0.000000,3.566938
149,35.733333,14.000000,20.893333,0.000000,3.555583
150,35.733333,13.233333,20.727333,0.000000,3.657107
151,35.733333,13.533333,20.680667,0.000000,3.583516
152,35.733333,13.533333,20.770000,0.000000,3.627416
153,35.733333,13.900000,20.697333,0.000000,3.526536
154,35.733333,13.566667,20.662000,0.000000,3.543027
155,35.733333,13.133333,20.471333,0.000000,3.667300
156,35.733333,13.433333,20.751333,0.000000,3.545327
157,35.733333,13.266667,20.804000,0.000000,3.611506
158,35.733333,13.366667,20.820000,0.000000,3.554720
159,35.766667,13.500000,20.902667,0.000000,3.664619
160,35.766667,13.466667,20.767333,0.000000,3.563054
161,35.766667,13.333333,20.642667,0.000000,3.607151
162,35.766667,13.233333,20.828667,0.000000,3.595918
163,35.766667,13.900000,20.804000,0.000000,3.568009
164,35.766667,12.600000,20.616000,0.000000,3.665961
165,35.766667,13.466667,20.728000,0.000000,3.517947
166,35.766667,13.666667,20.770000,0.000000,3.571813
167,35.766667,13.800000,20.853333,0.000000,3.474706
168,35.766667,13.100000,20.806000,0.000000,3.641932
169,35.766667,12.933333,20.535333,0.000000,3.652670
170,35.766667,13.300000,20.708667,0.000000,3.483451
171,35.766667,13.100000,20.902000,0.000000,3.694040
172,35.766667,13.233333,20.722000,0.000000,3.598706
173,35.766667,13.466667,20.737333,0.000000,3.561379
174,35.766667,13.433333,20.720000,0.000000,3.453353
175,35.766667,14.000000,20.878667,0.000000,3.417287
176,35.766667,13.300000,20.790667,0.000000,3.594534
177,35.800000,13.566667,20.904667,0.000000,3.447434
178,35.800000,13.633333,20.798667,0.000000,3.511836
179,35.800000,12.833333,20.676000,0.000000,3.615855
180,35.800000,13.100000,20.751333,0.000000,3.646641
181,35.833333,13.366667,20.881333,0.000000,3.594640
182,35.833333,13.466667,20.620000,0.000000,3.527048
183,35.833333,13.633333,20.745333,0.000000,3.490539
184,35.833333,13.366667,20.676000,0.000000,3.537524
185,35.833333,13.066667,20.762667,0.000000,3.607387
186,35.833333,13.766667,20.862667,0.000000,3.531255
187,35.833333,13.066667,20.693333,0.000000,3.561559
188,35.833333,13.400000,20.802000,0.000000,3.461783
189,35.833333,13.533333,20.922000,0.000000,3.610314
190,35.833333,13.400000,20.828667,0.000000,3.609620
191,35.833333,13.366667,20.790000,0.000000,3.602299
192,35.833333,13.100000,20.785333,0.000000,3.620544
193,35.833333,13.233333,20.737333,0.000000,3.582254
194,35.833333,13.766667,20.699333,0.000000,3.574922
195,35.833333,13.600000,20.630667,0.000000,3.470813
196,35.833333,13.866667,20.742667,0.000000,3.480289
197,35.833333,13.100000,20.764667,0.000000,3.676924
198,35.900000,13.533333,20.728667,0.000000,3.641330
199,35.900000,13.333333,20.817333,0.000000,3.472923
200,35.900000,13.066667,20.674000,0.000000,3.551232
BestSdev: 1.093054, Time: 12m23.689933432s