gen,best,worst,mean,rep,sdev
1,16.866667,11.166667,13.780167,0.000000,1.089950
2,17.133333,11.000000,13.805667,0.000000,1.093040
3,17.266667,11.133333,13.810000,0.000000,1.085232
4,17.366667,11.033333,13.820500,0.000000,1.087936
5,17.466667,11.133333,13.816000,0.000000,1.092369
6,17.466667,11.100000,13.815167,0.000000,1.070428
7,17.566667,11.033333,13.807333,0.000000,1.082395
8,17.566667,11.000000,13.823333,0.000000,1.096155
9,17.666667,11.100000,13.810833,0.000000,1.094204
10,17.700000,11.233333,13.794833,0.000000,1.080879
11,17.700000,11.133333,13.821333,0.000000,1.091249
12,17.800000,11.133333,13.841167,0.000000,1.086859
13,17.800000,11.133333,13.805333,0.000000,1.094316
14,17.833333,10.966667,13.785167,0.000000,1.090592
15,17.833333,11.133333,13.815000,0.000000,1.087559
16,17.833333,11.033333,13.817000,0.000000,1.085782
17,17.866667,11.000000,13.794000,0.000000,1.099311
18,17.933333,11.033333,13.811333,0.000000,1.116761
19,17.933333,11.233333,13.823500,0.000000,1.082645
20,17.933333,11.066667,13.813333,0.000000,1.076756
BestSdev: 0.284332, Time: 3m30.942163822s