gen,best,worst,mean,rep,sdev
1,16.833333,11.000000,13.820333,0.000000,1.098074
2,17.166667,11.066667,13.790000,0.000000,1.107329
3,17.266667,11.133333,13.797167,0.000000,1.101156
4,17.366667,11.000000,13.791000,0.000000,1.069277
5,17.466667,10.966667,13.798167,0.000000,1.100486
6,17.500000,11.066667,13.797167,0.000000,1.075201
7,17.533333,11.066667,13.805167,0.000000,1.096878
8,17.566667,11.000000,13.810167,0.000000,1.096073
9,17.566667,10.966667,13.797000,0.000000,1.092884
10,17.633333,11.033333,13.791667,0.000000,1.089222
11,17.700000,11.033333,13.813833,0.000000,1.083418
12,17.733333,11.133333,13.788833,0.000000,1.079729
13,17.800000,11.066667,13.800333,0.000000,1.092235
14,17.800000,11.166667,13.807333,0.000000,1.082034
15,17.800000,11.066667,13.827333,0.000000,1.103391
16,17.900000,11.166667,13.782500,0.000000,1.094587
17,17.933333,11.200000,13.825333,0.000000,1.092756
18,17.966667,11.100000,13.802500,0.000000,1.068330
19,18.000000,11.100000,13.809500,0.000000,1.080778
20,18.000000,10.933333,13.804333,0.000000,1.085612
21,18.033333,11.133333,13.780667,0.000000,1.078750
22,18.033333,11.100000,13.788667,0.000000,1.081316
23,18.033333,11.100000,13.788000,0.000000,1.068468
24,18.066667,11.100000,13.817000,0.000000,1.072990
25,18.066667,11.033333,13.794333,0.000000,1.094421
26,18.066667,11.100000,13.811167,0.000000,1.084059
27,18.066667,11.066667,13.812167,0.000000,1.096152
28,18.066667,11.100000,13.801500,0.000000,1.081119
29,18.100000,11.100000,13.797000,0.000000,1.071153
30,18.100000,11.200000,13.810833,0.000000,1.079178
31,18.133333,11.000000,13.803667,0.000000,1.082063
32,18.133333,11.066667,13.805667,0.000000,1.080403
33,18.200000,11.166667,13.806667,0.000000,1.074848
34,18.200000,11.000000,13.793333,0.000000,1.086199
35,18.200000,11.133333,13.801833,0.000000,1.091004
36,18.200000,11.133333,13.807500,0.000000,1.082623
37,18.200000,10.900000,13.788333,0.000000,1.089660
38,18.200000,11.100000,13.817000,0.000000,1.088879
39,18.200000,11.100000,13.801667,0.000000,1.083830
40,18.200000,11.133333,13.799333,0.000000,1.102243
41,18.200000,11.166667,13.801667,0.000000,1.091128
42,18.200000,11.133333,13.803833,0.000000,1.090142
43,18.200000,11.200000,13.808833,0.000000,1.063982
44,18.200000,11.033333,13.808667,0.000000,1.085852
45,18.200000,11.233333,13.810833,0.000000,1.073067
46,18.200000,11.066667,13.796167,0.000000,1.087138
47,18.200000,11.166667,13.793167,0.000000,1.084686
48,18.233333,11.166667,13.810000,0.000000,1.095265
49,18.233333,10.966667,13.810333,0.000000,1.097662
50,18.233333,11.000000,13.812500,0.000000,1.087471
51,18.233333,11.000000,13.803000,0.000000,1.087658
52,18.233333,11.000000,13.801000,0.000000,1.114390
53,18.233333,11.066667,13.799667,0.000000,1.094568
54,18.233333,11.033333,13.785167,0.000000,1.102494
55,18.233333,11.100000,13.809500,0.000000,1.089578
56,18.233333,11.133333,13.764500,0.000000,1.081146
57,18.233333,11.033333,13.787167,0.000000,1.074940
58,18.233333,11.133333,13.778500,0.000000,1.078231
59,18.233333,11.200000,13.819333,0.000000,1.087549
60,18.233333,11.066667,13.790667,0.000000,1.094919
61,18.233333,10.966667,13.800500,0.000000,1.075740
62,18.233333,11.033333,13.812167,0.000000,1.095918
63,18.233333,11.033333,13.786333,0.000000,1.088214
64,18.233333,11.233333,13.798333,0.000000,1.078079
65,18.233333,11.100000,13.824167,0.000000,1.082818
66,18.233333,11.133333,13.813500,0.000000,1.084917
67,18.233333,11.066667,13.789167,0.000000,1.080704
68,18.233333,10.933333,13.798333,0.000000,1.079772
69,18.233333,11.100000,13.814333,0.000000,1.104082
70,18.233333,11.033333,13.786000,0.000000,1.084253
71,18.233333,11.066667,13.820833,0.000000,1.085081
72,18.266667,11.200000,13.805500,0.000000,1.074328
73,18.266667,11.100000,13.817000,0.000000,1.073543
74,18.266667,11.000000,13.806333,0.000000,1.092511
75,18.300000,11.100000,13.775500,0.000000,1.086511
76,18.300000,11.066667,13.806000,0.000000,1.089813
77,18.300000,10.966667,13.797167,0.000000,1.072531
78,18.300000,11.066667,13.800667,0.000000,1.069636
79,18.300000,11.100000,13.821333,0.000000,1.077585
80,18.333333,11.133333,13.801667,0.000000,1.076127
81,18.333333,11.166667,13.794000,0.000000,1.073491
82,18.366667,11.000000,13.791000,0.000000,1.084033
83,18.366667,11.000000,13.801667,0.000000,1.081362
84,18.366667,11.000000,13.819333,0.000000,1.094714
85,18.366667,11.100000,13.809667,0.000000,1.083334
86,18.366667,11.100000,13.800667,0.000000,1.085216
87,18.366667,11.166667,13.826833,0.000000,1.080389
88,18.366667,11.100000,13.788667,0.000000,1.080092
89,18.366667,11.100000,13.825500,0.000000,1.110361
90,18.366667,11.033333,13.787000,0.000000,1.086821
91,18.400000,11.000000,13.802667,0.000000,1.105992
92,18.400000,11.066667,13.815667,0.000000,1.070927
93,18.400000,11.000000,13.801333,0.000000,1.100437
94,18.400000,11.066667,13.788333,0.000000,1.086873
95,18.400000,11.133333,13.818333,0.000000,1.064466
96,18.400000,11.166667,13.807167,0.000000,1.073075
97,18.400000,11.133333,13.804500,0.000000,1.085318
98,18.400000,11.066667,13.796667,0.000000,1.090368
99,18.400000,11.033333,13.778667,0.000000,1.098800
100,18.400000,11.000000,13.796000,0.000000,1.079275
101,18.400000,10.900000,13.790667,0.000000,1.092525
102,18.400000,11.133333,13.819000,0.000000,1.088593
103,18.400000,11.100000,13.785500,0.000000,1.073736
104,18.400000,11.166667,13.790833,0.000000,1.073716
105,18.400000,11.133333,13.787833,0.000000,1.068293
106,18.433333,11.133333,13.807667,0.000000,1.101740
107,18.433333,11.033333,13.829000,0.000000,1.082549
108,18.433333,11.133333,13.786167,0.000000,1.072118
109,18.433333,11.166667,13.777333,0.000000,1.090243
110,18.433333,11.066667,13.811833,0.000000,1.090288
111,18.433333,11.100000,13.798500,0.000000,1.091673
112,18.433333,11.200000,13.769667,0.000000,1.071610
113,18.433333,11.000000,13.813333,0.000000,1.095210
114,18.433333,11.100000,13.780667,0.000000,1.062377
115,18.433333,11.000000,13.801000,0.000000,1.094351
116,18.433333,11.066667,13.811500,0.000000,1.087659
117,18.433333,11.033333,13.791667,0.000000,1.095076
118,18.433333,11.033333,13.824000,0.000000,1.077277
119,18.466667,11.066667,13.811833,0.000000,1.093297
120,18.466667,11.166667,13.819167,0.000000,1.082506
121,18.466667,11.133333,13.815333,0.000000,1.085130
122,18.466667,11.133333,13.805333,0.000000,1.074244
123,18.466667,10.900000,13.828333,0.000000,1.066959
124,18.466667,11.100000,13.786500,0.000000,1.092080
125,18.466667,11.300000,13.795500,0.000000,1.094728
126,18.466667,11.166667,13.800000,0.000000,1.093503
127,18.466667,11.100000,13.796167,0.000000,1.105537
128,18.466667,11.300000,13.820000,0.000000,1.059957
129,18.466667,11.100000,13.779667,0.000000,1.077104
130,18.466667,11.133333,13.811500,0.000000,1.095578
131,18.466667,11.100000,13.806333,0.000000,1.094034
132,18.466667,11.166667,13.807167,0.000000,1.078633
133,18.466667,11.133333,13.800833,0.000000,1.079472
134,18.466667,11.133333,13.795333,0.000000,1.087579
135,18.466667,11.033333,13.778167,0.000000,1.084064
136,18.466667,11.200000,13.803167,0.000000,1.071960
137,18.466667,11.033333,13.784167,0.000000,1.089230
138,18.466667,11.000000,13.785500,0.000000,1.105125
139,18.466667,10.966667,13.794167,0.000000,1.073904
140,18.466667,11.100000,13.803833,0.000000,1.092761
141,18.466667,11.133333,13.830500,0.000000,1.080917
142,18.466667,11.266667,13.818667,0.000000,1.090818
143,18.466667,11.166667,13.828167,0.000000,1.100164
144,18.466667,11.033333,13.808833,0.000000,1.095774
145,18.466667,10.933333,13.800667,0.000000,1.072217
146,18.466667,11.033333,13.821000,0.000000,1.078474
147,18.466667,11.066667,13.810000,0.000000,1.081170
148,18.466667,11.266667,13.805167,0.000000,1.075108
149,18.466667,10.966667,13.780833,0.000000,1.086243
150,18.466667,11.100000,13.811667,0.000000,1.085951
151,18.466667,11.133333,13.802833,0.000000,1.087886
152,18.466667,11.133333,13.799833,0.000000,1.098251
153,18.466667,11.000000,13.788333,0.000000,1.113932
154,18.466667,11.066667,13.803500,0.000000,1.087162
155,18.466667,11.100000,13.794333,0.000000,1.089562
156,18.466667,11.133333,13.836833,0.000000,1.077147
157,18.466667,11.066667,13.788500,0.000000,1.080332
158,18.466667,11.066667,13.787667,0.000000,1.074206
159,18.466667,11.033333,13.804000,0.000000,1.084521
160,18.500000,11.000000,13.797167,0.000000,1.091294
161,18.500000,11.133333,13.795000,0.000000,1.090539
162,18.500000,11.033333,13.790833,0.000000,1.081783
163,18.500000,11.133333,13.798167,0.000000,1.094754
164,18.500000,11.166667,13.810833,0.000000,1.068385
165,18.500000,11.266667,13.820167,0.000000,1.075168
166,18.500000,11.266667,13.817000,0.000000,1.074911
167,18.500000,11.166667,13.810667,0.000000,1.109201
168,18.500000,11.066667,13.802000,0.000000,1.081114
169,18.500000,10.966667,13.787500,0.000000,1.083847
170,18.500000,11.000000,13.825667,0.000000,1.105483
171,18.500000,11.200000,13.810167,0.000000,1.072818
172,18.500000,10.966667,13.815833,0.000000,1.095351
173,18.500000,11.100000,13.812667,0.000000,1.090073
174,18.500000,11.066667,13.803000,0.000000,1.062818
175,18.500000,11.000000,13.796167,0.000000,1.079673
176,18.500000,11.033333,13.828667,0.000000,1.086989
177,18.500000,11.000000,13.775333,0.000000,1.091349
178,18.500000,11.100000,13.822000,0.000000,1.092323
179,18.500000,11.033333,13.786167,0.000000,1.098027
180,18.500000,11.033333,13.804333,0.000000,1.098585
181,18.500000,11.066667,13.831667,0.000000,1.088099
182,18.500000,11.200000,13.818167,0.000000,1.080091
183,18.500000,11.133333,13.830167,0.000000,1.077062
184,18.500000,10.966667,13.816500,0.000000,1.077160
185,18.500000,11.100000,13.811667,0.000000,1.097237
186,18.500000,11.200000,13.800667,0.000000,1.072480
187,18.500000,11.166667,13.800833,0.000000,1.086774
188,18.500000,11.100000,13.840167,0.000000,1.068979
189,18.500000,11.066667,13.816333,0.000000,1.095750
190,18.500000,11.066667,13.813833,0.000000,1.079900
191,18.500000,11.066667,13.830833,0.000000,1.098908
192,18.500000,11.166667,13.799000,0.000000,1.070603
193,18.500000,11.066667,13.778333,0.000000,1.073412
194,18.500000,11.300000,13.821667,0.000000,1.094079
195,18.500000,11.100000,13.811500,0.000000,1.104292
196,18.500000,11.066667,13.833167,0.000000,1.091841
197,18.500000,10.966667,13.823833,0.000000,1.089368
198,18.500000,11.000000,13.776667,0.000000,1.081714
199,18.500000,11.033333,13.817000,0.000000,1.074421
200,18.500000,11.033333,13.808333,0.000000,1.073017
BestSdev: 0.273091, Time: 33m46.074521073s