gen,best,worst,mean,rep,sdev
1,16.300000,11.533333,13.824667,0.000000,1.060594
2,16.433333,11.666667,13.826667,0.000000,1.050545
3,16.566667,11.500000,13.862000,0.000000,1.096204
4,16.733333,11.466667,13.827333,0.000000,1.101563
5,16.833333,11.566667,13.784667,0.000000,1.052261
6,16.966667,11.700000,13.858667,0.000000,1.084317
7,17.066667,11.666667,13.808000,0.000000,1.088592
8,17.100000,11.633333,13.784000,0.000000,1.073537
9,17.133333,11.466667,13.798667,0.000000,1.050774
10,17.133333,11.500000,13.788000,0.000000,1.085172
11,17.266667,11.633333,13.810000,0.000000,1.082123
12,17.266667,11.566667,13.801333,0.000000,1.067873
13,17.266667,11.500000,13.801333,0.000000,1.083163
14,17.266667,11.700000,13.830667,0.000000,1.040493
15,17.333333,11.500000,13.873333,0.000000,1.068900
16,17.400000,11.600000,13.812667,0.000000,1.073744
17,17.400000,11.600000,13.840000,0.000000,1.052332
18,17.400000,11.566667,13.810667,0.000000,1.101001
19,17.400000,11.633333,13.819333,0.000000,1.093179
20,17.400000,11.633333,13.801333,0.000000,1.063329
21,17.400000,11.500000,13.768667,0.000000,1.046349
22,17.433333,11.700000,13.832667,0.000000,1.080688
23,17.466667,11.400000,13.789333,0.000000,1.081270
24,17.466667,11.400000,13.808000,0.000000,1.116029
25,17.466667,11.733333,13.805333,0.000000,1.061727
26,17.466667,11.500000,13.782667,0.000000,1.112882
27,17.466667,11.666667,13.852667,0.000000,1.063515
28,17.466667,11.600000,13.834000,0.000000,1.072307
29,17.466667,11.500000,13.780667,0.000000,1.074660
30,17.466667,11.633333,13.838000,0.000000,1.074045
31,17.466667,11.466667,13.783333,0.000000,1.089589
32,17.466667,11.500000,13.768000,0.000000,1.083984
33,17.466667,11.666667,13.797333,0.000000,1.052580
34,17.466667,11.600000,13.800667,0.000000,1.080874
35,17.466667,11.600000,13.770667,0.000000,1.087402
36,17.466667,11.766667,13.798667,0.000000,1.039692
37,17.466667,11.800000,13.806667,0.000000,1.057672
38,17.500000,11.700000,13.813333,0.000000,1.109910
39,17.500000,11.366667,13.737333,0.000000,1.094808
40,17.500000,11.633333,13.820667,0.000000,1.041229
41,17.500000,11.700000,13.832000,0.000000,1.118983
42,17.533333,11.566667,13.816000,0.000000,1.086928
43,17.566667,11.733333,13.825333,0.000000,1.079878
44,17.566667,11.500000,13.765333,0.000000,1.063230
45,17.566667,11.666667,13.843333,0.000000,1.070913
46,17.566667,11.666667,13.795333,0.000000,1.076757
47,17.566667,11.700000,13.792000,0.000000,1.047618
48,17.566667,11.400000,13.782000,0.000000,1.045621
49,17.566667,11.533333,13.778667,0.000000,1.072328
50,17.600000,11.533333,13.812667,0.000000,1.096067
51,17.600000,11.733333,13.762000,0.000000,1.067575
52,17.600000,11.600000,13.781333,0.000000,1.053909
53,17.633333,11.600000,13.775333,0.000000,1.074907
54,17.666667,11.700000,13.774000,0.000000,1.059719
55,17.666667,11.600000,13.842667,0.000000,1.070007
56,17.666667,11.433333,13.754000,0.000000,1.112304
57,17.733333,11.666667,13.806000,0.000000,1.071061
58,17.733333,11.566667,13.754000,0.000000,1.057329
59,17.733333,11.600000,13.767333,0.000000,1.072536
60,17.733333,11.633333,13.796000,0.000000,1.062505
61,17.733333,11.666667,13.844000,0.000000,1.077191
62,17.733333,11.600000,13.849333,0.000000,1.102540
63,17.766667,11.500000,13.823333,0.000000,1.071366
64,17.800000,11.600000,13.810000,0.000000,1.076611
65,17.800000,11.600000,13.760667,0.000000,1.053602
66,17.800000,11.666667,13.819333,0.000000,1.059860
67,17.800000,11.600000,13.827333,0.000000,1.072975
68,17.800000,11.666667,13.788667,0.000000,1.102727
69,17.800000,11.533333,13.789333,0.000000,1.068292
70,17.800000,11.566667,13.808000,0.000000,1.091776
71,17.800000,11.666667,13.825333,0.000000,1.063334
72,17.800000,11.466667,13.846667,0.000000,1.126476
73,17.800000,11.533333,13.806000,0.000000,1.075995
74,17.800000,11.633333,13.802667,0.000000,1.070988
75,17.800000,11.733333,13.814000,0.000000,1.085985
76,17.800000,11.533333,13.806667,0.000000,1.075442
77,17.800000,11.400000,13.841333,0.000000,1.122713
78,17.800000,11.633333,13.795333,0.000000,1.090790
79,17.800000,11.466667,13.776667,0.000000,1.103454
80,17.800000,11.466667,13.788000,0.000000,1.069426
81,17.800000,11.533333,13.772667,0.000000,1.099963
82,17.833333,11.633333,13.826000,0.000000,1.070511
83,17.833333,11.633333,13.785333,0.000000,1.066724
84,17.866667,11.533333,13.804000,0.000000,1.067570
85,17.866667,11.666667,13.835333,0.000000,1.036903
86,17.866667,11.566667,13.794667,0.000000,1.081299
87,17.866667,11.766667,13.820000,0.000000,1.080039
88,17.866667,11.700000,13.816000,0.000000,1.060537
89,17.866667,11.600000,13.797333,0.000000,1.058330
90,17.866667,11.566667,13.808667,0.000000,1.053706
91,17.866667,11.633333,13.824667,0.000000,1.039256
92,17.866667,11.500000,13.774000,0.000000,1.081101
93,17.900000,11.666667,13.776667,0.000000,1.073963
94,17.933333,11.633333,13.851333,0.000000,1.099448
95,17.933333,11.500000,13.735333,0.000000,1.072291
96,17.933333,11.533333,13.816000,0.000000,1.054879
97,17.933333,11.633333,13.804000,0.000000,1.055122
98,17.933333,11.600000,13.860000,0.000000,1.104231
99,17.933333,11.600000,13.804667,0.000000,1.065975
100,17.933333,11.566667,13.826000,0.000000,1.091986
101,17.933333,11.466667,13.825333,0.000000,1.096925
102,17.933333,11.766667,13.799333,0.000000,1.054596
103,17.966667,11.566667,13.814000,0.000000,1.052980
104,17.966667,11.700000,13.854667,0.000000,1.083921
105,17.966667,11.600000,13.799333,0.000000,1.088050
106,17.966667,11.566667,13.756000,0.000000,1.073767
107,17.966667,11.566667,13.799333,0.000000,1.058188
108,17.966667,11.600000,13.792000,0.000000,1.083528
109,17.966667,11.700000,13.792667,0.000000,1.069815
110,17.966667,11.700000,13.816667,0.000000,1.073462
111,17.966667,11.733333,13.798667,0.000000,1.055150
112,17.966667,11.533333,13.783333,0.000000,1.066750
113,17.966667,11.566667,13.850000,0.000000,1.082620
114,17.966667,11.600000,13.872000,0.000000,1.077230
115,17.966667,11.433333,13.826667,0.000000,1.116393
116,17.966667,11.666667,13.856667,0.000000,1.041981
117,17.966667,11.666667,13.781333,0.000000,1.071642
118,17.966667,11.666667,13.796000,0.000000,1.043274
119,17.966667,11.566667,13.783333,0.000000,1.092777
120,17.966667,11.400000,13.853333,0.000000,1.091348
121,17.966667,11.400000,13.763333,0.000000,1.082850
122,17.966667,11.666667,13.775333,0.000000,1.041641
123,17.966667,11.600000,13.780000,0.000000,1.056055
124,17.966667,11.733333,13.816667,0.000000,1.060441
125,17.966667,11.766667,13.828000,0.000000,1.054567
126,17.966667,11.700000,13.786000,0.000000,1.080975
127,17.966667,11.566667,13.785333,0.000000,1.047038
128,17.966667,11.566667,13.817333,0.000000,1.129389
129,17.966667,11.666667,13.793333,0.000000,1.085872
130,17.966667,11.500000,13.799333,0.000000,1.098771
131,17.966667,11.700000,13.808667,0.000000,1.042548
132,17.966667,11.566667,13.809333,0.000000,1.101483
133,17.966667,11.533333,13.776000,0.000000,1.064735
134,17.966667,11.600000,13.832667,0.000000,1.078525
135,17.966667,11.500000,13.826667,0.000000,1.087957
136,17.966667,11.666667,13.834667,0.000000,1.067285
137,17.966667,11.533333,13.815333,0.000000,1.072993
138,17.966667,11.633333,13.804667,0.000000,1.088505
139,17.966667,11.566667,13.846000,0.000000,1.059352
140,17.966667,11.466667,13.784000,0.000000,1.049690
141,17.966667,11.666667,13.801333,0.000000,1.062677
142,18.000000,11.633333,13.784000,0.000000,1.087139
143,18.000000,11.566667,13.814000,0.000000,1.082673
144,18.000000,11.533333,13.794000,0.000000,1.084482
145,18.000000,11.566667,13.781333,0.000000,1.067143
146,18.000000,11.800000,13.826000,0.000000,1.061476
147,18.000000,11.633333,13.825333,0.000000,1.103454
148,18.000000,11.600000,13.801333,0.000000,1.090142
149,18.000000,11.533333,13.806000,0.000000,1.077803
150,18.000000,11.666667,13.790000,0.000000,1.088755
151,18.000000,11.533333,13.782667,0.000000,1.099775
152,18.000000,11.600000,13.842667,0.000000,1.078525
153,18.000000,11.533333,13.784667,0.000000,1.071878
154,18.000000,11.533333,13.799333,0.000000,1.111662
155,18.000000,11.433333,13.812000,0.000000,1.089366
156,18.000000,11.533333,13.786667,0.000000,1.087571
157,18.000000,11.833333,13.805333,0.000000,1.055938
158,18.000000,11.733333,13.816667,0.000000,1.071181
159,18.000000,11.566667,13.768000,0.000000,1.085845
160,18.000000,11.633333,13.820667,0.000000,1.074412
161,18.000000,11.533333,13.790667,0.000000,1.088990
162,18.000000,11.666667,13.812000,0.000000,1.058473
163,18.000000,11.733333,13.843333,0.000000,1.051714
164,18.000000,11.566667,13.820000,0.000000,1.073733
165,18.000000,11.566667,13.851333,0.000000,1.094107
166,18.000000,11.533333,13.755333,0.000000,1.086580
167,18.000000,11.633333,13.830667,0.000000,1.085611
168,18.000000,11.633333,13.828000,0.000000,1.108442
169,18.000000,11.533333,13.824000,0.000000,1.084990
170,18.000000,11.633333,13.819333,0.000000,1.072447
171,18.000000,11.533333,13.820667,0.000000,1.107968
172,18.000000,11.733333,13.836667,0.000000,1.064012
173,18.000000,11.600000,13.788000,0.000000,1.107043
174,18.000000,11.633333,13.845333,0.000000,1.052915
175,18.000000,11.466667,13.790667,0.000000,1.069907
176,18.000000,11.433333,13.807333,0.000000,1.094711
177,18.000000,11.533333,13.804000,0.000000,1.075886
178,18.000000,11.500000,13.840000,0.000000,1.098403
179,18.000000,11.666667,13.791333,0.000000,1.075442
180,18.000000,11.566667,13.794667,0.000000,1.073676
181,18.000000,11.533333,13.801333,0.000000,1.083836
182,18.000000,11.600000,13.731333,0.000000,1.088077
183,18.000000,11.633333,13.788000,0.000000,1.048120
184,18.000000,11.566667,13.802667,0.000000,1.073272
185,18.000000,11.733333,13.777333,0.000000,1.078379
186,18.000000,11.633333,13.838667,0.000000,1.028377
187,18.000000,11.500000,13.813333,0.000000,1.066330
188,18.000000,11.600000,13.842667,0.000000,1.107191
189,18.000000,11.666667,13.812667,0.000000,1.049934
190,18.000000,11.600000,13.835333,0.000000,1.112157
191,18.000000,11.600000,13.848000,0.000000,1.107445
192,18.000000,11.766667,13.790000,0.000000,1.076437
193,18.000000,11.800000,13.767333,0.000000,1.064838
194,18.000000,11.533333,13.841333,0.000000,1.075227
195,18.000000,11.766667,13.828000,0.000000,1.054207
196,18.000000,11.533333,13.819333,0.000000,1.085037
197,18.000000,11.800000,13.761333,0.000000,1.053942
198,18.000000,11.666667,13.814667,0.000000,1.079111
199,18.000000,11.733333,13.739333,0.000000,1.066458
200,18.000000,11.766667,13.773333,0.000000,1.065133
201,18.000000,11.466667,13.831333,0.000000,1.092225
202,18.000000,11.466667,13.822000,0.000000,1.086377
203,18.000000,11.466667,13.760667,0.000000,1.069638
204,18.000000,11.600000,13.784000,0.000000,1.055326
205,18.000000,11.500000,13.807333,0.000000,1.083401
206,18.033333,11.600000,13.800000,0.000000,1.098826
207,18.033333,11.533333,13.808667,0.000000,1.095568
208,18.033333,11.566667,13.772667,0.000000,1.052122
209,18.033333,11.766667,13.842000,0.000000,1.041263
210,18.033333,11.633333,13.799333,0.000000,1.055106
211,18.033333,11.633333,13.838000,0.000000,1.078181
212,18.033333,11.566667,13.831333,0.000000,1.058746
213,18.066667,11.666667,13.833333,0.000000,1.070249
214,18.066667,11.600000,13.801333,0.000000,1.107070
215,18.066667,11.666667,13.750000,0.000000,1.058773
216,18.066667,11.566667,13.790000,0.000000,1.057384
217,18.066667,11.666667,13.836000,0.000000,1.094698
218,18.066667,11.700000,13.826000,0.000000,1.080493
219,18.066667,11.700000,13.770000,0.000000,1.040936
220,18.066667,11.600000,13.834667,0.000000,1.082135
221,18.066667,11.666667,13.790000,0.000000,1.052584
222,18.066667,11.600000,13.798000,0.000000,1.075998
223,18.066667,11.600000,13.844000,0.000000,1.086513
224,18.066667,11.566667,13.788000,0.000000,1.082389
225,18.066667,11.633333,13.855333,0.000000,1.066535
226,18.066667,11.433333,13.809333,0.000000,1.096785
227,18.066667,11.566667,13.808000,0.000000,1.052538
228,18.066667,11.466667,13.816000,0.000000,1.070778
229,18.066667,11.600000,13.776000,0.000000,1.070438
230,18.066667,11.733333,13.782667,0.000000,1.059720
231,18.066667,11.433333,13.791333,0.000000,1.063933
232,18.100000,11.700000,13.844667,0.000000,1.054950
233,18.100000,11.500000,13.837333,0.000000,1.066602
234,18.100000,11.766667,13.838000,0.000000,1.063667
235,18.100000,11.566667,13.854000,0.000000,1.061152
236,18.100000,11.566667,13.822667,0.000000,1.093894
237,18.100000,11.633333,13.823333,0.000000,1.093934
238,18.100000,11.566667,13.760667,0.000000,1.050477
239,18.100000,11.500000,13.746667,0.000000,1.109611
240,18.100000,11.566667,13.760000,0.000000,1.072991
241,18.100000,11.700000,13.798667,0.000000,1.061895
242,18.100000,11.600000,13.828000,0.000000,1.069143
243,18.100000,11.600000,13.792667,0.000000,1.050013
244,18.100000,11.566667,13.810667,0.000000,1.082065
245,18.100000,11.766667,13.824667,0.000000,1.072132
246,18.100000,11.666667,13.799333,0.000000,1.078182
247,18.100000,11.533333,13.816000,0.000000,1.093710
248,18.100000,11.666667,13.810667,0.000000,1.073833
249,18.100000,11.500000,13.822667,0.000000,1.065584
250,18.100000,11.666667,13.760667,0.000000,1.078979
251,18.100000,11.700000,13.885333,0.000000,1.068501
252,18.100000,11.566667,13.820667,0.000000,1.076529
253,18.100000,11.600000,13.756667,0.000000,1.089440
254,18.100000,11.500000,13.845333,0.000000,1.068399
255,18.100000,11.500000,13.841333,0.000000,1.107341
256,18.100000,11.466667,13.794667,0.000000,1.101632
257,18.100000,11.533333,13.789333,0.000000,1.076608
258,18.100000,11.533333,13.805333,0.000000,1.054119
259,18.100000,11.600000,13.860667,0.000000,1.087348
260,18.100000,11.633333,13.766667,0.000000,1.095283
261,18.100000,11.566667,13.800667,0.000000,1.079355
262,18.100000,11.466667,13.802000,0.000000,1.078127
263,18.100000,11.466667,13.812000,0.000000,1.094039
264,18.100000,11.366667,13.813333,0.000000,1.062338
265,18.100000,11.533333,13.844667,0.000000,1.054251
266,18.133333,11.600000,13.797333,0.000000,1.086225
267,18.133333,11.500000,13.855333,0.000000,1.095196
268,18.133333,11.566667,13.795333,0.000000,1.096987
269,18.133333,11.566667,13.808000,0.000000,1.072892
270,18.133333,11.500000,13.758667,0.000000,1.073884
271,18.133333,11.666667,13.824000,0.000000,1.065695
272,18.133333,11.566667,13.784000,0.000000,1.058244
273,18.133333,11.700000,13.784667,0.000000,1.071704
274,18.133333,11.633333,13.816667,0.000000,1.068495
275,18.133333,11.600000,13.824000,0.000000,1.080409
276,18.133333,11.500000,13.832000,0.000000,1.089510
277,18.133333,11.566667,13.840667,0.000000,1.072685
278,18.133333,11.500000,13.817333,0.000000,1.089570
279,18.133333,11.633333,13.821333,0.000000,1.073212
280,18.133333,11.700000,13.838667,0.000000,1.039815
281,18.133333,11.633333,13.818667,0.000000,1.090213
282,18.133333,11.366667,13.761333,0.000000,1.113049
283,18.133333,11.600000,13.790667,0.000000,1.107544
284,18.133333,11.400000,13.778667,0.000000,1.106390
285,18.133333,11.500000,13.772000,0.000000,1.113072
286,18.133333,11.666667,13.822000,0.000000,1.067187
287,18.133333,11.600000,13.789333,0.000000,1.055984
288,18.133333,11.766667,13.796000,0.000000,1.029667
289,18.133333,11.366667,13.754667,0.000000,1.104313
290,18.133333,11.500000,13.781333,0.000000,1.089414
291,18.133333,11.700000,13.770667,0.000000,1.053351
292,18.133333,11.566667,13.862000,0.000000,1.092514
293,18.133333,11.633333,13.848000,0.000000,1.121612
294,18.133333,11.633333,13.748667,0.000000,1.073542
295,18.133333,11.466667,13.798667,0.000000,1.087712
296,18.133333,11.600000,13.834667,0.000000,1.110991
297,18.133333,11.433333,13.808667,0.000000,1.097172
298,18.133333,11.600000,13.795333,0.000000,1.068972
299,18.133333,11.433333,13.794667,0.000000,1.094487
300,18.133333,11.600000,13.804000,0.000000,1.029425
301,18.133333,11.700000,13.830667,0.000000,1.051192
302,18.133333,11.666667,13.818000,0.000000,1.092350
303,18.133333,11.466667,13.820000,0.000000,1.077725
304,18.133333,11.733333,13.818000,0.000000,1.072761
305,18.133333,11.633333,13.818000,0.000000,1.077406
306,18.133333,11.600000,13.819333,0.000000,1.054785
307,18.133333,11.533333,13.794000,0.000000,1.081628
308,18.133333,11.433333,13.759333,0.000000,1.081120
309,18.133333,11.466667,13.816000,0.000000,1.057398
310,18.133333,11.666667,13.736667,0.000000,1.065242
311,18.133333,11.600000,13.814667,0.000000,1.049606
312,18.166667,11.633333,13.830000,0.000000,1.078360
313,18.166667,11.766667,13.853333,0.000000,1.040158
314,18.166667,11.533333,13.832667,0.000000,1.087578
315,18.166667,11.466667,13.840000,0.000000,1.102019
316,18.166667,11.500000,13.820000,0.000000,1.100404
317,18.166667,11.466667,13.795333,0.000000,1.083846
318,18.166667,11.566667,13.866667,0.000000,1.101988
319,18.166667,11.633333,13.804000,0.000000,1.055573
320,18.166667,11.500000,13.794000,0.000000,1.075779
321,18.166667,11.633333,13.851333,0.000000,1.081852
322,18.166667,11.566667,13.823333,0.000000,1.095885
323,18.166667,11.600000,13.804000,0.000000,1.054219
324,18.166667,11.566667,13.818000,0.000000,1.106900
325,18.166667,11.633333,13.824667,0.000000,1.079550
326,18.166667,11.566667,13.799333,0.000000,1.100328
327,18.166667,11.566667,13.778667,0.000000,1.104876
328,18.166667,11.666667,13.820667,0.000000,1.047537
329,18.166667,11.566667,13.819333,0.000000,1.045877
330,18.166667,11.533333,13.766667,0.000000,1.066157
331,18.166667,11.666667,13.828000,0.000000,1.050254
332,18.166667,11.500000,13.831333,0.000000,1.101710
333,18.166667,11.700000,13.803333,0.000000,1.039931
334,18.166667,11.466667,13.774667,0.000000,1.077041
335,18.166667,11.566667,13.800000,0.000000,1.118576
336,18.166667,11.666667,13.778000,0.000000,1.074248
337,18.166667,11.566667,13.781333,0.000000,1.079094
338,18.166667,11.633333,13.809333,0.000000,1.058959
339,18.166667,11.500000,13.792667,0.000000,1.098464
340,18.166667,11.500000,13.826667,0.000000,1.082207
341,18.166667,11.700000,13.832000,0.000000,1.059721
342,18.166667,11.766667,13.821333,0.000000,1.039910
343,18.166667,11.466667,13.790000,0.000000,1.078747
344,18.166667,11.733333,13.850000,0.000000,1.063961
345,18.166667,11.733333,13.795333,0.000000,1.076748
346,18.166667,11.566667,13.774000,0.000000,1.063990
347,18.166667,11.666667,13.756667,0.000000,1.087357
348,18.166667,11.533333,13.838000,0.000000,1.050573
349,18.166667,11.666667,13.846000,0.000000,1.047050
350,18.166667,11.500000,13.756667,0.000000,1.073286
351,18.166667,11.700000,13.804000,0.000000,1.072209
352,18.166667,11.600000,13.852667,0.000000,1.061304
353,18.166667,11.633333,13.792000,0.000000,1.067290
354,18.166667,11.600000,13.786667,0.000000,1.064967
355,18.166667,11.600000,13.793333,0.000000,1.072647
356,18.166667,11.800000,13.800667,0.000000,1.034609
357,18.166667,11.566667,13.822667,0.000000,1.086427
358,18.166667,11.500000,13.743333,0.000000,1.077660
359,18.166667,11.600000,13.844000,0.000000,1.078555
360,18.166667,11.733333,13.800000,0.000000,1.044946
361,18.166667,11.600000,13.856667,0.000000,1.093135
362,18.166667,11.533333,13.786667,0.000000,1.051949
363,18.166667,11.533333,13.822667,0.000000,1.064533
364,18.166667,11.733333,13.821333,0.000000,1.066638
365,18.166667,11.466667,13.815333,0.000000,1.073669
366,18.166667,11.600000,13.774000,0.000000,1.081752
367,18.166667,11.533333,13.730000,0.000000,1.065427
368,18.166667,11.600000,13.821333,0.000000,1.076149
369,18.166667,11.666667,13.837333,0.000000,1.075974
370,18.166667,11.566667,13.823333,0.000000,1.076754
371,18.166667,11.566667,13.805333,0.000000,1.097543
372,18.166667,11.500000,13.818000,0.000000,1.047050
373,18.166667,11.633333,13.824000,0.000000,1.070460
374,18.166667,11.633333,13.831333,0.000000,1.081147
375,18.166667,11.633333,13.764000,0.000000,1.051911
376,18.166667,11.600000,13.800667,0.000000,1.089615
377,18.166667,11.433333,13.762667,0.000000,1.087676
378,18.166667,11.533333,13.773333,0.000000,1.088252
379,18.166667,11.533333,13.800000,0.000000,1.092438
380,18.166667,11.566667,13.843333,0.000000,1.114183
381,18.166667,11.633333,13.780000,0.000000,1.048953
382,18.166667,11.666667,13.730000,0.000000,1.087059
383,18.166667,11.433333,13.854000,0.000000,1.125377
384,18.166667,11.600000,13.836000,0.000000,1.071873
385,18.166667,11.600000,13.804667,0.000000,1.036544
386,18.166667,11.633333,13.831333,0.000000,1.078016
387,18.166667,11.566667,13.798000,0.000000,1.102385
388,18.166667,11.433333,13.758667,0.000000,1.081657
389,18.166667,11.833333,13.834667,0.000000,1.047522
390,18.166667,11.566667,13.820000,0.000000,1.089721
391,18.166667,11.633333,13.789333,0.000000,1.078539
392,18.166667,11.633333,13.860667,0.000000,1.050164
393,18.166667,11.600000,13.782000,0.000000,1.069688
394,18.166667,11.533333,13.810667,0.000000,1.059510
395,18.166667,11.666667,13.797333,0.000000,1.070655
396,18.166667,11.533333,13.766000,0.000000,1.108474
397,18.166667,11.666667,13.821333,0.000000,1.064657
398,18.166667,11.500000,13.803333,0.000000,1.071846
399,18.166667,11.600000,13.830667,0.000000,1.100798
400,18.166667,11.533333,13.827333,0.000000,1.065467
401,18.166667,11.633333,13.825333,0.000000,1.100897
402,18.166667,11.766667,13.899333,0.000000,1.074265
403,18.166667,11.633333,13.808000,0.000000,1.080615
404,18.166667,11.466667,13.784000,0.000000,1.065205
405,18.166667,11.833333,13.780000,0.000000,1.062548
406,18.166667,11.500000,13.780667,0.000000,1.071317
407,18.166667,11.633333,13.813333,0.000000,1.064234
408,18.166667,11.500000,13.780000,0.000000,1.078833
409,18.166667,11.400000,13.808667,0.000000,1.091378
410,18.166667,11.533333,13.760000,0.000000,1.080093
411,18.166667,11.533333,13.748667,0.000000,1.079428
412,18.166667,11.533333,13.712000,0.000000,1.064907
413,18.166667,11.533333,13.778667,0.000000,1.064277
414,18.166667,11.633333,13.832667,0.000000,1.078924
415,18.200000,11.566667,13.816000,0.000000,1.105224
416,18.200000,11.600000,13.801333,0.000000,1.080270
417,18.200000,11.600000,13.812667,0.000000,1.055182
418,18.200000,11.466667,13.774667,0.000000,1.074661
419,18.200000,11.633333,13.819333,0.000000,1.078581
420,18.200000,11.566667,13.813333,0.000000,1.076228
421,18.200000,11.566667,13.834000,0.000000,1.059147
422,18.200000,11.566667,13.855333,0.000000,1.106898
423,18.233333,11.600000,13.780000,0.000000,1.092556
424,18.233333,11.700000,13.805333,0.000000,1.077438
425,18.233333,11.600000,13.854667,0.000000,1.061423
426,18.233333,11.733333,13.828000,0.000000,1.075241
427,18.233333,11.566667,13.795333,0.000000,1.066249
428,18.233333,11.633333,13.824667,0.000000,1.091384
429,18.233333,11.766667,13.810667,0.000000,1.069080
430,18.233333,11.333333,13.784667,0.000000,1.139032
431,18.233333,11.433333,13.809333,0.000000,1.076284
432,18.233333,11.566667,13.786667,0.000000,1.091548
433,18.233333,11.600000,13.788000,0.000000,1.049439
434,18.233333,11.733333,13.817333,0.000000,1.073756
435,18.233333,11.566667,13.815333,0.000000,1.094238
436,18.233333,11.666667,13.810667,0.000000,1.070293
437,18.233333,11.566667,13.796000,0.000000,1.102229
438,18.233333,11.633333,13.766667,0.000000,1.065624
439,18.233333,11.566667,13.793333,0.000000,1.085638
440,18.266667,11.666667,13.793333,0.000000,1.099440
441,18.266667,11.733333,13.826667,0.000000,1.075727
442,18.266667,11.700000,13.768000,0.000000,1.062717
443,18.266667,11.666667,13.811333,0.000000,1.083622
444,18.266667,11.500000,13.764667,0.000000,1.051731
445,18.300000,11.700000,13.844667,0.000000,1.088117
446,18.300000,11.366667,13.756667,0.000000,1.082956
447,18.300000,11.533333,13.778000,0.000000,1.062011
448,18.300000,11.500000,13.790667,0.000000,1.076260
449,18.300000,11.633333,13.753333,0.000000,1.070585
450,18.300000,11.666667,13.836000,0.000000,1.079129
451,18.300000,11.466667,13.814000,0.000000,1.088967
452,18.300000,11.666667,13.828667,0.000000,1.104655
453,18.300000,11.466667,13.814667,0.000000,1.094336
454,18.300000,11.666667,13.818000,0.000000,1.059058
455,18.300000,11.766667,13.819333,0.000000,1.075267
456,18.300000,11.600000,13.757333,0.000000,1.065811
457,18.300000,11.600000,13.806000,0.000000,1.074800
458,18.300000,11.633333,13.819333,0.000000,1.102256
459,18.300000,11.533333,13.807333,0.000000,1.063646
460,18.300000,11.666667,13.806000,0.000000,1.084311
461,18.300000,11.700000,13.806667,0.000000,1.061929
462,18.300000,11.700000,13.832667,0.000000,1.065186
463,18.300000,11.833333,13.800667,0.000000,1.049789
464,18.300000,11.566667,13.798667,0.000000,1.046560
465,18.300000,11.566667,13.812667,0.000000,1.100554
466,18.300000,11.733333,13.813333,0.000000,1.066290
467,18.300000,11.433333,13.780667,0.000000,1.068256
468,18.300000,11.466667,13.808000,0.000000,1.088159
469,18.300000,11.566667,13.825333,0.000000,1.086121
470,18.300000,11.700000,13.786667,0.000000,1.090206
471,18.300000,11.633333,13.813333,0.000000,1.091931
472,18.300000,11.500000,13.801333,0.000000,1.070833
473,18.300000,11.666667,13.770667,0.000000,1.045070
474,18.300000,11.666667,13.790000,0.000000,1.044735
475,18.333333,11.700000,13.812667,0.000000,1.082603
476,18.333333,11.566667,13.856667,0.000000,1.086105
477,18.333333,11.600000,13.784000,0.000000,1.071758
478,18.333333,11.633333,13.818667,0.000000,1.100212
479,18.333333,11.766667,13.786667,0.000000,1.068158
480,18.333333,11.733333,13.808667,0.000000,1.041981
481,18.366667,11.533333,13.758000,0.000000,1.064212
482,18.366667,11.666667,13.812000,0.000000,1.079528
483,18.366667,11.633333,13.794667,0.000000,1.089143
484,18.366667,11.666667,13.820667,0.000000,1.070729
485,18.366667,11.500000,13.806000,0.000000,1.102000
486,18.366667,11.666667,13.803333,0.000000,1.080083
487,18.366667,11.666667,13.782000,0.000000,1.052664
488,18.366667,11.700000,13.833333,0.000000,1.019179
489,18.366667,11.766667,13.859333,0.000000,1.062526
490,18.366667,11.700000,13.774667,0.000000,1.069814
491,18.366667,11.466667,13.796000,0.000000,1.069284
492,18.366667,11.566667,13.808000,0.000000,1.085426
493,18.366667,11.566667,13.804667,0.000000,1.064241
494,18.366667,11.500000,13.795333,0.000000,1.094874
495,18.366667,11.466667,13.840000,0.000000,1.103148
496,18.366667,11.500000,13.842000,0.000000,1.102751
497,18.366667,11.566667,13.796667,0.000000,1.057731
498,18.366667,11.666667,13.842667,0.000000,1.051369
499,18.366667,11.733333,13.844667,0.000000,1.072700
500,18.366667,11.600000,13.726667,0.000000,1.051272
BestSdev: 0.284810, Time: 23m37.422928675s