gen,best,worst,mean,rep,sdev
1,27.300000,13.866667,20.303333,0.000000,3.477118
2,28.666667,14.200000,20.605000,0.000000,3.586443
3,29.366667,14.900000,20.836667,0.000000,3.532759
4,29.833333,13.733333,20.731667,0.000000,3.531370
5,30.166667,14.366667,20.385000,0.000000,3.478751
6,30.733333,14.766667,20.780000,0.000000,3.426106
7,31.033333,14.133333,20.783333,0.000000,3.541888
8,31.133333,14.333333,20.791667,0.000000,3.442261
9,31.500000,14.766667,20.805000,0.000000,3.610950
10,31.633333,14.333333,20.651667,0.000000,3.576035
11,31.800000,14.500000,20.695000,0.000000,3.328309
12,31.800000,14.233333,20.631667,0.000000,3.421637
13,32.033333,13.966667,20.585000,0.000000,3.471077
14,32.133333,14.466667,20.408333,0.000000,3.231761
15,32.166667,14.200000,20.851667,0.000000,3.459727
16,32.166667,14.333333,20.800000,0.000000,3.457787
17,32.300000,14.633333,20.695000,0.000000,3.461215
18,32.366667,14.800000,20.685000,0.000000,3.350639
19,32.466667,14.600000,20.761667,0.000000,3.539642
20,32.466667,14.333333,20.593333,0.000000,3.464097
21,32.466667,14.200000,20.480000,0.000000,3.373970
22,32.500000,14.366667,20.903333,0.000000,3.531972
23,32.633333,14.533333,20.693333,0.000000,3.465077
24,32.733333,14.466667,20.811667,0.000000,3.729656
25,32.966667,14.400000,20.698333,0.000000,3.400114
26,33.033333,14.466667,20.671667,0.000000,3.507995
27,33.100000,14.100000,20.878333,0.000000,3.614397
28,33.100000,14.633333,20.913333,0.000000,3.541031
29,33.300000,14.500000,20.481667,0.000000,3.394209
30,33.300000,14.500000,20.631667,0.000000,3.293893
31,33.400000,15.100000,21.018333,0.000000,3.586387
32,33.400000,13.733333,20.576667,0.000000,3.496049
33,33.433333,14.200000,20.738333,0.000000,3.537598
34,33.433333,15.066667,20.571667,0.000000,3.402748
35,33.466667,14.666667,20.863333,0.000000,3.508565
36,33.466667,14.400000,20.670000,0.000000,3.358609
37,33.466667,14.200000,20.726667,0.000000,3.500415
38,33.466667,14.633333,20.688333,0.000000,3.479356
39,33.600000,14.233333,20.706667,0.000000,3.522911
40,33.733333,14.300000,20.723333,0.000000,3.482493
41,33.733333,13.900000,20.531667,0.000000,3.613763
42,33.733333,14.066667,20.630000,0.000000,3.529607
43,33.733333,14.166667,20.693333,0.000000,3.640646
44,33.733333,14.533333,20.626667,0.000000,3.434045
45,33.733333,14.200000,20.741667,0.000000,3.420258
46,33.766667,14.033333,20.533333,0.000000,3.523778
47,33.800000,14.300000,20.830000,0.000000,3.593935
48,33.833333,14.066667,20.848333,0.000000,3.474662
49,33.833333,14.500000,20.880000,0.000000,3.539986
50,33.833333,15.300000,20.968333,0.000000,3.295103
51,33.833333,14.600000,20.803333,0.000000,3.656840
52,33.833333,14.000000,20.851667,0.000000,3.636296
53,33.833333,14.366667,20.716667,0.000000,3.505600
54,33.833333,14.566667,20.973333,0.000000,3.548014
55,33.833333,14.400000,20.833333,0.000000,3.551088
56,33.833333,13.900000,20.671667,0.000000,3.749480
57,33.900000,14.100000,20.881667,0.000000,3.671305
58,34.000000,13.966667,20.885000,0.000000,3.839018
59,34.000000,14.366667,20.750000,0.000000,3.452911
60,34.000000,14.366667,20.658333,0.000000,3.431518
61,34.066667,14.433333,20.986667,0.000000,3.591251
62,34.100000,14.533333,20.806667,0.000000,3.512686
63,34.133333,14.366667,20.765000,0.000000,3.554274
64,34.133333,14.833333,20.973333,0.000000,3.488197
65,34.133333,14.700000,20.880000,0.000000,3.366843
66,34.133333,14.266667,20.805000,0.000000,3.672134
67,34.133333,14.133333,20.731667,0.000000,3.522613
68,34.133333,14.633333,20.666667,0.000000,3.365726
69,34.166667,14.666667,20.623333,0.000000,3.338947
70,34.166667,14.533333,20.481667,0.000000,3.612374
71,34.166667,14.333333,20.773333,0.000000,3.427890
72,34.166667,14.400000,20.485000,0.000000,3.450098
73,34.166667,14.900000,20.918333,0.000000,3.418112
74,34.166667,14.366667,20.448333,0.000000,3.477315
75,34.333333,14.233333,20.676667,0.000000,3.653855
76,34.333333,14.066667,20.813333,0.000000,3.605685
77,34.333333,14.433333,20.656667,0.000000,3.420580
78,34.333333,15.000000,20.680000,0.000000,3.385366
79,34.333333,14.433333,20.553333,0.000000,3.468861
80,34.333333,14.366667,20.631667,0.000000,3.652595
81,34.333333,14.466667,20.573333,0.000000,3.521974
82,34.333333,14.966667,21.083333,0.000000,3.489528
83,34.333333,14.366667,20.456667,0.000000,3.270419
84,34.366667,14.466667,20.710000,0.000000,3.502246
85,34.366667,14.500000,20.750000,0.000000,3.390147
86,34.366667,14.366667,20.540000,0.000000,3.443176
87,34.366667,14.100000,20.598333,0.000000,3.475958
88,34.366667,14.000000,20.511667,0.000000,3.478768
89,34.366667,14.200000,20.685000,0.000000,3.639287
90,34.366667,14.133333,20.901667,0.000000,3.631630
91,34.366667,14.033333,20.733333,0.000000,3.435593
92,34.366667,14.366667,20.803333,0.000000,3.451929
93,34.366667,14.566667,20.853333,0.000000,3.257111
94,34.366667,14.600000,20.748333,0.000000,3.352013
95,34.366667,14.200000,20.590000,0.000000,3.514494
96,34.366667,14.566667,20.978333,0.000000,3.488077
97,34.366667,14.700000,20.988333,0.000000,3.494433
98,34.366667,14.600000,20.681667,0.000000,3.509148
99,34.433333,14.666667,20.743333,0.000000,3.384997
100,34.433333,14.333333,20.708333,0.000000,3.582446
101,34.433333,14.366667,20.618333,0.000000,3.441269
102,34.500000,14.400000,20.395000,0.000000,3.340543
103,34.500000,14.766667,20.816667,0.000000,3.400595
104,34.500000,14.800000,20.670000,0.000000,3.524093
105,34.500000,15.000000,20.815000,0.000000,3.384737
106,34.500000,14.666667,20.740000,0.000000,3.355080
107,34.500000,14.500000,20.811667,0.000000,3.565115
108,34.500000,14.300000,20.603333,0.000000,3.442665
109,34.500000,14.400000,20.761667,0.000000,3.496243
110,34.500000,14.200000,20.623333,0.000000,3.577012
111,34.533333,14.266667,20.701667,0.000000,3.414345
112,34.533333,14.800000,20.633333,0.000000,3.219810
113,34.533333,14.600000,20.745000,0.000000,3.507913
114,34.566667,14.833333,20.880000,0.000000,3.468582
115,34.566667,14.400000,20.733333,0.000000,3.571711
116,34.566667,14.366667,20.885000,0.000000,3.522988
117,34.566667,14.233333,20.700000,0.000000,3.511370
118,34.566667,14.100000,20.758333,0.000000,3.535252
119,34.566667,14.666667,20.886667,0.000000,3.528362
120,34.566667,14.766667,20.635000,0.000000,3.464184
121,34.566667,14.600000,20.790000,0.000000,3.373692
122,34.566667,14.466667,20.765000,0.000000,3.582477
123,34.566667,15.100000,20.885000,0.000000,3.302583
124,34.566667,14.333333,20.458333,0.000000,3.419640
125,34.566667,14.700000,20.776667,0.000000,3.501955
126,34.566667,13.900000,20.615000,0.000000,3.586362
127,34.566667,14.200000,20.761667,0.000000,3.435583
128,34.566667,14.366667,20.851667,0.000000,3.480778
129,34.566667,14.533333,20.496667,0.000000,3.417861
130,34.566667,14.233333,20.385000,0.000000,3.502789
131,34.600000,14.166667,20.646667,0.000000,3.720287
132,34.600000,14.366667,20.416667,0.000000,3.416647
133,34.600000,14.500000,20.735000,0.000000,3.376053
134,34.600000,14.700000,20.628333,0.000000,3.282176
135,34.600000,14.533333,20.800000,0.000000,3.437526
136,34.600000,14.466667,20.993333,0.000000,3.473968
137,34.600000,14.500000,20.813333,0.000000,3.600624
138,34.600000,14.333333,20.668333,0.000000,3.396715
139,34.600000,14.400000,20.768333,0.000000,3.433022
140,34.600000,14.466667,20.493333,0.000000,3.464769
141,34.600000,14.533333,20.821667,0.000000,3.525018
142,34.600000,14.633333,20.880000,0.000000,3.364749
143,34.600000,14.633333,20.628333,0.000000,3.441349
144,34.600000,14.566667,20.663333,0.000000,3.471288
145,34.600000,14.233333,20.623333,0.000000,3.514914
146,34.600000,14.100000,20.515000,0.000000,3.355043
147,34.600000,14.533333,20.630000,0.000000,3.569680
148,34.600000,14.566667,20.900000,0.000000,3.393810
149,34.600000,14.466667,20.803333,0.000000,3.501919
150,34.633333,14.500000,20.660000,0.000000,3.532883
151,34.633333,15.000000,20.728333,0.000000,3.474586
152,34.633333,14.300000,20.565000,0.000000,3.438429
153,34.633333,14.133333,20.693333,0.000000,3.622240
154,34.633333,14.666667,20.740000,0.000000,3.453860
155,34.633333,14.666667,20.940000,0.000000,3.489621
156,34.633333,14.433333,20.710000,0.000000,3.574864
157,34.633333,14.400000,20.708333,0.000000,3.519845
158,34.633333,14.533333,20.533333,0.000000,3.480346
159,34.633333,14.366667,20.735000,0.000000,3.374265
160,34.633333,14.333333,20.761667,0.000000,3.593764
161,34.633333,14.466667,20.995000,0.000000,3.565015
162,34.633333,14.233333,20.830000,0.000000,3.531476
163,34.633333,14.133333,20.443333,0.000000,3.531511
164,34.633333,14.800000,20.778333,0.000000,3.311264
165,34.633333,14.700000,20.785000,0.000000,3.284606
166,34.633333,14.133333,20.726667,0.000000,3.586393
167,34.633333,14.466667,20.776667,0.000000,3.469794
168,34.633333,14.400000,20.825000,0.000000,3.606938
169,34.633333,14.466667,20.923333,0.000000,3.613195
170,34.633333,14.500000,20.730000,0.000000,3.501302
171,34.633333,14.666667,20.816667,0.000000,3.399680
172,34.633333,14.466667,20.883333,0.000000,3.447452
173,34.633333,14.366667,20.658333,0.000000,3.525178
174,34.633333,14.933333,20.738333,0.000000,3.407596
175,34.633333,14.600000,20.683333,0.000000,3.328569
176,34.633333,14.533333,20.926667,0.000000,3.377862
177,34.666667,14.333333,20.741667,0.000000,3.465580
178,34.666667,14.166667,20.685000,0.000000,3.567577
179,34.666667,14.233333,20.676667,0.000000,3.494328
180,34.666667,14.766667,20.763333,0.000000,3.295265
181,34.700000,14.633333,20.898333,0.000000,3.486696
182,34.700000,14.466667,20.625000,0.000000,3.320689
183,34.700000,14.533333,20.893333,0.000000,3.586637
184,34.700000,14.600000,20.653333,0.000000,3.344091
185,34.700000,14.666667,20.575000,0.000000,3.349531
186,34.700000,14.333333,21.030000,0.000000,3.459038
187,34.700000,13.866667,20.816667,0.000000,3.583695
188,34.700000,14.633333,20.721667,0.000000,3.623581
189,34.700000,14.666667,20.856667,0.000000,3.523732
190,34.700000,14.666667,20.728333,0.000000,3.422325
191,34.700000,14.200000,20.748333,0.000000,3.515564
192,34.700000,14.866667,20.616667,0.000000,3.309228
193,34.700000,13.966667,20.471667,0.000000,3.418756
194,34.700000,14.300000,20.611667,0.000000,3.478778
195,34.700000,14.333333,20.810000,0.000000,3.545771
196,34.700000,14.433333,20.475000,0.000000,3.544618
197,34.700000,14.433333,20.705000,0.000000,3.518990
198,34.700000,14.633333,20.785000,0.000000,3.539971
199,34.700000,14.200000,20.681667,0.000000,3.492541
200,34.700000,14.200000,20.553333,0.000000,3.417099
201,34.700000,14.066667,20.623333,0.000000,3.515183
202,34.700000,14.966667,20.755000,0.000000,3.440788
203,34.700000,14.800000,21.125000,0.000000,3.613413
204,34.733333,14.333333,20.695000,0.000000,3.506812
205,34.733333,14.733333,20.886667,0.000000,3.509662
206,34.833333,14.533333,20.800000,0.000000,3.604347
207,34.833333,14.566667,20.830000,0.000000,3.678347
208,34.833333,14.100000,20.635000,0.000000,3.488350
209,34.833333,14.466667,20.648333,0.000000,3.450511
210,34.833333,14.100000,20.801667,0.000000,3.549765
211,34.833333,14.633333,20.801667,0.000000,3.322177
212,34.833333,14.500000,20.448333,0.000000,3.416740
213,34.833333,14.066667,20.688333,0.000000,3.697315
214,34.833333,14.266667,20.633333,0.000000,3.506560
215,34.833333,14.800000,20.540000,0.000000,3.411982
216,34.833333,14.433333,20.785000,0.000000,3.529779
217,34.833333,14.933333,20.933333,0.000000,3.322189
218,34.833333,14.366667,20.946667,0.000000,3.632844
219,34.833333,14.733333,20.888333,0.000000,3.405491
220,34.833333,14.566667,20.743333,0.000000,3.569689
221,34.833333,13.900000,20.525000,0.000000,3.566855
222,34.833333,14.933333,20.785000,0.000000,3.413342
223,34.833333,14.833333,20.888333,0.000000,3.509278
224,34.833333,14.866667,20.701667,0.000000,3.448827
225,34.833333,14.700000,20.491667,0.000000,3.277970
226,34.833333,14.533333,20.486667,0.000000,3.404401
227,34.866667,14.366667,20.920000,0.000000,3.642970
228,34.866667,14.433333,20.938333,0.000000,3.656215
229,34.866667,14.666667,20.731667,0.000000,3.321469
230,34.866667,13.900000,20.473333,0.000000,3.620606
231,34.900000,14.933333,20.663333,0.000000,3.448609
232,34.900000,14.833333,20.796667,0.000000,3.402627
233,34.900000,14.233333,20.741667,0.000000,3.483459
234,34.900000,14.333333,20.513333,0.000000,3.490388
235,34.900000,14.333333,20.776667,0.000000,3.522356
236,34.900000,15.100000,20.868333,0.000000,3.280959
237,34.900000,14.166667,20.478333,0.000000,3.386362
238,34.900000,13.800000,20.601667,0.000000,3.731414
239,34.900000,14.000000,20.476667,0.000000,3.442105
240,34.900000,14.666667,20.828333,0.000000,3.585501
241,34.900000,14.866667,20.660000,0.000000,3.488923
242,34.900000,14.733333,20.946667,0.000000,3.420568
243,35.000000,14.466667,20.721667,0.000000,3.585063
244,35.000000,14.366667,20.565000,0.000000,3.360026
245,35.033333,14.666667,20.755000,0.000000,3.493931
246,35.033333,14.600000,21.000000,0.000000,3.725820
247,35.033333,13.633333,20.628333,0.000000,3.489917
248,35.033333,14.166667,20.653333,0.000000,3.519391
249,35.033333,14.466667,20.660000,0.000000,3.429149
250,35.033333,14.300000,20.743333,0.000000,3.426035
251,35.033333,14.700000,20.768333,0.000000,3.567069
252,35.033333,15.033333,21.001667,0.000000,3.420877
253,35.033333,14.500000,20.470000,0.000000,3.535234
254,35.033333,14.466667,20.653333,0.000000,3.425572
255,35.033333,14.366667,20.778333,0.000000,3.452091
256,35.033333,14.533333,20.765000,0.000000,3.415053
257,35.033333,14.533333,20.710000,0.000000,3.623095
258,35.033333,14.433333,20.876667,0.000000,3.546332
259,35.033333,14.366667,20.930000,0.000000,3.522025
260,35.033333,14.266667,20.846667,0.000000,3.719222
261,35.033333,14.066667,20.525000,0.000000,3.502368
262,35.033333,14.833333,20.456667,0.000000,3.293384
263,35.033333,14.733333,20.670000,0.000000,3.382877
264,35.033333,13.666667,20.673333,0.000000,3.485928
265,35.033333,14.333333,20.601667,0.000000,3.543202
266,35.033333,14.733333,20.716667,0.000000,3.346410
267,35.033333,14.733333,20.745000,0.000000,3.421584
268,35.033333,14.400000,20.853333,0.000000,3.547564
269,35.033333,14.333333,20.908333,0.000000,3.515396
270,35.033333,14.500000,20.838333,0.000000,3.572025
271,35.033333,14.733333,20.790000,0.000000,3.418782
272,35.033333,14.600000,20.738333,0.000000,3.447616
273,35.033333,14.700000,20.655000,0.000000,3.243584
274,35.033333,14.533333,20.733333,0.000000,3.470630
275,35.033333,14.200000,20.720000,0.000000,3.733793
276,35.033333,14.600000,20.690000,0.000000,3.514786
277,35.033333,13.933333,20.505000,0.000000,3.455325
278,35.033333,14.066667,20.470000,0.000000,3.617560
279,35.033333,14.233333,20.660000,0.000000,3.629482
280,35.033333,14.933333,20.895000,0.000000,3.347382
281,35.033333,14.700000,20.685000,0.000000,3.511054
282,35.033333,14.766667,20.731667,0.000000,3.426412
283,35.033333,14.033333,20.648333,0.000000,3.656675
284,35.033333,14.700000,20.638333,0.000000,3.253558
285,35.066667,14.300000,20.896667,0.000000,3.633818
286,35.066667,14.400000,20.800000,0.000000,3.537445
287,35.066667,14.100000,20.780000,0.000000,3.570396
288,35.066667,14.666667,20.996667,0.000000,3.528541
289,35.066667,14.733333,20.825000,0.000000,3.661027
290,35.066667,14.233333,20.646667,0.000000,3.473297
291,35.066667,14.200000,20.865000,0.000000,3.569754
292,35.066667,14.666667,20.688333,0.000000,3.372673
293,35.066667,14.533333,20.688333,0.000000,3.345095
294,35.066667,14.200000,20.751667,0.000000,3.549659
295,35.066667,14.566667,20.503333,0.000000,3.370229
296,35.066667,13.933333,20.566667,0.000000,3.595458
297,35.066667,14.233333,20.676667,0.000000,3.591037
298,35.066667,14.666667,20.831667,0.000000,3.344597
299,35.066667,14.466667,20.983333,0.000000,3.691523
300,35.066667,14.266667,20.670000,0.000000,3.411600
301,35.066667,14.600000,20.485000,0.000000,3.491106
302,35.066667,14.166667,20.523333,0.000000,3.526968
303,35.066667,14.366667,20.743333,0.000000,3.395192
304,35.066667,14.533333,20.696667,0.000000,3.481974
305,35.066667,14.566667,20.855000,0.000000,3.561125
306,35.066667,14.466667,20.460000,0.000000,3.378502
307,35.066667,14.433333,20.371667,0.000000,3.465705
308,35.066667,14.433333,20.788333,0.000000,3.589197
309,35.133333,14.933333,20.638333,0.000000,3.197027
310,35.133333,15.000000,20.940000,0.000000,3.418148
311,35.133333,14.333333,20.446667,0.000000,3.260754
312,35.133333,14.866667,20.686667,0.000000,3.304087
313,35.133333,14.833333,20.890000,0.000000,3.273064
314,35.133333,14.733333,20.850000,0.000000,3.481712
315,35.200000,14.300000,20.808333,0.000000,3.589675
316,35.200000,14.400000,20.901667,0.000000,3.546021
317,35.200000,14.166667,20.408333,0.000000,3.266457
318,35.200000,14.700000,20.710000,0.000000,3.502333
319,35.200000,14.666667,20.933333,0.000000,3.448137
320,35.200000,14.666667,20.940000,0.000000,3.483375
321,35.200000,14.200000,20.633333,0.000000,3.665897
322,35.200000,14.700000,20.715000,0.000000,3.233948
323,35.200000,14.800000,20.881667,0.000000,3.360137
324,35.200000,14.533333,20.558333,0.000000,3.295469
325,35.200000,14.400000,20.800000,0.000000,3.325869
326,35.266667,14.600000,20.858333,0.000000,3.516084
327,35.266667,14.733333,20.931667,0.000000,3.482729
328,35.266667,15.033333,20.973333,0.000000,3.438612
329,35.266667,14.433333,20.620000,0.000000,3.437621
330,35.266667,14.700000,20.868333,0.000000,3.401129
331,35.300000,14.700000,21.121667,0.000000,3.423888
332,35.300000,14.500000,20.948333,0.000000,3.426736
333,35.300000,14.500000,20.830000,0.000000,3.313274
334,35.300000,14.300000,20.673333,0.000000,3.579746
335,35.300000,14.633333,20.790000,0.000000,3.594169
336,35.300000,14.500000,20.726667,0.000000,3.515101
337,35.300000,14.533333,20.571667,0.000000,3.474867
338,35.300000,14.400000,20.700000,0.000000,3.580967
339,35.300000,15.100000,21.053333,0.000000,3.376349
340,35.300000,14.833333,20.928333,0.000000,3.504048
341,35.300000,14.266667,20.825000,0.000000,3.729776
342,35.300000,14.566667,20.988333,0.000000,3.498020
343,35.300000,14.533333,20.783333,0.000000,3.348463
344,35.300000,14.866667,20.900000,0.000000,3.317364
345,35.300000,14.633333,20.853333,0.000000,3.425323
346,35.300000,14.233333,20.833333,0.000000,3.592622
347,35.300000,14.733333,20.761667,0.000000,3.311131
348,35.300000,14.300000,20.881667,0.000000,3.680805
349,35.300000,14.566667,20.668333,0.000000,3.513687
350,35.300000,14.500000,20.685000,0.000000,3.486976
351,35.300000,14.600000,20.870000,0.000000,3.532361
352,35.300000,14.466667,20.463333,0.000000,3.466078
353,35.300000,14.700000,20.753333,0.000000,3.488059
354,35.300000,14.433333,20.666667,0.000000,3.216004
355,35.300000,14.700000,20.916667,0.000000,3.450741
356,35.300000,14.433333,20.756667,0.000000,3.526801
357,35.300000,14.966667,20.748333,0.000000,3.276987
358,35.300000,14.166667,20.761667,0.000000,3.526006
359,35.300000,14.533333,20.626667,0.000000,3.451936
360,35.366667,14.433333,20.756667,0.000000,3.626707
361,35.366667,14.700000,20.863333,0.000000,3.510368
362,35.366667,14.300000,20.686667,0.000000,3.455805
363,35.366667,14.700000,20.796667,0.000000,3.496534
364,35.400000,14.800000,20.933333,0.000000,3.492585
365,35.433333,14.733333,20.878333,0.000000,3.459625
366,35.433333,14.100000,20.371667,0.000000,3.538689
367,35.433333,14.366667,20.638333,0.000000,3.560878
368,35.433333,14.466667,20.795000,0.000000,3.403136
369,35.433333,14.400000,20.500000,0.000000,3.343922
370,35.433333,14.966667,20.941667,0.000000,3.308394
371,35.433333,14.700000,20.783333,0.000000,3.434304
372,35.433333,14.533333,20.590000,0.000000,3.387429
373,35.433333,15.066667,20.798333,0.000000,3.465291
374,35.433333,14.400000,20.535000,0.000000,3.532824
375,35.433333,14.866667,20.956667,0.000000,3.384867
376,35.433333,14.166667,20.751667,0.000000,3.563180
377,35.433333,14.433333,20.778333,0.000000,3.437586
378,35.433333,14.800000,20.856667,0.000000,3.465923
379,35.433333,14.466667,20.680000,0.000000,3.283623
380,35.433333,13.500000,20.618333,0.000000,3.632040
381,35.433333,14.433333,20.585000,0.000000,3.401415
382,35.433333,14.600000,20.851667,0.000000,3.617374
383,35.433333,14.233333,20.995000,0.000000,3.467926
384,35.433333,14.433333,20.653333,0.000000,3.526973
385,35.433333,14.433333,20.748333,0.000000,3.580503
386,35.433333,14.600000,20.698333,0.000000,3.418767
387,35.433333,14.366667,20.670000,0.000000,3.339701
388,35.433333,14.700000,20.716667,0.000000,3.463745
389,35.433333,14.400000,20.645000,0.000000,3.569722
390,35.433333,14.266667,20.558333,0.000000,3.443877
391,35.433333,14.666667,20.635000,0.000000,3.369735
392,35.433333,14.166667,20.623333,0.000000,3.441198
393,35.433333,14.633333,20.953333,0.000000,3.432190
394,35.433333,14.600000,20.676667,0.000000,3.588861
395,35.433333,14.700000,20.551667,0.000000,3.276432
396,35.433333,14.500000,20.820000,0.000000,3.442413
397,35.433333,14.300000,20.586667,0.000000,3.296841
398,35.433333,14.400000,20.655000,0.000000,3.364752
399,35.433333,14.166667,20.796667,0.000000,3.740032
400,35.433333,14.633333,20.470000,0.000000,3.380301
401,35.433333,14.433333,20.595000,0.000000,3.515708
402,35.433333,14.433333,20.836667,0.000000,3.539449
403,35.433333,14.233333,20.610000,0.000000,3.612499
404,35.433333,14.733333,20.993333,0.000000,3.382444
405,35.433333,14.333333,20.836667,0.000000,3.688715
406,35.433333,14.433333,20.905000,0.000000,3.665221
407,35.433333,14.333333,20.701667,0.000000,3.477495
408,35.433333,14.600000,20.770000,0.000000,3.421601
409,35.433333,14.400000,20.728333,0.000000,3.539318
410,35.433333,14.133333,20.766667,0.000000,3.477129
411,35.433333,14.233333,20.678333,0.000000,3.375672
412,35.433333,14.266667,20.643333,0.000000,3.449481
413,35.433333,14.200000,20.615000,0.000000,3.596492
414,35.433333,14.833333,20.675000,0.000000,3.181636
415,35.433333,14.433333,20.688333,0.000000,3.499713
416,35.433333,14.566667,20.485000,0.000000,3.474957
417,35.433333,14.500000,20.910000,0.000000,3.469420
418,35.433333,14.533333,20.471667,0.000000,3.465658
419,35.433333,14.833333,20.781667,0.000000,3.456007
420,35.433333,14.666667,20.663333,0.000000,3.331335
421,35.433333,14.566667,20.695000,0.000000,3.508076
422,35.433333,13.933333,20.330000,0.000000,3.436067
423,35.433333,14.933333,20.831667,0.000000,3.318618
424,35.466667,14.966667,20.881667,0.000000,3.331717
425,35.466667,13.733333,20.593333,0.000000,3.547378
426,35.466667,14.233333,20.656667,0.000000,3.630481
427,35.466667,14.733333,20.796667,0.000000,3.559292
428,35.466667,14.500000,20.823333,0.000000,3.467215
429,35.466667,14.400000,20.648333,0.000000,3.438801
430,35.466667,14.233333,20.928333,0.000000,3.508326
431,35.500000,14.333333,20.678333,0.000000,3.386863
432,35.500000,14.866667,20.776667,0.000000,3.376184
433,35.500000,14.400000,20.560000,0.000000,3.565402
434,35.500000,14.666667,20.788333,0.000000,3.493899
435,35.500000,14.166667,20.556667,0.000000,3.533086
436,35.500000,15.033333,20.800000,0.000000,3.432854
437,35.500000,14.700000,20.555000,0.000000,3.357745
438,35.500000,14.566667,20.793333,0.000000,3.531942
439,35.500000,14.800000,20.856667,0.000000,3.404585
440,35.500000,14.433333,20.763333,0.000000,3.377851
441,35.500000,14.533333,20.820000,0.000000,3.307128
442,35.500000,14.733333,20.746667,0.000000,3.331776
443,35.500000,14.800000,20.933333,0.000000,3.573177
444,35.500000,14.700000,20.868333,0.000000,3.526500
445,35.500000,14.400000,20.630000,0.000000,3.422442
446,35.500000,14.400000,20.821667,0.000000,3.552664
447,35.500000,14.866667,20.920000,0.000000,3.428940
448,35.500000,14.500000,20.785000,0.000000,3.447910
449,35.500000,14.333333,20.755000,0.000000,3.534293
450,35.500000,14.633333,20.436667,0.000000,3.376519
451,35.500000,14.633333,20.658333,0.000000,3.503569
452,35.500000,14.533333,20.606667,0.000000,3.456816
453,35.500000,13.833333,20.430000,0.000000,3.534973
454,35.500000,14.433333,20.526667,0.000000,3.420462
455,35.500000,14.400000,20.656667,0.000000,3.599569
456,35.500000,14.733333,20.700000,0.000000,3.437473
457,35.500000,14.466667,20.881667,0.000000,3.432483
458,35.500000,14.166667,20.718333,0.000000,3.572914
459,35.500000,15.266667,21.043333,0.000000,3.470525
460,35.500000,14.766667,20.863333,0.000000,3.619512
461,35.500000,14.900000,20.816667,0.000000,3.402551
462,35.500000,14.433333,20.768333,0.000000,3.513577
463,35.500000,14.033333,20.736667,0.000000,3.490106
464,35.500000,14.100000,20.655000,0.000000,3.599593
465,35.500000,14.633333,20.775000,0.000000,3.384039
466,35.500000,14.066667,20.598333,0.000000,3.572514
467,35.500000,14.500000,20.853333,0.000000,3.544988
468,35.500000,14.166667,20.665000,0.000000,3.471414
469,35.500000,14.800000,21.148333,0.000000,3.526328
470,35.500000,14.566667,21.045000,0.000000,3.476175
471,35.500000,14.900000,21.026667,0.000000,3.558889
472,35.500000,14.700000,20.658333,0.000000,3.489523
473,35.500000,14.166667,20.695000,0.000000,3.497819
474,35.500000,14.700000,20.658333,0.000000,3.383633
475,35.500000,14.866667,20.816667,0.000000,3.404814
476,35.500000,14.500000,20.751667,0.000000,3.493618
477,35.500000,14.833333,21.063333,0.000000,3.416579
478,35.500000,14.466667,20.775000,0.000000,3.551176
479,35.500000,14.833333,20.736667,0.000000,3.410132
480,35.500000,14.633333,20.541667,0.000000,3.441491
481,35.500000,14.133333,20.636667,0.000000,3.527809
482,35.500000,14.400000,20.670000,0.000000,3.574153
483,35.500000,14.600000,20.870000,0.000000,3.600086
484,35.500000,14.333333,20.773333,0.000000,3.473651
485,35.500000,13.966667,20.923333,0.000000,3.764859
486,35.500000,14.766667,20.678333,0.000000,3.368767
487,35.500000,14.533333,20.773333,0.000000,3.451243
488,35.500000,14.666667,20.578333,0.000000,3.269717
489,35.500000,14.533333,20.761667,0.000000,3.717439
490,35.500000,14.333333,20.691667,0.000000,3.551711
491,35.500000,14.933333,20.786667,0.000000,3.469214
492,35.500000,14.700000,20.876667,0.000000,3.524330
493,35.500000,14.333333,20.590000,0.000000,3.451596
494,35.500000,14.066667,20.526667,0.000000,3.539999
495,35.500000,14.866667,20.605000,0.000000,3.278118
496,35.500000,14.166667,20.506667,0.000000,3.619996
497,35.500000,14.166667,20.880000,0.000000,3.625766
498,35.500000,14.900000,20.875000,0.000000,3.429507
499,35.500000,14.200000,20.898333,0.000000,3.638669
500,35.500000,14.233333,20.713333,0.000000,3.576220
BestSdev: 0.967505, Time: 15m20.108990818s