gen,best,worst,mean,rep,sdev
1,32.533333,11.433333,20.769533,0.000000,3.630580
2,33.333333,11.400000,20.713400,0.000000,3.644146
3,33.866667,11.000000,20.718933,0.000000,3.622079
4,34.166667,10.933333,20.717400,0.000000,3.626002
5,34.233333,11.166667,20.687533,0.000000,3.595358
6,34.633333,11.266667,20.739133,0.000000,3.629799
7,34.833333,11.300000,20.741467,0.000000,3.644423
8,35.000000,11.500000,20.704333,0.000000,3.590534
9,35.133333,11.266667,20.741000,0.000000,3.606282
10,35.166667,11.100000,20.715333,0.000000,3.646007
11,35.333333,11.133333,20.726933,0.000000,3.630071
12,35.333333,11.166667,20.759667,0.000000,3.625969
13,35.533333,11.066667,20.694867,0.000000,3.606393
14,35.566667,11.366667,20.738933,0.000000,3.635970
15,35.766667,11.166667,20.673200,0.000000,3.648438
16,35.866667,11.166667,20.751533,0.000000,3.627637
17,35.866667,11.000000,20.698667,0.000000,3.626165
18,36.033333,11.333333,20.683600,0.000000,3.611374
19,36.066667,11.366667,20.756000,0.000000,3.572620
20,36.066667,11.033333,20.692800,0.000000,3.603788
21,36.100000,11.400000,20.728733,0.000000,3.608630
22,36.133333,11.366667,20.739667,0.000000,3.632897
23,36.166667,11.200000,20.754400,0.000000,3.603973
24,36.300000,11.400000,20.724800,0.000000,3.589335
25,36.300000,11.333333,20.720867,0.000000,3.596102
26,36.300000,11.333333,20.772933,0.000000,3.606438
27,36.333333,11.066667,20.748667,0.000000,3.627610
28,36.333333,11.200000,20.703733,0.000000,3.607342
29,36.333333,11.133333,20.729867,0.000000,3.627438
30,36.333333,11.033333,20.714067,0.000000,3.622335
31,36.400000,11.200000,20.737333,0.000000,3.629262
32,36.400000,11.433333,20.741933,0.000000,3.597997
33,36.400000,11.133333,20.730733,0.000000,3.600649
34,36.400000,11.600000,20.748800,0.000000,3.624927
35,36.400000,11.366667,20.700733,0.000000,3.617226
36,36.433333,11.133333,20.724067,0.000000,3.667260
37,36.433333,11.233333,20.720667,0.000000,3.605829
38,36.433333,11.133333,20.714467,0.000000,3.615652
39,36.433333,11.500000,20.714467,0.000000,3.625044
40,36.466667,11.366667,20.759933,0.000000,3.652061
41,36.466667,11.500000,20.749733,0.000000,3.600469
42,36.466667,11.100000,20.769867,0.000000,3.642147
43,36.500000,11.200000,20.769733,0.000000,3.638986
44,36.500000,11.033333,20.711600,0.000000,3.609682
45,36.566667,11.033333,20.775733,0.000000,3.596738
46,36.566667,11.000000,20.756733,0.000000,3.645737
47,36.566667,11.100000,20.734267,0.000000,3.610556
48,36.566667,11.333333,20.798400,0.000000,3.628951
49,36.600000,11.500000,20.756000,0.000000,3.605683
50,36.666667,11.266667,20.712667,0.000000,3.629758
51,36.666667,10.933333,20.744467,0.000000,3.649080
52,36.700000,11.233333,20.766667,0.000000,3.594136
53,36.733333,11.800000,20.688867,0.000000,3.595117
54,36.733333,11.300000,20.747267,0.000000,3.604934
55,36.733333,11.166667,20.721733,0.000000,3.616409
56,36.733333,11.233333,20.709933,0.000000,3.618618
57,36.733333,11.633333,20.736800,0.000000,3.612490
58,36.733333,11.466667,20.761333,0.000000,3.623533
59,36.733333,11.433333,20.720267,0.000000,3.608713
60,36.733333,11.400000,20.738467,0.000000,3.621494
61,36.800000,11.400000,20.772067,0.000000,3.649109
62,36.800000,11.100000,20.676800,0.000000,3.596491
63,36.800000,11.433333,20.704667,0.000000,3.612419
64,36.800000,11.466667,20.712000,0.000000,3.631453
65,36.800000,11.000000,20.726267,0.000000,3.612170
66,36.800000,11.500000,20.777600,0.000000,3.606026
67,36.800000,11.366667,20.698600,0.000000,3.624744
68,36.800000,11.300000,20.735067,0.000000,3.627389
69,36.800000,11.433333,20.722333,0.000000,3.628327
70,36.833333,11.233333,20.789267,0.000000,3.620929
71,36.833333,11.400000,20.703133,0.000000,3.606381
72,36.833333,11.433333,20.755733,0.000000,3.590723
73,36.900000,11.400000,20.758400,0.000000,3.639901
74,36.900000,11.200000,20.725000,0.000000,3.634208
75,36.966667,11.233333,20.694200,0.000000,3.599778
76,36.966667,11.000000,20.707000,0.000000,3.613720
77,37.033333,11.233333,20.717800,0.000000,3.629728
78,37.033333,11.600000,20.730800,0.000000,3.584640
79,37.033333,11.266667,20.728333,0.000000,3.570780
80,37.033333,11.466667,20.682733,0.000000,3.586005
81,37.033333,11.100000,20.671467,0.000000,3.598304
82,37.033333,11.466667,20.700733,0.000000,3.628824
83,37.133333,11.466667,20.773933,0.000000,3.630919
84,37.133333,11.566667,20.758333,0.000000,3.635621
85,37.133333,11.266667,20.712867,0.000000,3.627157
86,37.133333,11.233333,20.745733,0.000000,3.611394
87,37.133333,11.066667,20.721400,0.000000,3.586011
88,37.133333,11.300000,20.739933,0.000000,3.605038
89,37.133333,11.466667,20.714000,0.000000,3.619514
90,37.133333,11.366667,20.712733,0.000000,3.635805
91,37.133333,11.466667,20.784933,0.000000,3.630147
92,37.133333,11.366667,20.672600,0.000000,3.632713
93,37.166667,11.166667,20.705267,0.000000,3.594717
94,37.166667,11.333333,20.763267,0.000000,3.576878
95,37.166667,11.066667,20.682867,0.000000,3.598951
96,37.166667,11.600000,20.730400,0.000000,3.633386
97,37.166667,11.200000,20.704333,0.000000,3.631425
98,37.200000,11.133333,20.753933,0.000000,3.649754
99,37.200000,11.333333,20.683133,0.000000,3.587707
100,37.200000,11.100000,20.723333,0.000000,3.620578
101,37.200000,11.200000,20.659333,0.000000,3.580233
102,37.266667,11.166667,20.694933,0.000000,3.639965
103,37.266667,11.266667,20.726933,0.000000,3.629908
104,37.266667,11.466667,20.744400,0.000000,3.598673
105,37.266667,11.066667,20.705000,0.000000,3.581524
106,37.266667,10.766667,20.743867,0.000000,3.656847
107,37.266667,11.466667,20.747533,0.000000,3.625066
108,37.266667,11.100000,20.718600,0.000000,3.638885
109,37.266667,11.333333,20.758267,0.000000,3.615655
110,37.266667,11.366667,20.712600,0.000000,3.596142
111,37.266667,11.266667,20.723533,0.000000,3.622149
112,37.266667,11.466667,20.768800,0.000000,3.628959
113,37.266667,11.566667,20.725000,0.000000,3.604501
114,37.266667,11.233333,20.707800,0.000000,3.589387
115,37.266667,11.100000,20.720200,0.000000,3.588292
116,37.266667,11.266667,20.732333,0.000000,3.595839
117,37.266667,11.600000,20.724067,0.000000,3.610659
118,37.266667,11.000000,20.645800,0.000000,3.594235
119,37.266667,11.266667,20.713867,0.000000,3.618375
120,37.266667,11.166667,20.696933,0.000000,3.633187
121,37.266667,11.333333,20.733667,0.000000,3.589304
122,37.266667,11.200000,20.764733,0.000000,3.639088
123,37.266667,11.533333,20.748000,0.000000,3.609613
124,37.266667,10.900000,20.706333,0.000000,3.630507
125,37.266667,11.466667,20.682667,0.000000,3.560000
126,37.266667,11.200000,20.698600,0.000000,3.623245
127,37.266667,11.100000,20.734133,0.000000,3.608321
128,37.266667,11.366667,20.752933,0.000000,3.621423
129,37.266667,11.233333,20.749867,0.000000,3.625672
130,37.300000,11.400000,20.683333,0.000000,3.645616
131,37.300000,11.400000,20.710800,0.000000,3.633354
132,37.300000,11.300000,20.750400,0.000000,3.590484
133,37.366667,10.866667,20.715667,0.000000,3.623163
134,37.366667,11.200000,20.765333,0.000000,3.620087
135,37.366667,11.400000,20.744533,0.000000,3.612308
136,37.366667,11.100000,20.727067,0.000000,3.622295
137,37.366667,11.200000,20.737200,0.000000,3.628819
138,37.366667,11.433333,20.712000,0.000000,3.623092
139,37.366667,11.300000,20.784267,0.000000,3.629663
140,37.400000,11.300000,20.740800,0.000000,3.605310
141,37.400000,11.433333,20.753467,0.000000,3.613172
142,37.400000,11.300000,20.749533,0.000000,3.595613
143,37.400000,10.966667,20.701800,0.000000,3.620083
144,37.400000,10.966667,20.748933,0.000000,3.617348
145,37.400000,11.200000,20.732733,0.000000,3.608558
146,37.400000,11.166667,20.727400,0.000000,3.596732
147,37.400000,11.000000,20.739733,0.000000,3.631257
148,37.400000,11.500000,20.748400,0.000000,3.589414
149,37.400000,11.333333,20.723600,0.000000,3.592316
150,37.433333,11.233333,20.782733,0.000000,3.623215
151,37.466667,11.500000,20.702267,0.000000,3.576555
152,37.466667,11.400000,20.716067,0.000000,3.600650
153,37.466667,11.166667,20.717200,0.000000,3.621653
154,37.466667,11.233333,20.786800,0.000000,3.628257
155,37.466667,11.333333,20.702933,0.000000,3.604608
156,37.466667,11.266667,20.717200,0.000000,3.585833
157,37.466667,11.033333,20.751400,0.000000,3.625305
158,37.466667,11.233333,20.726867,0.000000,3.612814
159,37.466667,11.400000,20.743200,0.000000,3.580115
160,37.466667,11.366667,20.718933,0.000000,3.621642
161,37.466667,11.066667,20.751200,0.000000,3.615935
162,37.466667,11.133333,20.766200,0.000000,3.624865
163,37.500000,11.300000,20.727800,0.000000,3.594012
164,37.500000,11.333333,20.705133,0.000000,3.650111
165,37.500000,11.333333,20.730200,0.000000,3.611620
166,37.500000,11.400000,20.681800,0.000000,3.589627
167,37.500000,11.166667,20.680200,0.000000,3.641721
168,37.566667,11.566667,20.749867,0.000000,3.565543
169,37.566667,11.000000,20.773533,0.000000,3.657984
170,37.566667,11.466667,20.700333,0.000000,3.612674
171,37.566667,11.466667,20.764667,0.000000,3.589448
172,37.566667,11.466667,20.771267,0.000000,3.619289
173,37.566667,11.266667,20.776667,0.000000,3.618234
174,37.566667,11.066667,20.765667,0.000000,3.596358
175,37.566667,11.233333,20.709600,0.000000,3.632714
176,37.566667,11.366667,20.730800,0.000000,3.603072
177,37.566667,11.233333,20.730800,0.000000,3.630112
178,37.566667,10.800000,20.714267,0.000000,3.641292
179,37.566667,11.066667,20.740800,0.000000,3.608856
180,37.566667,11.633333,20.719933,0.000000,3.585930
181,37.566667,11.300000,20.728933,0.000000,3.633425
182,37.733333,11.200000,20.771333,0.000000,3.631067
183,37.733333,11.266667,20.748867,0.000000,3.621059
184,37.733333,11.633333,20.746800,0.000000,3.609989
185,37.733333,11.100000,20.684200,0.000000,3.600872
186,37.733333,11.100000,20.704133,0.000000,3.639822
187,37.733333,11.266667,20.701533,0.000000,3.596271
188,37.733333,11.200000,20.802733,0.000000,3.624804
189,37.733333,11.366667,20.775867,0.000000,3.630672
190,37.733333,11.300000,20.715000,0.000000,3.579803
191,37.766667,11.333333,20.737467,0.000000,3.592086
192,37.766667,11.133333,20.719733,0.000000,3.610910
193,37.766667,11.266667,20.702200,0.000000,3.579270
194,37.766667,11.166667,20.758200,0.000000,3.606352
195,37.766667,11.233333,20.702533,0.000000,3.609784
196,37.766667,11.366667,20.727800,0.000000,3.637434
197,37.766667,10.933333,20.662067,0.000000,3.615584
198,37.766667,11.333333,20.717400,0.000000,3.604933
199,37.766667,11.200000,20.687333,0.000000,3.593861
200,37.766667,11.266667,20.730733,0.000000,3.627601
BestSdev: 0.813486, Time: 1h37m29.844072929s