gen,best,worst,mean,rep,sdev
1,15.766667,11.900000,13.768333,0.000000,1.054983
2,15.933333,12.066667,13.868333,0.000000,0.966962
3,16.100000,11.866667,13.791667,0.000000,1.041707
4,16.300000,12.066667,13.915000,0.000000,1.037879
5,16.466667,11.933333,13.828333,0.000000,1.090496
6,16.466667,11.833333,13.788333,0.000000,1.073888
7,16.600000,11.900000,13.795000,0.000000,1.060419
8,16.766667,11.900000,13.831667,0.000000,1.030615
9,16.833333,12.066667,13.833333,0.000000,0.987175
10,16.933333,11.900000,13.813333,0.000000,1.067963
11,16.933333,11.766667,13.806667,0.000000,1.086062
12,16.966667,12.133333,13.841667,0.000000,0.959810
13,17.000000,11.900000,13.778333,0.000000,1.053751
14,17.033333,12.033333,13.816667,0.000000,1.011365
15,17.033333,11.933333,13.845000,0.000000,1.082694
16,17.066667,11.933333,13.806667,0.000000,1.077262
17,17.066667,11.966667,13.771667,0.000000,1.046252
18,17.133333,11.966667,13.760000,0.000000,1.054654
19,17.200000,12.033333,13.785000,0.000000,1.080380
20,17.200000,11.966667,13.810000,0.000000,1.025694
21,17.200000,11.866667,13.750000,0.000000,1.005129
22,17.200000,12.000000,13.815000,0.000000,1.039252
23,17.200000,12.100000,13.801667,0.000000,1.000201
24,17.266667,11.866667,13.798333,0.000000,1.086901
25,17.266667,11.700000,13.806667,0.000000,1.060084
26,17.300000,12.000000,13.785000,0.000000,1.031419
27,17.300000,11.900000,13.815000,0.000000,1.058136
28,17.333333,12.000000,13.790000,0.000000,1.043262
29,17.333333,11.966667,13.828333,0.000000,1.056244
30,17.333333,11.833333,13.735000,0.000000,1.036337
31,17.433333,11.933333,13.846667,0.000000,1.078780
32,17.466667,12.033333,13.866667,0.000000,1.102753
33,17.466667,11.866667,13.786667,0.000000,1.060047
34,17.533333,11.900000,13.725000,0.000000,1.026506
35,17.533333,11.866667,13.695000,0.000000,0.999466
36,17.533333,11.900000,13.750000,0.000000,1.069124
37,17.533333,11.966667,13.785000,0.000000,1.022062
38,17.533333,12.033333,13.871667,0.000000,1.028638
39,17.566667,11.966667,13.840000,0.000000,1.053900
40,17.566667,11.833333,13.793333,0.000000,1.084521
41,17.566667,11.833333,13.806667,0.000000,1.039572
42,17.600000,11.900000,13.840000,0.000000,1.082318
43,17.600000,11.833333,13.733333,0.000000,1.020741
44,17.600000,11.966667,13.785000,0.000000,1.034168
45,17.633333,12.033333,13.810000,0.000000,1.016224
46,17.633333,12.000000,13.826667,0.000000,1.053485
47,17.633333,11.733333,13.665000,0.000000,1.033319
48,17.633333,12.000000,13.816667,0.000000,1.073770
49,17.633333,11.800000,13.893333,0.000000,1.101118
50,17.633333,11.733333,13.745000,0.000000,1.103576
51,17.633333,11.933333,13.878333,0.000000,1.093630
52,17.633333,11.866667,13.705000,0.000000,1.032051
53,17.633333,12.100000,13.876667,0.000000,1.038465
54,17.633333,12.066667,13.771667,0.000000,0.983149
55,17.633333,12.066667,13.883333,0.000000,1.029768
56,17.633333,11.966667,13.781667,0.000000,1.051501
57,17.633333,11.933333,13.820000,0.000000,1.045492
58,17.633333,12.133333,13.808333,0.000000,0.993740
59,17.633333,11.833333,13.865000,0.000000,1.034286
60,17.633333,11.900000,13.831667,0.000000,1.078411
61,17.633333,12.033333,13.791667,0.000000,1.005224
62,17.633333,11.833333,13.803333,0.000000,1.016633
63,17.633333,12.033333,13.831667,0.000000,1.055510
64,17.666667,11.933333,13.835000,0.000000,1.073587
65,17.666667,11.866667,13.820000,0.000000,1.089867
66,17.666667,11.966667,13.735000,0.000000,1.001305
67,17.666667,11.766667,13.828333,0.000000,1.105804
68,17.666667,11.900000,13.795000,0.000000,1.023913
69,17.700000,11.833333,13.790000,0.000000,1.041559
70,17.733333,12.100000,13.900000,0.000000,1.055354
71,17.733333,11.900000,13.790000,0.000000,1.072626
72,17.733333,11.933333,13.850000,0.000000,1.002542
73,17.733333,12.000000,13.780000,0.000000,1.036349
74,17.733333,11.900000,13.863333,0.000000,1.066997
75,17.733333,11.900000,13.856667,0.000000,1.064613
76,17.733333,11.966667,13.840000,0.000000,1.033733
77,17.733333,12.066667,13.838333,0.000000,1.034626
78,17.733333,11.866667,13.730000,0.000000,1.041391
79,17.733333,11.900000,13.828333,0.000000,1.067618
80,17.733333,12.000000,13.798333,0.000000,1.025129
81,17.733333,12.033333,13.798333,0.000000,1.024191
82,17.766667,12.066667,13.803333,0.000000,1.013884
83,17.800000,11.933333,13.853333,0.000000,1.133682
84,17.800000,11.966667,13.868333,0.000000,1.073973
85,17.800000,12.000000,13.836667,0.000000,1.039612
86,17.800000,11.966667,13.756667,0.000000,1.039941
87,17.800000,12.100000,13.808333,0.000000,1.054526
88,17.800000,12.100000,13.815000,0.000000,1.018277
89,17.800000,12.033333,13.845000,0.000000,1.029497
90,17.800000,11.933333,13.841667,0.000000,1.093743
91,17.800000,11.933333,13.805000,0.000000,1.051429
92,17.800000,11.800000,13.796667,0.000000,1.099120
93,17.800000,11.866667,13.820000,0.000000,1.061191
94,17.800000,12.000000,13.846667,0.000000,1.038140
95,17.800000,11.866667,13.813333,0.000000,1.047581
96,17.800000,11.966667,13.750000,0.000000,1.047515
97,17.800000,11.933333,13.768333,0.000000,1.056086
98,17.800000,11.933333,13.843333,0.000000,1.043469
99,17.800000,11.766667,13.833333,0.000000,1.111590
100,17.800000,11.866667,13.856667,0.000000,1.047425
101,17.800000,11.933333,13.753333,0.000000,1.040093
102,17.800000,11.966667,13.798333,0.000000,1.026420
103,17.833333,11.833333,13.761667,0.000000,1.117129
104,17.833333,11.966667,13.830000,0.000000,1.053342
105,17.833333,11.966667,13.848333,0.000000,1.031699
106,17.833333,12.033333,13.830000,0.000000,1.043588
107,17.866667,11.900000,13.860000,0.000000,1.068186
108,17.866667,11.733333,13.796667,0.000000,1.064815
109,17.866667,11.933333,13.776667,0.000000,1.031994
110,17.866667,11.933333,13.873333,0.000000,1.053247
111,17.866667,12.000000,13.788333,0.000000,1.037280
112,17.866667,11.833333,13.786667,0.000000,1.067295
113,17.866667,11.866667,13.748333,0.000000,1.047034
114,17.866667,11.900000,13.795000,0.000000,1.035209
115,17.866667,11.833333,13.751667,0.000000,1.036901
116,17.866667,11.800000,13.691667,0.000000,1.038157
117,17.866667,11.766667,13.771667,0.000000,1.094560
118,17.866667,11.800000,13.790000,0.000000,1.049390
119,17.866667,11.800000,13.810000,0.000000,1.087974
120,17.866667,11.866667,13.811667,0.000000,1.066392
121,17.866667,11.766667,13.776667,0.000000,1.029830
122,17.866667,12.100000,13.801667,0.000000,1.019137
123,17.866667,11.900000,13.830000,0.000000,1.064704
124,17.866667,11.833333,13.788333,0.000000,1.039257
125,17.866667,12.000000,13.815000,0.000000,1.052159
126,17.866667,11.866667,13.845000,0.000000,1.103672
127,17.866667,11.866667,13.820000,0.000000,1.074612
128,17.866667,11.900000,13.793333,0.000000,1.075131
129,17.866667,11.933333,13.815000,0.000000,1.106336
130,17.866667,11.900000,13.773333,0.000000,1.026093
131,17.866667,12.000000,13.833333,0.000000,1.045541
132,17.866667,11.900000,13.776667,0.000000,1.067080
133,17.866667,12.033333,13.856667,0.000000,1.005724
134,17.866667,12.000000,13.810000,0.000000,1.102943
135,17.866667,11.900000,13.795000,0.000000,1.024359
136,17.866667,12.066667,13.840000,0.000000,1.000244
137,17.866667,12.000000,13.830000,0.000000,1.055535
138,17.866667,11.966667,13.845000,0.000000,1.054257
139,17.866667,11.900000,13.823333,0.000000,1.047017
140,17.900000,11.966667,13.855000,0.000000,1.027532
141,17.900000,11.833333,13.720000,0.000000,1.021604
142,17.900000,12.000000,13.791667,0.000000,0.965362
143,17.900000,11.900000,13.750000,0.000000,1.033141
144,17.900000,11.933333,13.825000,0.000000,1.032413
145,17.933333,11.766667,13.741667,0.000000,1.050171
146,17.933333,11.966667,13.753333,0.000000,0.990149
147,17.933333,11.966667,13.803333,0.000000,1.036864
148,17.933333,11.866667,13.770000,0.000000,1.055640
149,17.933333,12.000000,13.813333,0.000000,1.041784
150,17.933333,11.900000,13.753333,0.000000,1.065987
151,17.933333,12.000000,13.796667,0.000000,1.028280
152,17.933333,12.100000,13.856667,0.000000,1.036276
153,17.933333,11.800000,13.738333,0.000000,1.064147
154,17.933333,11.833333,13.866667,0.000000,1.069241
155,17.933333,11.933333,13.756667,0.000000,1.073402
156,17.933333,11.966667,13.850000,0.000000,1.039330
157,17.933333,11.866667,13.808333,0.000000,1.045369
158,17.933333,12.033333,13.821667,0.000000,0.995128
159,17.966667,11.966667,13.761667,0.000000,1.007584
160,17.966667,11.833333,13.815000,0.000000,1.075478
161,17.966667,12.066667,13.841667,0.000000,1.047057
162,17.966667,11.900000,13.838333,0.000000,1.071527
163,17.966667,11.933333,13.901667,0.000000,1.089200
164,17.966667,11.866667,13.775000,0.000000,1.048706
165,17.966667,11.800000,13.760000,0.000000,1.003165
166,17.966667,11.800000,13.795000,0.000000,1.087212
167,17.966667,11.866667,13.771667,0.000000,1.080317
168,17.966667,11.866667,13.831667,0.000000,1.041401
169,17.966667,12.000000,13.775000,0.000000,0.990962
170,17.966667,12.100000,13.853333,0.000000,1.018413
171,17.966667,12.033333,13.891667,0.000000,1.013891
172,17.966667,11.866667,13.746667,0.000000,1.065928
173,17.966667,12.066667,13.815000,0.000000,1.053431
174,17.966667,11.966667,13.758333,0.000000,1.012058
175,17.966667,12.033333,13.823333,0.000000,1.019544
176,17.966667,11.766667,13.768333,0.000000,1.097293
177,17.966667,12.000000,13.790000,0.000000,1.070827
178,17.966667,11.900000,13.786667,0.000000,1.056707
179,17.966667,11.800000,13.801667,0.000000,1.115689
180,17.966667,11.966667,13.850000,0.000000,1.066804
181,17.966667,12.166667,13.908333,0.000000,1.072679
182,17.966667,11.966667,13.863333,0.000000,1.061040
183,17.966667,11.933333,13.780000,0.000000,1.048110
184,17.966667,12.133333,13.863333,0.000000,0.994192
185,17.966667,11.933333,13.861667,0.000000,1.064363
186,17.966667,12.033333,13.841667,0.000000,1.054231
187,17.966667,11.933333,13.770000,0.000000,1.013559
188,17.966667,11.800000,13.830000,0.000000,1.101389
189,17.966667,11.966667,13.721667,0.000000,1.038921
190,17.966667,11.866667,13.816667,0.000000,1.118928
191,17.966667,11.866667,13.805000,0.000000,1.030011
192,17.966667,12.000000,13.828333,0.000000,1.043552
193,17.966667,11.866667,13.763333,0.000000,1.106140
194,17.966667,11.966667,13.835000,0.000000,1.042112
195,17.966667,12.066667,13.891667,0.000000,1.044552
196,17.966667,11.833333,13.808333,0.000000,1.062527
197,17.966667,11.933333,13.780000,0.000000,1.007014
198,17.966667,12.033333,13.870000,0.000000,1.065962
199,18.000000,11.966667,13.818333,0.000000,1.084108
200,18.000000,12.000000,13.836667,0.000000,1.028347
201,18.000000,11.800000,13.880000,0.000000,1.066259
202,18.000000,11.800000,13.830000,0.000000,1.092416
203,18.000000,11.900000,13.785000,0.000000,1.020559
204,18.000000,11.833333,13.763333,0.000000,1.046919
205,18.000000,11.900000,13.760000,0.000000,1.032743
206,18.000000,11.933333,13.841667,0.000000,1.096352
207,18.000000,11.766667,13.753333,0.000000,1.032067
208,18.000000,12.000000,13.725000,0.000000,1.010212
209,18.000000,11.933333,13.853333,0.000000,1.066526
210,18.000000,12.066667,13.838333,0.000000,1.012811
211,18.000000,11.933333,13.870000,0.000000,1.059566
212,18.000000,11.866667,13.728333,0.000000,1.040213
213,18.000000,11.933333,13.793333,0.000000,1.055856
214,18.000000,11.766667,13.765000,0.000000,1.089156
215,18.000000,12.000000,13.793333,0.000000,1.019619
216,18.000000,11.800000,13.825000,0.000000,1.074741
217,18.000000,11.866667,13.838333,0.000000,1.065920
218,18.000000,11.933333,13.803333,0.000000,1.072437
219,18.000000,11.900000,13.801667,0.000000,1.053176
220,18.000000,11.866667,13.833333,0.000000,1.035535
221,18.000000,11.833333,13.790000,0.000000,1.087569
222,18.000000,11.900000,13.788333,0.000000,1.058082
223,18.000000,11.766667,13.831667,0.000000,1.082207
224,18.000000,12.033333,13.833333,0.000000,0.999740
225,18.000000,12.100000,13.848333,0.000000,1.011698
226,18.000000,12.033333,13.831667,0.000000,1.009255
227,18.000000,11.933333,13.755000,0.000000,0.979577
228,18.000000,12.066667,13.828333,0.000000,0.974545
229,18.000000,11.833333,13.768333,0.000000,1.086739
230,18.000000,11.933333,13.815000,0.000000,1.052372
231,18.000000,11.900000,13.838333,0.000000,1.048345
232,18.000000,11.933333,13.758333,0.000000,1.045772
233,18.000000,11.866667,13.778333,0.000000,1.069393
234,18.000000,11.966667,13.880000,0.000000,1.047633
235,18.000000,11.866667,13.741667,0.000000,1.031148
236,18.000000,11.866667,13.816667,0.000000,1.043898
237,18.000000,11.966667,13.811667,0.000000,1.011475
238,18.000000,12.033333,13.821667,0.000000,0.998895
239,18.000000,11.800000,13.798333,0.000000,1.039761
240,18.000000,11.933333,13.815000,0.000000,1.029968
241,18.000000,11.900000,13.823333,0.000000,1.052962
242,18.000000,12.033333,13.843333,0.000000,1.003295
243,18.000000,11.933333,13.721667,0.000000,1.078094
244,18.000000,11.966667,13.761667,0.000000,0.967379
245,18.000000,11.933333,13.820000,0.000000,1.047402
246,18.000000,11.833333,13.711667,0.000000,1.000645
247,18.000000,11.866667,13.830000,0.000000,1.041867
248,18.000000,11.966667,13.783333,0.000000,1.042231
249,18.000000,12.100000,13.940000,0.000000,1.046157
250,18.000000,11.800000,13.755000,0.000000,1.074995
251,18.000000,11.966667,13.856667,0.000000,1.056972
252,18.000000,11.833333,13.746667,0.000000,1.058094
253,18.000000,11.800000,13.741667,0.000000,1.080985
254,18.000000,11.933333,13.821667,0.000000,1.033963
255,18.000000,12.033333,13.828333,0.000000,1.023666
256,18.000000,11.966667,13.866667,0.000000,1.049397
257,18.000000,11.900000,13.775000,0.000000,1.025214
258,18.000000,11.766667,13.751667,0.000000,1.079055
259,18.000000,11.900000,13.770000,0.000000,1.067881
260,18.000000,11.800000,13.813333,0.000000,1.088114
261,18.000000,11.933333,13.828333,0.000000,1.006208
262,18.000000,11.866667,13.703333,0.000000,0.986305
263,18.000000,12.000000,13.800000,0.000000,1.049974
264,18.000000,12.000000,13.716667,0.000000,1.017329
265,18.000000,11.800000,13.751667,0.000000,1.056476
266,18.000000,11.800000,13.791667,0.000000,1.099991
267,18.000000,11.900000,13.878333,0.000000,1.077023
268,18.000000,12.066667,13.848333,0.000000,1.036251
269,18.000000,12.033333,13.800000,0.000000,1.052072
270,18.000000,11.833333,13.830000,0.000000,1.034021
271,18.000000,11.933333,13.761667,0.000000,1.042364
272,18.000000,12.033333,13.858333,0.000000,1.015323
273,18.000000,11.833333,13.806667,0.000000,1.037456
274,18.000000,11.866667,13.793333,0.000000,1.023632
275,18.000000,11.766667,13.830000,0.000000,1.075708
276,18.000000,11.800000,13.798333,0.000000,1.046574
277,18.000000,11.833333,13.823333,0.000000,1.056151
278,18.000000,11.666667,13.718333,0.000000,1.063112
279,18.000000,11.666667,13.748333,0.000000,1.057041
280,18.000000,12.100000,13.831667,0.000000,1.016603
281,18.000000,11.933333,13.871667,0.000000,1.056377
282,18.000000,12.000000,13.696667,0.000000,0.982924
283,18.000000,12.033333,13.911667,0.000000,1.051163
284,18.000000,11.933333,13.796667,0.000000,1.023613
285,18.000000,12.033333,13.806667,0.000000,0.977074
286,18.000000,12.000000,13.801667,0.000000,1.030856
287,18.000000,12.100000,13.801667,0.000000,0.988133
288,18.000000,11.900000,13.808333,0.000000,1.009347
289,18.000000,11.833333,13.741667,0.000000,1.072877
290,18.000000,12.066667,13.845000,0.000000,0.981575
291,18.000000,11.966667,13.863333,0.000000,1.035337
292,18.000000,11.800000,13.780000,0.000000,1.060718
293,18.000000,11.933333,13.751667,0.000000,1.092118
294,18.000000,11.800000,13.775000,0.000000,1.061784
295,18.000000,11.900000,13.820000,0.000000,1.050229
296,18.000000,11.966667,13.751667,0.000000,1.036863
297,18.000000,12.033333,13.845000,0.000000,1.012028
298,18.000000,11.933333,13.878333,0.000000,1.068457
299,18.000000,12.066667,13.915000,0.000000,1.071905
300,18.000000,11.833333,13.848333,0.000000,1.075428
301,18.000000,11.900000,13.770000,0.000000,1.024364
302,18.033333,12.000000,13.825000,0.000000,1.018266
303,18.033333,11.800000,13.923333,0.000000,1.073551
304,18.033333,12.000000,13.878333,0.000000,1.063479
305,18.066667,11.866667,13.841667,0.000000,1.122618
306,18.066667,12.033333,13.851667,0.000000,0.989972
307,18.066667,11.933333,13.843333,0.000000,1.094156
308,18.066667,12.066667,13.836667,0.000000,1.026336
309,18.066667,12.033333,13.853333,0.000000,1.024323
310,18.066667,11.866667,13.771667,0.000000,1.034121
311,18.066667,11.833333,13.765000,0.000000,0.998224
312,18.066667,12.000000,13.838333,0.000000,1.044837
313,18.066667,11.966667,13.895000,0.000000,1.042767
314,18.066667,12.033333,13.768333,0.000000,0.982567
315,18.066667,11.966667,13.751667,0.000000,1.077012
316,18.066667,12.033333,13.873333,0.000000,1.064898
317,18.066667,11.966667,13.740000,0.000000,1.055706
318,18.066667,11.766667,13.766667,0.000000,1.052824
319,18.066667,11.800000,13.778333,0.000000,1.080176
320,18.066667,11.900000,13.861667,0.000000,1.092077
321,18.066667,11.900000,13.756667,0.000000,1.058397
322,18.066667,12.066667,13.795000,0.000000,1.031974
323,18.066667,11.866667,13.840000,0.000000,1.051325
324,18.066667,11.633333,13.706667,0.000000,1.142001
325,18.066667,11.733333,13.776667,0.000000,1.064009
326,18.066667,11.733333,13.761667,0.000000,1.105808
327,18.066667,11.966667,13.816667,0.000000,1.010982
328,18.066667,11.866667,13.856667,0.000000,1.038209
329,18.066667,11.866667,13.810000,0.000000,1.067893
330,18.066667,11.966667,13.880000,0.000000,1.028445
331,18.066667,11.866667,13.835000,0.000000,1.060533
332,18.066667,11.933333,13.776667,0.000000,1.086107
333,18.066667,12.000000,13.846667,0.000000,1.047277
334,18.066667,12.133333,13.786667,0.000000,1.013011
335,18.066667,11.833333,13.800000,0.000000,1.069223
336,18.066667,12.000000,13.825000,0.000000,1.018286
337,18.066667,12.000000,13.751667,0.000000,0.996832
338,18.066667,11.866667,13.783333,0.000000,1.039629
339,18.066667,11.766667,13.836667,0.000000,1.169042
340,18.066667,11.900000,13.778333,0.000000,1.012421
341,18.066667,11.933333,13.800000,0.000000,1.011535
342,18.066667,12.033333,13.893333,0.000000,1.048377
343,18.066667,11.866667,13.798333,0.000000,1.115080
344,18.066667,12.000000,13.836667,0.000000,1.064075
345,18.066667,11.866667,13.775000,0.000000,1.002261
346,18.066667,12.033333,13.891667,0.000000,1.066770
347,18.066667,11.900000,13.856667,0.000000,1.069805
348,18.066667,12.000000,13.788333,0.000000,1.028232
349,18.066667,11.800000,13.766667,0.000000,1.070246
350,18.066667,12.000000,13.801667,0.000000,1.085200
351,18.066667,11.700000,13.830000,0.000000,1.071270
352,18.066667,11.866667,13.751667,0.000000,1.045672
353,18.066667,11.966667,13.821667,0.000000,1.051002
354,18.066667,12.066667,13.855000,0.000000,1.044498
355,18.066667,11.866667,13.830000,0.000000,1.008725
356,18.066667,12.033333,13.761667,0.000000,0.996647
357,18.066667,12.033333,13.811667,0.000000,1.066250
358,18.066667,12.000000,13.820000,0.000000,1.037338
359,18.066667,11.966667,13.776667,0.000000,1.012985
360,18.066667,11.966667,13.823333,0.000000,1.049524
361,18.066667,11.800000,13.795000,0.000000,1.120410
362,18.066667,11.933333,13.865000,0.000000,1.031156
363,18.066667,12.033333,13.853333,0.000000,1.048505
364,18.066667,11.933333,13.816667,0.000000,1.062058
365,18.066667,11.933333,13.781667,0.000000,0.996330
366,18.066667,11.933333,13.811667,0.000000,1.027410
367,18.066667,11.900000,13.765000,0.000000,1.010266
368,18.066667,12.033333,13.848333,0.000000,1.065398
369,18.066667,11.933333,13.850000,0.000000,1.030752
370,18.066667,11.966667,13.758333,0.000000,1.024862
371,18.066667,11.900000,13.788333,0.000000,1.032314
372,18.066667,11.900000,13.758333,0.000000,1.037860
373,18.066667,12.000000,13.856667,0.000000,1.067869
374,18.066667,12.066667,13.803333,0.000000,1.023285
375,18.066667,11.900000,13.785000,0.000000,1.026603
376,18.066667,11.900000,13.795000,0.000000,1.008851
377,18.066667,11.866667,13.833333,0.000000,1.026439
378,18.066667,12.100000,13.851667,0.000000,1.031805
379,18.066667,11.900000,13.820000,0.000000,1.065083
380,18.066667,11.966667,13.825000,0.000000,1.082799
381,18.066667,11.966667,13.858333,0.000000,1.051596
382,18.066667,11.900000,13.845000,0.000000,1.094824
383,18.066667,11.933333,13.775000,0.000000,1.010417
384,18.066667,12.100000,13.840000,0.000000,1.052565
385,18.066667,11.866667,13.776667,0.000000,1.051682
386,18.066667,11.933333,13.765000,0.000000,0.995867
387,18.066667,11.900000,13.780000,0.000000,1.076417
388,18.066667,11.966667,13.856667,0.000000,1.050432
389,18.066667,11.833333,13.801667,0.000000,1.079562
390,18.066667,12.000000,13.811667,0.000000,1.012050
391,18.066667,12.033333,13.838333,0.000000,1.039346
392,18.066667,12.100000,13.841667,0.000000,1.035032
393,18.066667,11.666667,13.733333,0.000000,1.040527
394,18.066667,11.800000,13.833333,0.000000,1.054435
395,18.066667,11.900000,13.736667,0.000000,1.017915
396,18.066667,11.966667,13.753333,0.000000,1.016741
397,18.066667,11.833333,13.806667,0.000000,1.050685
398,18.066667,11.966667,13.795000,0.000000,1.073317
399,18.066667,11.966667,13.770000,0.000000,1.028473
400,18.066667,11.900000,13.835000,0.000000,1.047464
401,18.066667,11.966667,13.825000,0.000000,1.064699
402,18.066667,11.800000,13.830000,0.000000,1.050303
403,18.100000,11.866667,13.791667,0.000000,1.051000
404,18.100000,12.000000,13.826667,0.000000,1.018775
405,18.100000,12.000000,13.898333,0.000000,1.018466
406,18.100000,12.033333,13.891667,0.000000,1.043589
407,18.100000,11.666667,13.736667,0.000000,1.086644
408,18.100000,11.933333,13.805000,0.000000,1.019881
409,18.100000,11.866667,13.823333,0.000000,1.060353
410,18.100000,11.933333,13.815000,0.000000,1.076148
411,18.100000,11.800000,13.846667,0.000000,1.139152
412,18.100000,11.866667,13.801667,0.000000,1.061361
413,18.100000,11.933333,13.721667,0.000000,1.018063
414,18.100000,11.933333,13.838333,0.000000,1.056783
415,18.100000,12.033333,13.728333,0.000000,1.001666
416,18.100000,11.933333,13.770000,0.000000,1.033096
417,18.100000,11.900000,13.826667,0.000000,1.093645
418,18.100000,12.000000,13.833333,0.000000,1.009651
419,18.100000,11.933333,13.778333,0.000000,1.068101
420,18.100000,11.933333,13.785000,0.000000,1.067682
421,18.100000,11.900000,13.758333,0.000000,1.052368
422,18.100000,11.700000,13.800000,0.000000,1.048466
423,18.100000,11.966667,13.793333,0.000000,1.071280
424,18.100000,11.833333,13.761667,0.000000,1.025162
425,18.100000,11.900000,13.696667,0.000000,1.023271
426,18.100000,11.866667,13.750000,0.000000,1.048058
427,18.100000,11.933333,13.806667,0.000000,1.019879
428,18.100000,11.866667,13.835000,0.000000,1.084768
429,18.100000,12.066667,13.906667,0.000000,1.089507
430,18.100000,11.666667,13.781667,0.000000,1.077104
431,18.100000,11.966667,13.798333,0.000000,1.059220
432,18.100000,11.933333,13.793333,0.000000,0.992042
433,18.100000,12.000000,13.776667,0.000000,1.036111
434,18.100000,11.900000,13.816667,0.000000,1.052460
435,18.100000,11.733333,13.798333,0.000000,1.111327
436,18.100000,11.933333,13.778333,0.000000,1.023620
437,18.100000,11.833333,13.796667,0.000000,1.053969
438,18.100000,11.933333,13.795000,0.000000,1.049763
439,18.100000,12.000000,13.818333,0.000000,1.059408
440,18.100000,11.900000,13.768333,0.000000,1.053992
441,18.100000,11.966667,13.913333,0.000000,1.040777
442,18.100000,11.866667,13.745000,0.000000,1.034511
443,18.100000,11.766667,13.761667,0.000000,1.062749
444,18.100000,12.100000,13.781667,0.000000,0.988651
445,18.100000,12.033333,13.830000,0.000000,1.002076
446,18.100000,12.033333,13.830000,0.000000,1.029159
447,18.100000,11.866667,13.746667,0.000000,1.039421
448,18.100000,12.000000,13.795000,0.000000,1.071126
449,18.100000,11.833333,13.736667,0.000000,1.006735
450,18.100000,11.700000,13.745000,0.000000,1.080243
451,18.100000,12.033333,13.801667,0.000000,1.035029
452,18.100000,12.133333,13.808333,0.000000,1.019431
453,18.100000,11.966667,13.778333,0.000000,1.007331
454,18.100000,12.066667,13.823333,0.000000,1.046019
455,18.100000,11.866667,13.826667,0.000000,1.065216
456,18.100000,11.966667,13.863333,0.000000,1.019593
457,18.100000,11.866667,13.751667,0.000000,1.060168
458,18.100000,11.933333,13.813333,0.000000,1.024570
459,18.100000,11.900000,13.918333,0.000000,1.089776
460,18.100000,12.000000,13.775000,0.000000,1.031718
461,18.100000,11.800000,13.865000,0.000000,1.053729
462,18.100000,11.833333,13.780000,0.000000,1.019060
463,18.100000,11.666667,13.753333,0.000000,1.098613
464,18.100000,11.933333,13.855000,0.000000,1.076401
465,18.100000,11.966667,13.831667,0.000000,0.993911
466,18.100000,11.900000,13.865000,0.000000,1.076167
467,18.100000,11.966667,13.870000,0.000000,1.019940
468,18.100000,11.800000,13.735000,0.000000,1.025989
469,18.100000,12.100000,13.831667,0.000000,1.069236
470,18.100000,11.900000,13.806667,0.000000,1.059578
471,18.100000,11.933333,13.798333,0.000000,1.069433
472,18.100000,11.500000,13.723333,0.000000,1.075224
473,18.100000,11.966667,13.730000,0.000000,1.014357
474,18.100000,12.200000,13.831667,0.000000,0.966598
475,18.100000,11.900000,13.773333,0.000000,1.078914
476,18.100000,12.200000,13.923333,0.000000,1.044487
477,18.100000,11.833333,13.783333,0.000000,1.046456
478,18.100000,12.000000,13.851667,0.000000,1.027527
479,18.100000,12.033333,13.845000,0.000000,1.046689
480,18.100000,11.833333,13.843333,0.000000,1.026155
481,18.100000,11.900000,13.803333,0.000000,1.044623
482,18.100000,11.733333,13.756667,0.000000,1.061474
483,18.100000,11.800000,13.773333,0.000000,1.081025
484,18.100000,11.900000,13.855000,0.000000,1.064916
485,18.100000,12.100000,13.833333,0.000000,1.018662
486,18.100000,11.966667,13.791667,0.000000,0.999357
487,18.100000,12.033333,13.873333,0.000000,1.059295
488,18.100000,12.066667,13.838333,0.000000,1.073950
489,18.100000,12.000000,13.751667,0.000000,1.003333
490,18.100000,11.933333,13.805000,0.000000,1.039848
491,18.100000,11.933333,13.800000,0.000000,1.028673
492,18.100000,11.733333,13.818333,0.000000,1.090088
493,18.100000,11.933333,13.876667,0.000000,1.033563
494,18.100000,12.200000,13.863333,0.000000,0.991075
495,18.100000,11.833333,13.788333,0.000000,1.046296
496,18.100000,11.933333,13.801667,0.000000,1.036650
497,18.100000,12.033333,13.898333,0.000000,1.079896
498,18.100000,11.800000,13.836667,0.000000,1.115812
499,18.100000,12.033333,13.838333,0.000000,1.026969
500,18.100000,12.066667,13.831667,0.000000,1.049509
BestSdev: 0.304760, Time: 20m47.139923751s