gen,best,worst,mean,rep,sdev
1,29.433333,13.366667,20.850667,0.000000,3.589621
2,30.966667,13.666667,20.834000,0.000000,3.534544
3,31.566667,13.266667,20.692000,0.000000,3.595325
4,32.566667,13.600000,20.766667,0.000000,3.602203
5,32.633333,13.433333,20.743333,0.000000,3.548673
6,32.700000,13.400000,20.821333,0.000000,3.505563
7,32.766667,13.266667,20.664667,0.000000,3.578959
8,32.966667,13.233333,20.628667,0.000000,3.558124
9,33.266667,13.766667,20.712000,0.000000,3.482942
10,33.300000,13.266667,20.664000,0.000000,3.527129
11,33.433333,13.300000,20.749333,0.000000,3.652417
12,33.600000,13.700000,20.750667,0.000000,3.522217
13,33.633333,13.200000,20.734667,0.000000,3.614731
14,33.666667,13.400000,20.616667,0.000000,3.464561
15,33.733333,12.900000,20.620000,0.000000,3.657371
16,33.800000,13.633333,20.785333,0.000000,3.583971
17,33.833333,13.500000,20.926667,0.000000,3.652399
18,33.900000,13.000000,20.572000,0.000000,3.608249
19,34.000000,13.233333,20.699333,0.000000,3.636352
20,34.033333,13.466667,20.718667,0.000000,3.507560
21,34.066667,13.566667,20.548667,0.000000,3.432875
22,34.133333,13.433333,20.716667,0.000000,3.590496
23,34.133333,13.666667,20.907333,0.000000,3.496206
24,34.133333,13.200000,20.812000,0.000000,3.587868
25,34.266667,13.266667,20.817333,0.000000,3.633339
26,34.366667,13.466667,20.898667,0.000000,3.604325
27,34.433333,13.433333,20.606667,0.000000,3.545677
28,34.500000,13.266667,20.567333,0.000000,3.588841
29,34.500000,13.266667,20.709333,0.000000,3.562739
30,34.500000,13.400000,20.630667,0.000000,3.513577
31,34.500000,13.566667,20.720000,0.000000,3.564305
32,34.500000,13.400000,20.675333,0.000000,3.481815
33,34.500000,13.300000,20.722667,0.000000,3.462305
34,34.500000,12.933333,20.658667,0.000000,3.570420
35,34.500000,13.666667,20.737333,0.000000,3.603651
36,34.500000,13.833333,20.694000,0.000000,3.471427
37,34.566667,13.633333,20.944667,0.000000,3.596141
38,34.566667,13.533333,20.655333,0.000000,3.552400
39,34.566667,13.566667,20.540667,0.000000,3.451688
40,34.566667,13.500000,20.748667,0.000000,3.542516
41,34.633333,13.200000,20.706667,0.000000,3.653998
42,34.633333,13.500000,20.601333,0.000000,3.518139
43,34.633333,13.133333,20.841333,0.000000,3.629569
44,34.666667,13.533333,20.891333,0.000000,3.627320
45,34.700000,13.366667,20.794667,0.000000,3.666726
46,34.700000,13.000000,20.621333,0.000000,3.536565
47,34.766667,13.400000,20.816667,0.000000,3.616863
48,34.766667,13.333333,20.725333,0.000000,3.542695
49,34.866667,12.633333,20.579333,0.000000,3.637764
50,34.866667,13.266667,20.628000,0.000000,3.628954
51,34.866667,13.066667,20.650667,0.000000,3.518395
52,34.866667,13.400000,20.520000,0.000000,3.572673
53,34.866667,13.600000,20.671333,0.000000,3.524567
54,34.866667,13.366667,20.762000,0.000000,3.583121
55,35.000000,13.566667,20.780000,0.000000,3.570592
56,35.000000,13.166667,20.748000,0.000000,3.535751
57,35.000000,13.466667,20.812000,0.000000,3.541737
58,35.000000,13.266667,20.842000,0.000000,3.535788
59,35.000000,13.300000,20.790000,0.000000,3.661360
60,35.000000,13.433333,20.783333,0.000000,3.552664
61,35.000000,13.500000,20.633333,0.000000,3.506647
62,35.033333,13.133333,20.644000,0.000000,3.636199
63,35.066667,13.233333,20.558000,0.000000,3.592363
64,35.066667,13.666667,20.766667,0.000000,3.715914
65,35.066667,13.400000,20.720000,0.000000,3.500049
66,35.066667,13.366667,20.724667,0.000000,3.599849
67,35.066667,13.566667,20.594000,0.000000,3.624649
68,35.066667,13.633333,20.760000,0.000000,3.404768
69,35.066667,13.100000,20.742667,0.000000,3.582315
70,35.066667,13.466667,20.855333,0.000000,3.614474
71,35.066667,13.400000,20.650667,0.000000,3.599036
72,35.133333,13.233333,20.670667,0.000000,3.670725
73,35.133333,13.233333,20.790000,0.000000,3.617734
74,35.133333,13.466667,20.646000,0.000000,3.627588
75,35.133333,13.200000,20.723333,0.000000,3.508446
76,35.133333,13.166667,20.594000,0.000000,3.600897
77,35.133333,13.500000,20.697333,0.000000,3.524218
78,35.133333,13.366667,20.872667,0.000000,3.586413
79,35.133333,13.433333,20.835333,0.000000,3.529988
80,35.133333,13.366667,20.719333,0.000000,3.614368
81,35.133333,13.100000,20.727333,0.000000,3.559744
82,35.133333,12.966667,20.672667,0.000000,3.578043
83,35.133333,13.566667,20.660667,0.000000,3.463340
84,35.133333,13.433333,20.806667,0.000000,3.571967
85,35.133333,13.533333,20.588667,0.000000,3.402978
86,35.133333,13.433333,20.686667,0.000000,3.622646
87,35.133333,13.400000,20.702667,0.000000,3.588013
88,35.133333,13.633333,20.990667,0.000000,3.595697
89,35.166667,13.766667,20.886667,0.000000,3.552870
90,35.166667,13.433333,20.648000,0.000000,3.609717
91,35.200000,13.466667,20.566000,0.000000,3.501981
92,35.200000,13.400000,20.656000,0.000000,3.497894
93,35.200000,13.433333,20.767333,0.000000,3.592120
94,35.200000,13.200000,20.719333,0.000000,3.675346
95,35.200000,13.266667,20.867333,0.000000,3.651835
96,35.200000,13.400000,20.794667,0.000000,3.521062
97,35.200000,13.433333,20.811333,0.000000,3.610243
98,35.200000,13.400000,20.583333,0.000000,3.550631
99,35.200000,13.433333,20.722667,0.000000,3.506788
100,35.233333,13.466667,20.612667,0.000000,3.499667
101,35.233333,12.833333,20.584667,0.000000,3.565453
102,35.233333,13.333333,20.563333,0.000000,3.568731
103,35.266667,13.533333,20.746000,0.000000,3.555339
104,35.266667,13.433333,20.664667,0.000000,3.474809
105,35.266667,13.466667,20.733333,0.000000,3.509376
106,35.266667,13.466667,20.730667,0.000000,3.526723
107,35.266667,13.266667,20.900000,0.000000,3.525678
108,35.266667,13.866667,20.877333,0.000000,3.487985
109,35.300000,13.100000,20.667333,0.000000,3.540331
110,35.300000,13.833333,20.808667,0.000000,3.528368
111,35.300000,13.433333,20.589333,0.000000,3.495730
112,35.300000,13.466667,20.767333,0.000000,3.637867
113,35.300000,13.166667,20.786000,0.000000,3.544349
114,35.300000,13.600000,20.653333,0.000000,3.563482
115,35.300000,13.333333,20.551333,0.000000,3.495657
116,35.300000,13.133333,20.772000,0.000000,3.634104
117,35.300000,13.133333,20.630000,0.000000,3.551440
118,35.300000,13.500000,20.763333,0.000000,3.494845
119,35.300000,13.533333,20.922667,0.000000,3.638072
120,35.300000,13.000000,20.723333,0.000000,3.664840
121,35.300000,13.133333,20.854667,0.000000,3.610537
122,35.300000,13.566667,20.648667,0.000000,3.552072
123,35.300000,13.333333,20.687333,0.000000,3.572752
124,35.300000,12.766667,20.811333,0.000000,3.721194
125,35.300000,13.200000,20.745333,0.000000,3.582363
126,35.300000,13.633333,20.587333,0.000000,3.673526
127,35.300000,13.633333,20.777333,0.000000,3.637281
128,35.300000,13.466667,20.812000,0.000000,3.567916
129,35.300000,13.433333,20.615333,0.000000,3.526960
130,35.300000,13.000000,20.792667,0.000000,3.587696
131,35.300000,13.266667,20.649333,0.000000,3.616171
132,35.300000,13.100000,20.945333,0.000000,3.753562
133,35.300000,13.633333,20.853333,0.000000,3.539875
134,35.300000,13.500000,20.675333,0.000000,3.525338
135,35.300000,13.200000,20.674000,0.000000,3.481118
136,35.300000,13.100000,20.714000,0.000000,3.624197
137,35.300000,13.766667,20.817333,0.000000,3.564858
138,35.300000,13.200000,20.665333,0.000000,3.531497
139,35.300000,13.266667,20.620667,0.000000,3.509341
140,35.366667,13.233333,20.772667,0.000000,3.560737
141,35.366667,13.500000,20.740667,0.000000,3.511454
142,35.366667,13.100000,20.810667,0.000000,3.526464
143,35.433333,13.333333,20.563333,0.000000,3.562914
144,35.433333,13.233333,20.612667,0.000000,3.536462
145,35.466667,13.200000,20.663333,0.000000,3.584445
146,35.500000,13.666667,20.684667,0.000000,3.504587
147,35.500000,12.900000,20.609333,0.000000,3.569942
148,35.500000,13.300000,20.697333,0.000000,3.584929
149,35.500000,13.000000,20.702667,0.000000,3.656123
150,35.533333,12.933333,20.590000,0.000000,3.632153
151,35.533333,13.000000,20.662667,0.000000,3.534016
152,35.533333,13.566667,20.919333,0.000000,3.557008
153,35.600000,13.433333,20.714000,0.000000,3.578367
154,35.600000,13.700000,20.702667,0.000000,3.400045
155,35.600000,12.666667,20.674000,0.000000,3.772463
156,35.600000,13.366667,20.730667,0.000000,3.544684
157,35.600000,13.733333,20.982000,0.000000,3.598502
158,35.600000,13.200000,20.758000,0.000000,3.577187
159,35.600000,13.500000,20.821333,0.000000,3.530843
160,35.600000,13.533333,20.736000,0.000000,3.453719
161,35.600000,13.200000,20.705333,0.000000,3.556368
162,35.600000,13.333333,20.648667,0.000000,3.529747
163,35.600000,13.566667,20.764667,0.000000,3.569875
164,35.600000,13.166667,20.761333,0.000000,3.470684
165,35.600000,13.266667,20.665333,0.000000,3.739749
166,35.600000,12.933333,20.670667,0.000000,3.594591
167,35.600000,12.933333,20.724667,0.000000,3.576881
168,35.600000,13.233333,20.785333,0.000000,3.638009
169,35.600000,13.266667,20.688667,0.000000,3.554177
170,35.600000,13.266667,20.768000,0.000000,3.578277
171,35.600000,13.266667,20.699333,0.000000,3.598884
172,35.600000,13.333333,20.678000,0.000000,3.502205
173,35.600000,12.733333,20.600000,0.000000,3.570539
174,35.600000,13.333333,20.685333,0.000000,3.547348
175,35.600000,13.700000,20.705333,0.000000,3.602770
176,35.600000,13.333333,20.796000,0.000000,3.615753
177,35.600000,13.133333,20.792000,0.000000,3.529133
178,35.600000,13.800000,20.850667,0.000000,3.559942
179,35.700000,13.466667,20.676000,0.000000,3.551779
180,35.700000,12.966667,20.650667,0.000000,3.524713
181,35.700000,13.666667,21.048000,0.000000,3.647199
182,35.700000,13.400000,20.752667,0.000000,3.502159
183,35.700000,13.600000,20.725333,0.000000,3.672148
184,35.700000,13.566667,20.768000,0.000000,3.592318
185,35.733333,13.133333,20.697333,0.000000,3.629795
186,35.800000,13.166667,20.632000,0.000000,3.750244
187,35.800000,13.800000,20.758667,0.000000,3.483759
188,35.800000,13.133333,20.660000,0.000000,3.475930
189,35.800000,13.766667,20.602000,0.000000,3.457844
190,35.800000,13.166667,20.802000,0.000000,3.559136
191,35.800000,12.933333,20.732667,0.000000,3.666467
192,35.800000,13.266667,20.696667,0.000000,3.490726
193,35.800000,13.433333,20.733333,0.000000,3.437630
194,35.800000,13.200000,20.670667,0.000000,3.592462
195,35.800000,13.566667,20.839333,0.000000,3.577437
196,35.800000,13.233333,20.536667,0.000000,3.555878
197,35.800000,13.566667,20.856000,0.000000,3.540891
198,35.800000,13.333333,20.524000,0.000000,3.510601
199,35.833333,13.133333,20.722667,0.000000,3.641903
200,35.833333,13.433333,20.744667,0.000000,3.454495
BestSdev: 0.849451, Time: 11m59.918882022s