gen,best,worst,mean,rep,sdev
1,29.300000,13.500000,20.632667,0.000000,3.510701
2,30.400000,13.366667,20.895333,0.000000,3.615348
3,30.600000,13.400000,20.598000,0.000000,3.615528
4,30.833333,13.700000,20.722000,0.000000,3.564790
5,31.133333,13.066667,20.592000,0.000000,3.530217
6,31.333333,13.266667,20.692000,0.000000,3.485439
7,31.766667,13.766667,20.725333,0.000000,3.515652
8,32.200000,13.466667,20.825333,0.000000,3.573568
9,32.433333,13.566667,20.667333,0.000000,3.608262
10,32.433333,13.366667,20.618000,0.000000,3.549853
11,32.566667,13.266667,20.637333,0.000000,3.544249
12,32.600000,13.300000,20.812667,0.000000,3.590511
13,32.733333,13.633333,20.818000,0.000000,3.509188
14,32.800000,13.833333,20.820000,0.000000,3.614067
15,32.833333,13.566667,20.765333,0.000000,3.657759
16,32.966667,13.166667,20.711333,0.000000,3.640508
17,32.966667,13.633333,20.913333,0.000000,3.633666
18,33.200000,13.300000,20.812000,0.000000,3.639675
19,33.233333,13.533333,20.888667,0.000000,3.582195
20,33.233333,13.400000,20.588667,0.000000,3.463060
21,33.300000,13.566667,20.704667,0.000000,3.574670
22,33.300000,13.366667,20.724667,0.000000,3.553186
23,33.333333,13.600000,20.801333,0.000000,3.484573
24,33.400000,13.566667,20.791333,0.000000,3.560579
25,33.433333,13.333333,20.630000,0.000000,3.533260
26,33.466667,13.166667,20.648000,0.000000,3.554592
27,33.466667,13.133333,20.614000,0.000000,3.575510
28,33.500000,13.500000,20.616667,0.000000,3.526289
29,33.533333,13.500000,20.737333,0.000000,3.430532
30,33.533333,13.400000,20.788667,0.000000,3.513951
31,33.633333,13.333333,20.650000,0.000000,3.572803
32,33.633333,13.733333,20.705333,0.000000,3.521308
33,33.633333,13.600000,20.756667,0.000000,3.585941
34,33.666667,12.966667,20.758000,0.000000,3.599965
35,33.700000,13.166667,20.726667,0.000000,3.692162
36,33.700000,13.133333,20.754000,0.000000,3.622944
37,33.700000,13.100000,20.748667,0.000000,3.676671
38,33.700000,13.066667,20.667333,0.000000,3.566209
39,33.766667,13.233333,20.702667,0.000000,3.575216
40,33.766667,12.900000,20.713333,0.000000,3.519368
41,33.833333,13.200000,20.671333,0.000000,3.629613
42,34.000000,13.800000,20.726000,0.000000,3.542854
43,34.000000,12.933333,20.564000,0.000000,3.629273
44,34.000000,13.600000,20.790667,0.000000,3.523081
45,34.000000,13.533333,20.703333,0.000000,3.461330
46,34.133333,13.433333,20.574667,0.000000,3.600970
47,34.166667,13.500000,20.600667,0.000000,3.587426
48,34.166667,13.766667,20.841333,0.000000,3.512241
49,34.166667,13.366667,20.620000,0.000000,3.360385
50,34.166667,13.100000,20.789333,0.000000,3.658042
51,34.166667,13.200000,20.848000,0.000000,3.589574
52,34.166667,13.266667,20.756000,0.000000,3.570598
53,34.166667,13.433333,20.628667,0.000000,3.482834
54,34.166667,13.133333,20.661333,0.000000,3.590814
55,34.166667,13.200000,20.737333,0.000000,3.570662
56,34.233333,13.033333,20.741333,0.000000,3.673717
57,34.233333,13.700000,20.719333,0.000000,3.408818
58,34.266667,13.366667,20.766667,0.000000,3.651268
59,34.266667,14.033333,20.856667,0.000000,3.441159
60,34.300000,13.133333,20.747333,0.000000,3.622065
61,34.333333,13.333333,20.862667,0.000000,3.579218
62,34.333333,13.233333,20.661333,0.000000,3.547576
63,34.366667,13.666667,20.788000,0.000000,3.501839
64,34.400000,13.366667,20.718000,0.000000,3.563654
65,34.400000,13.300000,20.708667,0.000000,3.465638
66,34.400000,13.400000,20.756667,0.000000,3.528644
67,34.400000,13.333333,20.734667,0.000000,3.495265
68,34.400000,13.366667,20.842000,0.000000,3.571106
69,34.500000,13.633333,20.734000,0.000000,3.494509
70,34.566667,13.400000,20.828000,0.000000,3.472939
71,34.600000,13.133333,20.652667,0.000000,3.619929
72,34.633333,13.133333,20.787333,0.000000,3.616167
73,34.633333,13.466667,20.586000,0.000000,3.529177
74,34.633333,13.800000,20.770667,0.000000,3.514174
75,34.633333,13.400000,20.588667,0.000000,3.400792
76,34.633333,13.566667,20.658000,0.000000,3.391119
77,34.633333,13.633333,20.766000,0.000000,3.570505
78,34.766667,13.366667,20.742000,0.000000,3.574299
79,34.766667,13.366667,20.694667,0.000000,3.571517
80,34.766667,13.400000,20.745333,0.000000,3.643435
81,34.766667,13.300000,20.776000,0.000000,3.600252
82,34.766667,13.033333,20.828000,0.000000,3.600493
83,34.766667,13.666667,20.876000,0.000000,3.572462
84,34.766667,13.300000,20.710667,0.000000,3.544728
85,34.766667,13.500000,20.921333,0.000000,3.583307
86,34.800000,13.400000,20.903333,0.000000,3.599909
87,34.800000,13.233333,20.952000,0.000000,3.640200
88,34.800000,13.166667,20.878000,0.000000,3.680955
89,34.800000,13.566667,20.784000,0.000000,3.594825
90,34.800000,13.400000,20.852667,0.000000,3.560326
91,34.800000,13.300000,20.574000,0.000000,3.534526
92,34.866667,13.533333,20.854667,0.000000,3.588217
93,34.866667,13.333333,20.708000,0.000000,3.597230
94,34.866667,13.166667,20.640000,0.000000,3.600690
95,34.866667,13.100000,20.854000,0.000000,3.660878
96,34.866667,14.033333,20.770000,0.000000,3.551211
97,34.866667,13.000000,20.812667,0.000000,3.654854
98,34.866667,13.466667,20.794000,0.000000,3.586240
99,34.866667,13.000000,20.872667,0.000000,3.617025
100,34.866667,13.600000,20.753333,0.000000,3.565902
101,34.866667,13.733333,20.834667,0.000000,3.518573
102,34.933333,13.533333,20.796000,0.000000,3.605224
103,34.933333,13.500000,20.608667,0.000000,3.470852
104,34.933333,13.600000,20.818667,0.000000,3.619005
105,34.933333,13.433333,20.798667,0.000000,3.514839
106,35.066667,13.433333,20.770000,0.000000,3.571957
107,35.066667,13.366667,20.730667,0.000000,3.583217
108,35.066667,12.966667,20.673333,0.000000,3.610883
109,35.066667,13.300000,20.665333,0.000000,3.578333
110,35.066667,13.533333,20.781333,0.000000,3.675392
111,35.066667,13.033333,20.748000,0.000000,3.649478
112,35.066667,13.666667,20.760667,0.000000,3.467636
113,35.066667,13.300000,20.644667,0.000000,3.504718
114,35.066667,13.233333,20.633333,0.000000,3.581802
115,35.066667,13.466667,20.619333,0.000000,3.529736
116,35.066667,13.466667,20.704667,0.000000,3.461315
117,35.133333,12.800000,20.806667,0.000000,3.799422
118,35.133333,13.400000,20.652667,0.000000,3.580554
119,35.133333,13.233333,20.845333,0.000000,3.597421
120,35.133333,13.333333,20.772667,0.000000,3.498116
121,35.133333,13.433333,20.674000,0.000000,3.374482
122,35.300000,13.800000,20.782000,0.000000,3.579570
123,35.300000,13.433333,20.621333,0.000000,3.508343
124,35.300000,13.400000,20.688667,0.000000,3.548535
125,35.366667,13.666667,20.814667,0.000000,3.683515
126,35.366667,13.733333,20.688667,0.000000,3.488568
127,35.366667,13.066667,20.744667,0.000000,3.580023
128,35.366667,13.400000,20.846000,0.000000,3.569474
129,35.366667,13.633333,20.807333,0.000000,3.519455
130,35.366667,13.233333,20.667333,0.000000,3.595904
131,35.366667,13.533333,20.810000,0.000000,3.650130
132,35.366667,13.300000,20.732667,0.000000,3.496397
133,35.366667,13.466667,20.672000,0.000000,3.652597
134,35.366667,13.200000,20.919333,0.000000,3.668617
135,35.366667,13.233333,20.606000,0.000000,3.550067
136,35.366667,13.200000,20.798000,0.000000,3.624660
137,35.433333,13.433333,20.718000,0.000000,3.414823
138,35.433333,13.200000,20.868000,0.000000,3.716139
139,35.433333,13.300000,20.612000,0.000000,3.517221
140,35.433333,13.133333,20.596667,0.000000,3.484796
141,35.433333,13.600000,21.062000,0.000000,3.555973
142,35.433333,13.233333,20.654000,0.000000,3.581073
143,35.433333,13.833333,20.779333,0.000000,3.553902
144,35.433333,12.866667,20.596000,0.000000,3.716883
145,35.433333,13.466667,20.739333,0.000000,3.609898
146,35.466667,13.666667,20.718000,0.000000,3.624341
147,35.466667,13.133333,20.686000,0.000000,3.534292
148,35.466667,13.133333,20.780000,0.000000,3.656470
149,35.466667,13.100000,20.621333,0.000000,3.562421
150,35.466667,13.733333,20.720667,0.000000,3.454067
151,35.466667,13.333333,20.658667,0.000000,3.609175
152,35.533333,13.033333,20.831333,0.000000,3.588907
153,35.533333,13.100000,20.528000,0.000000,3.580590
154,35.533333,13.033333,20.832667,0.000000,3.659820
155,35.533333,13.333333,20.700000,0.000000,3.689755
156,35.533333,13.700000,20.777333,0.000000,3.594174
157,35.533333,13.700000,20.757333,0.000000,3.595857
158,35.533333,12.966667,20.731333,0.000000,3.579352
159,35.533333,12.933333,20.605333,0.000000,3.624498
160,35.533333,13.000000,20.774000,0.000000,3.596918
161,35.533333,13.333333,20.853333,0.000000,3.588810
162,35.533333,13.600000,20.744667,0.000000,3.495648
163,35.533333,13.633333,20.672667,0.000000,3.460224
164,35.533333,13.266667,20.782667,0.000000,3.510806
165,35.533333,13.700000,20.840000,0.000000,3.613984
166,35.533333,13.533333,20.598667,0.000000,3.540665
167,35.533333,13.400000,20.787333,0.000000,3.535733
168,35.533333,12.900000,20.730000,0.000000,3.656997
169,35.533333,13.400000,20.809333,0.000000,3.590389
170,35.533333,13.233333,20.690667,0.000000,3.504488
171,35.533333,13.000000,20.696000,0.000000,3.506066
172,35.533333,13.100000,20.513333,0.000000,3.468584
173,35.533333,13.766667,20.839333,0.000000,3.598760
174,35.533333,13.800000,20.782000,0.000000,3.468071
175,35.533333,13.233333,20.620667,0.000000,3.511603
176,35.533333,13.233333,20.649333,0.000000,3.447843
177,35.566667,13.200000,20.781333,0.000000,3.608784
178,35.566667,13.400000,20.779333,0.000000,3.678681
179,35.566667,13.033333,20.738000,0.000000,3.645658
180,35.566667,13.633333,20.781333,0.000000,3.658402
181,35.566667,13.366667,20.640667,0.000000,3.527002
182,35.566667,13.400000,20.644667,0.000000,3.589107
183,35.566667,13.200000,20.827333,0.000000,3.628900
184,35.566667,13.333333,20.669333,0.000000,3.614464
185,35.566667,13.066667,20.748000,0.000000,3.620201
186,35.566667,13.300000,20.510667,0.000000,3.533472
187,35.566667,13.566667,20.790000,0.000000,3.571681
188,35.566667,12.733333,20.910000,0.000000,3.637291
189,35.566667,13.233333,20.696667,0.000000,3.541454
190,35.566667,13.800000,20.791333,0.000000,3.551662
191,35.566667,13.100000,20.710000,0.000000,3.585237
192,35.566667,13.533333,20.842000,0.000000,3.629933
193,35.566667,13.700000,20.841333,0.000000,3.466908
194,35.566667,13.100000,20.702000,0.000000,3.567878
195,35.566667,13.600000,20.785333,0.000000,3.542881
196,35.566667,13.133333,20.734000,0.000000,3.562481
197,35.566667,13.766667,20.736000,0.000000,3.506301
198,35.600000,13.266667,20.954667,0.000000,3.610870
199,35.600000,13.300000,20.588000,0.000000,3.522870
200,35.600000,13.466667,20.670000,0.000000,3.480782
BestSdev: 1.111187, Time: 12m1.117954261s