gen,best,worst,mean,rep,sdev
1,29.000000,13.400000,20.637333,0.000000,3.421908
2,29.900000,13.533333,20.826667,0.000000,3.457188
3,30.633333,13.266667,20.718667,0.000000,3.559096
4,31.166667,13.633333,20.720000,0.000000,3.571357
5,31.500000,13.466667,20.765333,0.000000,3.578212
6,31.933333,13.500000,20.777333,0.000000,3.532640
7,32.200000,13.200000,20.624667,0.000000,3.613411
8,32.433333,13.500000,20.721333,0.000000,3.551185
9,32.666667,13.266667,20.802000,0.000000,3.492742
10,32.666667,13.333333,20.702667,0.000000,3.548020
11,32.733333,13.800000,20.754000,0.000000,3.435662
12,32.833333,12.933333,20.659333,0.000000,3.597774
13,32.900000,13.033333,20.597333,0.000000,3.555810
14,32.933333,13.266667,20.797333,0.000000,3.598534
15,33.000000,13.566667,20.769333,0.000000,3.553105
16,33.000000,13.066667,20.707333,0.000000,3.670822
17,33.000000,12.966667,20.616667,0.000000,3.517602
18,33.000000,13.600000,20.729333,0.000000,3.504504
19,33.000000,13.466667,20.673333,0.000000,3.461984
20,33.066667,13.266667,20.687333,0.000000,3.674706
BestSdev: 1.134865, Time: 1m12.143110936s