gen,best,worst,mean,rep,sdev
1,30.633333,12.733333,20.727000,0.000000,3.607719
2,31.733333,12.566667,20.795667,0.000000,3.618087
3,31.966667,12.500000,20.695000,0.000000,3.618225
4,32.300000,12.733333,20.702000,0.000000,3.624460
5,32.533333,12.466667,20.691333,0.000000,3.675953
6,32.866667,12.933333,20.698000,0.000000,3.591866
7,32.966667,12.500000,20.678667,0.000000,3.622692
8,33.033333,12.433333,20.758000,0.000000,3.564258
9,33.033333,12.700000,20.855667,0.000000,3.575584
10,33.500000,12.433333,20.692333,0.000000,3.574446
11,33.700000,12.966667,20.735667,0.000000,3.610026
12,33.766667,12.866667,20.836000,0.000000,3.600580
13,33.766667,12.733333,20.665667,0.000000,3.602634
14,33.900000,12.500000,20.769000,0.000000,3.646591
15,34.033333,12.566667,20.734667,0.000000,3.506937
16,34.300000,12.600000,20.796333,0.000000,3.650313
17,34.300000,12.766667,20.773333,0.000000,3.629369
18,34.300000,12.666667,20.663667,0.000000,3.596216
19,34.300000,12.466667,20.714667,0.000000,3.566602
20,34.333333,12.633333,20.651000,0.000000,3.516535
21,34.366667,12.633333,20.822333,0.000000,3.621739
22,34.366667,12.400000,20.683667,0.000000,3.562344
23,34.466667,12.500000,20.714333,0.000000,3.556358
24,34.466667,13.000000,20.909000,0.000000,3.625136
25,34.466667,12.866667,20.776333,0.000000,3.583650
26,34.500000,12.500000,20.762667,0.000000,3.597760
27,34.500000,12.400000,20.724000,0.000000,3.696489
28,34.500000,12.500000,20.804333,0.000000,3.607217
29,34.500000,12.833333,20.755333,0.000000,3.604385
30,34.533333,12.000000,20.633000,0.000000,3.691012
31,34.600000,12.500000,20.746000,0.000000,3.614907
32,34.600000,12.900000,20.662667,0.000000,3.589609
33,34.600000,12.633333,20.746667,0.000000,3.612392
34,34.600000,13.000000,20.695000,0.000000,3.613521
35,34.700000,12.966667,20.697000,0.000000,3.622982
36,34.766667,12.900000,20.757333,0.000000,3.611615
37,34.766667,12.333333,20.719000,0.000000,3.596988
38,34.766667,12.633333,20.732667,0.000000,3.563704
39,34.800000,12.700000,20.731333,0.000000,3.571044
40,34.800000,12.533333,20.684333,0.000000,3.620564
41,34.833333,12.333333,20.709667,0.000000,3.623174
42,34.833333,12.733333,20.769667,0.000000,3.546389
43,34.833333,12.800000,20.817667,0.000000,3.604825
44,34.833333,12.733333,20.706667,0.000000,3.588642
45,34.833333,12.633333,20.883333,0.000000,3.604031
46,34.866667,12.600000,20.612667,0.000000,3.586229
47,34.866667,12.400000,20.681333,0.000000,3.536484
48,34.866667,12.833333,20.752667,0.000000,3.616915
49,34.900000,12.500000,20.644000,0.000000,3.619190
50,34.900000,13.000000,20.778333,0.000000,3.556079
51,34.933333,12.200000,20.669000,0.000000,3.646320
52,34.933333,12.700000,20.752667,0.000000,3.657809
53,35.100000,12.766667,20.740667,0.000000,3.661755
54,35.100000,12.600000,20.767000,0.000000,3.618579
55,35.100000,12.300000,20.801667,0.000000,3.600884
56,35.100000,12.566667,20.844667,0.000000,3.632435
57,35.166667,12.466667,20.678000,0.000000,3.584687
58,35.166667,12.566667,20.730333,0.000000,3.576002
59,35.166667,12.366667,20.739333,0.000000,3.643442
60,35.166667,12.600000,20.709667,0.000000,3.618977
61,35.200000,12.800000,20.667667,0.000000,3.514543
62,35.200000,12.633333,20.696000,0.000000,3.586707
63,35.266667,12.600000,20.657333,0.000000,3.589516
64,35.333333,12.700000,20.738667,0.000000,3.680687
65,35.333333,12.466667,20.787333,0.000000,3.618902
66,35.366667,12.966667,20.700667,0.000000,3.600341
67,35.400000,12.933333,20.783667,0.000000,3.677789
68,35.400000,12.633333,20.776667,0.000000,3.665100
69,35.400000,12.833333,20.709333,0.000000,3.550342
70,35.400000,12.833333,20.896333,0.000000,3.665550
71,35.500000,12.766667,20.694667,0.000000,3.543760
72,35.533333,12.666667,20.712333,0.000000,3.528618
73,35.533333,12.933333,20.785000,0.000000,3.575496
74,35.533333,12.533333,20.680667,0.000000,3.564450
75,35.533333,12.600000,20.809667,0.000000,3.654218
76,35.533333,12.500000,20.561333,0.000000,3.579008
77,35.533333,12.633333,20.797333,0.000000,3.657129
78,35.533333,12.433333,20.636333,0.000000,3.594516
79,35.566667,13.066667,20.510667,0.000000,3.600772
80,35.566667,12.566667,20.752333,0.000000,3.545736
81,35.566667,12.900000,20.698000,0.000000,3.576069
82,35.566667,12.866667,20.809667,0.000000,3.613631
83,35.566667,12.433333,20.759000,0.000000,3.703945
84,35.633333,12.466667,20.686000,0.000000,3.663001
85,35.633333,12.633333,20.639667,0.000000,3.599250
86,35.633333,12.666667,20.741333,0.000000,3.560888
87,35.633333,12.866667,20.660333,0.000000,3.543483
88,35.633333,12.266667,20.755667,0.000000,3.579175
89,35.633333,12.666667,20.728667,0.000000,3.644381
90,35.633333,12.733333,20.677667,0.000000,3.619639
91,35.666667,13.066667,20.822333,0.000000,3.648898
92,35.666667,12.833333,20.684333,0.000000,3.632471
93,35.666667,12.700000,20.760333,0.000000,3.603864
94,35.666667,12.800000,20.613333,0.000000,3.526689
95,35.666667,12.733333,20.735000,0.000000,3.593246
96,35.666667,12.333333,20.683667,0.000000,3.603359
97,35.666667,13.166667,20.741333,0.000000,3.535537
98,35.733333,12.800000,20.722333,0.000000,3.647065
99,35.733333,12.933333,20.726000,0.000000,3.531096
100,35.800000,12.700000,20.779000,0.000000,3.612241
BestSdev: 0.960976, Time: 11m17.554984596s