gen,best,worst,mean,rep,sdev
1,16.833333,11.033333,13.813667,0.000000,1.084821
2,17.233333,11.166667,13.804833,0.000000,1.086150
3,17.333333,11.166667,13.831667,0.000000,1.062891
4,17.433333,11.033333,13.777833,0.000000,1.091081
5,17.466667,11.100000,13.824167,0.000000,1.088989
6,17.466667,11.133333,13.801167,0.000000,1.060270
7,17.533333,11.233333,13.799833,0.000000,1.066335
8,17.633333,11.066667,13.799333,0.000000,1.090369
9,17.633333,11.066667,13.794167,0.000000,1.068116
10,17.633333,11.000000,13.788333,0.000000,1.067972
11,17.666667,11.000000,13.798000,0.000000,1.108281
12,17.700000,11.366667,13.799833,0.000000,1.075831
13,17.766667,11.133333,13.824333,0.000000,1.097596
14,17.766667,11.066667,13.819833,0.000000,1.092218
15,17.766667,11.000000,13.797833,0.000000,1.101671
16,17.800000,11.033333,13.783167,0.000000,1.090132
17,17.800000,11.066667,13.784833,0.000000,1.091504
18,17.800000,10.966667,13.804667,0.000000,1.085241
19,17.866667,11.000000,13.816667,0.000000,1.094466
20,17.933333,11.033333,13.795000,0.000000,1.080793
BestSdev: 0.251418, Time: 3m30.482810785s