gen,best,worst,mean,rep,sdev
1,32.000000,12.366667,20.813167,0.000000,3.652454
2,32.700000,11.833333,20.636000,0.000000,3.640412
3,33.000000,11.900000,20.659500,0.000000,3.589910
4,33.433333,11.866667,20.758500,0.000000,3.627105
5,33.633333,12.033333,20.729000,0.000000,3.589037
6,33.700000,12.266667,20.715333,0.000000,3.581104
7,33.866667,11.633333,20.793833,0.000000,3.625276
8,34.100000,12.333333,20.824167,0.000000,3.628122
9,34.100000,12.100000,20.670333,0.000000,3.608198
10,34.200000,11.966667,20.723000,0.000000,3.645266
11,34.266667,12.033333,20.714000,0.000000,3.589089
12,34.466667,12.000000,20.673167,0.000000,3.620523
13,34.600000,12.166667,20.791667,0.000000,3.694444
14,34.600000,11.733333,20.747000,0.000000,3.684741
15,34.700000,11.966667,20.646000,0.000000,3.619929
16,34.733333,11.966667,20.766667,0.000000,3.570206
17,34.800000,12.100000,20.744333,0.000000,3.621057
18,34.800000,11.733333,20.693667,0.000000,3.586473
19,34.833333,12.200000,20.651500,0.000000,3.547099
20,34.866667,12.133333,20.768500,0.000000,3.592424
BestSdev: 0.773872, Time: 4m14.933046139s