gen,best,worst,mean,rep,sdev
1,29.133333,13.266667,20.826000,0.000000,3.566602
2,30.433333,13.300000,20.623333,0.000000,3.594456
3,31.166667,13.700000,20.726667,0.000000,3.546435
4,31.300000,13.333333,20.681333,0.000000,3.533065
5,31.600000,13.100000,20.661333,0.000000,3.586319
6,31.766667,13.600000,20.638667,0.000000,3.632786
7,31.966667,13.666667,20.733333,0.000000,3.515587
8,32.400000,13.200000,20.512000,0.000000,3.495938
9,32.600000,13.066667,20.676667,0.000000,3.623426
10,32.700000,13.000000,20.797333,0.000000,3.607426
11,32.700000,13.800000,20.708667,0.000000,3.488023
12,32.833333,13.166667,20.911333,0.000000,3.705144
13,32.833333,13.666667,20.814667,0.000000,3.607222
14,33.200000,13.266667,20.810667,0.000000,3.624000
15,33.200000,13.566667,20.892667,0.000000,3.557573
16,33.233333,13.533333,20.799333,0.000000,3.607097
17,33.233333,13.100000,20.661333,0.000000,3.588764
18,33.266667,12.933333,20.589333,0.000000,3.584442
19,33.300000,13.300000,20.614000,0.000000,3.518717
20,33.333333,13.533333,20.707333,0.000000,3.578313
21,33.333333,13.333333,20.582667,0.000000,3.515481
22,33.400000,13.233333,20.774667,0.000000,3.634007
23,33.466667,13.066667,20.704000,0.000000,3.559667
24,33.500000,12.933333,20.570667,0.000000,3.680689
25,33.500000,13.100000,20.892667,0.000000,3.595547
26,33.500000,13.366667,20.848667,0.000000,3.571640
27,33.566667,13.300000,20.647333,0.000000,3.545848
28,33.633333,13.466667,20.818667,0.000000,3.631739
29,33.633333,13.333333,20.811333,0.000000,3.654112
30,33.633333,13.100000,20.649333,0.000000,3.608610
31,33.633333,13.900000,20.746667,0.000000,3.383796
32,33.733333,13.500000,20.794000,0.000000,3.595699
33,33.766667,13.533333,20.674667,0.000000,3.531654
34,33.800000,13.033333,20.813333,0.000000,3.739621
35,33.966667,13.433333,20.834667,0.000000,3.605066
36,33.966667,13.266667,20.708667,0.000000,3.534345
37,33.966667,13.033333,20.347333,0.000000,3.485051
38,34.000000,13.266667,20.573333,0.000000,3.555166
39,34.066667,13.233333,20.682000,0.000000,3.639922
40,34.066667,13.566667,20.862000,0.000000,3.522329
41,34.066667,13.500000,20.656667,0.000000,3.525184
42,34.066667,13.433333,20.714667,0.000000,3.559831
43,34.133333,13.500000,20.702667,0.000000,3.634714
44,34.266667,13.700000,20.744000,0.000000,3.578488
45,34.266667,13.366667,20.658000,0.000000,3.562353
46,34.266667,13.300000,20.742667,0.000000,3.496026
47,34.266667,13.133333,20.761333,0.000000,3.584518
48,34.266667,13.166667,20.703333,0.000000,3.498443
49,34.266667,13.133333,20.760000,0.000000,3.612587
50,34.333333,13.200000,20.731333,0.000000,3.672238
BestSdev: 1.061953, Time: 3m0.044820244s