gen,best,worst,mean,rep,sdev
1,28.000000,14.633333,20.748333,0.000000,3.467443
2,28.833333,14.366667,20.593333,0.000000,3.489320
3,29.600000,13.900000,20.661667,0.000000,3.669388
4,30.200000,14.566667,20.795000,0.000000,3.509017
5,30.600000,14.500000,20.986667,0.000000,3.676208
6,30.766667,14.466667,20.723333,0.000000,3.371526
7,30.966667,14.633333,20.716667,0.000000,3.366436
8,31.033333,14.766667,20.723333,0.000000,3.234547
9,31.133333,15.100000,20.818333,0.000000,3.299815
10,31.433333,14.200000,20.721667,0.000000,3.499542
11,31.666667,14.766667,20.675000,0.000000,3.614451
12,31.733333,14.733333,20.875000,0.000000,3.446876
13,31.800000,14.133333,20.750000,0.000000,3.625928
14,32.133333,14.400000,20.975000,0.000000,3.502411
15,32.166667,14.500000,20.941667,0.000000,3.506386
16,32.366667,14.366667,20.565000,0.000000,3.554871
17,32.500000,14.466667,20.816667,0.000000,3.518148
18,32.533333,14.433333,20.773333,0.000000,3.362538
19,32.533333,14.600000,20.625000,0.000000,3.273263
20,32.600000,14.600000,20.876667,0.000000,3.661725
21,32.666667,14.733333,20.811667,0.000000,3.388557
22,32.700000,14.500000,20.996667,0.000000,3.697605
23,32.800000,14.900000,20.958333,0.000000,3.365186
24,32.800000,14.800000,20.746667,0.000000,3.554266
25,32.866667,14.700000,20.795000,0.000000,3.421983
26,32.866667,14.700000,20.768333,0.000000,3.315856
27,32.866667,14.033333,20.783333,0.000000,3.571427
28,32.866667,14.433333,20.563333,0.000000,3.373676
29,32.933333,14.366667,20.578333,0.000000,3.521534
30,32.933333,14.633333,20.891667,0.000000,3.553159
31,33.000000,14.600000,20.883333,0.000000,3.474416
32,33.033333,14.733333,20.558333,0.000000,3.293736
33,33.100000,14.433333,20.618333,0.000000,3.467965
34,33.200000,14.400000,20.753333,0.000000,3.600028
35,33.233333,14.166667,20.640000,0.000000,3.632317
36,33.233333,14.766667,20.896667,0.000000,3.441831
37,33.233333,15.133333,21.110000,0.000000,3.489823
38,33.266667,14.333333,20.595000,0.000000,3.533972
39,33.266667,14.200000,20.420000,0.000000,3.522482
40,33.366667,14.733333,20.668333,0.000000,3.419711
41,33.366667,14.633333,20.588333,0.000000,3.380904
42,33.400000,14.200000,20.553333,0.000000,3.458752
43,33.433333,14.166667,20.915000,0.000000,3.624376
44,33.433333,14.300000,20.480000,0.000000,3.482474
45,33.466667,14.800000,20.913333,0.000000,3.565094
46,33.500000,14.366667,20.503333,0.000000,3.360901
47,33.500000,14.133333,20.808333,0.000000,3.546923
48,33.533333,14.866667,20.856667,0.000000,3.260847
49,33.666667,14.166667,20.620000,0.000000,3.570390
50,33.700000,14.633333,20.855000,0.000000,3.507730
51,33.700000,14.566667,20.616667,0.000000,3.384763
52,33.700000,14.166667,20.501667,0.000000,3.585354
53,33.766667,14.400000,20.616667,0.000000,3.386047
54,33.766667,14.633333,20.660000,0.000000,3.386241
55,33.766667,14.400000,20.655000,0.000000,3.596226
56,33.866667,14.566667,20.516667,0.000000,3.333613
57,33.900000,14.633333,21.156667,0.000000,3.513931
58,33.900000,14.800000,21.001667,0.000000,3.514963
59,33.900000,14.533333,20.916667,0.000000,3.633454
60,33.900000,14.366667,20.633333,0.000000,3.572394
61,33.900000,14.266667,20.636667,0.000000,3.544779
62,33.900000,14.533333,20.660000,0.000000,3.411814
63,34.233333,14.600000,20.940000,0.000000,3.524632
64,34.233333,14.400000,20.543333,0.000000,3.338531
65,34.266667,14.800000,20.820000,0.000000,3.403963
66,34.266667,13.766667,20.618333,0.000000,3.477584
67,34.266667,14.100000,20.548333,0.000000,3.399474
68,34.266667,14.066667,20.605000,0.000000,3.471515
69,34.266667,14.300000,20.870000,0.000000,3.370012
70,34.300000,14.366667,20.843333,0.000000,3.456431
71,34.300000,14.533333,20.830000,0.000000,3.335901
72,34.300000,14.366667,20.533333,0.000000,3.663285
73,34.300000,14.800000,20.653333,0.000000,3.417310
74,34.300000,14.166667,20.500000,0.000000,3.421794
75,34.300000,14.200000,20.633333,0.000000,3.348776
76,34.300000,14.133333,20.675000,0.000000,3.602273
77,34.333333,14.666667,20.683333,0.000000,3.372018
78,34.333333,14.333333,20.803333,0.000000,3.483789
79,34.366667,14.100000,20.765000,0.000000,3.662229
80,34.400000,14.600000,20.511667,0.000000,3.307093
81,34.400000,14.600000,20.740000,0.000000,3.431083
82,34.400000,13.900000,20.481667,0.000000,3.417978
83,34.400000,14.833333,20.781667,0.000000,3.522059
84,34.400000,14.466667,20.593333,0.000000,3.433803
85,34.400000,14.200000,20.575000,0.000000,3.597002
86,34.400000,14.933333,20.670000,0.000000,3.274894
87,34.400000,14.766667,20.655000,0.000000,3.391427
88,34.400000,14.266667,20.800000,0.000000,3.645525
89,34.400000,13.966667,20.605000,0.000000,3.622861
90,34.400000,15.000000,20.593333,0.000000,3.249248
91,34.433333,14.866667,20.748333,0.000000,3.478568
92,34.433333,14.433333,20.718333,0.000000,3.605634
93,34.433333,14.666667,20.708333,0.000000,3.433460
94,34.433333,13.933333,20.796667,0.000000,3.682876
95,34.433333,14.933333,20.675000,0.000000,3.480579
96,34.433333,14.600000,20.700000,0.000000,3.459955
97,34.433333,14.300000,20.675000,0.000000,3.473245
98,34.433333,14.933333,20.910000,0.000000,3.415028
99,34.433333,14.733333,20.741667,0.000000,3.476939
100,34.533333,14.633333,20.698333,0.000000,3.440760
101,34.533333,14.633333,20.631667,0.000000,3.433189
102,34.533333,14.500000,20.758333,0.000000,3.541153
103,34.533333,14.566667,20.700000,0.000000,3.336482
104,34.533333,14.600000,20.713333,0.000000,3.404295
105,34.533333,14.866667,20.730000,0.000000,3.278549
106,34.533333,14.500000,20.675000,0.000000,3.453826
107,34.533333,14.433333,20.866667,0.000000,3.475720
108,34.533333,14.666667,20.821667,0.000000,3.353893
109,34.566667,14.400000,20.870000,0.000000,3.549568
110,34.566667,14.833333,20.770000,0.000000,3.513711
111,34.566667,14.200000,20.870000,0.000000,3.554919
112,34.566667,14.900000,20.685000,0.000000,3.500799
113,34.566667,14.566667,20.561667,0.000000,3.520056
114,34.700000,14.600000,20.860000,0.000000,3.597282
115,34.700000,14.600000,20.583333,0.000000,3.328882
116,34.700000,14.366667,20.548333,0.000000,3.534364
117,34.700000,13.633333,20.496667,0.000000,3.566070
118,34.700000,14.100000,20.576667,0.000000,3.485243
119,34.700000,14.700000,20.896667,0.000000,3.568000
120,34.700000,14.366667,20.558333,0.000000,3.470377
121,34.700000,14.866667,20.845000,0.000000,3.354111
122,34.700000,14.666667,20.865000,0.000000,3.471451
123,34.700000,14.466667,20.653333,0.000000,3.447693
124,34.700000,14.766667,20.976667,0.000000,3.696700
125,34.700000,13.933333,20.773333,0.000000,3.681575
126,34.700000,14.733333,20.788333,0.000000,3.530562
127,34.700000,14.600000,20.703333,0.000000,3.429257
128,34.700000,14.433333,20.701667,0.000000,3.534631
129,34.700000,14.466667,20.773333,0.000000,3.406306
130,34.700000,14.666667,20.665000,0.000000,3.295159
131,34.700000,14.466667,20.705000,0.000000,3.547739
132,34.700000,14.933333,20.718333,0.000000,3.372858
133,34.700000,14.566667,20.876667,0.000000,3.502242
134,34.700000,14.566667,20.748333,0.000000,3.480832
135,34.700000,14.200000,20.658333,0.000000,3.597776
136,34.700000,14.333333,20.893333,0.000000,3.541451
137,34.700000,14.533333,20.711667,0.000000,3.405649
138,34.700000,14.166667,20.416667,0.000000,3.375924
139,34.700000,14.300000,20.633333,0.000000,3.519481
140,34.700000,14.400000,20.766667,0.000000,3.536520
141,34.700000,14.700000,20.793333,0.000000,3.416088
142,34.700000,13.766667,20.646667,0.000000,3.730685
143,34.700000,14.766667,20.840000,0.000000,3.368770
144,34.700000,14.433333,20.808333,0.000000,3.473620
145,34.700000,14.500000,20.675000,0.000000,3.356793
146,34.700000,14.633333,20.628333,0.000000,3.398082
147,34.700000,14.633333,21.211667,0.000000,3.539420
148,34.700000,14.500000,20.533333,0.000000,3.438377
149,34.700000,14.566667,20.835000,0.000000,3.550976
150,34.700000,14.766667,20.525000,0.000000,3.449977
151,34.700000,14.566667,20.780000,0.000000,3.435015
152,34.700000,14.466667,20.613333,0.000000,3.315289
153,34.700000,14.066667,21.063333,0.000000,3.744349
154,34.700000,14.933333,20.808333,0.000000,3.450871
155,34.700000,14.500000,20.626667,0.000000,3.318872
156,34.700000,14.333333,20.546667,0.000000,3.477898
157,34.700000,14.666667,20.760000,0.000000,3.428059
158,34.700000,14.600000,20.638333,0.000000,3.446305
159,34.700000,14.466667,20.858333,0.000000,3.394967
160,34.700000,14.100000,20.685000,0.000000,3.439433
161,34.700000,14.533333,20.581667,0.000000,3.503384
162,34.700000,14.600000,20.890000,0.000000,3.573046
163,34.700000,14.133333,20.831667,0.000000,3.585567
164,34.733333,14.666667,20.806667,0.000000,3.532045
165,34.766667,14.466667,20.655000,0.000000,3.370552
166,34.766667,14.233333,20.555000,0.000000,3.407443
167,34.900000,14.333333,20.730000,0.000000,3.556821
168,34.900000,14.566667,20.665000,0.000000,3.545324
169,34.933333,14.200000,21.020000,0.000000,3.653979
170,34.966667,15.033333,20.768333,0.000000,3.416310
171,35.000000,14.433333,20.746667,0.000000,3.460874
172,35.000000,14.566667,20.948333,0.000000,3.594829
173,35.000000,13.866667,20.728333,0.000000,3.694168
174,35.000000,14.700000,20.625000,0.000000,3.401692
175,35.000000,14.566667,20.883333,0.000000,3.529608
176,35.033333,14.433333,20.741667,0.000000,3.492791
177,35.033333,14.966667,20.828333,0.000000,3.479191
178,35.033333,14.500000,20.846667,0.000000,3.506622
179,35.033333,14.533333,20.443333,0.000000,3.305224
180,35.033333,14.533333,20.701667,0.000000,3.561812
181,35.066667,14.066667,20.813333,0.000000,3.557914
182,35.066667,14.166667,20.766667,0.000000,3.645185
183,35.066667,14.566667,20.693333,0.000000,3.474648
184,35.066667,14.233333,20.568333,0.000000,3.389892
185,35.066667,14.400000,20.621667,0.000000,3.455121
186,35.066667,14.633333,20.600000,0.000000,3.235276
187,35.066667,14.066667,20.575000,0.000000,3.545240
188,35.066667,14.066667,20.568333,0.000000,3.445281
189,35.100000,14.633333,20.951667,0.000000,3.582226
190,35.100000,14.566667,20.761667,0.000000,3.471251
191,35.100000,14.466667,20.958333,0.000000,3.449264
192,35.100000,14.700000,20.648333,0.000000,3.346893
193,35.133333,14.700000,20.995000,0.000000,3.545049
194,35.133333,14.500000,20.660000,0.000000,3.441417
195,35.133333,14.333333,20.658333,0.000000,3.441099
196,35.133333,14.700000,20.766667,0.000000,3.334855
197,35.133333,14.633333,20.843333,0.000000,3.387343
198,35.133333,14.333333,20.796667,0.000000,3.554829
199,35.133333,14.566667,20.791667,0.000000,3.307716
200,35.133333,14.733333,20.523333,0.000000,3.275461
201,35.133333,14.466667,20.793333,0.000000,3.482432
202,35.133333,14.500000,20.673333,0.000000,3.413613
203,35.133333,14.266667,20.883333,0.000000,3.584530
204,35.133333,14.566667,20.561667,0.000000,3.360433
205,35.133333,14.166667,20.558333,0.000000,3.414455
206,35.133333,14.333333,20.608333,0.000000,3.473867
207,35.133333,14.500000,20.850000,0.000000,3.587340
208,35.166667,14.133333,20.740000,0.000000,3.675006
209,35.166667,14.133333,20.683333,0.000000,3.630882
210,35.166667,15.166667,20.961667,0.000000,3.342906
211,35.166667,14.600000,20.866667,0.000000,3.631877
212,35.166667,14.400000,20.795000,0.000000,3.435395
213,35.200000,14.800000,20.796667,0.000000,3.459191
214,35.200000,14.166667,20.591667,0.000000,3.558692
215,35.200000,14.466667,20.566667,0.000000,3.341540
216,35.200000,14.466667,20.631667,0.000000,3.438388
217,35.200000,14.700000,20.833333,0.000000,3.380670
218,35.200000,14.366667,20.751667,0.000000,3.403218
219,35.200000,14.533333,20.813333,0.000000,3.490377
220,35.200000,14.366667,20.660000,0.000000,3.386825
221,35.333333,13.966667,20.558333,0.000000,3.532548
222,35.333333,14.366667,20.785000,0.000000,3.636807
223,35.333333,14.966667,20.798333,0.000000,3.391102
224,35.333333,14.900000,21.120000,0.000000,3.418662
225,35.333333,14.466667,20.738333,0.000000,3.353561
226,35.333333,14.166667,20.708333,0.000000,3.431011
227,35.333333,14.200000,20.713333,0.000000,3.638508
228,35.333333,14.766667,20.686667,0.000000,3.380355
229,35.333333,14.366667,20.596667,0.000000,3.400427
230,35.333333,14.666667,20.733333,0.000000,3.441487
231,35.333333,14.066667,20.518333,0.000000,3.519472
232,35.333333,14.666667,20.840000,0.000000,3.421427
233,35.333333,15.033333,20.718333,0.000000,3.305246
234,35.333333,14.400000,20.753333,0.000000,3.568081
235,35.333333,14.633333,20.836667,0.000000,3.461417
236,35.333333,14.333333,20.758333,0.000000,3.596106
237,35.333333,14.266667,20.641667,0.000000,3.510142
238,35.333333,14.700000,20.796667,0.000000,3.450490
239,35.333333,14.766667,20.671667,0.000000,3.469955
240,35.333333,14.666667,20.763333,0.000000,3.409324
241,35.333333,14.200000,20.630000,0.000000,3.659127
242,35.333333,14.366667,20.748333,0.000000,3.555480
243,35.333333,15.100000,21.191667,0.000000,3.599319
244,35.400000,14.833333,21.093333,0.000000,3.651106
245,35.400000,14.700000,20.825000,0.000000,3.461561
246,35.400000,14.400000,20.665000,0.000000,3.475593
247,35.433333,15.066667,20.861667,0.000000,3.382962
248,35.433333,14.333333,20.551667,0.000000,3.527967
249,35.433333,14.700000,20.711667,0.000000,3.511426
250,35.433333,14.333333,20.605000,0.000000,3.667414
251,35.433333,14.533333,20.791667,0.000000,3.423888
252,35.433333,14.666667,20.610000,0.000000,3.428540
253,35.433333,14.500000,20.728333,0.000000,3.586761
254,35.433333,14.766667,20.618333,0.000000,3.252503
255,35.433333,14.500000,20.718333,0.000000,3.341321
256,35.433333,14.466667,20.798333,0.000000,3.635713
257,35.433333,14.666667,20.921667,0.000000,3.516955
258,35.433333,14.233333,20.613333,0.000000,3.473016
259,35.466667,14.333333,20.726667,0.000000,3.553439
260,35.466667,14.366667,20.601667,0.000000,3.414123
261,35.466667,13.966667,20.423333,0.000000,3.571049
262,35.500000,14.400000,20.801667,0.000000,3.508969
263,35.500000,14.700000,20.960000,0.000000,3.401703
264,35.500000,14.633333,20.610000,0.000000,3.427562
265,35.500000,14.333333,20.538333,0.000000,3.441620
266,35.500000,14.800000,20.830000,0.000000,3.546197
267,35.500000,14.233333,20.830000,0.000000,3.575996
268,35.500000,14.866667,20.853333,0.000000,3.304665
269,35.500000,14.266667,20.708333,0.000000,3.565935
270,35.500000,14.500000,20.718333,0.000000,3.312557
271,35.500000,14.400000,20.781667,0.000000,3.499611
272,35.500000,14.300000,20.763333,0.000000,3.495616
273,35.500000,14.700000,20.888333,0.000000,3.460044
274,35.500000,14.433333,20.740000,0.000000,3.322795
275,35.500000,14.533333,20.723333,0.000000,3.308373
276,35.500000,14.100000,20.866667,0.000000,3.705067
277,35.533333,14.033333,20.908333,0.000000,3.689554
278,35.533333,14.500000,20.826667,0.000000,3.455218
279,35.533333,14.566667,20.841667,0.000000,3.494669
280,35.533333,14.566667,20.735000,0.000000,3.463866
281,35.533333,14.600000,20.711667,0.000000,3.504330
282,35.533333,14.533333,20.785000,0.000000,3.499560
283,35.533333,14.766667,20.820000,0.000000,3.408881
284,35.533333,14.833333,20.741667,0.000000,3.376273
285,35.600000,14.233333,20.685000,0.000000,3.600044
286,35.600000,14.433333,20.535000,0.000000,3.501743
287,35.600000,14.933333,20.931667,0.000000,3.362357
288,35.600000,14.066667,20.783333,0.000000,3.594137
289,35.600000,14.700000,20.675000,0.000000,3.430881
290,35.600000,14.433333,20.746667,0.000000,3.745869
291,35.600000,14.300000,20.766667,0.000000,3.473478
292,35.600000,14.566667,21.011667,0.000000,3.399032
293,35.600000,14.700000,20.908333,0.000000,3.455322
294,35.600000,14.166667,20.720000,0.000000,3.367200
295,35.600000,13.900000,20.813333,0.000000,3.699864
296,35.600000,14.933333,20.835000,0.000000,3.265905
297,35.600000,14.466667,20.593333,0.000000,3.526202
298,35.600000,14.500000,20.830000,0.000000,3.446313
299,35.600000,13.933333,20.738333,0.000000,3.511362
300,35.600000,14.466667,20.845000,0.000000,3.511020
301,35.600000,14.300000,20.875000,0.000000,3.744007
302,35.600000,14.733333,20.955000,0.000000,3.588624
303,35.600000,14.500000,20.750000,0.000000,3.438874
304,35.600000,14.500000,20.695000,0.000000,3.461316
305,35.600000,14.466667,20.451667,0.000000,3.406453
306,35.600000,14.533333,20.676667,0.000000,3.523168
307,35.600000,14.866667,20.841667,0.000000,3.451625
308,35.600000,14.700000,20.656667,0.000000,3.369487
309,35.600000,14.566667,20.731667,0.000000,3.511280
310,35.600000,14.633333,20.553333,0.000000,3.409654
311,35.600000,14.566667,20.638333,0.000000,3.337064
312,35.600000,14.866667,20.670000,0.000000,3.442647
313,35.600000,14.733333,20.753333,0.000000,3.518828
314,35.600000,14.633333,20.573333,0.000000,3.463340
315,35.600000,14.700000,20.673333,0.000000,3.256334
316,35.600000,14.400000,20.821667,0.000000,3.561380
317,35.600000,14.266667,20.623333,0.000000,3.578082
318,35.600000,14.233333,20.800000,0.000000,3.537000
319,35.600000,14.766667,20.766667,0.000000,3.518930
320,35.600000,14.466667,20.745000,0.000000,3.440079
321,35.600000,14.100000,20.541667,0.000000,3.437849
322,35.600000,14.666667,20.963333,0.000000,3.511614
323,35.600000,14.500000,20.503333,0.000000,3.394912
324,35.600000,14.500000,20.791667,0.000000,3.462686
325,35.600000,14.233333,20.713333,0.000000,3.554207
326,35.600000,14.333333,20.625000,0.000000,3.546290
327,35.600000,14.433333,20.665000,0.000000,3.392125
328,35.600000,14.666667,20.661667,0.000000,3.370026
329,35.600000,14.933333,21.000000,0.000000,3.443711
330,35.600000,14.733333,20.993333,0.000000,3.480779
331,35.600000,14.100000,20.755000,0.000000,3.640773
332,35.600000,14.366667,20.793333,0.000000,3.575563
333,35.600000,14.133333,20.655000,0.000000,3.792328
334,35.600000,14.500000,20.636667,0.000000,3.502095
335,35.600000,14.966667,20.980000,0.000000,3.379021
336,35.633333,14.366667,20.890000,0.000000,3.746188
337,35.633333,14.566667,20.535000,0.000000,3.397573
338,35.633333,14.566667,20.776667,0.000000,3.328001
339,35.633333,14.500000,20.703333,0.000000,3.369352
340,35.633333,14.366667,20.730000,0.000000,3.574512
341,35.633333,14.400000,20.728333,0.000000,3.475207
342,35.633333,14.166667,20.801667,0.000000,3.690358
343,35.633333,14.633333,20.720000,0.000000,3.564111
344,35.633333,14.400000,20.716667,0.000000,3.524028
345,35.633333,14.833333,20.908333,0.000000,3.437193
346,35.633333,14.500000,20.720000,0.000000,3.493334
347,35.633333,14.600000,20.885000,0.000000,3.627767
348,35.633333,14.166667,20.880000,0.000000,3.581460
349,35.633333,14.366667,20.770000,0.000000,3.533351
350,35.633333,14.300000,20.741667,0.000000,3.452634
351,35.633333,14.366667,21.051667,0.000000,3.647773
352,35.633333,15.033333,21.023333,0.000000,3.427745
353,35.633333,14.666667,20.606667,0.000000,3.335928
354,35.633333,14.100000,20.646667,0.000000,3.525637
355,35.633333,14.466667,20.680000,0.000000,3.369986
356,35.633333,14.433333,20.730000,0.000000,3.422677
357,35.633333,14.366667,20.870000,0.000000,3.602653
358,35.633333,14.333333,20.731667,0.000000,3.406961
359,35.633333,14.633333,20.691667,0.000000,3.344130
360,35.633333,14.766667,20.576667,0.000000,3.372480
361,35.633333,14.333333,20.590000,0.000000,3.421950
362,35.633333,14.833333,20.925000,0.000000,3.513621
363,35.633333,14.300000,20.616667,0.000000,3.484287
364,35.633333,14.566667,20.775000,0.000000,3.422966
365,35.633333,14.566667,20.673333,0.000000,3.394500
366,35.633333,14.100000,20.891667,0.000000,3.501379
367,35.633333,14.500000,20.620000,0.000000,3.435810
368,35.700000,14.333333,20.601667,0.000000,3.520438
369,35.700000,14.433333,20.845000,0.000000,3.531762
370,35.700000,14.466667,20.861667,0.000000,3.515892
371,35.700000,14.233333,20.678333,0.000000,3.562257
372,35.700000,14.133333,20.681667,0.000000,3.472697
373,35.700000,14.900000,20.820000,0.000000,3.447084
374,35.700000,14.800000,20.660000,0.000000,3.347266
375,35.700000,14.566667,20.730000,0.000000,3.461751
376,35.700000,14.300000,20.855000,0.000000,3.541224
377,35.700000,14.466667,20.585000,0.000000,3.532130
378,35.700000,14.333333,20.626667,0.000000,3.493535
379,35.700000,14.566667,20.661667,0.000000,3.529099
380,35.700000,14.700000,20.765000,0.000000,3.471503
381,35.700000,14.233333,20.388333,0.000000,3.519604
382,35.700000,14.800000,20.860000,0.000000,3.514202
383,35.700000,14.700000,20.945000,0.000000,3.481639
384,35.700000,14.366667,20.706667,0.000000,3.493683
385,35.700000,14.500000,20.755000,0.000000,3.492453
386,35.700000,14.433333,20.635000,0.000000,3.470538
387,35.700000,14.033333,20.608333,0.000000,3.595243
388,35.700000,14.666667,20.678333,0.000000,3.201403
389,35.700000,14.533333,20.675000,0.000000,3.385530
390,35.700000,14.500000,20.895000,0.000000,3.630117
391,35.700000,14.200000,20.755000,0.000000,3.702780
392,35.700000,14.233333,20.606667,0.000000,3.504241
393,35.700000,14.166667,20.580000,0.000000,3.445447
394,35.700000,14.066667,20.498333,0.000000,3.502000
395,35.700000,14.333333,20.896667,0.000000,3.649293
396,35.700000,14.466667,20.593333,0.000000,3.633520
397,35.700000,14.233333,20.701667,0.000000,3.582557
398,35.700000,14.366667,20.710000,0.000000,3.419932
399,35.700000,14.233333,20.705000,0.000000,3.450048
400,35.700000,14.366667,21.008333,0.000000,3.675694
401,35.700000,14.300000,20.525000,0.000000,3.357069
402,35.700000,14.300000,20.351667,0.000000,3.361883
403,35.700000,14.666667,20.788333,0.000000,3.413538
404,35.700000,14.633333,20.518333,0.000000,3.549761
405,35.700000,14.633333,20.876667,0.000000,3.283401
406,35.700000,14.333333,20.620000,0.000000,3.508399
407,35.700000,14.500000,20.646667,0.000000,3.524942
408,35.700000,14.600000,20.798333,0.000000,3.609404
409,35.700000,14.666667,20.540000,0.000000,3.325914
410,35.700000,14.133333,20.815000,0.000000,3.588445
411,35.700000,14.733333,20.655000,0.000000,3.496545
412,35.700000,14.400000,20.501667,0.000000,3.419255
413,35.700000,14.600000,20.648333,0.000000,3.410038
414,35.700000,14.166667,20.631667,0.000000,3.552412
415,35.700000,14.400000,20.718333,0.000000,3.533971
416,35.700000,15.300000,21.123333,0.000000,3.340782
417,35.700000,14.100000,20.615000,0.000000,3.437965
418,35.700000,14.900000,20.725000,0.000000,3.334336
419,35.700000,14.333333,20.638333,0.000000,3.503391
420,35.700000,14.933333,21.101667,0.000000,3.432574
421,35.700000,14.366667,20.946667,0.000000,3.659571
422,35.700000,14.733333,21.003333,0.000000,3.489834
423,35.700000,13.833333,20.513333,0.000000,3.660045
424,35.700000,14.333333,20.661667,0.000000,3.478708
425,35.700000,14.000000,20.766667,0.000000,3.604260
426,35.700000,15.000000,20.755000,0.000000,3.404911
427,35.700000,13.766667,20.543333,0.000000,3.623054
428,35.700000,14.333333,20.715000,0.000000,3.451732
429,35.700000,14.700000,20.856667,0.000000,3.472759
430,35.700000,14.233333,20.780000,0.000000,3.603824
431,35.700000,14.166667,20.716667,0.000000,3.406886
432,35.700000,14.500000,20.905000,0.000000,3.532973
433,35.700000,14.766667,20.576667,0.000000,3.380717
434,35.700000,14.566667,20.403333,0.000000,3.348024
435,35.700000,14.933333,20.918333,0.000000,3.556926
436,35.700000,14.366667,20.935000,0.000000,3.461637
437,35.700000,14.333333,20.540000,0.000000,3.529126
438,35.700000,14.500000,20.633333,0.000000,3.433390
439,35.700000,14.200000,20.770000,0.000000,3.508602
440,35.700000,14.400000,20.736667,0.000000,3.577634
441,35.700000,14.366667,20.910000,0.000000,3.557497
442,35.700000,13.933333,20.531667,0.000000,3.471849
443,35.700000,14.700000,20.753333,0.000000,3.449610
444,35.700000,14.466667,20.720000,0.000000,3.522965
445,35.700000,13.833333,20.800000,0.000000,3.823346
446,35.700000,14.100000,20.691667,0.000000,3.619460
447,35.700000,14.066667,20.533333,0.000000,3.451301
448,35.700000,14.433333,20.721667,0.000000,3.493231
449,35.700000,14.000000,20.716667,0.000000,3.494948
450,35.700000,14.266667,20.420000,0.000000,3.456498
451,35.700000,14.133333,20.660000,0.000000,3.519757
452,35.700000,14.900000,20.798333,0.000000,3.398315
453,35.700000,14.333333,20.588333,0.000000,3.547951
454,35.700000,14.500000,20.760000,0.000000,3.464109
455,35.700000,14.766667,20.720000,0.000000,3.257105
456,35.700000,14.466667,20.865000,0.000000,3.474218
457,35.700000,14.333333,20.606667,0.000000,3.451129
458,35.700000,15.000000,20.751667,0.000000,3.392991
459,35.700000,14.100000,20.585000,0.000000,3.585330
460,35.766667,14.166667,20.555000,0.000000,3.495949
461,35.766667,14.233333,20.593333,0.000000,3.482684
462,35.766667,14.666667,20.826667,0.000000,3.542204
463,35.766667,14.733333,21.141667,0.000000,3.553398
464,35.833333,14.266667,20.875000,0.000000,3.670907
465,35.833333,14.266667,20.831667,0.000000,3.623951
466,35.833333,13.800000,20.983333,0.000000,3.578348
467,35.833333,13.933333,20.495000,0.000000,3.516834
468,35.833333,13.833333,20.483333,0.000000,3.657550
469,35.833333,14.600000,20.675000,0.000000,3.462780
470,35.833333,14.166667,20.613333,0.000000,3.532201
471,35.833333,14.266667,20.795000,0.000000,3.557051
472,35.833333,14.500000,20.575000,0.000000,3.474970
473,35.833333,14.700000,20.750000,0.000000,3.546220
474,35.833333,15.066667,20.906667,0.000000,3.315207
475,35.833333,14.333333,20.746667,0.000000,3.547231
476,35.833333,14.400000,20.615000,0.000000,3.506625
477,35.866667,14.466667,20.815000,0.000000,3.564773
478,35.866667,14.233333,20.556667,0.000000,3.477072
479,35.866667,14.533333,20.688333,0.000000,3.421702
480,35.866667,14.700000,20.806667,0.000000,3.480468
481,35.866667,14.333333,20.556667,0.000000,3.481081
482,35.866667,14.500000,20.703333,0.000000,3.371071
483,35.866667,14.166667,20.701667,0.000000,3.445313
484,35.866667,14.400000,20.493333,0.000000,3.391053
485,35.866667,14.366667,20.483333,0.000000,3.525981
486,35.866667,14.433333,20.763333,0.000000,3.512684
487,35.866667,14.300000,20.626667,0.000000,3.336087
488,35.866667,14.733333,20.668333,0.000000,3.340500
489,35.866667,14.500000,20.683333,0.000000,3.424226
490,35.866667,14.466667,20.651667,0.000000,3.407396
491,35.900000,14.233333,20.370000,0.000000,3.623611
492,35.900000,15.100000,20.965000,0.000000,3.407880
493,35.900000,14.600000,20.621667,0.000000,3.404358
494,35.900000,14.733333,20.695000,0.000000,3.507831
495,35.900000,14.766667,20.728333,0.000000,3.558835
496,35.900000,13.800000,20.411667,0.000000,3.541502
497,35.900000,14.933333,21.125000,0.000000,3.395537
498,35.900000,14.200000,20.983333,0.000000,3.553370
499,35.933333,14.566667,20.496667,0.000000,3.396792
500,35.933333,14.766667,20.675000,0.000000,3.445492
BestSdev: 1.073945, Time: 14m38.990894189s