gen,best,worst,mean,rep,sdev
1,16.100000,11.700000,13.841333,0.000000,1.053437
2,16.400000,11.466667,13.812000,0.000000,1.106417
3,16.666667,11.533333,13.850000,0.000000,1.076891
4,16.766667,11.433333,13.802667,0.000000,1.060324
5,16.866667,11.500000,13.811333,0.000000,1.086459
6,16.966667,11.600000,13.820667,0.000000,1.094890
7,17.066667,11.666667,13.802667,0.000000,1.067401
8,17.100000,11.500000,13.838000,0.000000,1.068611
9,17.100000,11.733333,13.724000,0.000000,1.043225
10,17.166667,11.733333,13.784000,0.000000,1.051135
11,17.166667,11.533333,13.782000,0.000000,1.055618
12,17.166667,11.500000,13.779333,0.000000,1.048932
13,17.233333,11.533333,13.829333,0.000000,1.115829
14,17.233333,11.600000,13.788000,0.000000,1.071005
15,17.266667,11.566667,13.785333,0.000000,1.081483
16,17.266667,11.800000,13.801333,0.000000,1.073706
17,17.266667,11.666667,13.773333,0.000000,1.060470
18,17.266667,11.533333,13.806667,0.000000,1.085503
19,17.300000,11.766667,13.814667,0.000000,1.059721
20,17.300000,11.600000,13.798667,0.000000,1.060666
21,17.366667,11.633333,13.836000,0.000000,1.103794
22,17.366667,11.666667,13.823333,0.000000,1.069455
23,17.400000,11.600000,13.834667,0.000000,1.069949
24,17.400000,11.533333,13.814000,0.000000,1.088905
25,17.433333,11.466667,13.808667,0.000000,1.093905
26,17.466667,11.700000,13.837333,0.000000,1.080492
27,17.500000,11.733333,13.811333,0.000000,1.066406
28,17.533333,11.600000,13.821333,0.000000,1.070906
29,17.566667,11.400000,13.782667,0.000000,1.125413
30,17.566667,11.666667,13.822667,0.000000,1.047566
31,17.566667,11.733333,13.830000,0.000000,1.067942
32,17.566667,11.433333,13.748667,0.000000,1.097162
33,17.566667,11.700000,13.808667,0.000000,1.073352
34,17.600000,11.733333,13.818667,0.000000,1.038664
35,17.600000,11.566667,13.748000,0.000000,1.050426
36,17.600000,11.766667,13.815333,0.000000,1.076271
37,17.633333,11.500000,13.773333,0.000000,1.071720
38,17.633333,11.533333,13.808667,0.000000,1.079256
39,17.666667,11.300000,13.785333,0.000000,1.117208
40,17.666667,11.700000,13.796667,0.000000,1.052353
41,17.700000,11.466667,13.748667,0.000000,1.068528
42,17.700000,11.566667,13.799333,0.000000,1.088818
43,17.700000,11.733333,13.846667,0.000000,1.046766
44,17.766667,11.433333,13.749333,0.000000,1.079836
45,17.766667,11.666667,13.791333,0.000000,1.086023
46,17.766667,11.566667,13.800667,0.000000,1.049739
47,17.766667,11.733333,13.811333,0.000000,1.038711
48,17.766667,11.466667,13.803333,0.000000,1.061069
49,17.766667,11.566667,13.815333,0.000000,1.075418
50,17.800000,11.733333,13.826667,0.000000,1.094213
51,17.833333,11.666667,13.824000,0.000000,1.099948
52,17.833333,11.666667,13.840000,0.000000,1.057950
53,17.833333,11.500000,13.788667,0.000000,1.071647
54,17.833333,11.466667,13.880667,0.000000,1.080906
55,17.833333,11.733333,13.830667,0.000000,1.041963
56,17.833333,11.700000,13.822000,0.000000,1.053061
57,17.833333,11.733333,13.821333,0.000000,1.062847
58,17.833333,11.500000,13.822667,0.000000,1.079593
59,17.833333,11.600000,13.785333,0.000000,1.067817
60,17.866667,11.466667,13.780667,0.000000,1.095209
61,17.866667,11.600000,13.794667,0.000000,1.055395
62,17.866667,11.700000,13.806667,0.000000,1.054858
63,17.866667,11.633333,13.824000,0.000000,1.036217
64,17.866667,11.466667,13.806000,0.000000,1.094205
65,17.866667,11.533333,13.800667,0.000000,1.085072
66,17.866667,11.566667,13.809333,0.000000,1.080140
67,17.866667,11.600000,13.807333,0.000000,1.058904
68,17.866667,11.700000,13.824667,0.000000,1.027611
69,17.866667,11.733333,13.807333,0.000000,1.093974
70,17.866667,11.466667,13.786000,0.000000,1.109029
71,17.866667,11.600000,13.777333,0.000000,1.095179
72,17.866667,11.700000,13.842000,0.000000,1.082099
73,17.866667,11.400000,13.767333,0.000000,1.072279
74,17.866667,11.633333,13.754000,0.000000,1.080945
75,17.866667,11.666667,13.833333,0.000000,1.087607
76,17.866667,11.566667,13.825333,0.000000,1.078740
77,17.900000,11.600000,13.798667,0.000000,1.034728
78,17.900000,11.366667,13.776000,0.000000,1.092973
79,17.900000,11.600000,13.824667,0.000000,1.062475
80,17.900000,11.566667,13.796667,0.000000,1.083016
81,17.900000,11.633333,13.843333,0.000000,1.076546
82,17.900000,11.600000,13.827333,0.000000,1.079057
83,17.900000,11.666667,13.737333,0.000000,1.033501
84,17.933333,11.566667,13.836000,0.000000,1.107761
85,17.933333,11.666667,13.812667,0.000000,1.046232
86,17.966667,11.633333,13.804000,0.000000,1.078070
87,17.966667,11.533333,13.833333,0.000000,1.077867
88,17.966667,11.666667,13.780000,0.000000,1.088159
89,17.966667,11.600000,13.760000,0.000000,1.082385
90,17.966667,11.700000,13.805333,0.000000,1.088619
91,17.966667,11.633333,13.822000,0.000000,1.060264
92,17.966667,11.566667,13.790000,0.000000,1.076875
93,17.966667,11.666667,13.813333,0.000000,1.064557
94,17.966667,11.566667,13.788667,0.000000,1.036528
95,17.966667,11.566667,13.831333,0.000000,1.091033
96,17.966667,11.600000,13.752667,0.000000,1.092327
97,17.966667,11.633333,13.802000,0.000000,1.065661
98,17.966667,11.633333,13.780667,0.000000,1.054904
99,17.966667,11.500000,13.786000,0.000000,1.087143
100,17.966667,11.666667,13.836667,0.000000,1.092139
BestSdev: 0.365564, Time: 6m9.384165452s