gen,best,worst,mean,rep,sdev
1,30.733333,12.266667,20.713833,0.000000,3.548033
2,32.100000,12.166667,20.689333,0.000000,3.583660
3,32.533333,11.800000,20.672833,0.000000,3.585991
4,32.900000,12.166667,20.753167,0.000000,3.580448
5,33.333333,12.033333,20.766000,0.000000,3.683176
6,33.533333,11.700000,20.678833,0.000000,3.561195
7,33.766667,11.900000,20.694500,0.000000,3.578386
8,33.800000,12.333333,20.808000,0.000000,3.589577
9,33.966667,12.100000,20.704167,0.000000,3.602349
10,34.133333,11.833333,20.748000,0.000000,3.638405
11,34.400000,12.100000,20.753167,0.000000,3.631207
12,34.433333,11.833333,20.660667,0.000000,3.609603
13,34.566667,12.100000,20.793167,0.000000,3.640739
14,34.566667,12.133333,20.712833,0.000000,3.521088
15,34.666667,12.100000,20.739500,0.000000,3.621136
16,34.700000,11.933333,20.783833,0.000000,3.583972
17,34.700000,12.100000,20.744000,0.000000,3.650385
18,34.700000,11.866667,20.693000,0.000000,3.610390
19,34.700000,12.200000,20.671833,0.000000,3.601583
20,34.833333,12.066667,20.703333,0.000000,3.585162
21,34.866667,12.166667,20.753333,0.000000,3.579955
22,34.900000,11.866667,20.716667,0.000000,3.631507
23,34.900000,12.066667,20.672833,0.000000,3.638003
24,35.000000,11.900000,20.711500,0.000000,3.585239
25,35.066667,12.066667,20.845000,0.000000,3.619420
26,35.233333,11.966667,20.712333,0.000000,3.632729
27,35.266667,12.266667,20.680500,0.000000,3.571663
28,35.266667,11.633333,20.726167,0.000000,3.563831
29,35.266667,12.166667,20.768167,0.000000,3.631089
30,35.266667,12.166667,20.788000,0.000000,3.634678
31,35.266667,12.100000,20.784167,0.000000,3.623363
32,35.266667,12.200000,20.708667,0.000000,3.575007
33,35.266667,12.066667,20.700333,0.000000,3.551054
34,35.333333,12.033333,20.748833,0.000000,3.638980
35,35.366667,12.233333,20.793833,0.000000,3.648393
36,35.366667,11.766667,20.808833,0.000000,3.666749
37,35.366667,12.266667,20.648167,0.000000,3.606007
38,35.366667,12.233333,20.743500,0.000000,3.579582
39,35.400000,11.766667,20.754667,0.000000,3.662970
40,35.400000,11.800000,20.619833,0.000000,3.658990
41,35.400000,12.066667,20.674833,0.000000,3.593767
42,35.466667,11.866667,20.694667,0.000000,3.594709
43,35.600000,12.100000,20.749167,0.000000,3.543798
44,35.600000,12.066667,20.750000,0.000000,3.633340
45,35.666667,12.066667,20.769167,0.000000,3.598693
46,35.666667,12.000000,20.746667,0.000000,3.703751
47,35.666667,11.866667,20.742333,0.000000,3.630666
48,35.700000,12.066667,20.668833,0.000000,3.540546
49,35.700000,11.500000,20.724500,0.000000,3.679635
50,35.700000,12.266667,20.781000,0.000000,3.550533
51,35.766667,12.200000,20.749833,0.000000,3.625074
52,35.766667,12.166667,20.761667,0.000000,3.548070
53,35.800000,12.000000,20.730167,0.000000,3.627578
54,35.800000,12.500000,20.791500,0.000000,3.611475
55,35.866667,12.166667,20.747500,0.000000,3.639296
56,35.866667,12.366667,20.700167,0.000000,3.577028
57,35.866667,12.066667,20.684167,0.000000,3.634937
58,35.900000,12.433333,20.805000,0.000000,3.588139
59,35.900000,12.000000,20.657167,0.000000,3.642737
60,35.900000,11.866667,20.790667,0.000000,3.619101
61,35.900000,11.966667,20.738167,0.000000,3.575251
62,35.900000,12.200000,20.729667,0.000000,3.588003
63,35.966667,11.966667,20.668667,0.000000,3.590735
64,35.966667,12.100000,20.744167,0.000000,3.607920
65,36.033333,11.833333,20.813500,0.000000,3.618869
66,36.033333,12.066667,20.761500,0.000000,3.582980
67,36.033333,12.166667,20.731167,0.000000,3.577858
68,36.066667,11.900000,20.701833,0.000000,3.625633
69,36.100000,11.800000,20.760500,0.000000,3.608326
70,36.100000,12.200000,20.782167,0.000000,3.578783
71,36.100000,12.100000,20.724000,0.000000,3.614494
72,36.100000,11.966667,20.784000,0.000000,3.611274
73,36.100000,11.833333,20.699000,0.000000,3.570639
74,36.133333,11.800000,20.757833,0.000000,3.595942
75,36.166667,12.200000,20.732167,0.000000,3.570933
76,36.166667,11.800000,20.662333,0.000000,3.583299
77,36.166667,12.133333,20.724833,0.000000,3.548654
78,36.200000,11.966667,20.730167,0.000000,3.620787
79,36.200000,12.300000,20.721833,0.000000,3.613893
80,36.200000,12.233333,20.722333,0.000000,3.590628
81,36.200000,12.033333,20.655667,0.000000,3.598851
82,36.200000,11.866667,20.706833,0.000000,3.595230
83,36.200000,12.133333,20.733500,0.000000,3.565240
84,36.200000,11.900000,20.731833,0.000000,3.604032
85,36.200000,12.033333,20.751833,0.000000,3.596361
86,36.200000,11.466667,20.783333,0.000000,3.637509
87,36.200000,12.266667,20.698833,0.000000,3.585723
88,36.233333,11.900000,20.706667,0.000000,3.623945
89,36.233333,12.200000,20.698833,0.000000,3.641023
90,36.233333,12.066667,20.735667,0.000000,3.611952
91,36.233333,12.033333,20.746167,0.000000,3.588531
92,36.233333,12.100000,20.801000,0.000000,3.674481
93,36.300000,11.966667,20.748167,0.000000,3.618889
94,36.300000,12.066667,20.719167,0.000000,3.642400
95,36.300000,11.900000,20.721333,0.000000,3.614925
96,36.300000,12.166667,20.744167,0.000000,3.597826
97,36.300000,11.866667,20.704000,0.000000,3.611516
98,36.300000,11.933333,20.684500,0.000000,3.671375
99,36.300000,11.966667,20.696500,0.000000,3.587245
100,36.333333,12.066667,20.783000,0.000000,3.565763
BestSdev: 0.987808, Time: 21m13.126790772s