gen,best,worst,mean,rep,sdev
1,26.900000,14.266667,20.491667,0.000000,3.320415
2,28.666667,14.333333,20.608333,0.000000,3.481768
3,29.366667,14.633333,20.525000,0.000000,3.525709
4,29.766667,14.566667,20.740000,0.000000,3.547864
5,30.033333,13.966667,20.543333,0.000000,3.516629
6,30.300000,14.366667,20.551667,0.000000,3.517032
7,30.800000,14.566667,20.648333,0.000000,3.420527
8,30.866667,14.966667,20.795000,0.000000,3.392701
9,30.866667,14.166667,20.493333,0.000000,3.593912
10,31.100000,14.166667,20.876667,0.000000,3.592464
11,31.166667,14.366667,20.826667,0.000000,3.591181
12,31.266667,14.566667,20.675000,0.000000,3.497039
13,31.366667,14.133333,20.563333,0.000000,3.503910
14,31.433333,14.433333,20.821667,0.000000,3.365724
15,31.433333,14.200000,20.570000,0.000000,3.389227
16,31.600000,14.500000,20.590000,0.000000,3.446656
17,31.800000,14.300000,20.633333,0.000000,3.548361
18,31.800000,14.633333,20.761667,0.000000,3.488957
19,31.800000,14.200000,20.596667,0.000000,3.477760
20,31.833333,14.700000,20.870000,0.000000,3.650357
BestSdev: 1.221378, Time: 38.756047962s