gen,best,worst,mean,rep,sdev
1,16.766667,11.133333,13.806667,0.000000,1.086283
2,17.100000,11.033333,13.811833,0.000000,1.088437
3,17.166667,11.033333,13.779833,0.000000,1.079323
4,17.233333,11.166667,13.818833,0.000000,1.072290
5,17.333333,11.200000,13.806667,0.000000,1.072810
6,17.466667,11.133333,13.831167,0.000000,1.082641
7,17.533333,11.033333,13.816000,0.000000,1.091641
8,17.566667,11.100000,13.805667,0.000000,1.092276
9,17.633333,11.133333,13.816000,0.000000,1.077863
10,17.633333,11.166667,13.797333,0.000000,1.080960
11,17.666667,11.266667,13.793500,0.000000,1.070400
12,17.733333,11.166667,13.811167,0.000000,1.089527
13,17.733333,11.166667,13.798833,0.000000,1.094348
14,17.733333,11.133333,13.799500,0.000000,1.068253
15,17.733333,11.166667,13.830333,0.000000,1.092538
16,17.800000,11.066667,13.819333,0.000000,1.088585
17,17.833333,11.066667,13.817333,0.000000,1.087230
18,17.933333,11.033333,13.798167,0.000000,1.094388
19,17.966667,11.066667,13.810167,0.000000,1.069094
20,17.966667,11.200000,13.801167,0.000000,1.092054
21,17.966667,11.100000,13.811333,0.000000,1.104338
22,17.966667,11.066667,13.795500,0.000000,1.072992
23,17.966667,11.166667,13.795333,0.000000,1.077921
24,17.966667,11.066667,13.820000,0.000000,1.093847
25,18.033333,11.100000,13.799000,0.000000,1.099429
26,18.066667,11.166667,13.838833,0.000000,1.080511
27,18.066667,11.200000,13.829000,0.000000,1.083729
28,18.100000,11.066667,13.800833,0.000000,1.076402
29,18.100000,10.966667,13.804000,0.000000,1.082359
30,18.100000,11.166667,13.805500,0.000000,1.092843
31,18.133333,11.166667,13.822000,0.000000,1.102402
32,18.133333,11.033333,13.792667,0.000000,1.075339
33,18.133333,11.100000,13.813667,0.000000,1.062467
34,18.133333,11.166667,13.822167,0.000000,1.076010
35,18.133333,11.100000,13.801333,0.000000,1.092000
36,18.133333,11.033333,13.800500,0.000000,1.080448
37,18.133333,11.100000,13.781167,0.000000,1.083529
38,18.166667,11.033333,13.785000,0.000000,1.100613
39,18.166667,11.200000,13.790667,0.000000,1.082514
40,18.166667,11.166667,13.803167,0.000000,1.095615
41,18.166667,11.100000,13.787833,0.000000,1.094881
42,18.166667,11.133333,13.798167,0.000000,1.085727
43,18.166667,11.066667,13.792667,0.000000,1.079072
44,18.166667,11.100000,13.788000,0.000000,1.084178
45,18.166667,11.033333,13.801000,0.000000,1.083516
46,18.200000,10.900000,13.804833,0.000000,1.078481
47,18.200000,11.300000,13.830667,0.000000,1.082860
48,18.200000,11.200000,13.787333,0.000000,1.079154
49,18.200000,11.033333,13.795833,0.000000,1.093874
50,18.200000,11.100000,13.789500,0.000000,1.083776
51,18.200000,11.100000,13.785500,0.000000,1.088767
52,18.200000,11.066667,13.777667,0.000000,1.100532
53,18.200000,11.133333,13.803333,0.000000,1.067156
54,18.200000,11.233333,13.830000,0.000000,1.075123
55,18.200000,11.233333,13.788833,0.000000,1.087125
56,18.200000,11.133333,13.819167,0.000000,1.066359
57,18.200000,11.133333,13.810000,0.000000,1.093399
58,18.200000,11.100000,13.795500,0.000000,1.081924
59,18.200000,11.200000,13.815000,0.000000,1.073898
60,18.200000,11.166667,13.808333,0.000000,1.083652
61,18.200000,10.966667,13.800167,0.000000,1.082749
62,18.200000,11.000000,13.799000,0.000000,1.088333
63,18.200000,11.033333,13.800667,0.000000,1.088608
64,18.233333,11.100000,13.801167,0.000000,1.083417
65,18.233333,11.100000,13.809000,0.000000,1.084028
66,18.233333,10.966667,13.802000,0.000000,1.092169
67,18.233333,11.000000,13.806500,0.000000,1.089305
68,18.233333,11.133333,13.781333,0.000000,1.079748
69,18.233333,10.866667,13.821500,0.000000,1.102089
70,18.233333,10.966667,13.792167,0.000000,1.088635
71,18.233333,11.100000,13.809500,0.000000,1.069022
72,18.233333,11.066667,13.812333,0.000000,1.083058
73,18.233333,11.100000,13.824000,0.000000,1.087030
74,18.233333,11.200000,13.810000,0.000000,1.086957
75,18.233333,11.100000,13.798333,0.000000,1.100586
76,18.233333,10.933333,13.788667,0.000000,1.068402
77,18.233333,11.100000,13.801333,0.000000,1.091195
78,18.233333,11.133333,13.818667,0.000000,1.085591
79,18.233333,11.033333,13.800333,0.000000,1.074246
80,18.233333,11.100000,13.810667,0.000000,1.073834
81,18.233333,11.166667,13.796833,0.000000,1.093414
82,18.233333,11.100000,13.833333,0.000000,1.082911
83,18.266667,11.166667,13.795167,0.000000,1.089987
84,18.266667,10.900000,13.810167,0.000000,1.088535
85,18.266667,11.100000,13.804500,0.000000,1.085164
86,18.266667,11.133333,13.816667,0.000000,1.068952
87,18.300000,10.966667,13.806167,0.000000,1.086661
88,18.300000,10.933333,13.796000,0.000000,1.063606
89,18.300000,11.133333,13.804333,0.000000,1.091467
90,18.300000,10.900000,13.829333,0.000000,1.075031
91,18.300000,11.100000,13.783167,0.000000,1.088270
92,18.300000,11.000000,13.796500,0.000000,1.091335
93,18.300000,11.200000,13.814833,0.000000,1.080686
94,18.300000,11.000000,13.788833,0.000000,1.100693
95,18.300000,11.200000,13.806667,0.000000,1.088769
96,18.300000,11.033333,13.797500,0.000000,1.085482
97,18.300000,11.100000,13.800000,0.000000,1.086112
98,18.300000,11.033333,13.814833,0.000000,1.084786
99,18.300000,10.966667,13.792833,0.000000,1.077592
100,18.300000,10.933333,13.825833,0.000000,1.076420
BestSdev: 0.293669, Time: 17m16.186310964s