gen,best,worst,mean,rep,sdev
1,31.233333,11.600000,20.763500,0.000000,3.650775
2,32.333333,11.600000,20.762500,0.000000,3.624931
3,32.866667,12.200000,20.697667,0.000000,3.559321
4,33.266667,12.233333,20.757833,0.000000,3.615879
5,33.600000,12.200000,20.764167,0.000000,3.620778
6,33.666667,12.466667,20.874833,0.000000,3.561199
7,33.700000,12.066667,20.778333,0.000000,3.577902
8,34.000000,12.033333,20.675833,0.000000,3.606241
9,34.200000,11.533333,20.669000,0.000000,3.610071
10,34.366667,12.033333,20.795333,0.000000,3.658352
11,34.400000,12.200000,20.788000,0.000000,3.594322
12,34.400000,12.000000,20.627000,0.000000,3.539203
13,34.433333,12.133333,20.762167,0.000000,3.646272
14,34.466667,12.200000,20.766167,0.000000,3.562441
15,34.600000,11.766667,20.703667,0.000000,3.663536
16,34.600000,12.166667,20.760167,0.000000,3.554523
17,34.733333,12.000000,20.725000,0.000000,3.625433
18,34.800000,12.066667,20.704833,0.000000,3.622023
19,34.933333,11.833333,20.698333,0.000000,3.523524
20,34.933333,11.733333,20.810500,0.000000,3.585077
21,35.000000,11.633333,20.750333,0.000000,3.636846
22,35.033333,12.100000,20.721667,0.000000,3.623266
23,35.033333,12.233333,20.758167,0.000000,3.608422
24,35.033333,12.233333,20.685333,0.000000,3.612539
25,35.066667,12.066667,20.752167,0.000000,3.643072
26,35.066667,12.233333,20.735167,0.000000,3.610336
27,35.100000,11.966667,20.707500,0.000000,3.631865
28,35.166667,11.833333,20.708167,0.000000,3.610063
29,35.166667,12.266667,20.729000,0.000000,3.622306
30,35.233333,12.100000,20.809500,0.000000,3.646287
31,35.233333,11.966667,20.635000,0.000000,3.605720
32,35.233333,12.000000,20.773667,0.000000,3.633045
33,35.400000,12.100000,20.734667,0.000000,3.558251
34,35.433333,12.000000,20.756500,0.000000,3.630324
35,35.600000,12.333333,20.796167,0.000000,3.618182
36,35.600000,11.966667,20.703833,0.000000,3.646975
37,35.633333,12.366667,20.703667,0.000000,3.636814
38,35.666667,11.933333,20.752667,0.000000,3.621831
39,35.766667,11.733333,20.718167,0.000000,3.666178
40,35.766667,12.233333,20.719000,0.000000,3.614237
41,35.766667,11.900000,20.759667,0.000000,3.613533
42,35.766667,11.933333,20.802500,0.000000,3.576119
43,35.766667,12.233333,20.717833,0.000000,3.589160
44,35.766667,12.000000,20.685333,0.000000,3.619600
45,35.833333,12.200000,20.771167,0.000000,3.609424
46,35.833333,12.133333,20.737500,0.000000,3.624330
47,35.866667,11.866667,20.695333,0.000000,3.634209
48,35.866667,11.933333,20.709500,0.000000,3.623514
49,35.866667,12.000000,20.731000,0.000000,3.598264
50,35.866667,12.133333,20.698833,0.000000,3.553768
51,35.866667,12.200000,20.800000,0.000000,3.583735
52,35.966667,11.566667,20.709000,0.000000,3.603973
53,35.966667,11.933333,20.744833,0.000000,3.617260
54,35.966667,11.833333,20.749333,0.000000,3.618972
55,36.000000,12.433333,20.749167,0.000000,3.583383
56,36.033333,12.000000,20.749667,0.000000,3.630886
57,36.033333,12.033333,20.766500,0.000000,3.541095
58,36.033333,11.866667,20.760667,0.000000,3.665387
59,36.033333,12.300000,20.691833,0.000000,3.575190
60,36.033333,11.900000,20.643000,0.000000,3.629828
61,36.033333,12.100000,20.660167,0.000000,3.549644
62,36.033333,12.066667,20.699833,0.000000,3.595021
63,36.066667,12.100000,20.748000,0.000000,3.602611
64,36.066667,12.300000,20.766333,0.000000,3.584368
65,36.100000,12.033333,20.794833,0.000000,3.644320
66,36.133333,11.866667,20.757667,0.000000,3.573981
67,36.133333,11.833333,20.740167,0.000000,3.583669
68,36.133333,12.033333,20.668500,0.000000,3.613502
69,36.133333,12.400000,20.725167,0.000000,3.606873
70,36.133333,12.166667,20.732167,0.000000,3.562465
71,36.133333,12.400000,20.724167,0.000000,3.615886
72,36.133333,12.233333,20.724833,0.000000,3.585915
73,36.200000,12.200000,20.791333,0.000000,3.613455
74,36.200000,12.033333,20.652833,0.000000,3.602673
75,36.200000,12.233333,20.809167,0.000000,3.578532
76,36.200000,12.333333,20.728667,0.000000,3.570120
77,36.200000,11.966667,20.797500,0.000000,3.654549
78,36.200000,12.133333,20.810167,0.000000,3.570999
79,36.200000,12.266667,20.735833,0.000000,3.578079
80,36.200000,12.000000,20.716000,0.000000,3.648595
81,36.200000,11.900000,20.752333,0.000000,3.546107
82,36.200000,11.600000,20.704500,0.000000,3.681083
83,36.200000,12.133333,20.671500,0.000000,3.595387
84,36.233333,12.300000,20.664000,0.000000,3.598829
85,36.233333,12.100000,20.684000,0.000000,3.559358
86,36.233333,12.166667,20.782667,0.000000,3.594662
87,36.233333,12.400000,20.780333,0.000000,3.598101
88,36.233333,12.133333,20.814333,0.000000,3.579307
89,36.233333,11.700000,20.695167,0.000000,3.632456
90,36.266667,11.900000,20.723167,0.000000,3.525632
91,36.300000,12.133333,20.763000,0.000000,3.628299
92,36.333333,11.700000,20.685500,0.000000,3.592082
93,36.333333,12.000000,20.739667,0.000000,3.578033
94,36.366667,12.100000,20.774000,0.000000,3.613445
95,36.400000,12.033333,20.775000,0.000000,3.683164
96,36.400000,12.333333,20.726167,0.000000,3.600333
97,36.400000,11.800000,20.730167,0.000000,3.620146
98,36.400000,12.033333,20.761500,0.000000,3.578386
99,36.400000,11.633333,20.640667,0.000000,3.572679
100,36.400000,12.033333,20.625000,0.000000,3.573570
101,36.400000,12.066667,20.754000,0.000000,3.600804
102,36.400000,11.800000,20.723167,0.000000,3.622891
103,36.400000,12.133333,20.728333,0.000000,3.586519
104,36.400000,11.866667,20.761333,0.000000,3.605450
105,36.400000,12.066667,20.754500,0.000000,3.648190
106,36.400000,11.900000,20.603500,0.000000,3.587290
107,36.400000,12.200000,20.702833,0.000000,3.590285
108,36.400000,11.966667,20.661667,0.000000,3.656746
109,36.400000,12.200000,20.785333,0.000000,3.608317
110,36.466667,11.700000,20.769000,0.000000,3.674234
111,36.466667,12.000000,20.721333,0.000000,3.615952
112,36.466667,12.166667,20.722667,0.000000,3.560159
113,36.466667,11.900000,20.689333,0.000000,3.624303
114,36.500000,12.066667,20.706333,0.000000,3.631333
115,36.566667,11.566667,20.690667,0.000000,3.626661
116,36.566667,11.766667,20.731500,0.000000,3.596374
117,36.566667,11.900000,20.708833,0.000000,3.611224
118,36.566667,11.800000,20.650000,0.000000,3.612881
119,36.566667,12.000000,20.808000,0.000000,3.620734
120,36.566667,12.266667,20.656500,0.000000,3.572128
121,36.566667,12.000000,20.741167,0.000000,3.543521
122,36.566667,12.300000,20.732167,0.000000,3.597949
123,36.566667,12.233333,20.753000,0.000000,3.594259
124,36.566667,12.300000,20.708167,0.000000,3.623518
125,36.566667,11.766667,20.792500,0.000000,3.684306
126,36.566667,11.700000,20.749833,0.000000,3.635254
127,36.566667,11.900000,20.684667,0.000000,3.569689
128,36.566667,12.266667,20.806167,0.000000,3.565114
129,36.566667,12.200000,20.877000,0.000000,3.651556
130,36.566667,12.266667,20.738500,0.000000,3.573321
131,36.566667,12.166667,20.746333,0.000000,3.673654
132,36.566667,11.700000,20.782167,0.000000,3.657629
133,36.600000,11.933333,20.736333,0.000000,3.543253
134,36.600000,11.700000,20.769167,0.000000,3.588751
135,36.600000,12.166667,20.704167,0.000000,3.578199
136,36.600000,12.033333,20.807000,0.000000,3.598579
137,36.600000,11.833333,20.760000,0.000000,3.652219
138,36.600000,12.266667,20.745333,0.000000,3.586506
139,36.600000,11.833333,20.642833,0.000000,3.622679
140,36.600000,11.933333,20.657000,0.000000,3.549118
141,36.600000,11.833333,20.645667,0.000000,3.551963
142,36.600000,12.066667,20.729500,0.000000,3.627689
143,36.666667,11.900000,20.690000,0.000000,3.625181
144,36.666667,11.533333,20.649500,0.000000,3.602111
145,36.666667,12.400000,20.763500,0.000000,3.574409
146,36.666667,12.300000,20.715500,0.000000,3.612812
147,36.666667,12.266667,20.711500,0.000000,3.598343
148,36.733333,11.966667,20.699333,0.000000,3.647084
149,36.733333,11.766667,20.707333,0.000000,3.595298
150,36.733333,12.100000,20.675000,0.000000,3.560938
151,36.733333,12.066667,20.731667,0.000000,3.610060
152,36.733333,11.966667,20.697833,0.000000,3.616254
153,36.733333,12.100000,20.800333,0.000000,3.620835
154,36.733333,11.733333,20.721000,0.000000,3.614781
155,36.733333,12.300000,20.706667,0.000000,3.576536
156,36.733333,11.633333,20.753833,0.000000,3.613234
157,36.733333,12.233333,20.727333,0.000000,3.593678
158,36.733333,11.900000,20.666333,0.000000,3.535044
159,36.733333,12.266667,20.769500,0.000000,3.628544
160,36.733333,11.966667,20.657000,0.000000,3.618008
161,36.733333,12.366667,20.750333,0.000000,3.617724
162,36.733333,11.733333,20.770333,0.000000,3.613800
163,36.733333,12.066667,20.710500,0.000000,3.648392
164,36.733333,11.933333,20.739833,0.000000,3.671253
165,36.733333,11.966667,20.749833,0.000000,3.669345
166,36.733333,11.866667,20.672833,0.000000,3.609498
167,36.733333,12.000000,20.739667,0.000000,3.608885
168,36.733333,11.633333,20.768333,0.000000,3.657050
169,36.766667,11.800000,20.755000,0.000000,3.658399
170,36.766667,11.966667,20.740333,0.000000,3.577717
171,36.766667,11.600000,20.534833,0.000000,3.648979
172,36.766667,12.033333,20.762500,0.000000,3.615458
173,36.766667,11.866667,20.675500,0.000000,3.613246
174,36.766667,12.100000,20.696667,0.000000,3.578169
175,36.833333,11.933333,20.758167,0.000000,3.660360
176,36.833333,11.933333,20.745667,0.000000,3.636027
177,36.833333,12.233333,20.684167,0.000000,3.589015
178,36.833333,12.200000,20.732833,0.000000,3.611731
179,36.833333,11.833333,20.761167,0.000000,3.634940
180,36.833333,12.200000,20.663333,0.000000,3.509508
181,36.833333,12.133333,20.755000,0.000000,3.590379
182,36.833333,11.700000,20.732167,0.000000,3.668993
183,36.833333,12.166667,20.743167,0.000000,3.590810
184,36.833333,12.100000,20.736667,0.000000,3.643018
185,36.833333,11.966667,20.683667,0.000000,3.580293
186,36.866667,12.066667,20.714833,0.000000,3.564761
187,36.866667,11.800000,20.701000,0.000000,3.630869
188,36.866667,11.600000,20.684833,0.000000,3.619111
189,36.866667,12.133333,20.738667,0.000000,3.603867
190,36.900000,11.966667,20.742000,0.000000,3.621968
191,36.933333,11.900000,20.683167,0.000000,3.529416
192,36.933333,12.233333,20.679500,0.000000,3.610889
193,36.933333,11.966667,20.732000,0.000000,3.577546
194,36.933333,12.200000,20.791500,0.000000,3.563085
195,36.933333,11.800000,20.719667,0.000000,3.624978
196,36.933333,11.666667,20.720833,0.000000,3.613044
197,36.933333,12.200000,20.757333,0.000000,3.617154
198,36.933333,12.200000,20.708500,0.000000,3.603744
199,36.933333,12.166667,20.716167,0.000000,3.625761
200,36.933333,11.933333,20.721167,0.000000,3.621456
201,36.933333,12.266667,20.753667,0.000000,3.572482
202,36.933333,12.133333,20.718000,0.000000,3.589874
203,36.933333,12.033333,20.662333,0.000000,3.631342
204,36.933333,12.233333,20.730167,0.000000,3.536103
205,36.933333,11.566667,20.684000,0.000000,3.612781
206,36.966667,12.066667,20.730167,0.000000,3.679823
207,37.000000,12.066667,20.713667,0.000000,3.600921
208,37.000000,11.866667,20.718000,0.000000,3.555094
209,37.000000,12.100000,20.742500,0.000000,3.665424
210,37.000000,11.866667,20.688333,0.000000,3.610383
211,37.000000,12.133333,20.773000,0.000000,3.610757
212,37.000000,11.866667,20.777000,0.000000,3.655420
213,37.000000,12.100000,20.693500,0.000000,3.673175
214,37.000000,12.166667,20.726333,0.000000,3.578114
215,37.000000,12.200000,20.778167,0.000000,3.627496
216,37.000000,12.000000,20.758667,0.000000,3.657100
217,37.000000,12.200000,20.746333,0.000000,3.571331
218,37.000000,12.066667,20.782333,0.000000,3.631954
219,37.000000,11.900000,20.710667,0.000000,3.564136
220,37.000000,11.433333,20.693000,0.000000,3.642763
221,37.000000,11.900000,20.783333,0.000000,3.623625
222,37.033333,12.066667,20.715833,0.000000,3.596757
223,37.033333,11.666667,20.701000,0.000000,3.568117
224,37.033333,12.000000,20.658667,0.000000,3.618417
225,37.033333,12.066667,20.799500,0.000000,3.611664
226,37.033333,12.000000,20.738833,0.000000,3.612977
227,37.033333,11.666667,20.662167,0.000000,3.673027
228,37.033333,12.133333,20.631167,0.000000,3.550821
229,37.033333,11.633333,20.684000,0.000000,3.558504
230,37.033333,11.866667,20.691000,0.000000,3.606921
231,37.033333,11.966667,20.712667,0.000000,3.617585
232,37.033333,11.900000,20.726000,0.000000,3.596425
233,37.033333,11.933333,20.746833,0.000000,3.616698
234,37.033333,12.066667,20.765000,0.000000,3.629458
235,37.033333,11.833333,20.706333,0.000000,3.648685
236,37.033333,11.666667,20.763000,0.000000,3.591037
237,37.033333,11.933333,20.688833,0.000000,3.599584
238,37.033333,11.733333,20.632833,0.000000,3.614644
239,37.033333,11.900000,20.753667,0.000000,3.590686
240,37.033333,11.866667,20.685333,0.000000,3.564745
241,37.033333,11.800000,20.723000,0.000000,3.647365
242,37.033333,12.200000,20.707500,0.000000,3.623765
243,37.033333,11.833333,20.624000,0.000000,3.577960
244,37.100000,12.166667,20.631000,0.000000,3.597646
245,37.100000,11.933333,20.709333,0.000000,3.569649
246,37.100000,12.133333,20.727333,0.000000,3.600013
247,37.100000,12.233333,20.706000,0.000000,3.623478
248,37.100000,12.033333,20.695833,0.000000,3.617941
249,37.100000,12.200000,20.669000,0.000000,3.528425
250,37.100000,12.300000,20.740500,0.000000,3.613883
251,37.100000,12.033333,20.669167,0.000000,3.598490
252,37.100000,11.733333,20.718500,0.000000,3.671332
253,37.166667,11.666667,20.708000,0.000000,3.653056
254,37.166667,11.966667,20.698167,0.000000,3.557975
255,37.166667,12.133333,20.746333,0.000000,3.589706
256,37.166667,11.633333,20.715667,0.000000,3.660221
257,37.200000,12.066667,20.751333,0.000000,3.637604
258,37.200000,11.933333,20.721000,0.000000,3.639803
259,37.200000,11.866667,20.705833,0.000000,3.615484
260,37.200000,12.066667,20.710167,0.000000,3.612466
261,37.200000,12.200000,20.752000,0.000000,3.597370
262,37.200000,11.700000,20.657000,0.000000,3.630037
263,37.200000,11.833333,20.657333,0.000000,3.562914
264,37.200000,11.733333,20.759333,0.000000,3.656356
265,37.200000,12.333333,20.730500,0.000000,3.643223
266,37.200000,12.133333,20.758000,0.000000,3.597556
267,37.200000,12.300000,20.673000,0.000000,3.582890
268,37.200000,11.666667,20.779667,0.000000,3.646034
269,37.200000,12.033333,20.711833,0.000000,3.597708
270,37.200000,11.833333,20.660000,0.000000,3.595277
271,37.200000,12.300000,20.749167,0.000000,3.591940
272,37.200000,12.033333,20.730500,0.000000,3.590853
273,37.200000,12.266667,20.684500,0.000000,3.572373
274,37.200000,12.233333,20.751000,0.000000,3.599603
275,37.200000,11.566667,20.697833,0.000000,3.587401
276,37.200000,12.066667,20.739167,0.000000,3.645639
277,37.200000,11.966667,20.731167,0.000000,3.605649
278,37.200000,12.200000,20.803000,0.000000,3.568780
279,37.200000,12.166667,20.688333,0.000000,3.574428
280,37.200000,11.933333,20.697833,0.000000,3.627010
281,37.200000,12.100000,20.759667,0.000000,3.576219
282,37.200000,12.166667,20.701667,0.000000,3.575791
283,37.200000,12.033333,20.746000,0.000000,3.625671
284,37.200000,12.133333,20.771333,0.000000,3.649018
285,37.200000,12.000000,20.684833,0.000000,3.611085
286,37.200000,12.033333,20.697833,0.000000,3.569132
287,37.200000,11.866667,20.774167,0.000000,3.612165
288,37.200000,12.000000,20.839833,0.000000,3.636291
289,37.200000,11.900000,20.694167,0.000000,3.630701
290,37.200000,12.266667,20.730500,0.000000,3.596210
291,37.200000,11.833333,20.709333,0.000000,3.577330
292,37.200000,11.733333,20.807333,0.000000,3.656076
293,37.200000,11.733333,20.700000,0.000000,3.567221
294,37.200000,11.866667,20.725500,0.000000,3.658136
295,37.200000,11.833333,20.726500,0.000000,3.609497
296,37.200000,11.700000,20.751333,0.000000,3.653595
297,37.200000,12.100000,20.833500,0.000000,3.619476
298,37.200000,12.333333,20.740000,0.000000,3.599305
299,37.200000,12.133333,20.673000,0.000000,3.569791
300,37.200000,11.966667,20.775167,0.000000,3.572216
301,37.233333,11.966667,20.721500,0.000000,3.640200
302,37.233333,12.100000,20.675667,0.000000,3.578794
303,37.233333,11.900000,20.711167,0.000000,3.555615
304,37.233333,12.066667,20.642167,0.000000,3.556507
305,37.233333,12.033333,20.720333,0.000000,3.642410
306,37.233333,11.666667,20.671500,0.000000,3.576732
307,37.233333,12.033333,20.706000,0.000000,3.609104
308,37.233333,12.033333,20.749500,0.000000,3.561261
309,37.233333,11.933333,20.650000,0.000000,3.606702
310,37.233333,12.166667,20.689333,0.000000,3.579221
311,37.233333,12.033333,20.763333,0.000000,3.603218
312,37.233333,11.700000,20.665833,0.000000,3.619893
313,37.233333,11.933333,20.745667,0.000000,3.667463
314,37.233333,12.200000,20.684500,0.000000,3.613766
315,37.233333,12.000000,20.725500,0.000000,3.634234
316,37.233333,12.266667,20.689167,0.000000,3.644756
317,37.233333,12.266667,20.783000,0.000000,3.628560
318,37.233333,12.100000,20.734333,0.000000,3.589282
319,37.233333,11.966667,20.735333,0.000000,3.565278
320,37.233333,12.133333,20.742000,0.000000,3.550820
321,37.233333,12.300000,20.712833,0.000000,3.535051
322,37.233333,11.900000,20.781333,0.000000,3.679176
323,37.233333,12.200000,20.720833,0.000000,3.627517
324,37.233333,12.100000,20.729167,0.000000,3.585631
325,37.233333,12.100000,20.683167,0.000000,3.566684
326,37.233333,12.066667,20.705500,0.000000,3.597050
327,37.233333,11.833333,20.704333,0.000000,3.607457
328,37.266667,12.233333,20.728667,0.000000,3.582487
329,37.266667,11.933333,20.706833,0.000000,3.598373
330,37.266667,12.033333,20.718333,0.000000,3.632066
331,37.266667,12.300000,20.759000,0.000000,3.574382
332,37.266667,12.133333,20.726167,0.000000,3.632847
333,37.266667,12.000000,20.753833,0.000000,3.578278
334,37.266667,11.833333,20.724000,0.000000,3.593591
335,37.266667,12.266667,20.695833,0.000000,3.588578
336,37.266667,12.133333,20.730000,0.000000,3.606132
337,37.266667,11.933333,20.723500,0.000000,3.609214
338,37.266667,12.033333,20.697167,0.000000,3.624952
339,37.266667,11.833333,20.726833,0.000000,3.642474
340,37.266667,12.266667,20.838667,0.000000,3.624321
341,37.266667,11.800000,20.755000,0.000000,3.582869
342,37.266667,11.666667,20.702333,0.000000,3.639178
343,37.266667,12.366667,20.784333,0.000000,3.607649
344,37.266667,11.966667,20.732667,0.000000,3.603032
345,37.266667,12.033333,20.704333,0.000000,3.581791
346,37.266667,12.333333,20.809333,0.000000,3.613074
347,37.266667,11.800000,20.774667,0.000000,3.640580
348,37.266667,11.866667,20.694500,0.000000,3.638250
349,37.266667,12.100000,20.763000,0.000000,3.638377
350,37.266667,12.433333,20.792333,0.000000,3.630152
351,37.266667,12.166667,20.701167,0.000000,3.612512
352,37.266667,11.733333,20.749500,0.000000,3.637740
353,37.266667,11.866667,20.703667,0.000000,3.666339
354,37.266667,12.066667,20.711500,0.000000,3.594504
355,37.266667,11.700000,20.669667,0.000000,3.613883
356,37.266667,12.200000,20.741000,0.000000,3.594758
357,37.266667,11.866667,20.750833,0.000000,3.582020
358,37.266667,12.100000,20.688500,0.000000,3.656352
359,37.266667,11.900000,20.780833,0.000000,3.621855
360,37.266667,11.733333,20.829667,0.000000,3.585950
361,37.266667,12.200000,20.664167,0.000000,3.573107
362,37.266667,12.000000,20.724000,0.000000,3.621309
363,37.266667,11.966667,20.728333,0.000000,3.581513
364,37.266667,12.200000,20.728667,0.000000,3.616497
365,37.266667,11.800000,20.745167,0.000000,3.643792
366,37.266667,12.066667,20.762167,0.000000,3.601599
367,37.266667,12.133333,20.720667,0.000000,3.598738
368,37.266667,11.900000,20.671833,0.000000,3.630319
369,37.266667,11.866667,20.628667,0.000000,3.623611
370,37.266667,11.933333,20.637000,0.000000,3.649168
371,37.266667,11.966667,20.717500,0.000000,3.611373
372,37.266667,11.733333,20.734000,0.000000,3.597430
373,37.266667,12.266667,20.730167,0.000000,3.603933
374,37.266667,12.300000,20.729000,0.000000,3.602204
375,37.266667,11.866667,20.592167,0.000000,3.574648
376,37.266667,12.133333,20.798500,0.000000,3.622849
377,37.266667,11.900000,20.715000,0.000000,3.658434
378,37.266667,12.066667,20.625000,0.000000,3.538233
379,37.266667,12.066667,20.797333,0.000000,3.595776
380,37.266667,12.200000,20.757500,0.000000,3.588450
381,37.266667,12.033333,20.734500,0.000000,3.666438
382,37.266667,11.933333,20.716000,0.000000,3.609281
383,37.266667,12.000000,20.787833,0.000000,3.594509
384,37.266667,12.033333,20.746500,0.000000,3.649746
385,37.266667,12.066667,20.697667,0.000000,3.608997
386,37.266667,12.100000,20.686167,0.000000,3.583286
387,37.266667,11.900000,20.771667,0.000000,3.593920
388,37.266667,11.966667,20.755167,0.000000,3.605934
389,37.266667,12.033333,20.766500,0.000000,3.621894
390,37.266667,12.000000,20.676167,0.000000,3.614783
391,37.266667,12.100000,20.796667,0.000000,3.734693
392,37.266667,12.166667,20.790167,0.000000,3.595284
393,37.266667,11.900000,20.703333,0.000000,3.633931
394,37.266667,12.233333,20.696333,0.000000,3.528251
395,37.266667,12.266667,20.674667,0.000000,3.578953
396,37.266667,12.066667,20.731833,0.000000,3.653481
397,37.266667,11.766667,20.720833,0.000000,3.638406
398,37.266667,12.266667,20.698667,0.000000,3.602243
399,37.266667,11.966667,20.724833,0.000000,3.589666
400,37.266667,12.100000,20.743667,0.000000,3.573784
401,37.266667,11.900000,20.716500,0.000000,3.607698
402,37.300000,12.000000,20.806667,0.000000,3.668966
403,37.300000,11.800000,20.703000,0.000000,3.614336
404,37.300000,11.566667,20.708000,0.000000,3.634268
405,37.300000,11.633333,20.665167,0.000000,3.573714
406,37.300000,12.066667,20.793333,0.000000,3.620860
407,37.300000,12.166667,20.791333,0.000000,3.615830
408,37.300000,12.000000,20.697167,0.000000,3.631554
409,37.300000,12.366667,20.751167,0.000000,3.590674
410,37.300000,12.166667,20.735500,0.000000,3.596219
411,37.300000,12.033333,20.684667,0.000000,3.587484
412,37.300000,11.933333,20.804167,0.000000,3.608494
413,37.300000,11.600000,20.710000,0.000000,3.650988
414,37.300000,12.066667,20.784000,0.000000,3.598064
415,37.300000,11.966667,20.793500,0.000000,3.645229
416,37.300000,11.900000,20.695167,0.000000,3.588278
417,37.300000,12.066667,20.721500,0.000000,3.624860
418,37.300000,11.966667,20.688333,0.000000,3.639122
419,37.300000,11.700000,20.712167,0.000000,3.631486
420,37.300000,12.033333,20.753667,0.000000,3.642742
421,37.300000,11.866667,20.691500,0.000000,3.606753
422,37.300000,11.800000,20.718167,0.000000,3.591946
423,37.300000,11.833333,20.724333,0.000000,3.565907
424,37.300000,12.033333,20.813000,0.000000,3.640106
425,37.300000,11.733333,20.766833,0.000000,3.622574
426,37.300000,12.300000,20.769500,0.000000,3.563023
427,37.300000,12.100000,20.772333,0.000000,3.615266
428,37.300000,12.066667,20.740500,0.000000,3.641131
429,37.300000,12.166667,20.783167,0.000000,3.629555
430,37.300000,12.000000,20.804000,0.000000,3.671791
431,37.300000,11.933333,20.701167,0.000000,3.611316
432,37.300000,11.966667,20.674667,0.000000,3.603833
433,37.300000,12.233333,20.783167,0.000000,3.595079
434,37.300000,12.166667,20.769500,0.000000,3.607299
435,37.300000,12.200000,20.644000,0.000000,3.559214
436,37.300000,12.200000,20.713167,0.000000,3.623010
437,37.300000,11.966667,20.745833,0.000000,3.550954
438,37.300000,12.233333,20.727500,0.000000,3.578866
439,37.300000,12.233333,20.763667,0.000000,3.602211
440,37.300000,12.266667,20.817000,0.000000,3.585390
441,37.300000,11.900000,20.733000,0.000000,3.649131
442,37.300000,11.966667,20.718333,0.000000,3.618002
443,37.300000,11.933333,20.663000,0.000000,3.656083
444,37.300000,12.133333,20.687333,0.000000,3.597972
445,37.300000,11.700000,20.798333,0.000000,3.682659
446,37.300000,11.833333,20.666667,0.000000,3.550422
447,37.300000,12.166667,20.749333,0.000000,3.632021
448,37.300000,12.300000,20.764333,0.000000,3.636774
449,37.300000,12.033333,20.760000,0.000000,3.645887
450,37.300000,12.200000,20.688333,0.000000,3.586993
451,37.333333,12.100000,20.711333,0.000000,3.610881
452,37.333333,11.966667,20.720833,0.000000,3.551696
453,37.333333,12.300000,20.778167,0.000000,3.626824
454,37.333333,11.933333,20.765500,0.000000,3.649005
455,37.333333,11.733333,20.746500,0.000000,3.617621
456,37.333333,11.933333,20.810667,0.000000,3.596045
457,37.333333,11.833333,20.714000,0.000000,3.587192
458,37.400000,11.733333,20.796167,0.000000,3.631523
459,37.400000,11.900000,20.713000,0.000000,3.657192
460,37.400000,11.900000,20.744000,0.000000,3.643879
461,37.400000,12.033333,20.697167,0.000000,3.595081
462,37.400000,11.900000,20.717167,0.000000,3.661653
463,37.400000,11.700000,20.763167,0.000000,3.664724
464,37.400000,11.733333,20.686000,0.000000,3.593543
465,37.400000,12.266667,20.744000,0.000000,3.569774
466,37.400000,11.866667,20.647333,0.000000,3.624441
467,37.400000,12.066667,20.728667,0.000000,3.636943
468,37.400000,11.800000,20.764000,0.000000,3.645528
469,37.400000,11.800000,20.762167,0.000000,3.601013
470,37.400000,11.933333,20.771000,0.000000,3.602809
471,37.400000,12.066667,20.701333,0.000000,3.623076
472,37.400000,11.833333,20.695333,0.000000,3.554538
473,37.400000,12.200000,20.769833,0.000000,3.570552
474,37.400000,11.700000,20.703833,0.000000,3.612545
475,37.400000,11.833333,20.710167,0.000000,3.641937
476,37.433333,11.766667,20.688833,0.000000,3.632693
477,37.433333,11.733333,20.646333,0.000000,3.611443
478,37.433333,12.133333,20.643167,0.000000,3.593421
479,37.433333,11.733333,20.697667,0.000000,3.653501
480,37.433333,12.066667,20.646167,0.000000,3.598411
481,37.433333,12.066667,20.659667,0.000000,3.676866
482,37.433333,11.966667,20.746500,0.000000,3.605777
483,37.433333,12.700000,20.777000,0.000000,3.556318
484,37.433333,11.966667,20.682333,0.000000,3.585173
485,37.433333,12.033333,20.754833,0.000000,3.535025
486,37.433333,12.433333,20.747333,0.000000,3.529602
487,37.433333,12.100000,20.724833,0.000000,3.596197
488,37.433333,12.166667,20.706833,0.000000,3.620248
489,37.433333,12.033333,20.728500,0.000000,3.599199
490,37.433333,12.166667,20.772833,0.000000,3.595555
491,37.433333,12.233333,20.759167,0.000000,3.563181
492,37.433333,12.033333,20.708500,0.000000,3.623422
493,37.433333,11.966667,20.702833,0.000000,3.603447
494,37.433333,11.833333,20.710833,0.000000,3.652736
495,37.433333,12.300000,20.707333,0.000000,3.619474
496,37.433333,11.666667,20.685167,0.000000,3.598410
497,37.433333,12.000000,20.738333,0.000000,3.681451
498,37.433333,11.833333,20.730333,0.000000,3.611514
499,37.433333,11.800000,20.735167,0.000000,3.649678
500,37.433333,12.166667,20.674167,0.000000,3.599075
BestSdev: 0.797711, Time: 1h54m46.886288494s