gen,best,worst,mean,rep,sdev
1,16.633333,11.466667,13.788333,0.000000,1.062388
2,16.866667,11.433333,13.808333,0.000000,1.084534
3,17.100000,11.366667,13.799667,0.000000,1.082648
4,17.233333,11.466667,13.786000,0.000000,1.056199
5,17.300000,11.200000,13.776667,0.000000,1.092434
6,17.333333,11.266667,13.778667,0.000000,1.087275
7,17.366667,11.433333,13.825333,0.000000,1.075038
8,17.433333,11.333333,13.781333,0.000000,1.073163
9,17.433333,11.400000,13.809667,0.000000,1.064191
10,17.433333,11.266667,13.785000,0.000000,1.087065
11,17.433333,11.266667,13.780000,0.000000,1.074016
12,17.433333,11.333333,13.823333,0.000000,1.090824
13,17.466667,11.500000,13.823333,0.000000,1.050747
14,17.500000,11.266667,13.814333,0.000000,1.078153
15,17.533333,11.433333,13.838333,0.000000,1.078952
16,17.566667,11.233333,13.819000,0.000000,1.097767
17,17.566667,11.333333,13.789333,0.000000,1.102710
18,17.566667,11.333333,13.791333,0.000000,1.073064
19,17.566667,11.400000,13.825000,0.000000,1.096351
20,17.600000,11.333333,13.777333,0.000000,1.074538
21,17.633333,11.400000,13.816667,0.000000,1.084604
22,17.666667,11.433333,13.831000,0.000000,1.076887
23,17.700000,11.366667,13.818000,0.000000,1.082609
24,17.700000,11.400000,13.814333,0.000000,1.097472
25,17.733333,11.466667,13.822667,0.000000,1.063375
26,17.733333,11.333333,13.803333,0.000000,1.102282
27,17.766667,11.333333,13.803000,0.000000,1.062387
28,17.766667,11.233333,13.818000,0.000000,1.069891
29,17.766667,11.433333,13.812000,0.000000,1.051030
30,17.766667,11.366667,13.787667,0.000000,1.065687
31,17.766667,11.366667,13.774667,0.000000,1.071256
32,17.766667,11.200000,13.792667,0.000000,1.066862
33,17.766667,11.566667,13.847000,0.000000,1.079881
34,17.766667,11.500000,13.814667,0.000000,1.070631
35,17.766667,11.266667,13.805667,0.000000,1.083312
36,17.800000,11.333333,13.821000,0.000000,1.110233
37,17.800000,11.366667,13.794333,0.000000,1.050768
38,17.800000,11.233333,13.796667,0.000000,1.100113
39,17.800000,11.400000,13.811000,0.000000,1.088811
40,17.800000,11.366667,13.779667,0.000000,1.067176
41,17.800000,11.233333,13.804333,0.000000,1.100228
42,17.800000,11.400000,13.819333,0.000000,1.090155
43,17.800000,11.533333,13.836667,0.000000,1.086415
44,17.833333,11.300000,13.816333,0.000000,1.084637
45,17.866667,11.366667,13.789333,0.000000,1.060329
46,17.866667,11.433333,13.809333,0.000000,1.091636
47,17.866667,11.466667,13.793000,0.000000,1.057715
48,17.966667,11.433333,13.797000,0.000000,1.079706
49,17.966667,11.166667,13.769000,0.000000,1.094727
50,17.966667,11.533333,13.828333,0.000000,1.094601
51,18.000000,11.366667,13.810667,0.000000,1.093594
52,18.000000,11.333333,13.781333,0.000000,1.088473
53,18.033333,11.533333,13.804667,0.000000,1.066578
54,18.033333,11.266667,13.809000,0.000000,1.082007
55,18.066667,11.400000,13.815667,0.000000,1.081261
56,18.133333,11.366667,13.782667,0.000000,1.077825
57,18.133333,11.166667,13.786000,0.000000,1.082775
58,18.133333,11.333333,13.828000,0.000000,1.064187
59,18.133333,11.133333,13.818333,0.000000,1.091039
60,18.133333,11.433333,13.800667,0.000000,1.083611
61,18.133333,11.233333,13.811000,0.000000,1.099669
62,18.133333,11.500000,13.832667,0.000000,1.051429
63,18.133333,11.500000,13.828333,0.000000,1.044305
64,18.133333,11.400000,13.814000,0.000000,1.094071
65,18.133333,11.566667,13.850333,0.000000,1.083564
66,18.133333,11.166667,13.773333,0.000000,1.105187
67,18.133333,11.400000,13.813667,0.000000,1.062636
68,18.133333,11.300000,13.783667,0.000000,1.085227
69,18.133333,11.566667,13.824667,0.000000,1.109957
70,18.133333,11.300000,13.835000,0.000000,1.102429
71,18.133333,11.433333,13.819333,0.000000,1.080350
72,18.133333,11.433333,13.839667,0.000000,1.105222
73,18.133333,11.333333,13.805333,0.000000,1.098813
74,18.133333,11.433333,13.791333,0.000000,1.065099
75,18.133333,11.333333,13.796333,0.000000,1.092039
76,18.133333,11.366667,13.805333,0.000000,1.097619
77,18.133333,11.233333,13.799000,0.000000,1.097184
78,18.133333,11.333333,13.778333,0.000000,1.090661
79,18.133333,11.266667,13.804333,0.000000,1.099830
80,18.133333,11.433333,13.805333,0.000000,1.070403
81,18.166667,11.366667,13.784000,0.000000,1.082352
82,18.166667,11.433333,13.769333,0.000000,1.047983
83,18.166667,11.266667,13.798333,0.000000,1.067738
84,18.166667,11.233333,13.809667,0.000000,1.077556
85,18.166667,11.266667,13.825667,0.000000,1.101541
86,18.166667,11.366667,13.812000,0.000000,1.067638
87,18.166667,11.433333,13.799000,0.000000,1.063939
88,18.166667,11.300000,13.783667,0.000000,1.075865
89,18.166667,11.366667,13.800333,0.000000,1.065524
90,18.166667,11.266667,13.786667,0.000000,1.096274
91,18.166667,11.333333,13.822000,0.000000,1.094455
92,18.166667,11.266667,13.816667,0.000000,1.068510
93,18.166667,11.366667,13.804667,0.000000,1.076174
94,18.166667,11.533333,13.761667,0.000000,1.062405
95,18.166667,11.400000,13.801667,0.000000,1.104358
96,18.166667,11.300000,13.802000,0.000000,1.066797
97,18.200000,11.200000,13.827333,0.000000,1.119113
98,18.200000,11.433333,13.828333,0.000000,1.044996
99,18.200000,11.433333,13.779000,0.000000,1.071997
100,18.200000,11.300000,13.818333,0.000000,1.093636
BestSdev: 0.320252, Time: 9m4.293124762s