gen,best,worst,mean,rep,sdev
1,29.866667,13.066667,20.893000,0.000000,3.585830
2,31.066667,12.533333,20.675667,0.000000,3.579794
3,31.600000,12.600000,20.853333,0.000000,3.629135
4,31.966667,12.300000,20.822000,0.000000,3.648595
5,32.166667,12.733333,20.626333,0.000000,3.610760
6,32.400000,12.666667,20.677000,0.000000,3.592731
7,32.400000,12.366667,20.650000,0.000000,3.646216
8,32.633333,12.633333,20.799667,0.000000,3.608935
9,32.666667,12.733333,20.744667,0.000000,3.546426
10,32.800000,12.866667,20.769333,0.000000,3.644666
11,32.966667,12.633333,20.814333,0.000000,3.654563
12,33.066667,12.666667,20.875000,0.000000,3.609851
13,33.166667,12.766667,20.699667,0.000000,3.642326
14,33.300000,12.633333,20.735333,0.000000,3.652139
15,33.300000,12.933333,20.728333,0.000000,3.608705
16,33.333333,12.500000,20.691000,0.000000,3.650227
17,33.600000,12.433333,20.828000,0.000000,3.651809
18,33.666667,12.266667,20.715333,0.000000,3.670405
19,33.700000,12.900000,20.722333,0.000000,3.553556
20,33.900000,12.566667,20.733333,0.000000,3.633881
21,33.933333,12.600000,20.624667,0.000000,3.581602
22,34.033333,12.766667,20.732333,0.000000,3.563437
23,34.200000,12.966667,20.705667,0.000000,3.543853
24,34.233333,12.633333,20.659667,0.000000,3.585821
25,34.233333,12.766667,20.669667,0.000000,3.601911
26,34.300000,12.566667,20.652667,0.000000,3.585398
27,34.300000,12.433333,20.714333,0.000000,3.624511
28,34.300000,12.800000,20.669000,0.000000,3.602943
29,34.366667,12.866667,20.759333,0.000000,3.576239
30,34.366667,12.766667,20.734000,0.000000,3.589452
31,34.366667,12.900000,20.853333,0.000000,3.634001
32,34.400000,12.333333,20.741667,0.000000,3.651438
33,34.400000,12.800000,20.833333,0.000000,3.540555
34,34.400000,12.666667,20.715000,0.000000,3.588094
35,34.400000,12.666667,20.763333,0.000000,3.603780
36,34.500000,12.633333,20.684333,0.000000,3.609873
37,34.500000,12.700000,20.760667,0.000000,3.608033
38,34.500000,12.933333,20.682667,0.000000,3.566159
39,34.533333,12.866667,20.709667,0.000000,3.547422
40,34.533333,12.833333,20.811667,0.000000,3.605589
41,34.533333,12.800000,20.863000,0.000000,3.601630
42,34.533333,12.933333,20.760000,0.000000,3.518569
43,34.600000,12.433333,20.735000,0.000000,3.661036
44,34.633333,12.966667,20.752667,0.000000,3.528406
45,34.666667,12.100000,20.630333,0.000000,3.595804
46,34.700000,12.633333,20.723667,0.000000,3.568330
47,34.700000,12.866667,20.761333,0.000000,3.515900
48,34.700000,12.733333,20.720333,0.000000,3.579365
49,34.700000,12.533333,20.938333,0.000000,3.652699
50,34.700000,12.866667,20.714000,0.000000,3.456311
51,34.766667,12.866667,20.761000,0.000000,3.611483
52,34.766667,12.533333,20.559667,0.000000,3.623598
53,34.766667,12.466667,20.648667,0.000000,3.600224
54,34.800000,12.566667,20.855667,0.000000,3.594759
55,34.800000,12.233333,20.806667,0.000000,3.705923
56,34.866667,12.533333,20.751667,0.000000,3.656520
57,34.933333,13.033333,20.735000,0.000000,3.581881
58,34.933333,12.900000,20.849333,0.000000,3.528189
59,34.966667,12.766667,20.716333,0.000000,3.609341
60,34.966667,12.500000,20.787333,0.000000,3.591363
61,34.966667,12.200000,20.791667,0.000000,3.623526
62,35.033333,12.666667,20.729000,0.000000,3.633652
63,35.100000,12.633333,20.716000,0.000000,3.614331
64,35.100000,12.700000,20.855000,0.000000,3.574667
65,35.100000,12.666667,20.818333,0.000000,3.593529
66,35.100000,12.600000,20.799667,0.000000,3.647208
67,35.100000,12.100000,20.644333,0.000000,3.572178
68,35.133333,13.066667,20.713000,0.000000,3.525063
69,35.133333,12.900000,20.732667,0.000000,3.527475
70,35.166667,12.066667,20.736667,0.000000,3.629351
71,35.166667,12.100000,20.782667,0.000000,3.616561
72,35.233333,12.500000,20.686333,0.000000,3.558106
73,35.233333,12.700000,20.677333,0.000000,3.541160
74,35.333333,12.800000,20.718000,0.000000,3.613117
75,35.333333,12.766667,20.772000,0.000000,3.599092
76,35.333333,12.633333,20.777333,0.000000,3.497428
77,35.333333,12.666667,20.662333,0.000000,3.623343
78,35.366667,12.466667,20.754667,0.000000,3.610818
79,35.366667,13.000000,20.789667,0.000000,3.549844
80,35.366667,12.533333,20.621667,0.000000,3.657288
81,35.366667,12.566667,20.722667,0.000000,3.624796
82,35.366667,12.666667,20.628000,0.000000,3.574645
83,35.366667,12.366667,20.739667,0.000000,3.682615
84,35.400000,12.500000,20.803333,0.000000,3.577817
85,35.400000,13.000000,20.700667,0.000000,3.564707
86,35.400000,12.900000,20.714667,0.000000,3.576274
87,35.400000,12.566667,20.761667,0.000000,3.611381
88,35.400000,12.733333,20.766667,0.000000,3.535895
89,35.433333,12.400000,20.808000,0.000000,3.631106
90,35.466667,12.500000,20.677333,0.000000,3.604211
91,35.500000,12.533333,20.678667,0.000000,3.659697
92,35.500000,12.433333,20.696000,0.000000,3.628038
93,35.500000,12.533333,20.728333,0.000000,3.513932
94,35.500000,12.633333,20.752000,0.000000,3.662752
95,35.500000,12.633333,20.666333,0.000000,3.553649
96,35.500000,12.666667,20.632333,0.000000,3.630569
97,35.500000,12.500000,20.847667,0.000000,3.637138
98,35.500000,12.333333,20.712333,0.000000,3.656031
99,35.500000,12.766667,20.762667,0.000000,3.652673
100,35.500000,12.700000,20.694000,0.000000,3.632871
BestSdev: 1.076006, Time: 11m18.45615581s