gen,best,worst,mean,rep,sdev
1,16.733333,11.433333,13.816333,0.000000,1.058438
2,17.066667,11.300000,13.780000,0.000000,1.092537
3,17.266667,11.300000,13.808667,0.000000,1.098361
4,17.333333,11.333333,13.805000,0.000000,1.086919
5,17.333333,11.400000,13.803333,0.000000,1.079283
6,17.400000,11.266667,13.808000,0.000000,1.106115
7,17.400000,11.266667,13.781667,0.000000,1.057759
8,17.433333,11.366667,13.824000,0.000000,1.064404
9,17.533333,11.366667,13.797333,0.000000,1.068085
10,17.533333,11.300000,13.804667,0.000000,1.082801
11,17.533333,11.400000,13.808333,0.000000,1.081145
12,17.533333,11.400000,13.823000,0.000000,1.071187
13,17.666667,11.266667,13.770000,0.000000,1.099803
14,17.700000,11.333333,13.821000,0.000000,1.082102
15,17.700000,11.366667,13.826000,0.000000,1.071276
16,17.800000,11.500000,13.798333,0.000000,1.076288
17,17.833333,11.466667,13.807000,0.000000,1.068050
18,17.833333,11.266667,13.787333,0.000000,1.097147
19,17.833333,11.466667,13.798333,0.000000,1.070197
20,17.833333,11.333333,13.806667,0.000000,1.095335
BestSdev: 0.278583, Time: 1m51.061492032s