gen,best,worst,mean,rep,sdev
1,30.633333,12.466667,20.751667,0.000000,3.679822
2,31.466667,12.733333,20.825333,0.000000,3.620748
3,32.400000,12.433333,20.646333,0.000000,3.614115
4,32.566667,13.066667,20.705667,0.000000,3.537624
5,32.800000,12.733333,20.732667,0.000000,3.580158
6,32.933333,12.833333,20.773667,0.000000,3.603992
7,32.966667,13.133333,20.763667,0.000000,3.574377
8,33.033333,12.766667,20.618333,0.000000,3.530360
9,33.166667,12.800000,20.778667,0.000000,3.503046
10,33.266667,12.700000,20.694667,0.000000,3.633954
11,33.466667,12.500000,20.655667,0.000000,3.611329
12,33.766667,12.366667,20.709333,0.000000,3.626192
13,34.000000,12.500000,20.703333,0.000000,3.640867
14,34.033333,12.533333,20.642667,0.000000,3.534988
15,34.066667,13.066667,20.905667,0.000000,3.620254
16,34.233333,12.666667,20.669333,0.000000,3.566319
17,34.233333,12.866667,20.883667,0.000000,3.593381
18,34.300000,13.100000,20.888333,0.000000,3.621399
19,34.400000,11.833333,20.694333,0.000000,3.710822
20,34.400000,12.866667,20.800333,0.000000,3.536266
21,34.466667,12.500000,20.750667,0.000000,3.542588
22,34.466667,12.800000,20.719000,0.000000,3.604366
23,34.466667,13.066667,20.791667,0.000000,3.523867
24,34.500000,12.533333,20.765667,0.000000,3.577449
25,34.500000,12.566667,20.698000,0.000000,3.552192
26,34.500000,12.766667,20.693667,0.000000,3.582321
27,34.600000,12.733333,20.788333,0.000000,3.645990
28,34.600000,12.466667,20.740000,0.000000,3.646980
29,34.733333,12.600000,20.639000,0.000000,3.545698
30,34.766667,12.533333,20.722333,0.000000,3.650759
31,34.766667,12.433333,20.602667,0.000000,3.608019
32,34.833333,12.600000,20.650333,0.000000,3.622320
33,34.866667,12.766667,20.830667,0.000000,3.671587
34,34.866667,12.633333,20.655000,0.000000,3.558133
35,34.866667,12.600000,20.755333,0.000000,3.584202
36,34.866667,12.400000,20.593000,0.000000,3.674138
37,35.066667,12.733333,20.652667,0.000000,3.600302
38,35.100000,12.633333,20.761333,0.000000,3.645181
39,35.100000,12.833333,20.693667,0.000000,3.662579
40,35.100000,12.600000,20.827333,0.000000,3.577446
41,35.100000,12.700000,20.687667,0.000000,3.569325
42,35.100000,13.133333,20.708333,0.000000,3.471905
43,35.100000,12.866667,20.723667,0.000000,3.537268
44,35.100000,12.833333,20.691667,0.000000,3.563027
45,35.100000,12.633333,20.640667,0.000000,3.566578
46,35.166667,12.633333,20.731667,0.000000,3.662128
47,35.166667,12.566667,20.701333,0.000000,3.609656
48,35.166667,12.600000,20.823333,0.000000,3.618447
49,35.166667,12.600000,20.840333,0.000000,3.561511
50,35.166667,12.800000,20.780333,0.000000,3.635391
51,35.300000,12.733333,20.848667,0.000000,3.521838
52,35.300000,12.900000,20.716333,0.000000,3.542586
53,35.300000,12.466667,20.742667,0.000000,3.645382
54,35.366667,12.366667,20.646667,0.000000,3.626571
55,35.466667,12.766667,20.686000,0.000000,3.629857
56,35.533333,12.700000,20.714000,0.000000,3.707143
57,35.533333,12.733333,20.822667,0.000000,3.575597
58,35.533333,12.833333,20.779000,0.000000,3.576289
59,35.566667,12.800000,20.764333,0.000000,3.551034
60,35.566667,12.533333,20.740000,0.000000,3.604437
61,35.566667,13.066667,20.690667,0.000000,3.657719
62,35.566667,12.533333,20.751667,0.000000,3.592095
63,35.666667,12.566667,20.631333,0.000000,3.622373
64,35.666667,12.500000,20.667000,0.000000,3.680318
65,35.666667,12.533333,20.699333,0.000000,3.592253
66,35.666667,12.700000,20.708000,0.000000,3.622115
67,35.700000,12.700000,20.779667,0.000000,3.639720
68,35.700000,12.566667,20.666000,0.000000,3.578894
69,35.700000,12.866667,20.808667,0.000000,3.607690
70,35.700000,12.900000,20.709000,0.000000,3.566011
71,35.700000,12.633333,20.722000,0.000000,3.587869
72,35.700000,12.800000,20.799667,0.000000,3.584364
73,35.700000,12.400000,20.680333,0.000000,3.576995
74,35.733333,12.600000,20.720333,0.000000,3.597072
75,35.733333,12.500000,20.675667,0.000000,3.656234
76,35.733333,12.533333,20.729333,0.000000,3.572600
77,35.733333,12.766667,20.652333,0.000000,3.654881
78,35.733333,12.933333,20.682333,0.000000,3.484797
79,35.733333,12.566667,20.743333,0.000000,3.534403
80,35.733333,13.100000,20.764667,0.000000,3.532794
81,35.733333,12.566667,20.816000,0.000000,3.636650
82,35.733333,12.566667,20.661333,0.000000,3.522304
83,35.733333,12.933333,20.715333,0.000000,3.670131
84,35.733333,12.700000,20.631667,0.000000,3.538779
85,35.733333,12.666667,20.740000,0.000000,3.580918
86,35.733333,12.700000,20.746333,0.000000,3.638940
87,35.733333,12.866667,20.776333,0.000000,3.594902
88,35.766667,12.566667,20.822667,0.000000,3.618363
89,35.766667,12.566667,20.637000,0.000000,3.483266
90,35.766667,12.466667,20.693333,0.000000,3.567160
91,35.800000,12.600000,20.717333,0.000000,3.690763
92,35.866667,13.000000,20.777333,0.000000,3.625013
93,35.866667,12.633333,20.674333,0.000000,3.681726
94,35.866667,12.666667,20.830000,0.000000,3.587538
95,35.866667,12.900000,20.781000,0.000000,3.619191
96,35.866667,12.766667,20.785000,0.000000,3.623633
97,35.866667,12.733333,20.753333,0.000000,3.612264
98,35.866667,12.866667,20.796000,0.000000,3.593750
99,35.866667,12.766667,20.666000,0.000000,3.536231
100,35.866667,12.333333,20.700000,0.000000,3.677814
101,35.866667,12.066667,20.795333,0.000000,3.629341
102,35.866667,12.866667,20.825000,0.000000,3.592662
103,35.866667,12.433333,20.698333,0.000000,3.698859
104,35.866667,12.233333,20.705333,0.000000,3.607246
105,35.900000,12.633333,20.742667,0.000000,3.544553
106,35.900000,12.700000,20.541667,0.000000,3.565417
107,35.900000,12.766667,20.678000,0.000000,3.573220
108,35.900000,13.166667,20.732667,0.000000,3.532245
109,35.900000,12.533333,20.601667,0.000000,3.550547
110,35.900000,12.833333,20.664333,0.000000,3.514887
111,35.900000,12.200000,20.690667,0.000000,3.624736
112,35.900000,12.733333,20.753000,0.000000,3.643606
113,35.900000,12.233333,20.693667,0.000000,3.566761
114,35.900000,12.566667,20.651000,0.000000,3.552041
115,36.000000,12.600000,20.794667,0.000000,3.696741
116,36.000000,12.833333,20.674333,0.000000,3.524136
117,36.000000,12.633333,20.677333,0.000000,3.597983
118,36.000000,12.466667,20.807667,0.000000,3.707696
119,36.000000,12.466667,20.808000,0.000000,3.590817
120,36.000000,12.700000,20.699667,0.000000,3.550794
121,36.000000,12.566667,20.765333,0.000000,3.567712
122,36.000000,12.566667,20.717333,0.000000,3.522567
123,36.000000,13.000000,20.678333,0.000000,3.514544
124,36.000000,12.666667,20.686000,0.000000,3.555808
125,36.000000,12.233333,20.718333,0.000000,3.679415
126,36.000000,12.700000,20.612000,0.000000,3.534906
127,36.000000,12.566667,20.717333,0.000000,3.631973
128,36.033333,12.433333,20.697667,0.000000,3.647445
129,36.033333,12.533333,20.581333,0.000000,3.552214
130,36.033333,12.300000,20.697333,0.000000,3.642048
131,36.033333,12.766667,20.727667,0.000000,3.566617
132,36.033333,12.366667,20.684333,0.000000,3.631871
133,36.033333,12.133333,20.703333,0.000000,3.682383
134,36.033333,12.833333,20.747667,0.000000,3.606365
135,36.033333,12.366667,20.678333,0.000000,3.553982
136,36.066667,12.766667,20.767000,0.000000,3.632344
137,36.066667,12.366667,20.625333,0.000000,3.670862
138,36.066667,12.766667,20.775333,0.000000,3.582250
139,36.066667,12.700000,20.774667,0.000000,3.651383
140,36.066667,12.600000,20.771000,0.000000,3.593470
141,36.066667,12.566667,20.653333,0.000000,3.563868
142,36.133333,13.033333,20.705667,0.000000,3.544101
143,36.133333,13.000000,20.742333,0.000000,3.500233
144,36.133333,12.733333,20.705000,0.000000,3.490908
145,36.133333,12.166667,20.759333,0.000000,3.610862
146,36.133333,12.100000,20.690667,0.000000,3.653584
147,36.133333,12.700000,20.804667,0.000000,3.541756
148,36.133333,12.866667,20.681333,0.000000,3.576315
149,36.133333,12.900000,20.745667,0.000000,3.594045
150,36.133333,12.633333,20.813333,0.000000,3.610227
151,36.133333,12.833333,20.712333,0.000000,3.541717
152,36.133333,12.766667,20.757333,0.000000,3.598726
153,36.133333,12.533333,20.770667,0.000000,3.639031
154,36.166667,12.766667,20.893333,0.000000,3.664895
155,36.166667,12.733333,20.695000,0.000000,3.605806
156,36.233333,12.500000,20.646000,0.000000,3.634331
157,36.233333,12.500000,20.674667,0.000000,3.633876
158,36.266667,12.700000,20.761667,0.000000,3.632810
159,36.266667,12.666667,20.644000,0.000000,3.542457
160,36.266667,12.466667,20.735667,0.000000,3.610987
161,36.266667,12.566667,20.666667,0.000000,3.599391
162,36.266667,12.466667,20.688000,0.000000,3.641428
163,36.266667,12.933333,20.678333,0.000000,3.590682
164,36.266667,12.333333,20.593000,0.000000,3.628687
165,36.266667,12.800000,20.749000,0.000000,3.603753
166,36.266667,12.766667,20.689000,0.000000,3.569099
167,36.266667,12.666667,20.685000,0.000000,3.572453
168,36.266667,12.300000,20.675667,0.000000,3.632969
169,36.366667,12.866667,20.700333,0.000000,3.659723
170,36.366667,12.900000,20.800667,0.000000,3.564051
171,36.366667,12.533333,20.766000,0.000000,3.634627
172,36.366667,12.566667,20.726667,0.000000,3.664083
173,36.366667,12.400000,20.610333,0.000000,3.623063
174,36.366667,12.833333,20.767000,0.000000,3.623809
175,36.366667,12.466667,20.694333,0.000000,3.698489
176,36.366667,12.133333,20.676667,0.000000,3.615563
177,36.366667,12.766667,20.675333,0.000000,3.591005
178,36.366667,12.966667,20.885333,0.000000,3.610006
179,36.400000,12.766667,20.707333,0.000000,3.586561
180,36.400000,12.366667,20.773333,0.000000,3.614305
181,36.400000,13.066667,20.676333,0.000000,3.522866
182,36.400000,12.866667,20.704333,0.000000,3.573240
183,36.400000,12.633333,20.664000,0.000000,3.624355
184,36.400000,12.700000,20.827000,0.000000,3.625409
185,36.400000,12.333333,20.704333,0.000000,3.639000
186,36.500000,12.533333,20.778000,0.000000,3.673784
187,36.500000,12.300000,20.728333,0.000000,3.626445
188,36.500000,12.933333,20.684000,0.000000,3.550691
189,36.500000,13.033333,20.848667,0.000000,3.585863
190,36.500000,12.500000,20.596000,0.000000,3.569496
191,36.500000,12.433333,20.633000,0.000000,3.628877
192,36.500000,12.600000,20.690333,0.000000,3.592358
193,36.500000,12.400000,20.601667,0.000000,3.600207
194,36.500000,12.766667,20.722000,0.000000,3.598304
195,36.500000,12.400000,20.617333,0.000000,3.626412
196,36.500000,12.800000,20.662000,0.000000,3.521034
197,36.500000,12.800000,20.799000,0.000000,3.643593
198,36.500000,12.833333,20.823667,0.000000,3.583101
199,36.500000,12.600000,20.637000,0.000000,3.532730
200,36.500000,12.433333,20.675000,0.000000,3.598869
BestSdev: 0.953616, Time: 22m35.110848359s