gen,best,worst,mean,rep,sdev
1,16.266667,11.633333,13.739333,0.000000,1.102534
2,16.466667,11.700000,13.811333,0.000000,1.065980
3,16.633333,11.666667,13.848000,0.000000,1.048195
4,16.733333,11.633333,13.836000,0.000000,1.065667
5,16.833333,11.500000,13.783333,0.000000,1.035926
6,17.066667,11.633333,13.778667,0.000000,1.101953
7,17.066667,11.600000,13.837333,0.000000,1.068158
8,17.133333,11.766667,13.859333,0.000000,1.077339
9,17.166667,11.533333,13.745333,0.000000,1.052313
10,17.200000,11.700000,13.849333,0.000000,1.077893
11,17.200000,11.700000,13.827333,0.000000,1.043579
12,17.266667,11.666667,13.853333,0.000000,1.053409
13,17.300000,11.633333,13.780667,0.000000,1.082258
14,17.300000,11.666667,13.800667,0.000000,1.075973
15,17.300000,11.533333,13.826000,0.000000,1.054804
16,17.333333,11.600000,13.787333,0.000000,1.067554
17,17.333333,11.633333,13.799333,0.000000,1.019320
18,17.333333,11.500000,13.791333,0.000000,1.072409
19,17.366667,11.733333,13.840667,0.000000,1.067960
20,17.366667,11.500000,13.807333,0.000000,1.061793
21,17.366667,11.633333,13.830000,0.000000,1.077788
22,17.366667,11.666667,13.774667,0.000000,1.073729
23,17.433333,11.533333,13.818667,0.000000,1.116499
24,17.466667,11.533333,13.814000,0.000000,1.068449
25,17.466667,11.533333,13.823333,0.000000,1.052747
26,17.500000,11.733333,13.816667,0.000000,1.053676
27,17.500000,11.700000,13.822000,0.000000,1.096123
28,17.533333,11.500000,13.823333,0.000000,1.104580
29,17.533333,11.633333,13.835333,0.000000,1.107365
30,17.533333,11.800000,13.821333,0.000000,1.058404
31,17.533333,11.633333,13.802667,0.000000,1.064184
32,17.533333,11.600000,13.828667,0.000000,1.060870
33,17.533333,11.666667,13.784000,0.000000,1.029634
34,17.533333,11.600000,13.776667,0.000000,1.042757
35,17.533333,11.700000,13.809333,0.000000,1.047840
36,17.533333,11.600000,13.796667,0.000000,1.047860
37,17.566667,11.633333,13.830000,0.000000,1.083303
38,17.600000,11.566667,13.760667,0.000000,1.030984
39,17.600000,11.766667,13.840000,0.000000,1.076407
40,17.633333,11.533333,13.788667,0.000000,1.078636
41,17.633333,11.433333,13.838667,0.000000,1.076940
42,17.633333,11.433333,13.759333,0.000000,1.089892
43,17.633333,11.500000,13.774667,0.000000,1.118063
44,17.700000,11.400000,13.799333,0.000000,1.105436
45,17.700000,11.666667,13.804667,0.000000,1.051198
46,17.700000,11.566667,13.812000,0.000000,1.070913
47,17.700000,11.666667,13.842000,0.000000,1.066581
48,17.700000,11.566667,13.796000,0.000000,1.086586
49,17.700000,11.633333,13.804667,0.000000,1.041138
50,17.733333,11.700000,13.815333,0.000000,1.092190
51,17.733333,11.466667,13.812667,0.000000,1.099874
52,17.766667,11.500000,13.793333,0.000000,1.084993
53,17.800000,11.633333,13.786000,0.000000,1.100157
54,17.800000,11.633333,13.776667,0.000000,1.080855
55,17.800000,11.633333,13.792667,0.000000,1.073780
56,17.833333,11.533333,13.773333,0.000000,1.067427
57,17.833333,11.733333,13.774000,0.000000,1.068730
58,17.866667,11.566667,13.788000,0.000000,1.081417
59,17.866667,11.533333,13.817333,0.000000,1.100101
60,17.900000,11.533333,13.782000,0.000000,1.100531
61,17.933333,11.566667,13.770667,0.000000,1.076723
62,17.933333,11.566667,13.790000,0.000000,1.092410
63,17.933333,11.633333,13.787333,0.000000,1.046416
64,17.933333,11.600000,13.786667,0.000000,1.051570
65,17.933333,11.533333,13.757333,0.000000,1.044136
66,17.933333,11.466667,13.812000,0.000000,1.115566
67,17.966667,11.600000,13.804000,0.000000,1.080933
68,17.966667,11.633333,13.817333,0.000000,1.068168
69,17.966667,11.600000,13.769333,0.000000,1.058781
70,17.966667,11.433333,13.794667,0.000000,1.056186
71,17.966667,11.500000,13.796667,0.000000,1.070828
72,17.966667,11.566667,13.802000,0.000000,1.073735
73,17.966667,11.500000,13.822000,0.000000,1.074848
74,17.966667,11.800000,13.832000,0.000000,1.071270
75,17.966667,11.666667,13.797333,0.000000,1.021546
76,17.966667,11.666667,13.784667,0.000000,1.082275
77,17.966667,11.666667,13.797333,0.000000,1.068240
78,17.966667,11.533333,13.800000,0.000000,1.070800
79,17.966667,11.600000,13.833333,0.000000,1.058128
80,17.966667,11.733333,13.852000,0.000000,1.040210
81,17.966667,11.433333,13.763333,0.000000,1.122307
82,17.966667,11.633333,13.812667,0.000000,1.094930
83,17.966667,11.566667,13.800667,0.000000,1.088230
84,17.966667,11.666667,13.778667,0.000000,1.062169
85,17.966667,11.700000,13.808000,0.000000,1.034645
86,17.966667,11.500000,13.802000,0.000000,1.075007
87,17.966667,11.533333,13.809333,0.000000,1.051252
88,17.966667,11.533333,13.783333,0.000000,1.085148
89,17.966667,11.566667,13.758000,0.000000,1.078449
90,17.966667,11.566667,13.808667,0.000000,1.093185
91,17.966667,11.466667,13.766000,0.000000,1.065603
92,17.966667,11.500000,13.841333,0.000000,1.080993
93,17.966667,11.600000,13.788667,0.000000,1.048622
94,17.966667,11.700000,13.772667,0.000000,1.051974
95,17.966667,11.600000,13.792667,0.000000,1.027196
96,18.000000,11.666667,13.742000,0.000000,1.046481
97,18.000000,11.600000,13.778667,0.000000,1.074965
98,18.000000,11.766667,13.826667,0.000000,1.038015
99,18.000000,11.300000,13.775333,0.000000,1.089462
100,18.033333,11.733333,13.824000,0.000000,1.069771
BestSdev: 0.363700, Time: 9m52.746093498s