gen,best,worst,mean,rep,sdev
1,16.366667,11.700000,13.818667,0.000000,1.056181
2,16.633333,11.633333,13.804667,0.000000,1.053841
3,16.766667,11.600000,13.790000,0.000000,1.052251
4,16.866667,11.566667,13.803333,0.000000,1.063710
5,16.866667,11.566667,13.782667,0.000000,1.057003
6,16.933333,11.700000,13.789333,0.000000,1.052948
7,17.000000,11.700000,13.821333,0.000000,1.078384
8,17.100000,11.633333,13.814667,0.000000,1.100498
9,17.133333,11.900000,13.816000,0.000000,1.047808
10,17.133333,11.566667,13.847333,0.000000,1.104265
11,17.166667,11.766667,13.786000,0.000000,1.058567
12,17.200000,11.600000,13.850000,0.000000,1.074856
13,17.233333,11.733333,13.793333,0.000000,1.073157
14,17.233333,11.666667,13.749333,0.000000,1.057897
15,17.266667,11.633333,13.864667,0.000000,1.025818
16,17.400000,11.633333,13.868000,0.000000,1.088065
17,17.466667,11.433333,13.754000,0.000000,1.079604
18,17.500000,11.400000,13.794667,0.000000,1.089205
19,17.500000,11.533333,13.825333,0.000000,1.058561
20,17.500000,11.466667,13.781333,0.000000,1.107029
BestSdev: 0.299518, Time: 1m19.753185346s