gen,best,worst,mean,rep,sdev
1,16.266667,11.633333,13.837333,0.000000,1.079235
2,16.433333,11.700000,13.819333,0.000000,1.064510
3,16.666667,11.666667,13.858667,0.000000,1.083011
4,16.666667,11.666667,13.846000,0.000000,1.069415
5,16.866667,11.733333,13.815333,0.000000,1.066310
6,17.100000,11.333333,13.804000,0.000000,1.097446
7,17.133333,11.600000,13.830000,0.000000,1.062646
8,17.166667,11.366667,13.765333,0.000000,1.051456
9,17.200000,11.500000,13.776000,0.000000,1.043086
10,17.233333,11.700000,13.808000,0.000000,1.054024
11,17.233333,11.666667,13.781333,0.000000,1.027338
12,17.266667,11.633333,13.817333,0.000000,1.096684
13,17.266667,11.466667,13.782000,0.000000,1.073187
14,17.266667,11.500000,13.800000,0.000000,1.066801
15,17.266667,11.733333,13.820000,0.000000,1.038495
16,17.300000,11.466667,13.837333,0.000000,1.096592
17,17.333333,11.766667,13.896667,0.000000,1.063310
18,17.333333,11.466667,13.817333,0.000000,1.108886
19,17.366667,11.566667,13.806000,0.000000,1.096536
20,17.400000,11.700000,13.847333,0.000000,1.090634
21,17.400000,11.600000,13.812667,0.000000,1.061502
22,17.400000,11.500000,13.850667,0.000000,1.084399
23,17.400000,11.666667,13.739333,0.000000,1.052139
24,17.433333,11.533333,13.797333,0.000000,1.082016
25,17.433333,11.800000,13.818000,0.000000,1.055998
26,17.433333,11.633333,13.836667,0.000000,1.060537
27,17.433333,11.500000,13.808000,0.000000,1.094388
28,17.466667,11.466667,13.796667,0.000000,1.106871
29,17.466667,11.633333,13.812000,0.000000,1.074057
30,17.466667,11.633333,13.824667,0.000000,1.096541
31,17.500000,11.666667,13.809333,0.000000,1.078766
32,17.533333,11.366667,13.818000,0.000000,1.106740
33,17.566667,11.633333,13.781333,0.000000,1.045134
34,17.566667,11.600000,13.830000,0.000000,1.065270
35,17.600000,11.566667,13.810667,0.000000,1.084133
36,17.633333,11.400000,13.799333,0.000000,1.107795
37,17.633333,11.633333,13.774667,0.000000,1.060099
38,17.633333,11.633333,13.802000,0.000000,1.068497
39,17.633333,11.500000,13.780667,0.000000,1.054090
40,17.633333,11.533333,13.804000,0.000000,1.057372
41,17.666667,11.566667,13.790667,0.000000,1.053970
42,17.666667,11.566667,13.771333,0.000000,1.059287
43,17.666667,11.700000,13.808667,0.000000,1.049427
44,17.666667,11.666667,13.798000,0.000000,1.077594
45,17.666667,11.466667,13.756000,0.000000,1.081626
46,17.666667,11.700000,13.807333,0.000000,1.027795
47,17.666667,11.533333,13.832667,0.000000,1.082629
48,17.666667,11.600000,13.818000,0.000000,1.062987
49,17.666667,11.700000,13.821333,0.000000,1.058006
50,17.733333,11.566667,13.806000,0.000000,1.059003
51,17.733333,11.533333,13.821333,0.000000,1.071492
52,17.733333,11.666667,13.776000,0.000000,1.099272
53,17.733333,11.700000,13.770667,0.000000,1.057361
54,17.766667,11.700000,13.855333,0.000000,1.108023
55,17.766667,11.766667,13.820667,0.000000,1.098040
56,17.800000,11.566667,13.762667,0.000000,1.062619
57,17.833333,11.666667,13.820667,0.000000,1.072868
58,17.833333,11.566667,13.801333,0.000000,1.059450
59,17.833333,11.533333,13.836000,0.000000,1.041687
60,17.833333,11.633333,13.780000,0.000000,1.061322
61,17.833333,11.566667,13.830000,0.000000,1.041803
62,17.833333,11.500000,13.820667,0.000000,1.072247
63,17.866667,11.633333,13.782000,0.000000,1.066040
64,17.866667,11.466667,13.781333,0.000000,1.071809
65,17.866667,11.566667,13.796000,0.000000,1.044771
66,17.866667,11.433333,13.765333,0.000000,1.045116
67,17.900000,11.533333,13.832000,0.000000,1.080363
68,17.900000,11.500000,13.763333,0.000000,1.071349
69,17.900000,11.666667,13.812667,0.000000,1.059829
70,17.900000,11.666667,13.771333,0.000000,1.069271
71,17.900000,11.633333,13.815333,0.000000,1.073915
72,17.900000,11.400000,13.792667,0.000000,1.091489
73,17.933333,11.566667,13.775333,0.000000,1.104653
74,17.933333,11.433333,13.791333,0.000000,1.105072
75,17.933333,11.466667,13.824000,0.000000,1.089434
76,17.933333,11.700000,13.835333,0.000000,1.064249
77,17.933333,11.566667,13.814667,0.000000,1.068161
78,17.933333,11.700000,13.804667,0.000000,1.074752
79,17.933333,11.566667,13.789333,0.000000,1.050302
80,17.933333,11.533333,13.778667,0.000000,1.076575
81,17.966667,11.533333,13.848000,0.000000,1.061666
82,17.966667,11.466667,13.794000,0.000000,1.061570
83,17.966667,11.533333,13.805333,0.000000,1.078342
84,17.966667,11.500000,13.820667,0.000000,1.093897
85,17.966667,11.633333,13.838000,0.000000,1.076517
86,17.966667,11.666667,13.808000,0.000000,1.084132
87,17.966667,11.733333,13.818667,0.000000,1.070133
88,17.966667,11.500000,13.781333,0.000000,1.037592
89,17.966667,11.666667,13.797333,0.000000,1.056788
90,17.966667,11.666667,13.855333,0.000000,1.101416
91,17.966667,11.700000,13.835333,0.000000,1.072569
92,17.966667,11.500000,13.806667,0.000000,1.081179
93,17.966667,11.533333,13.762667,0.000000,1.064092
94,17.966667,11.566667,13.795333,0.000000,1.085038
95,17.966667,11.566667,13.832000,0.000000,1.058444
96,17.966667,11.466667,13.810667,0.000000,1.112259
97,17.966667,11.533333,13.749333,0.000000,1.076712
98,18.000000,11.600000,13.797333,0.000000,1.061147
99,18.000000,11.633333,13.803333,0.000000,1.069422
100,18.000000,11.433333,13.765333,0.000000,1.062659
BestSdev: 0.352533, Time: 6m13.140138924s