gen,best,worst,mean,rep,sdev
1,31.300000,12.300000,20.761167,0.000000,3.590015
2,32.333333,12.033333,20.808000,0.000000,3.618538
3,32.566667,12.133333,20.657333,0.000000,3.586381
4,32.866667,12.266667,20.709500,0.000000,3.578039
5,33.100000,11.933333,20.698667,0.000000,3.587081
6,33.333333,12.200000,20.731500,0.000000,3.630942
7,33.566667,12.266667,20.682667,0.000000,3.595733
8,33.700000,11.833333,20.724833,0.000000,3.578007
9,34.000000,12.100000,20.701000,0.000000,3.595950
10,34.200000,12.200000,20.770667,0.000000,3.585609
11,34.333333,11.733333,20.673000,0.000000,3.596924
12,34.400000,11.766667,20.672667,0.000000,3.570821
13,34.500000,12.300000,20.719500,0.000000,3.562012
14,34.566667,11.866667,20.680833,0.000000,3.636435
15,34.566667,11.933333,20.771167,0.000000,3.615502
16,34.633333,11.900000,20.756167,0.000000,3.576243
17,34.800000,11.966667,20.761000,0.000000,3.661474
18,34.900000,12.266667,20.706167,0.000000,3.659370
19,35.000000,12.166667,20.773167,0.000000,3.630689
20,35.000000,12.100000,20.742833,0.000000,3.629620
21,35.000000,12.033333,20.759500,0.000000,3.644159
22,35.000000,11.966667,20.648833,0.000000,3.578394
23,35.000000,12.133333,20.725833,0.000000,3.610506
24,35.100000,12.033333,20.796000,0.000000,3.601499
25,35.166667,11.900000,20.814000,0.000000,3.673677
26,35.166667,12.033333,20.696667,0.000000,3.596983
27,35.200000,11.800000,20.789500,0.000000,3.670199
28,35.266667,11.900000,20.762333,0.000000,3.655116
29,35.266667,12.000000,20.650000,0.000000,3.597990
30,35.266667,12.033333,20.709500,0.000000,3.574106
31,35.266667,12.033333,20.725167,0.000000,3.568980
32,35.366667,12.033333,20.718667,0.000000,3.602540
33,35.366667,12.100000,20.771833,0.000000,3.607284
34,35.366667,12.100000,20.741833,0.000000,3.637601
35,35.366667,12.066667,20.761667,0.000000,3.595339
36,35.466667,12.000000,20.662000,0.000000,3.563654
37,35.633333,11.766667,20.670333,0.000000,3.651286
38,35.633333,12.366667,20.794000,0.000000,3.625248
39,35.633333,11.700000,20.643167,0.000000,3.569499
40,35.800000,12.000000,20.801833,0.000000,3.656204
41,35.800000,12.166667,20.813000,0.000000,3.602298
42,35.800000,12.133333,20.795000,0.000000,3.592166
43,35.800000,11.966667,20.663500,0.000000,3.563690
44,35.800000,12.000000,20.738667,0.000000,3.579583
45,35.800000,12.466667,20.820000,0.000000,3.635120
46,35.800000,11.833333,20.640167,0.000000,3.593861
47,35.800000,12.066667,20.729500,0.000000,3.599818
48,35.800000,11.866667,20.710333,0.000000,3.584994
49,35.800000,12.000000,20.712000,0.000000,3.602190
50,35.800000,12.133333,20.706333,0.000000,3.576895
51,35.800000,11.666667,20.735167,0.000000,3.635670
52,35.800000,11.700000,20.794833,0.000000,3.676063
53,35.833333,12.133333,20.725333,0.000000,3.608214
54,35.900000,12.100000,20.683500,0.000000,3.634325
55,35.900000,12.233333,20.799833,0.000000,3.627260
56,35.900000,11.900000,20.723667,0.000000,3.627672
57,35.966667,12.200000,20.702833,0.000000,3.603114
58,35.966667,11.733333,20.686000,0.000000,3.609543
59,35.966667,12.233333,20.719167,0.000000,3.622256
60,36.000000,12.233333,20.717333,0.000000,3.629797
61,36.000000,11.933333,20.841000,0.000000,3.646488
62,36.000000,12.033333,20.746833,0.000000,3.585070
63,36.000000,11.966667,20.757000,0.000000,3.660134
64,36.066667,12.200000,20.787000,0.000000,3.632443
65,36.066667,12.033333,20.641833,0.000000,3.585583
66,36.066667,11.933333,20.708667,0.000000,3.594715
67,36.066667,12.000000,20.715667,0.000000,3.611622
68,36.066667,12.100000,20.707500,0.000000,3.596476
69,36.066667,12.333333,20.722000,0.000000,3.583272
70,36.066667,11.966667,20.777000,0.000000,3.626570
71,36.133333,12.233333,20.774833,0.000000,3.560374
72,36.133333,11.833333,20.731333,0.000000,3.636834
73,36.133333,11.900000,20.725833,0.000000,3.591060
74,36.133333,11.933333,20.727333,0.000000,3.564221
75,36.133333,11.900000,20.708000,0.000000,3.623071
76,36.133333,11.966667,20.731167,0.000000,3.556652
77,36.133333,11.966667,20.832167,0.000000,3.580000
78,36.133333,11.900000,20.734667,0.000000,3.609044
79,36.133333,12.266667,20.777833,0.000000,3.630542
80,36.133333,11.766667,20.725500,0.000000,3.616964
81,36.133333,12.233333,20.784000,0.000000,3.652261
82,36.133333,12.133333,20.786000,0.000000,3.572287
83,36.133333,12.000000,20.714167,0.000000,3.558392
84,36.133333,12.066667,20.849833,0.000000,3.617978
85,36.133333,12.066667,20.785833,0.000000,3.626372
86,36.133333,12.266667,20.751667,0.000000,3.508635
87,36.133333,11.766667,20.689000,0.000000,3.592244
88,36.133333,11.633333,20.750333,0.000000,3.610437
89,36.166667,12.066667,20.685667,0.000000,3.610934
90,36.166667,11.966667,20.739667,0.000000,3.609416
91,36.166667,12.033333,20.718333,0.000000,3.568949
92,36.166667,11.866667,20.668833,0.000000,3.535511
93,36.166667,12.000000,20.699167,0.000000,3.664108
94,36.200000,11.866667,20.769500,0.000000,3.651464
95,36.233333,12.000000,20.640333,0.000000,3.608789
96,36.233333,12.233333,20.846500,0.000000,3.658949
97,36.300000,12.133333,20.737500,0.000000,3.590002
98,36.300000,12.133333,20.741500,0.000000,3.603518
99,36.300000,12.366667,20.790833,0.000000,3.596272
100,36.300000,12.133333,20.767167,0.000000,3.685422
101,36.300000,12.200000,20.626833,0.000000,3.582857
102,36.300000,11.833333,20.658167,0.000000,3.635733
103,36.333333,12.000000,20.791000,0.000000,3.616159
104,36.366667,12.033333,20.768667,0.000000,3.586127
105,36.366667,12.000000,20.750833,0.000000,3.596111
106,36.400000,12.133333,20.758500,0.000000,3.664126
107,36.433333,11.866667,20.696500,0.000000,3.627462
108,36.433333,12.166667,20.735500,0.000000,3.573620
109,36.433333,11.700000,20.669167,0.000000,3.665889
110,36.533333,12.233333,20.730833,0.000000,3.558601
111,36.533333,12.033333,20.706500,0.000000,3.578171
112,36.533333,12.200000,20.771500,0.000000,3.596463
113,36.533333,11.966667,20.748333,0.000000,3.577115
114,36.533333,12.133333,20.680833,0.000000,3.605608
115,36.533333,11.766667,20.675333,0.000000,3.575671
116,36.566667,11.700000,20.724167,0.000000,3.612870
117,36.566667,11.666667,20.685500,0.000000,3.594437
118,36.566667,11.800000,20.767333,0.000000,3.648684
119,36.566667,12.166667,20.728167,0.000000,3.581333
120,36.566667,12.133333,20.687333,0.000000,3.594676
121,36.566667,11.933333,20.709000,0.000000,3.626862
122,36.566667,11.933333,20.731333,0.000000,3.595794
123,36.566667,11.933333,20.695000,0.000000,3.668872
124,36.566667,11.866667,20.725667,0.000000,3.607112
125,36.566667,11.900000,20.691167,0.000000,3.566332
126,36.566667,11.666667,20.761500,0.000000,3.595429
127,36.566667,12.100000,20.820833,0.000000,3.626556
128,36.566667,12.133333,20.799500,0.000000,3.636199
129,36.566667,11.800000,20.723333,0.000000,3.608953
130,36.566667,12.133333,20.664333,0.000000,3.544301
131,36.566667,12.300000,20.787000,0.000000,3.593280
132,36.566667,12.166667,20.778833,0.000000,3.587675
133,36.566667,12.266667,20.784500,0.000000,3.601063
134,36.566667,11.800000,20.721333,0.000000,3.566627
135,36.566667,11.800000,20.602833,0.000000,3.544165
136,36.566667,11.600000,20.774000,0.000000,3.601340
137,36.566667,11.600000,20.721000,0.000000,3.672716
138,36.566667,11.866667,20.785333,0.000000,3.577083
139,36.566667,12.066667,20.638333,0.000000,3.562479
140,36.566667,12.166667,20.714667,0.000000,3.586439
141,36.566667,12.100000,20.658667,0.000000,3.581602
142,36.566667,11.900000,20.794167,0.000000,3.648868
143,36.566667,12.133333,20.790333,0.000000,3.588193
144,36.566667,12.266667,20.798167,0.000000,3.572506
145,36.566667,12.000000,20.777167,0.000000,3.615564
146,36.600000,12.366667,20.760167,0.000000,3.605506
147,36.600000,12.000000,20.688167,0.000000,3.672902
148,36.600000,11.766667,20.667500,0.000000,3.542224
149,36.600000,12.000000,20.693167,0.000000,3.617694
150,36.600000,11.766667,20.631000,0.000000,3.644165
151,36.600000,11.766667,20.724833,0.000000,3.606067
152,36.600000,12.000000,20.708167,0.000000,3.637443
153,36.600000,11.666667,20.818000,0.000000,3.639452
154,36.600000,12.033333,20.709167,0.000000,3.645747
155,36.600000,12.000000,20.717167,0.000000,3.566700
156,36.633333,12.166667,20.715667,0.000000,3.646271
157,36.633333,12.166667,20.734000,0.000000,3.621007
158,36.633333,11.900000,20.727167,0.000000,3.570502
159,36.633333,12.100000,20.720833,0.000000,3.624768
160,36.633333,12.100000,20.726167,0.000000,3.519652
161,36.633333,12.000000,20.682833,0.000000,3.587967
162,36.633333,11.766667,20.720167,0.000000,3.631447
163,36.633333,11.900000,20.705833,0.000000,3.622028
164,36.633333,12.066667,20.758667,0.000000,3.616102
165,36.633333,11.800000,20.726167,0.000000,3.552181
166,36.633333,11.466667,20.674667,0.000000,3.632141
167,36.633333,11.933333,20.663500,0.000000,3.640334
168,36.666667,11.800000,20.796000,0.000000,3.633923
169,36.666667,11.866667,20.780833,0.000000,3.642147
170,36.666667,11.900000,20.804833,0.000000,3.609440
171,36.666667,12.033333,20.710333,0.000000,3.615877
172,36.666667,11.766667,20.707000,0.000000,3.628758
173,36.666667,11.800000,20.720000,0.000000,3.673996
174,36.666667,12.100000,20.840667,0.000000,3.534204
175,36.666667,12.133333,20.785167,0.000000,3.632192
176,36.666667,12.000000,20.741667,0.000000,3.617596
177,36.666667,11.966667,20.772000,0.000000,3.568513
178,36.666667,12.166667,20.786833,0.000000,3.602803
179,36.666667,11.900000,20.738000,0.000000,3.653102
180,36.666667,11.866667,20.728667,0.000000,3.596677
181,36.666667,11.566667,20.804000,0.000000,3.691662
182,36.666667,12.166667,20.750000,0.000000,3.596793
183,36.666667,11.966667,20.706833,0.000000,3.625405
184,36.666667,12.333333,20.760167,0.000000,3.558355
185,36.666667,12.100000,20.786667,0.000000,3.658670
186,36.666667,12.233333,20.665167,0.000000,3.587215
187,36.666667,12.033333,20.710167,0.000000,3.637842
188,36.666667,12.033333,20.750500,0.000000,3.602847
189,36.666667,11.966667,20.680833,0.000000,3.581176
190,36.666667,12.133333,20.702833,0.000000,3.611000
191,36.666667,12.300000,20.707167,0.000000,3.586062
192,36.666667,12.166667,20.707667,0.000000,3.564419
193,36.666667,11.966667,20.772500,0.000000,3.611493
194,36.666667,12.133333,20.787833,0.000000,3.610196
195,36.666667,12.266667,20.752000,0.000000,3.632611
196,36.666667,12.000000,20.721667,0.000000,3.589432
197,36.666667,12.100000,20.707167,0.000000,3.583058
198,36.666667,12.100000,20.713500,0.000000,3.581661
199,36.666667,12.000000,20.734500,0.000000,3.617716
200,36.666667,12.033333,20.780833,0.000000,3.620083
201,36.666667,12.300000,20.751667,0.000000,3.593534
202,36.666667,12.400000,20.667833,0.000000,3.522121
203,36.666667,11.933333,20.694667,0.000000,3.628307
204,36.666667,11.600000,20.706167,0.000000,3.593262
205,36.666667,12.000000,20.766833,0.000000,3.619704
206,36.666667,12.000000,20.609667,0.000000,3.571405
207,36.666667,11.766667,20.689167,0.000000,3.614069
208,36.666667,12.000000,20.783000,0.000000,3.621899
209,36.666667,12.333333,20.736167,0.000000,3.574655
210,36.666667,12.133333,20.659333,0.000000,3.619387
211,36.666667,11.900000,20.754333,0.000000,3.628952
212,36.666667,12.033333,20.725167,0.000000,3.585519
213,36.666667,11.900000,20.674000,0.000000,3.600895
214,36.666667,12.066667,20.800333,0.000000,3.628459
215,36.666667,12.000000,20.690833,0.000000,3.589597
216,36.666667,12.166667,20.738667,0.000000,3.591110
217,36.666667,11.600000,20.749667,0.000000,3.692607
218,36.666667,12.000000,20.701000,0.000000,3.617711
219,36.666667,11.933333,20.674500,0.000000,3.635327
220,36.666667,12.100000,20.701333,0.000000,3.586253
221,36.666667,12.300000,20.745333,0.000000,3.661155
222,36.666667,11.766667,20.754167,0.000000,3.610243
223,36.666667,12.166667,20.726167,0.000000,3.601107
224,36.666667,12.133333,20.736167,0.000000,3.567601
225,36.666667,11.833333,20.722667,0.000000,3.655779
226,36.666667,11.700000,20.718333,0.000000,3.616999
227,36.666667,12.400000,20.765333,0.000000,3.643485
228,36.800000,12.233333,20.751333,0.000000,3.579353
229,36.800000,11.900000,20.788833,0.000000,3.584882
230,36.800000,11.766667,20.776500,0.000000,3.654830
231,36.833333,11.900000,20.742500,0.000000,3.654514
232,36.900000,12.066667,20.662667,0.000000,3.572115
233,36.933333,12.133333,20.711167,0.000000,3.579851
234,36.933333,11.966667,20.758500,0.000000,3.616888
235,36.933333,12.066667,20.713667,0.000000,3.607090
236,36.933333,12.000000,20.766833,0.000000,3.593225
237,36.933333,11.800000,20.718000,0.000000,3.668627
238,36.933333,11.800000,20.611000,0.000000,3.530331
239,36.933333,11.933333,20.722500,0.000000,3.621999
240,36.966667,11.700000,20.753333,0.000000,3.659623
241,36.966667,11.966667,20.711833,0.000000,3.650654
242,36.966667,11.900000,20.650167,0.000000,3.570432
243,36.966667,12.400000,20.762167,0.000000,3.612658
244,36.966667,12.200000,20.695000,0.000000,3.577325
245,36.966667,11.966667,20.724833,0.000000,3.676766
246,36.966667,12.133333,20.724000,0.000000,3.597403
247,36.966667,11.966667,20.815500,0.000000,3.637440
248,36.966667,12.000000,20.755000,0.000000,3.599847
249,36.966667,12.033333,20.692833,0.000000,3.646331
250,36.966667,12.066667,20.720333,0.000000,3.596633
251,36.966667,12.166667,20.721667,0.000000,3.576299
252,36.966667,11.766667,20.704667,0.000000,3.615543
253,36.966667,12.133333,20.824000,0.000000,3.612933
254,36.966667,11.966667,20.700333,0.000000,3.600841
255,36.966667,12.066667,20.805167,0.000000,3.604219
256,36.966667,11.800000,20.673333,0.000000,3.586478
257,36.966667,11.833333,20.717167,0.000000,3.633012
258,36.966667,12.033333,20.699667,0.000000,3.577806
259,36.966667,12.000000,20.693333,0.000000,3.590748
260,36.966667,12.333333,20.745167,0.000000,3.611503
261,36.966667,11.800000,20.714000,0.000000,3.614759
262,36.966667,12.033333,20.772500,0.000000,3.616076
263,36.966667,12.000000,20.707667,0.000000,3.631749
264,36.966667,12.233333,20.686833,0.000000,3.585710
265,36.966667,12.200000,20.763333,0.000000,3.653259
266,36.966667,12.100000,20.735833,0.000000,3.581440
267,36.966667,12.200000,20.713333,0.000000,3.563306
268,36.966667,11.766667,20.716167,0.000000,3.614064
269,36.966667,11.833333,20.748667,0.000000,3.564285
270,36.966667,12.100000,20.749000,0.000000,3.623722
271,37.000000,12.266667,20.715500,0.000000,3.547383
272,37.000000,11.733333,20.746000,0.000000,3.598728
273,37.000000,11.766667,20.701667,0.000000,3.631021
274,37.000000,12.233333,20.687167,0.000000,3.561480
275,37.033333,11.600000,20.745000,0.000000,3.711248
276,37.033333,11.966667,20.704167,0.000000,3.578139
277,37.033333,11.900000,20.802167,0.000000,3.651664
278,37.033333,12.066667,20.603667,0.000000,3.581711
279,37.033333,11.966667,20.800667,0.000000,3.588643
280,37.066667,12.233333,20.740167,0.000000,3.616162
281,37.066667,11.866667,20.756500,0.000000,3.631112
282,37.066667,12.266667,20.751833,0.000000,3.599830
283,37.066667,11.966667,20.720667,0.000000,3.616887
284,37.066667,11.800000,20.741667,0.000000,3.630500
285,37.066667,12.033333,20.788333,0.000000,3.604864
286,37.066667,11.900000,20.747667,0.000000,3.607194
287,37.066667,12.133333,20.786333,0.000000,3.651124
288,37.066667,12.166667,20.758833,0.000000,3.615361
289,37.066667,11.400000,20.693167,0.000000,3.661323
290,37.066667,12.266667,20.793833,0.000000,3.584220
291,37.066667,12.000000,20.731000,0.000000,3.681644
292,37.066667,11.966667,20.640667,0.000000,3.570914
293,37.066667,12.033333,20.760667,0.000000,3.604159
294,37.066667,11.966667,20.692167,0.000000,3.578221
295,37.066667,11.766667,20.692833,0.000000,3.614231
296,37.066667,11.633333,20.818667,0.000000,3.597363
297,37.100000,12.333333,20.654833,0.000000,3.583884
298,37.100000,11.766667,20.666667,0.000000,3.586548
299,37.100000,11.600000,20.769833,0.000000,3.677376
300,37.100000,12.000000,20.767333,0.000000,3.605270
301,37.100000,12.233333,20.770833,0.000000,3.577372
302,37.100000,11.766667,20.682000,0.000000,3.617803
303,37.100000,11.966667,20.867500,0.000000,3.589649
304,37.100000,12.166667,20.729167,0.000000,3.651459
305,37.100000,12.133333,20.746500,0.000000,3.596849
306,37.100000,12.166667,20.706167,0.000000,3.602644
307,37.100000,11.900000,20.755667,0.000000,3.602687
308,37.100000,11.700000,20.740667,0.000000,3.665555
309,37.100000,11.966667,20.702167,0.000000,3.591237
310,37.100000,12.066667,20.751667,0.000000,3.612510
311,37.100000,11.933333,20.714167,0.000000,3.590583
312,37.100000,11.733333,20.665500,0.000000,3.649350
313,37.100000,11.866667,20.747833,0.000000,3.616663
314,37.100000,12.133333,20.766500,0.000000,3.601308
315,37.100000,12.166667,20.742333,0.000000,3.601949
316,37.100000,11.733333,20.786333,0.000000,3.628243
317,37.100000,12.300000,20.756167,0.000000,3.563498
318,37.100000,12.033333,20.688500,0.000000,3.647831
319,37.100000,12.100000,20.701500,0.000000,3.554465
320,37.100000,11.833333,20.670833,0.000000,3.557449
321,37.100000,12.166667,20.661833,0.000000,3.583368
322,37.133333,11.933333,20.737833,0.000000,3.623652
323,37.133333,12.100000,20.755667,0.000000,3.585610
324,37.133333,11.900000,20.744167,0.000000,3.654678
325,37.133333,12.133333,20.742500,0.000000,3.591014
326,37.200000,12.100000,20.742167,0.000000,3.632304
327,37.266667,12.133333,20.689333,0.000000,3.605040
328,37.266667,11.866667,20.798167,0.000000,3.650743
329,37.366667,12.133333,20.691333,0.000000,3.589187
330,37.366667,12.166667,20.799000,0.000000,3.615987
331,37.366667,12.000000,20.733167,0.000000,3.516674
332,37.366667,11.966667,20.687333,0.000000,3.644419
333,37.366667,12.000000,20.700167,0.000000,3.560143
334,37.366667,12.066667,20.661667,0.000000,3.565024
335,37.366667,12.200000,20.775333,0.000000,3.658815
336,37.366667,11.900000,20.672000,0.000000,3.608097
337,37.366667,12.266667,20.717167,0.000000,3.578214
338,37.366667,12.033333,20.727000,0.000000,3.625919
339,37.366667,12.033333,20.742667,0.000000,3.638022
340,37.366667,11.966667,20.658000,0.000000,3.581058
341,37.366667,11.866667,20.787667,0.000000,3.626428
342,37.366667,12.166667,20.716667,0.000000,3.578706
343,37.366667,12.233333,20.734333,0.000000,3.605447
344,37.366667,12.100000,20.726167,0.000000,3.588865
345,37.366667,11.866667,20.791000,0.000000,3.645215
346,37.366667,11.733333,20.744333,0.000000,3.698012
347,37.366667,12.033333,20.782000,0.000000,3.690732
348,37.366667,12.000000,20.761000,0.000000,3.630078
349,37.400000,12.000000,20.772000,0.000000,3.556376
350,37.400000,11.766667,20.741167,0.000000,3.652411
351,37.400000,12.066667,20.659667,0.000000,3.536346
352,37.400000,11.933333,20.728833,0.000000,3.558030
353,37.400000,11.833333,20.796000,0.000000,3.596093
354,37.400000,11.933333,20.755167,0.000000,3.646882
355,37.400000,12.100000,20.786167,0.000000,3.600642
356,37.400000,12.000000,20.765667,0.000000,3.617742
357,37.400000,12.066667,20.741167,0.000000,3.595016
358,37.400000,12.133333,20.705000,0.000000,3.588759
359,37.400000,11.800000,20.700500,0.000000,3.608002
360,37.400000,12.333333,20.756333,0.000000,3.638160
361,37.400000,12.300000,20.667833,0.000000,3.536813
362,37.400000,12.166667,20.736333,0.000000,3.612119
363,37.400000,11.900000,20.715833,0.000000,3.611863
364,37.400000,12.100000,20.733500,0.000000,3.584549
365,37.400000,12.033333,20.755167,0.000000,3.609436
366,37.400000,11.933333,20.622167,0.000000,3.560549
367,37.400000,11.866667,20.751833,0.000000,3.626694
368,37.400000,12.033333,20.733833,0.000000,3.600927
369,37.400000,12.000000,20.665667,0.000000,3.557492
370,37.400000,11.766667,20.720500,0.000000,3.588401
371,37.400000,12.300000,20.728500,0.000000,3.592078
372,37.400000,11.900000,20.715667,0.000000,3.660297
373,37.400000,11.966667,20.764333,0.000000,3.608501
374,37.400000,12.100000,20.686833,0.000000,3.610790
375,37.400000,11.766667,20.710500,0.000000,3.618757
376,37.400000,11.766667,20.695833,0.000000,3.622403
377,37.400000,11.866667,20.762500,0.000000,3.617097
378,37.400000,12.166667,20.752333,0.000000,3.621500
379,37.400000,12.100000,20.766000,0.000000,3.631753
380,37.400000,12.000000,20.747667,0.000000,3.584075
381,37.400000,11.966667,20.698167,0.000000,3.572866
382,37.400000,11.733333,20.687500,0.000000,3.620622
383,37.400000,12.033333,20.731000,0.000000,3.588760
384,37.400000,11.933333,20.709167,0.000000,3.583409
385,37.400000,11.800000,20.720333,0.000000,3.624384
386,37.400000,12.100000,20.826833,0.000000,3.674869
387,37.400000,12.133333,20.735500,0.000000,3.626621
388,37.466667,11.866667,20.675667,0.000000,3.598796
389,37.466667,11.933333,20.819833,0.000000,3.659536
390,37.466667,11.900000,20.764833,0.000000,3.631645
391,37.466667,12.433333,20.770667,0.000000,3.628202
392,37.466667,12.400000,20.756167,0.000000,3.520454
393,37.466667,11.800000,20.753333,0.000000,3.577377
394,37.466667,11.766667,20.646500,0.000000,3.664047
395,37.466667,12.100000,20.727000,0.000000,3.608764
396,37.466667,11.733333,20.718000,0.000000,3.614255
397,37.466667,12.133333,20.762167,0.000000,3.583434
398,37.466667,11.966667,20.772500,0.000000,3.621171
399,37.466667,11.933333,20.790833,0.000000,3.615590
400,37.466667,12.133333,20.855333,0.000000,3.591552
401,37.466667,11.466667,20.761667,0.000000,3.707728
402,37.466667,11.933333,20.764667,0.000000,3.616144
403,37.466667,11.900000,20.709833,0.000000,3.598428
404,37.466667,12.100000,20.706667,0.000000,3.534242
405,37.466667,11.933333,20.666500,0.000000,3.571691
406,37.466667,11.700000,20.681833,0.000000,3.610716
407,37.466667,11.533333,20.792667,0.000000,3.694344
408,37.466667,11.766667,20.676833,0.000000,3.567586
409,37.466667,12.100000,20.736000,0.000000,3.630848
410,37.466667,12.333333,20.734500,0.000000,3.571287
411,37.466667,11.933333,20.758167,0.000000,3.636792
412,37.466667,11.900000,20.720667,0.000000,3.556132
413,37.466667,12.666667,20.768333,0.000000,3.618403
414,37.466667,11.700000,20.734833,0.000000,3.642337
415,37.466667,12.100000,20.686833,0.000000,3.537630
416,37.466667,12.333333,20.810500,0.000000,3.580793
417,37.466667,12.133333,20.670167,0.000000,3.603916
418,37.466667,11.800000,20.698667,0.000000,3.600461
419,37.466667,12.200000,20.787833,0.000000,3.594052
420,37.466667,12.266667,20.739667,0.000000,3.618554
421,37.466667,12.233333,20.770667,0.000000,3.629173
422,37.466667,12.133333,20.642500,0.000000,3.563127
423,37.466667,12.066667,20.730667,0.000000,3.595190
424,37.466667,12.400000,20.724833,0.000000,3.590747
425,37.466667,11.633333,20.722000,0.000000,3.590946
426,37.466667,12.200000,20.681167,0.000000,3.631772
427,37.466667,12.000000,20.693833,0.000000,3.586803
428,37.466667,11.800000,20.715500,0.000000,3.612046
429,37.466667,12.100000,20.708000,0.000000,3.556713
430,37.466667,11.966667,20.649500,0.000000,3.591510
431,37.466667,11.766667,20.723333,0.000000,3.634080
432,37.466667,12.366667,20.735667,0.000000,3.532186
433,37.466667,11.966667,20.732833,0.000000,3.651056
434,37.466667,11.866667,20.805667,0.000000,3.641500
435,37.466667,12.066667,20.806333,0.000000,3.572066
436,37.466667,12.000000,20.730167,0.000000,3.542535
437,37.466667,12.066667,20.733833,0.000000,3.584184
438,37.466667,12.100000,20.646833,0.000000,3.622786
439,37.466667,11.966667,20.709333,0.000000,3.581505
440,37.466667,11.933333,20.699000,0.000000,3.556540
441,37.466667,11.633333,20.690833,0.000000,3.632623
442,37.466667,12.166667,20.766000,0.000000,3.592108
443,37.466667,11.966667,20.797667,0.000000,3.601290
444,37.466667,11.800000,20.709000,0.000000,3.623708
445,37.466667,12.000000,20.644667,0.000000,3.631985
446,37.466667,12.133333,20.723167,0.000000,3.564701
447,37.466667,11.833333,20.831667,0.000000,3.630455
448,37.466667,11.900000,20.774833,0.000000,3.622806
449,37.466667,11.866667,20.690167,0.000000,3.608263
450,37.466667,11.700000,20.674500,0.000000,3.601645
451,37.466667,12.133333,20.756667,0.000000,3.622741
452,37.466667,11.900000,20.857667,0.000000,3.610924
453,37.466667,12.233333,20.677833,0.000000,3.571018
454,37.466667,12.333333,20.694833,0.000000,3.627950
455,37.466667,11.966667,20.784667,0.000000,3.600016
456,37.466667,12.366667,20.629500,0.000000,3.569492
457,37.466667,12.033333,20.762833,0.000000,3.604842
458,37.466667,12.033333,20.684833,0.000000,3.575920
459,37.466667,12.033333,20.651500,0.000000,3.625869
460,37.466667,11.933333,20.752000,0.000000,3.617078
461,37.466667,12.066667,20.780333,0.000000,3.671388
462,37.466667,11.633333,20.720667,0.000000,3.530039
463,37.466667,12.433333,20.708333,0.000000,3.635217
464,37.466667,12.166667,20.746333,0.000000,3.613978
465,37.466667,12.200000,20.688500,0.000000,3.606296
466,37.466667,12.266667,20.671000,0.000000,3.516513
467,37.466667,12.100000,20.674833,0.000000,3.583523
468,37.466667,11.866667,20.692167,0.000000,3.606532
469,37.500000,12.166667,20.652167,0.000000,3.603885
470,37.500000,12.166667,20.688667,0.000000,3.637510
471,37.500000,11.966667,20.767000,0.000000,3.608656
472,37.500000,12.333333,20.694333,0.000000,3.639543
473,37.500000,11.666667,20.759167,0.000000,3.623326
474,37.500000,11.733333,20.745167,0.000000,3.606545
475,37.500000,12.066667,20.728500,0.000000,3.583211
476,37.500000,11.966667,20.712333,0.000000,3.623077
477,37.500000,12.066667,20.697333,0.000000,3.613048
478,37.500000,11.900000,20.595667,0.000000,3.630192
479,37.500000,12.033333,20.679167,0.000000,3.612215
480,37.500000,12.300000,20.768000,0.000000,3.612085
481,37.500000,12.200000,20.733833,0.000000,3.626100
482,37.500000,11.966667,20.795833,0.000000,3.614498
483,37.500000,11.900000,20.794833,0.000000,3.666437
484,37.500000,12.200000,20.652667,0.000000,3.583353
485,37.500000,11.800000,20.770833,0.000000,3.597370
486,37.500000,12.033333,20.756167,0.000000,3.593590
487,37.500000,11.766667,20.775167,0.000000,3.591668
488,37.500000,11.800000,20.717000,0.000000,3.615528
489,37.500000,11.766667,20.707000,0.000000,3.555382
490,37.500000,12.266667,20.688167,0.000000,3.576548
491,37.500000,12.200000,20.661167,0.000000,3.547352
492,37.500000,11.900000,20.828333,0.000000,3.629252
493,37.500000,11.933333,20.680333,0.000000,3.603815
494,37.500000,12.266667,20.659833,0.000000,3.575083
495,37.500000,11.800000,20.685167,0.000000,3.592851
496,37.500000,11.866667,20.705667,0.000000,3.636726
497,37.500000,12.233333,20.705333,0.000000,3.627048
498,37.500000,11.633333,20.732167,0.000000,3.578509
499,37.500000,11.766667,20.679000,0.000000,3.596411
500,37.500000,11.866667,20.801667,0.000000,3.620642
BestSdev: 0.840336, Time: 1h54m44.348222643s