gen,best,worst,mean,rep,sdev
1,15.666667,11.833333,13.773333,0.000000,1.025206
2,16.066667,11.933333,13.816667,0.000000,1.037592
3,16.300000,12.000000,13.845000,0.000000,1.012132
4,16.500000,11.900000,13.700000,0.000000,1.049952
5,16.533333,11.900000,13.808333,0.000000,1.048101
6,16.633333,12.000000,13.806667,0.000000,1.034143
7,16.733333,12.000000,13.815000,0.000000,1.089777
8,16.766667,12.000000,13.761667,0.000000,0.989531
9,16.866667,12.066667,13.780000,0.000000,1.072858
10,16.933333,11.900000,13.783333,0.000000,1.045347
11,16.933333,11.700000,13.798333,0.000000,1.070199
12,16.966667,11.833333,13.820000,0.000000,1.093602
13,17.000000,11.833333,13.853333,0.000000,1.107998
14,17.066667,11.933333,13.806667,0.000000,1.046037
15,17.066667,11.766667,13.831667,0.000000,1.048474
16,17.066667,12.066667,13.853333,0.000000,1.022883
17,17.066667,11.900000,13.821667,0.000000,1.020209
18,17.100000,12.000000,13.795000,0.000000,1.019145
19,17.133333,11.900000,13.815000,0.000000,1.060171
20,17.133333,11.966667,13.835000,0.000000,1.057068
21,17.133333,11.800000,13.743333,0.000000,1.032387
22,17.166667,11.800000,13.726667,0.000000,1.073359
23,17.166667,11.933333,13.790000,0.000000,1.058369
24,17.166667,11.766667,13.748333,0.000000,1.053577
25,17.166667,11.733333,13.760000,0.000000,1.069791
26,17.233333,11.966667,13.776667,0.000000,1.044393
27,17.233333,11.833333,13.761667,0.000000,1.063164
28,17.233333,11.800000,13.731667,0.000000,1.040348
29,17.233333,11.900000,13.783333,0.000000,1.063429
30,17.266667,12.000000,13.881667,0.000000,1.073742
31,17.266667,11.866667,13.815000,0.000000,1.070881
32,17.266667,12.066667,13.825000,0.000000,1.051089
33,17.300000,11.933333,13.770000,0.000000,1.071449
34,17.300000,11.933333,13.783333,0.000000,1.031204
35,17.300000,11.933333,13.881667,0.000000,1.038220
36,17.333333,11.766667,13.768333,0.000000,1.051022
37,17.333333,11.933333,13.753333,0.000000,1.054732
38,17.333333,12.100000,13.845000,0.000000,1.027383
39,17.366667,11.833333,13.788333,0.000000,1.074565
40,17.400000,11.900000,13.813333,0.000000,0.993338
41,17.400000,11.966667,13.835000,0.000000,1.010971
42,17.400000,11.833333,13.776667,0.000000,1.024051
43,17.400000,11.866667,13.778333,0.000000,1.053527
44,17.466667,11.900000,13.806667,0.000000,1.011860
45,17.466667,11.933333,13.768333,0.000000,1.047366
46,17.466667,11.833333,13.813333,0.000000,1.035459
47,17.466667,11.733333,13.778333,0.000000,1.024463
48,17.466667,11.833333,13.820000,0.000000,1.083773
49,17.466667,11.966667,13.780000,0.000000,1.006555
50,17.500000,11.866667,13.853333,0.000000,1.118194
BestSdev: 0.371604, Time: 1m18.374967548s