gen,best,worst,mean,rep,sdev
1,30.333333,12.466667,20.733333,0.000000,3.631842
2,31.066667,12.933333,20.741000,0.000000,3.528707
3,31.433333,12.500000,20.686333,0.000000,3.558185
4,32.000000,12.500000,20.711333,0.000000,3.603243
5,32.333333,12.766667,20.695333,0.000000,3.589348
6,32.633333,12.466667,20.551000,0.000000,3.594840
7,32.800000,12.333333,20.630333,0.000000,3.580236
8,32.966667,12.633333,20.802333,0.000000,3.608454
9,33.066667,12.400000,20.720667,0.000000,3.606010
10,33.133333,12.666667,20.670000,0.000000,3.578386
11,33.200000,12.866667,20.656333,0.000000,3.505737
12,33.300000,12.600000,20.700000,0.000000,3.601707
13,33.366667,12.833333,20.687000,0.000000,3.573247
14,33.433333,12.200000,20.818000,0.000000,3.700222
15,33.666667,12.666667,20.835000,0.000000,3.678800
16,33.666667,12.566667,20.746000,0.000000,3.565034
17,33.966667,12.400000,20.782000,0.000000,3.651572
18,33.966667,12.900000,20.744667,0.000000,3.579642
19,34.000000,12.666667,20.675333,0.000000,3.597758
20,34.033333,12.500000,20.756333,0.000000,3.585866
21,34.033333,12.400000,20.662667,0.000000,3.607864
22,34.133333,12.900000,20.803667,0.000000,3.617993
23,34.133333,12.466667,20.608000,0.000000,3.571349
24,34.133333,12.733333,20.822333,0.000000,3.582854
25,34.233333,12.466667,20.718000,0.000000,3.675291
26,34.233333,13.033333,20.816000,0.000000,3.677433
27,34.300000,12.766667,20.614667,0.000000,3.555311
28,34.300000,13.000000,20.784000,0.000000,3.555089
29,34.333333,12.533333,20.733667,0.000000,3.569752
30,34.433333,12.533333,20.674000,0.000000,3.566914
31,34.466667,12.633333,20.740333,0.000000,3.650049
32,34.466667,12.666667,20.731667,0.000000,3.592560
33,34.466667,12.466667,20.681000,0.000000,3.591983
34,34.466667,12.900000,20.759000,0.000000,3.576883
35,34.466667,12.233333,20.725000,0.000000,3.639663
36,34.466667,12.733333,20.753667,0.000000,3.583830
37,34.500000,12.466667,20.743000,0.000000,3.653017
38,34.533333,12.700000,20.680333,0.000000,3.609707
39,34.533333,12.700000,20.718333,0.000000,3.557900
40,34.533333,12.733333,20.760000,0.000000,3.554306
41,34.533333,12.566667,20.717333,0.000000,3.534333
42,34.600000,12.966667,20.806333,0.000000,3.633568
43,34.600000,12.733333,20.745667,0.000000,3.574841
44,34.633333,12.733333,20.712000,0.000000,3.574131
45,34.633333,12.833333,20.705000,0.000000,3.592174
46,34.700000,12.533333,20.700667,0.000000,3.569458
47,34.733333,12.966667,20.758333,0.000000,3.537554
48,34.733333,12.300000,20.713333,0.000000,3.633009
49,34.766667,12.466667,20.621667,0.000000,3.561622
50,34.766667,12.633333,20.682000,0.000000,3.592669
51,34.766667,12.766667,20.742000,0.000000,3.562907
52,34.766667,12.333333,20.746667,0.000000,3.570777
53,34.766667,12.833333,20.748667,0.000000,3.549798
54,34.800000,12.566667,20.710000,0.000000,3.550833
55,34.800000,12.733333,20.723667,0.000000,3.611359
56,34.833333,12.633333,20.724000,0.000000,3.627084
57,34.833333,12.333333,20.709667,0.000000,3.639788
58,34.833333,12.233333,20.709333,0.000000,3.554110
59,34.933333,12.633333,20.674000,0.000000,3.578963
60,34.933333,12.900000,20.715000,0.000000,3.595546
61,34.933333,12.733333,20.761667,0.000000,3.501002
62,34.933333,12.933333,20.796667,0.000000,3.556355
63,34.933333,12.800000,20.752000,0.000000,3.633470
64,34.933333,12.333333,20.840000,0.000000,3.662814
65,34.933333,12.566667,20.783000,0.000000,3.615730
66,34.933333,12.633333,20.753667,0.000000,3.599851
67,34.933333,12.500000,20.688333,0.000000,3.622068
68,34.933333,12.433333,20.817333,0.000000,3.699808
69,34.966667,12.466667,20.679333,0.000000,3.605014
70,34.966667,12.600000,20.733000,0.000000,3.607303
71,35.000000,12.533333,20.785000,0.000000,3.593474
72,35.066667,12.766667,20.716000,0.000000,3.581687
73,35.100000,12.466667,20.705333,0.000000,3.665884
74,35.100000,12.766667,20.750000,0.000000,3.554967
75,35.100000,12.366667,20.701333,0.000000,3.597146
76,35.133333,12.800000,20.752333,0.000000,3.605744
77,35.133333,12.900000,20.745333,0.000000,3.622072
78,35.133333,12.700000,20.704000,0.000000,3.565221
79,35.133333,12.866667,20.793000,0.000000,3.573386
80,35.166667,12.666667,20.676667,0.000000,3.611481
81,35.166667,12.300000,20.820667,0.000000,3.673023
82,35.233333,12.466667,20.716000,0.000000,3.598638
83,35.266667,12.800000,20.744000,0.000000,3.556197
84,35.266667,12.566667,20.724000,0.000000,3.643833
85,35.266667,12.800000,20.714333,0.000000,3.612888
86,35.266667,13.033333,20.782667,0.000000,3.607233
87,35.266667,12.733333,20.756333,0.000000,3.609822
88,35.266667,12.800000,20.680333,0.000000,3.513950
89,35.266667,12.900000,20.721333,0.000000,3.502869
90,35.266667,12.866667,20.755667,0.000000,3.529810
91,35.266667,12.700000,20.660000,0.000000,3.665476
92,35.266667,12.466667,20.616667,0.000000,3.597785
93,35.266667,12.733333,20.854333,0.000000,3.650129
94,35.266667,12.966667,20.836000,0.000000,3.580504
95,35.266667,12.333333,20.637667,0.000000,3.651010
96,35.266667,12.400000,20.701667,0.000000,3.680422
97,35.366667,12.733333,20.680667,0.000000,3.583923
98,35.366667,12.666667,20.566000,0.000000,3.558690
99,35.466667,12.866667,20.881667,0.000000,3.658997
100,35.533333,12.700000,20.636667,0.000000,3.560783
101,35.533333,12.900000,20.794333,0.000000,3.600339
102,35.533333,12.666667,20.775000,0.000000,3.572782
103,35.533333,12.266667,20.773667,0.000000,3.618901
104,35.533333,12.700000,20.702667,0.000000,3.586310
105,35.533333,12.833333,20.717333,0.000000,3.621251
106,35.533333,12.300000,20.700000,0.000000,3.702761
107,35.566667,12.300000,20.669667,0.000000,3.518092
108,35.566667,12.533333,20.720000,0.000000,3.570922
109,35.566667,12.500000,20.818667,0.000000,3.613769
110,35.566667,12.633333,20.706333,0.000000,3.502972
111,35.566667,12.700000,20.746333,0.000000,3.606990
112,35.566667,12.366667,20.648000,0.000000,3.580166
113,35.566667,12.800000,20.704667,0.000000,3.644310
114,35.566667,12.800000,20.679667,0.000000,3.631273
115,35.566667,12.333333,20.730667,0.000000,3.567313
116,35.566667,12.400000,20.781000,0.000000,3.593517
117,35.566667,12.366667,20.633333,0.000000,3.586838
118,35.566667,12.500000,20.787000,0.000000,3.604123
119,35.600000,12.800000,20.745667,0.000000,3.633646
120,35.600000,12.833333,20.799333,0.000000,3.652148
121,35.600000,12.566667,20.735000,0.000000,3.637459
122,35.600000,12.733333,20.789333,0.000000,3.685534
123,35.600000,12.300000,20.685333,0.000000,3.652246
124,35.666667,12.700000,20.679000,0.000000,3.541608
125,35.666667,12.533333,20.787333,0.000000,3.567924
126,35.666667,12.666667,20.784000,0.000000,3.547181
127,35.700000,12.666667,20.595333,0.000000,3.563869
128,35.700000,12.800000,20.878333,0.000000,3.637635
129,35.700000,12.733333,20.618333,0.000000,3.597861
130,35.700000,13.033333,20.772667,0.000000,3.574284
131,35.700000,12.766667,20.713667,0.000000,3.598883
132,35.700000,13.000000,20.724667,0.000000,3.452186
133,35.833333,12.633333,20.698000,0.000000,3.596994
134,36.000000,12.833333,20.713333,0.000000,3.554067
135,36.000000,12.333333,20.740333,0.000000,3.620270
136,36.000000,12.566667,20.865667,0.000000,3.589504
137,36.000000,12.800000,20.810667,0.000000,3.600497
138,36.000000,13.033333,20.673333,0.000000,3.575882
139,36.000000,12.533333,20.732667,0.000000,3.617007
140,36.000000,12.666667,20.757000,0.000000,3.618316
141,36.000000,12.633333,20.773000,0.000000,3.584686
142,36.000000,12.733333,20.775000,0.000000,3.537088
143,36.000000,12.433333,20.756667,0.000000,3.649175
144,36.000000,12.800000,20.705333,0.000000,3.602023
145,36.000000,12.433333,20.705000,0.000000,3.616076
146,36.000000,12.600000,20.675333,0.000000,3.582436
147,36.000000,12.800000,20.714667,0.000000,3.577236
148,36.000000,12.700000,20.704000,0.000000,3.552617
149,36.000000,12.400000,20.699000,0.000000,3.599436
150,36.100000,12.700000,20.582333,0.000000,3.470677
151,36.100000,12.533333,20.724667,0.000000,3.664390
152,36.100000,12.866667,20.919667,0.000000,3.525979
153,36.100000,12.500000,20.709667,0.000000,3.634803
154,36.100000,12.600000,20.840667,0.000000,3.614624
155,36.100000,12.700000,20.783000,0.000000,3.594182
156,36.100000,12.633333,20.873333,0.000000,3.597161
157,36.100000,12.566667,20.745333,0.000000,3.580484
158,36.100000,12.866667,20.719667,0.000000,3.602724
159,36.100000,12.766667,20.725000,0.000000,3.572849
160,36.100000,12.600000,20.737000,0.000000,3.485229
161,36.100000,12.800000,20.676667,0.000000,3.622967
162,36.100000,12.266667,20.677667,0.000000,3.604525
163,36.100000,12.600000,20.624667,0.000000,3.610549
164,36.200000,12.933333,20.818667,0.000000,3.631670
165,36.200000,12.666667,20.749667,0.000000,3.627271
166,36.200000,12.566667,20.728333,0.000000,3.612695
167,36.200000,13.100000,20.788667,0.000000,3.495425
168,36.200000,12.666667,20.694333,0.000000,3.602030
169,36.200000,13.000000,20.844333,0.000000,3.588038
170,36.200000,12.533333,20.729667,0.000000,3.647796
171,36.200000,12.800000,20.755000,0.000000,3.551908
172,36.233333,12.633333,20.629333,0.000000,3.596449
173,36.233333,12.800000,20.670333,0.000000,3.614158
174,36.266667,12.700000,20.746333,0.000000,3.590502
175,36.266667,12.633333,20.811667,0.000000,3.621583
176,36.266667,13.133333,20.858667,0.000000,3.570078
177,36.266667,12.900000,20.690667,0.000000,3.568532
178,36.266667,12.733333,20.694667,0.000000,3.550165
179,36.266667,12.600000,20.663333,0.000000,3.654022
180,36.266667,12.466667,20.761000,0.000000,3.619236
181,36.300000,12.700000,20.744667,0.000000,3.505407
182,36.300000,12.966667,20.735667,0.000000,3.652317
183,36.300000,12.800000,20.863000,0.000000,3.656290
184,36.300000,12.433333,20.777667,0.000000,3.678458
185,36.300000,12.400000,20.655000,0.000000,3.672773
186,36.300000,12.366667,20.602333,0.000000,3.535899
187,36.300000,12.800000,20.701000,0.000000,3.589115
188,36.300000,12.600000,20.785667,0.000000,3.666177
189,36.300000,12.500000,20.824000,0.000000,3.674781
190,36.300000,12.900000,20.674333,0.000000,3.594260
191,36.400000,12.733333,20.747000,0.000000,3.700648
192,36.433333,12.566667,20.678667,0.000000,3.618716
193,36.433333,12.900000,20.790333,0.000000,3.627750
194,36.433333,13.266667,20.725000,0.000000,3.500915
195,36.433333,12.766667,20.784000,0.000000,3.582507
196,36.433333,12.766667,20.842667,0.000000,3.545237
197,36.433333,12.700000,20.727000,0.000000,3.551460
198,36.433333,13.000000,20.808333,0.000000,3.617242
199,36.466667,12.533333,20.718333,0.000000,3.596637
200,36.466667,12.233333,20.644667,0.000000,3.586061
BestSdev: 1.041012, Time: 22m37.618907362s