gen,best,worst,mean,rep,sdev
1,16.300000,11.500000,13.868000,0.000000,1.079303
2,16.466667,11.666667,13.809333,0.000000,1.061185
3,16.566667,11.666667,13.788000,0.000000,1.041588
4,16.700000,11.433333,13.832667,0.000000,1.079565
5,16.866667,11.500000,13.781333,0.000000,1.087372
6,16.900000,11.666667,13.828667,0.000000,1.051055
7,17.066667,11.400000,13.782667,0.000000,1.046636
8,17.166667,11.766667,13.828000,0.000000,1.064166
9,17.233333,11.633333,13.824000,0.000000,1.091121
10,17.300000,11.500000,13.780000,0.000000,1.076875
11,17.300000,11.500000,13.784000,0.000000,1.058008
12,17.333333,11.633333,13.847333,0.000000,1.070576
13,17.366667,11.600000,13.803333,0.000000,1.056756
14,17.466667,11.600000,13.783333,0.000000,1.062075
15,17.466667,11.633333,13.828667,0.000000,1.063405
16,17.466667,11.600000,13.820667,0.000000,1.070558
17,17.466667,11.533333,13.760667,0.000000,1.055554
18,17.500000,11.533333,13.816667,0.000000,1.143678
19,17.533333,11.700000,13.822000,0.000000,1.063820
20,17.600000,11.666667,13.867333,0.000000,1.105651
BestSdev: 0.379971, Time: 1m54.337387276s