gen,best,worst,mean,rep,sdev
1,16.166667,11.500000,13.822000,0.000000,1.049252
2,16.433333,11.500000,13.783333,0.000000,1.067123
3,16.600000,11.666667,13.790000,0.000000,1.052103
4,16.933333,11.633333,13.826667,0.000000,1.053832
5,16.966667,11.633333,13.838667,0.000000,1.066207
6,17.166667,11.566667,13.794667,0.000000,1.053118
7,17.166667,11.533333,13.784000,0.000000,1.055164
8,17.233333,11.633333,13.808667,0.000000,1.071556
9,17.300000,11.400000,13.782000,0.000000,1.068346
10,17.433333,11.500000,13.819333,0.000000,1.108929
11,17.466667,11.500000,13.786000,0.000000,1.089828
12,17.466667,11.666667,13.762667,0.000000,1.070560
13,17.466667,11.600000,13.795333,0.000000,1.039310
14,17.466667,11.566667,13.782000,0.000000,1.064442
15,17.466667,11.633333,13.782000,0.000000,1.099547
16,17.466667,11.733333,13.854000,0.000000,1.050326
17,17.500000,11.566667,13.798000,0.000000,1.046592
18,17.600000,11.633333,13.750667,0.000000,1.082488
19,17.600000,11.800000,13.847333,0.000000,1.058506
20,17.633333,11.566667,13.819333,0.000000,1.040117
21,17.633333,11.566667,13.794000,0.000000,1.078220
22,17.633333,11.666667,13.837333,0.000000,1.065991
23,17.633333,11.600000,13.818667,0.000000,1.052354
24,17.633333,11.600000,13.787333,0.000000,1.046079
25,17.666667,11.666667,13.836000,0.000000,1.100223
26,17.700000,11.466667,13.832000,0.000000,1.103108
27,17.700000,11.566667,13.818667,0.000000,1.069497
28,17.733333,11.633333,13.810667,0.000000,1.078366
29,17.766667,11.600000,13.814667,0.000000,1.085503
30,17.800000,11.600000,13.840000,0.000000,1.067423
31,17.800000,11.633333,13.803333,0.000000,1.017593
32,17.800000,11.566667,13.820000,0.000000,1.061465
33,17.800000,11.666667,13.786667,0.000000,1.074065
34,17.800000,11.600000,13.790000,0.000000,1.064577
35,17.800000,11.600000,13.777333,0.000000,1.076437
36,17.800000,11.633333,13.815333,0.000000,1.057657
37,17.800000,11.733333,13.818000,0.000000,1.060905
38,17.800000,11.500000,13.796667,0.000000,1.072851
39,17.800000,11.566667,13.858667,0.000000,1.076670
40,17.800000,11.600000,13.808667,0.000000,1.099727
41,17.800000,11.466667,13.806000,0.000000,1.094217
42,17.800000,11.700000,13.836667,0.000000,1.082211
43,17.800000,11.666667,13.784000,0.000000,1.081787
44,17.833333,11.666667,13.821333,0.000000,1.084655
45,17.866667,11.600000,13.805333,0.000000,1.080102
46,17.866667,11.500000,13.803333,0.000000,1.051809
47,17.866667,11.566667,13.838667,0.000000,1.103980
48,17.866667,11.700000,13.834667,0.000000,1.081058
49,17.866667,11.500000,13.754667,0.000000,1.074512
50,17.866667,11.633333,13.810667,0.000000,1.072819
BestSdev: 0.374999, Time: 3m6.199680457s