gen,best,worst,mean,rep,sdev
1,16.566667,11.433333,13.829000,0.000000,1.067201
2,16.866667,11.333333,13.837333,0.000000,1.073350
3,16.966667,11.366667,13.785667,0.000000,1.074877
4,17.133333,11.300000,13.802333,0.000000,1.097144
5,17.200000,11.500000,13.804667,0.000000,1.067142
6,17.233333,11.366667,13.814000,0.000000,1.070357
7,17.233333,11.433333,13.832333,0.000000,1.084643
8,17.333333,11.400000,13.763000,0.000000,1.084274
9,17.366667,11.533333,13.828000,0.000000,1.059510
10,17.366667,11.300000,13.828333,0.000000,1.087622
11,17.400000,11.333333,13.807667,0.000000,1.075208
12,17.466667,11.433333,13.842667,0.000000,1.112211
13,17.533333,11.333333,13.824333,0.000000,1.092492
14,17.533333,11.333333,13.855667,0.000000,1.071096
15,17.566667,11.333333,13.806000,0.000000,1.089484
16,17.566667,11.400000,13.779000,0.000000,1.081894
17,17.566667,11.466667,13.793667,0.000000,1.076575
18,17.566667,11.433333,13.780667,0.000000,1.083327
19,17.600000,11.400000,13.799333,0.000000,1.080714
20,17.633333,11.200000,13.809000,0.000000,1.092666
21,17.700000,11.400000,13.784333,0.000000,1.090665
22,17.733333,11.400000,13.798667,0.000000,1.048329
23,17.766667,11.233333,13.801000,0.000000,1.081918
24,17.800000,11.366667,13.800000,0.000000,1.099750
25,17.800000,11.200000,13.793667,0.000000,1.099188
26,17.800000,11.400000,13.796333,0.000000,1.082579
27,17.833333,11.566667,13.817000,0.000000,1.079387
28,17.866667,11.433333,13.788667,0.000000,1.079087
29,17.866667,11.366667,13.785667,0.000000,1.084129
30,17.866667,11.366667,13.784667,0.000000,1.087136
31,17.866667,11.600000,13.835333,0.000000,1.078821
32,17.866667,11.366667,13.786333,0.000000,1.094244
33,17.866667,11.166667,13.817667,0.000000,1.080824
34,17.866667,11.366667,13.820667,0.000000,1.065157
35,17.866667,11.400000,13.796333,0.000000,1.059750
36,17.866667,11.566667,13.776000,0.000000,1.066350
37,17.866667,11.300000,13.810000,0.000000,1.061051
38,17.866667,11.400000,13.824667,0.000000,1.111836
39,17.933333,11.333333,13.806333,0.000000,1.060016
40,17.933333,11.566667,13.841333,0.000000,1.068979
41,17.933333,11.166667,13.783333,0.000000,1.071714
42,17.933333,11.300000,13.800667,0.000000,1.083639
43,17.933333,11.400000,13.840667,0.000000,1.083821
44,17.966667,11.400000,13.780000,0.000000,1.068999
45,17.966667,11.266667,13.809667,0.000000,1.094496
46,17.966667,11.533333,13.757000,0.000000,1.049564
47,17.966667,11.366667,13.798000,0.000000,1.092467
48,17.966667,11.433333,13.805000,0.000000,1.103984
49,17.966667,11.500000,13.791667,0.000000,1.063837
50,17.966667,11.300000,13.824667,0.000000,1.066551
BestSdev: 0.323179, Time: 4m35.476209944s