gen,best,worst,mean,rep,sdev
1,16.900000,11.066667,13.792667,0.000000,1.068069
2,17.133333,11.133333,13.798667,0.000000,1.080837
3,17.233333,11.166667,13.810167,0.000000,1.088821
4,17.366667,11.033333,13.795167,0.000000,1.086663
5,17.433333,11.166667,13.829167,0.000000,1.097645
6,17.533333,11.033333,13.797667,0.000000,1.077343
7,17.633333,11.033333,13.797333,0.000000,1.083176
8,17.666667,11.033333,13.810500,0.000000,1.097298
9,17.666667,11.066667,13.796500,0.000000,1.077915
10,17.733333,11.033333,13.801500,0.000000,1.088300
11,17.766667,11.266667,13.824500,0.000000,1.077446
12,17.766667,11.000000,13.794500,0.000000,1.074678
13,17.766667,11.066667,13.789500,0.000000,1.084680
14,17.766667,11.000000,13.817667,0.000000,1.097241
15,17.766667,11.166667,13.791333,0.000000,1.087129
16,17.766667,11.033333,13.803000,0.000000,1.084207
17,17.800000,11.100000,13.817833,0.000000,1.088640
18,17.800000,11.000000,13.802000,0.000000,1.071241
19,17.800000,10.966667,13.814500,0.000000,1.099807
20,17.800000,11.200000,13.846167,0.000000,1.075510
21,17.800000,11.133333,13.803500,0.000000,1.077705
22,17.866667,11.100000,13.812667,0.000000,1.086096
23,17.866667,11.066667,13.813333,0.000000,1.092156
24,17.933333,11.033333,13.808000,0.000000,1.099834
25,17.966667,11.066667,13.813167,0.000000,1.076385
26,17.966667,11.133333,13.809167,0.000000,1.113299
27,18.000000,11.166667,13.831167,0.000000,1.089348
28,18.033333,10.900000,13.804333,0.000000,1.088308
29,18.033333,11.166667,13.793333,0.000000,1.060589
30,18.066667,11.133333,13.791167,0.000000,1.080072
31,18.066667,11.100000,13.805000,0.000000,1.096714
32,18.066667,10.933333,13.800000,0.000000,1.096992
33,18.066667,11.300000,13.824667,0.000000,1.097638
34,18.066667,11.100000,13.791833,0.000000,1.090650
35,18.066667,11.066667,13.805500,0.000000,1.074588
36,18.066667,11.100000,13.797500,0.000000,1.085986
37,18.066667,11.133333,13.820333,0.000000,1.069849
38,18.066667,11.000000,13.795833,0.000000,1.071869
39,18.066667,11.066667,13.788167,0.000000,1.081180
40,18.066667,11.033333,13.799000,0.000000,1.086356
41,18.066667,11.200000,13.800167,0.000000,1.082933
42,18.066667,11.000000,13.778167,0.000000,1.083967
43,18.066667,10.966667,13.830833,0.000000,1.098412
44,18.066667,11.066667,13.810333,0.000000,1.077295
45,18.066667,11.000000,13.804167,0.000000,1.084080
46,18.066667,11.100000,13.792333,0.000000,1.080495
47,18.066667,11.133333,13.810000,0.000000,1.089846
48,18.066667,11.133333,13.812000,0.000000,1.096907
49,18.066667,11.000000,13.797833,0.000000,1.094429
50,18.066667,11.200000,13.813167,0.000000,1.093220
BestSdev: 0.268021, Time: 8m41.412565847s