gen,best,worst,mean,rep,sdev
1,30.533333,12.600000,20.649667,0.000000,3.567253
2,31.433333,12.500000,20.724000,0.000000,3.641227
3,31.500000,12.933333,20.696000,0.000000,3.586512
4,32.000000,12.766667,20.870000,0.000000,3.604183
5,32.400000,12.566667,20.686667,0.000000,3.584338
6,32.466667,12.500000,20.680000,0.000000,3.544978
7,32.766667,12.766667,20.777333,0.000000,3.616165
8,32.800000,12.766667,20.726000,0.000000,3.570730
9,32.866667,12.533333,20.663667,0.000000,3.678781
10,32.966667,12.500000,20.678333,0.000000,3.659818
11,33.033333,12.700000,20.707667,0.000000,3.550168
12,33.066667,12.633333,20.589000,0.000000,3.633771
13,33.266667,12.833333,20.800000,0.000000,3.617315
14,33.533333,12.766667,20.657667,0.000000,3.553560
15,33.666667,12.600000,20.743333,0.000000,3.568226
16,33.766667,12.733333,20.827000,0.000000,3.591059
17,33.766667,12.933333,20.703000,0.000000,3.572298
18,33.833333,12.500000,20.611667,0.000000,3.543487
19,33.833333,12.600000,20.824667,0.000000,3.615414
20,33.833333,12.766667,20.751000,0.000000,3.631227
21,33.900000,12.700000,20.799000,0.000000,3.594409
22,33.966667,12.433333,20.767000,0.000000,3.686040
23,33.966667,12.533333,20.801000,0.000000,3.578712
24,34.000000,12.466667,20.612333,0.000000,3.638142
25,34.000000,12.733333,20.698667,0.000000,3.629800
26,34.100000,13.100000,20.771000,0.000000,3.542488
27,34.133333,12.566667,20.770667,0.000000,3.582218
28,34.133333,13.166667,20.883333,0.000000,3.590093
29,34.166667,12.533333,20.720667,0.000000,3.516865
30,34.166667,12.766667,20.684000,0.000000,3.566510
31,34.166667,12.366667,20.676667,0.000000,3.666186
32,34.166667,12.166667,20.794667,0.000000,3.604935
33,34.166667,12.833333,20.791333,0.000000,3.544103
34,34.266667,12.666667,20.701667,0.000000,3.621561
35,34.333333,12.666667,20.735000,0.000000,3.588650
36,34.366667,12.433333,20.799667,0.000000,3.683722
37,34.500000,12.566667,20.649000,0.000000,3.647470
38,34.500000,12.500000,20.719000,0.000000,3.568797
39,34.500000,12.733333,20.683000,0.000000,3.582609
40,34.500000,12.466667,20.762333,0.000000,3.596362
41,34.533333,12.666667,20.784333,0.000000,3.627417
42,34.566667,12.900000,20.907000,0.000000,3.598975
43,34.633333,12.833333,20.685667,0.000000,3.580466
44,34.633333,12.566667,20.696667,0.000000,3.586522
45,34.700000,12.766667,20.732000,0.000000,3.579576
46,34.700000,12.866667,20.784000,0.000000,3.573086
47,34.766667,12.533333,20.727000,0.000000,3.681983
48,34.766667,12.933333,20.756333,0.000000,3.573957
49,34.766667,12.466667,20.749000,0.000000,3.576895
50,34.800000,12.933333,20.750333,0.000000,3.513735
51,34.966667,13.100000,20.732667,0.000000,3.607571
52,34.966667,12.700000,20.674667,0.000000,3.580891
53,34.966667,12.900000,20.812000,0.000000,3.582051
54,34.966667,12.200000,20.700000,0.000000,3.603923
55,34.966667,12.733333,20.708667,0.000000,3.641357
56,34.966667,12.800000,20.748000,0.000000,3.551070
57,34.966667,12.600000,20.836000,0.000000,3.662559
58,35.033333,12.666667,20.700000,0.000000,3.615676
59,35.033333,12.766667,20.828000,0.000000,3.652133
60,35.033333,12.700000,20.557333,0.000000,3.579810
61,35.033333,12.533333,20.802667,0.000000,3.572115
62,35.033333,12.933333,20.719333,0.000000,3.570043
63,35.033333,12.533333,20.649000,0.000000,3.623593
64,35.033333,13.000000,20.700333,0.000000,3.523570
65,35.066667,12.266667,20.667000,0.000000,3.636264
66,35.066667,12.666667,20.748000,0.000000,3.662997
67,35.100000,12.766667,20.703333,0.000000,3.597287
68,35.100000,12.600000,20.766667,0.000000,3.585881
69,35.100000,12.900000,20.651667,0.000000,3.604651
70,35.100000,12.566667,20.772333,0.000000,3.675358
71,35.166667,12.333333,20.785333,0.000000,3.515601
72,35.166667,12.533333,20.660333,0.000000,3.619373
73,35.266667,12.633333,20.680000,0.000000,3.615016
74,35.266667,12.400000,20.701333,0.000000,3.637619
75,35.266667,12.566667,20.770000,0.000000,3.684087
76,35.266667,12.266667,20.762000,0.000000,3.620012
77,35.266667,12.866667,20.746000,0.000000,3.547607
78,35.266667,12.733333,20.854667,0.000000,3.564515
79,35.266667,12.833333,20.762000,0.000000,3.587151
80,35.266667,12.666667,20.817333,0.000000,3.674835
81,35.266667,12.666667,20.739667,0.000000,3.639754
82,35.266667,12.866667,20.852667,0.000000,3.628405
83,35.266667,12.366667,20.645333,0.000000,3.593233
84,35.333333,12.700000,20.767000,0.000000,3.609991
85,35.333333,12.866667,20.810667,0.000000,3.596656
86,35.333333,12.400000,20.613667,0.000000,3.590302
87,35.333333,12.466667,20.747000,0.000000,3.619074
88,35.333333,12.600000,20.681667,0.000000,3.612267
89,35.333333,12.733333,20.679000,0.000000,3.611580
90,35.333333,12.600000,20.798333,0.000000,3.624157
91,35.333333,12.900000,20.746333,0.000000,3.568924
92,35.433333,12.700000,20.835333,0.000000,3.595440
93,35.500000,12.433333,20.775333,0.000000,3.667418
94,35.533333,12.833333,20.608000,0.000000,3.609935
95,35.533333,12.600000,20.698333,0.000000,3.540673
96,35.533333,12.833333,20.689333,0.000000,3.622273
97,35.533333,12.466667,20.769333,0.000000,3.600432
98,35.533333,12.466667,20.679667,0.000000,3.652466
99,35.566667,12.433333,20.594333,0.000000,3.599225
100,35.566667,12.400000,20.701000,0.000000,3.620625
101,35.566667,12.666667,20.796667,0.000000,3.662548
102,35.566667,12.533333,20.826333,0.000000,3.517289
103,35.600000,12.666667,20.709333,0.000000,3.596222
104,35.600000,12.766667,20.814000,0.000000,3.617294
105,35.600000,12.600000,20.735333,0.000000,3.640906
106,35.600000,12.866667,20.712333,0.000000,3.602251
107,35.600000,12.533333,20.700667,0.000000,3.609296
108,35.633333,12.366667,20.697667,0.000000,3.589109
109,35.633333,12.666667,20.595333,0.000000,3.536063
110,35.700000,12.566667,20.671333,0.000000,3.624459
111,35.700000,12.633333,20.808667,0.000000,3.611532
112,35.700000,12.433333,20.663333,0.000000,3.696998
113,35.700000,12.633333,20.641667,0.000000,3.579811
114,35.700000,12.366667,20.693000,0.000000,3.670102
115,35.700000,12.466667,20.689667,0.000000,3.603712
116,35.700000,13.200000,20.727667,0.000000,3.591347
117,35.700000,12.766667,20.575000,0.000000,3.586160
118,35.700000,12.600000,20.719333,0.000000,3.587491
119,35.700000,12.466667,20.730333,0.000000,3.586729
120,35.700000,12.733333,20.701667,0.000000,3.581324
121,35.766667,12.200000,20.585000,0.000000,3.580299
122,35.766667,12.500000,20.769667,0.000000,3.621198
123,35.800000,12.533333,20.696667,0.000000,3.577368
124,35.800000,12.700000,20.702333,0.000000,3.576167
125,35.800000,13.000000,20.763333,0.000000,3.585859
126,35.800000,12.333333,20.714333,0.000000,3.551700
127,35.800000,12.366667,20.747000,0.000000,3.533853
128,35.900000,12.700000,20.697333,0.000000,3.620695
129,35.900000,12.933333,20.832667,0.000000,3.543265
130,35.933333,13.000000,20.738000,0.000000,3.518258
131,35.933333,12.333333,20.724667,0.000000,3.564593
132,35.933333,12.766667,20.741000,0.000000,3.512360
133,35.933333,12.400000,20.583667,0.000000,3.599334
134,35.933333,12.633333,20.767333,0.000000,3.551438
135,35.933333,12.466667,20.715333,0.000000,3.621959
136,35.933333,12.700000,20.724667,0.000000,3.548724
137,35.933333,12.600000,20.855667,0.000000,3.582102
138,35.933333,12.600000,20.675000,0.000000,3.627348
139,36.000000,12.766667,20.684000,0.000000,3.595941
140,36.033333,12.433333,20.695000,0.000000,3.662741
141,36.033333,12.500000,20.695667,0.000000,3.555373
142,36.033333,12.733333,20.856000,0.000000,3.615524
143,36.033333,12.500000,20.719333,0.000000,3.582695
144,36.033333,12.800000,20.721333,0.000000,3.562556
145,36.033333,12.333333,20.759000,0.000000,3.613631
146,36.033333,12.766667,20.685000,0.000000,3.555780
147,36.033333,12.966667,20.623667,0.000000,3.531449
148,36.033333,12.966667,20.685000,0.000000,3.603119
149,36.033333,12.700000,20.774333,0.000000,3.556787
150,36.033333,12.566667,20.668667,0.000000,3.587119
151,36.033333,12.500000,20.700333,0.000000,3.588651
152,36.033333,12.533333,20.665000,0.000000,3.548674
153,36.033333,12.400000,20.692667,0.000000,3.600502
154,36.033333,12.333333,20.728667,0.000000,3.603323
155,36.033333,12.766667,20.771667,0.000000,3.605939
156,36.033333,12.866667,20.676333,0.000000,3.542110
157,36.233333,12.200000,20.595333,0.000000,3.649682
158,36.233333,12.733333,20.779667,0.000000,3.598285
159,36.233333,12.733333,20.669667,0.000000,3.582776
160,36.233333,12.366667,20.735333,0.000000,3.624541
161,36.233333,13.033333,20.786333,0.000000,3.592857
162,36.233333,12.666667,20.711333,0.000000,3.557988
163,36.233333,12.633333,20.742333,0.000000,3.628286
164,36.300000,12.633333,20.779667,0.000000,3.615923
165,36.300000,12.700000,20.775000,0.000000,3.610269
166,36.300000,12.433333,20.746667,0.000000,3.568968
167,36.300000,12.933333,20.768667,0.000000,3.579749
168,36.366667,12.800000,20.754667,0.000000,3.591943
169,36.366667,12.500000,20.715333,0.000000,3.578345
170,36.400000,12.633333,20.847000,0.000000,3.706456
171,36.400000,12.400000,20.664333,0.000000,3.590620
172,36.400000,12.600000,20.735667,0.000000,3.535223
173,36.400000,12.766667,20.709000,0.000000,3.643371
174,36.400000,12.500000,20.680333,0.000000,3.719391
175,36.400000,12.500000,20.638333,0.000000,3.597565
176,36.400000,12.800000,20.728667,0.000000,3.509384
177,36.400000,12.800000,20.854667,0.000000,3.565727
178,36.400000,12.633333,20.814667,0.000000,3.535994
179,36.400000,12.433333,20.654667,0.000000,3.619063
180,36.400000,12.733333,20.674333,0.000000,3.574768
181,36.400000,12.700000,20.816333,0.000000,3.673440
182,36.400000,12.900000,20.872333,0.000000,3.622483
183,36.400000,12.333333,20.711333,0.000000,3.652235
184,36.400000,12.766667,20.709667,0.000000,3.616527
185,36.400000,12.966667,20.782667,0.000000,3.576680
186,36.400000,12.666667,20.702667,0.000000,3.536965
187,36.400000,12.400000,20.724667,0.000000,3.565433
188,36.400000,12.800000,20.787333,0.000000,3.531897
189,36.400000,12.666667,20.774333,0.000000,3.568044
190,36.400000,12.933333,20.766000,0.000000,3.530401
191,36.400000,12.500000,20.857000,0.000000,3.634179
192,36.400000,13.033333,20.720333,0.000000,3.583621
193,36.400000,12.400000,20.647000,0.000000,3.564984
194,36.400000,12.500000,20.703333,0.000000,3.620378
195,36.400000,12.766667,20.585333,0.000000,3.446603
196,36.400000,12.500000,20.691333,0.000000,3.601628
197,36.400000,12.666667,20.842333,0.000000,3.520605
198,36.400000,12.633333,20.759667,0.000000,3.603316
199,36.400000,12.866667,20.660333,0.000000,3.570921
200,36.400000,12.600000,20.710333,0.000000,3.604768
201,36.400000,12.066667,20.703000,0.000000,3.657010
202,36.400000,12.566667,20.669333,0.000000,3.634395
203,36.400000,12.466667,20.751667,0.000000,3.662528
204,36.400000,12.366667,20.676667,0.000000,3.560123
205,36.466667,12.766667,20.789667,0.000000,3.609216
206,36.466667,12.433333,20.662333,0.000000,3.620227
207,36.466667,12.933333,20.779000,0.000000,3.583825
208,36.500000,12.566667,20.719000,0.000000,3.611408
209,36.500000,12.733333,20.603667,0.000000,3.536407
210,36.500000,12.900000,20.627000,0.000000,3.418051
211,36.500000,12.433333,20.710667,0.000000,3.664711
212,36.500000,12.766667,20.739000,0.000000,3.626839
213,36.500000,13.133333,20.787667,0.000000,3.579512
214,36.500000,12.366667,20.712667,0.000000,3.609021
215,36.533333,13.133333,20.791667,0.000000,3.588597
216,36.533333,12.366667,20.671667,0.000000,3.562046
217,36.533333,12.533333,20.690333,0.000000,3.584553
218,36.533333,12.366667,20.834667,0.000000,3.666700
219,36.533333,12.366667,20.761333,0.000000,3.659769
220,36.533333,12.833333,20.768667,0.000000,3.585748
221,36.533333,12.733333,20.650333,0.000000,3.618199
222,36.533333,12.500000,20.734667,0.000000,3.649417
223,36.533333,12.500000,20.606333,0.000000,3.652323
224,36.533333,12.633333,20.759667,0.000000,3.556619
225,36.533333,11.966667,20.664667,0.000000,3.610217
226,36.533333,12.566667,20.750333,0.000000,3.585054
227,36.533333,12.433333,20.630667,0.000000,3.604628
228,36.533333,12.866667,20.608000,0.000000,3.564416
229,36.533333,13.166667,20.780333,0.000000,3.540504
230,36.533333,12.766667,20.832333,0.000000,3.614373
231,36.533333,12.533333,20.692333,0.000000,3.510740
232,36.533333,12.233333,20.589667,0.000000,3.589173
233,36.533333,12.566667,20.619667,0.000000,3.611101
234,36.533333,12.700000,20.667667,0.000000,3.597919
235,36.533333,12.500000,20.767000,0.000000,3.572558
236,36.566667,12.233333,20.620667,0.000000,3.583599
237,36.566667,12.400000,20.711333,0.000000,3.551296
238,36.566667,12.866667,20.757667,0.000000,3.597189
239,36.566667,12.766667,20.803000,0.000000,3.584975
240,36.566667,12.166667,20.713333,0.000000,3.666614
241,36.566667,12.566667,20.648333,0.000000,3.568593
242,36.566667,12.300000,20.694667,0.000000,3.617112
243,36.566667,12.766667,20.713667,0.000000,3.538695
244,36.566667,12.433333,20.672667,0.000000,3.487305
245,36.566667,12.433333,20.711333,0.000000,3.546818
246,36.566667,12.966667,20.725000,0.000000,3.591286
247,36.566667,12.766667,20.667333,0.000000,3.583236
248,36.566667,12.800000,20.796000,0.000000,3.585961
249,36.566667,12.800000,20.758000,0.000000,3.600227
250,36.566667,12.733333,20.653333,0.000000,3.591316
251,36.566667,12.766667,20.767333,0.000000,3.600767
252,36.566667,12.666667,20.648333,0.000000,3.605577
253,36.566667,12.733333,20.694667,0.000000,3.592629
254,36.566667,12.733333,20.657667,0.000000,3.523897
255,36.566667,12.400000,20.570000,0.000000,3.581352
256,36.566667,12.600000,20.794000,0.000000,3.575164
257,36.566667,12.866667,20.686333,0.000000,3.598984
258,36.566667,12.366667,20.638000,0.000000,3.555611
259,36.566667,12.600000,20.689333,0.000000,3.638745
260,36.600000,12.800000,20.617667,0.000000,3.525692
261,36.600000,12.633333,20.750667,0.000000,3.591291
262,36.600000,12.366667,20.714000,0.000000,3.555818
263,36.600000,12.600000,20.719667,0.000000,3.613178
264,36.600000,12.766667,20.716333,0.000000,3.600136
265,36.600000,12.800000,20.823333,0.000000,3.559072
266,36.600000,12.900000,20.728333,0.000000,3.535471
267,36.600000,12.533333,20.680667,0.000000,3.668341
268,36.600000,12.500000,20.755000,0.000000,3.629990
269,36.600000,12.966667,20.699333,0.000000,3.593950
270,36.600000,12.700000,20.713667,0.000000,3.582580
271,36.600000,12.666667,20.815000,0.000000,3.602586
272,36.600000,12.366667,20.687667,0.000000,3.587831
273,36.600000,12.500000,20.808333,0.000000,3.579962
274,36.600000,12.166667,20.598000,0.000000,3.599845
275,36.600000,12.966667,20.704333,0.000000,3.603565
276,36.600000,12.200000,20.649667,0.000000,3.610138
277,36.600000,12.466667,20.646333,0.000000,3.601761
278,36.600000,12.966667,20.758667,0.000000,3.579485
279,36.600000,12.833333,20.712667,0.000000,3.617578
280,36.600000,13.000000,20.794667,0.000000,3.609170
281,36.600000,12.600000,20.708000,0.000000,3.630568
282,36.600000,12.733333,20.641000,0.000000,3.525159
283,36.666667,12.666667,20.703667,0.000000,3.650569
284,36.666667,13.000000,20.849333,0.000000,3.556099
285,36.666667,12.433333,20.832667,0.000000,3.677333
286,36.666667,12.666667,20.744667,0.000000,3.649041
287,36.666667,12.466667,20.634667,0.000000,3.569992
288,36.666667,12.400000,20.731667,0.000000,3.587464
289,36.666667,12.333333,20.672333,0.000000,3.631292
290,36.666667,12.766667,20.647333,0.000000,3.600340
291,36.666667,12.600000,20.706333,0.000000,3.665867
292,36.666667,12.033333,20.737333,0.000000,3.620816
293,36.666667,12.466667,20.786333,0.000000,3.570363
294,36.666667,12.466667,20.758333,0.000000,3.626884
295,36.666667,12.666667,20.694667,0.000000,3.602598
296,36.666667,12.766667,20.708000,0.000000,3.577406
297,36.666667,12.500000,20.659333,0.000000,3.551434
298,36.666667,12.900000,20.785333,0.000000,3.617724
299,36.666667,12.333333,20.713667,0.000000,3.642788
300,36.666667,12.966667,20.823333,0.000000,3.558685
301,36.666667,12.733333,20.691333,0.000000,3.562511
302,36.666667,12.500000,20.729000,0.000000,3.602193
303,36.700000,12.233333,20.721000,0.000000,3.584853
304,36.700000,12.200000,20.728667,0.000000,3.578651
305,36.700000,12.500000,20.701667,0.000000,3.575742
306,36.700000,12.566667,20.656667,0.000000,3.584094
307,36.700000,12.366667,20.772000,0.000000,3.673945
308,36.700000,12.633333,20.911667,0.000000,3.651069
309,36.766667,12.700000,20.820667,0.000000,3.634663
310,36.766667,12.800000,20.668667,0.000000,3.631905
311,36.766667,13.166667,20.649000,0.000000,3.540269
312,36.766667,13.133333,20.810667,0.000000,3.594733
313,36.766667,12.966667,20.774667,0.000000,3.621781
314,36.766667,12.633333,20.711000,0.000000,3.574023
315,36.766667,12.566667,20.819000,0.000000,3.603417
316,36.766667,12.533333,20.778667,0.000000,3.545640
317,36.766667,12.866667,20.748667,0.000000,3.565575
318,36.766667,12.800000,20.644333,0.000000,3.578093
319,36.766667,12.666667,20.822333,0.000000,3.656200
320,36.766667,12.566667,20.821667,0.000000,3.565679
321,36.766667,12.533333,20.807667,0.000000,3.669106
322,36.766667,13.000000,20.709333,0.000000,3.572180
323,36.766667,12.633333,20.739333,0.000000,3.661444
324,36.766667,12.366667,20.646667,0.000000,3.626551
325,36.766667,12.933333,20.816667,0.000000,3.537745
326,36.766667,12.700000,20.625000,0.000000,3.530012
327,36.766667,12.400000,20.811667,0.000000,3.635279
328,36.766667,12.566667,20.831667,0.000000,3.643398
329,36.766667,12.466667,20.751333,0.000000,3.588289
330,36.766667,12.600000,20.695667,0.000000,3.584021
331,36.766667,12.666667,20.707000,0.000000,3.535630
332,36.766667,12.900000,20.550667,0.000000,3.560052
333,36.766667,12.866667,20.864667,0.000000,3.613534
334,36.766667,12.966667,20.784000,0.000000,3.535220
335,36.800000,13.000000,20.784000,0.000000,3.566548
336,36.800000,12.900000,20.714000,0.000000,3.603876
337,36.800000,12.600000,20.686000,0.000000,3.652303
338,36.800000,12.800000,20.686667,0.000000,3.588053
339,36.800000,12.866667,20.658667,0.000000,3.558680
340,36.800000,12.500000,20.802000,0.000000,3.618485
341,36.800000,12.833333,20.772333,0.000000,3.566231
342,36.800000,12.700000,20.719333,0.000000,3.569541
343,36.800000,12.700000,20.683000,0.000000,3.579522
344,36.800000,12.833333,20.776667,0.000000,3.647645
345,36.800000,13.000000,20.771333,0.000000,3.540625
346,36.800000,12.833333,20.704000,0.000000,3.561460
347,36.800000,12.833333,20.615000,0.000000,3.526162
348,36.800000,12.866667,20.640000,0.000000,3.612812
349,36.800000,12.400000,20.741667,0.000000,3.555565
350,36.800000,12.833333,20.760667,0.000000,3.537286
351,36.800000,12.900000,20.921333,0.000000,3.641860
352,36.800000,12.333333,20.677667,0.000000,3.614782
353,36.800000,12.333333,20.754000,0.000000,3.561755
354,36.800000,12.700000,20.721000,0.000000,3.574195
355,36.800000,12.333333,20.730333,0.000000,3.735667
356,36.800000,12.866667,20.651333,0.000000,3.452569
357,36.800000,12.933333,20.805333,0.000000,3.559392
358,36.800000,12.533333,20.676000,0.000000,3.601514
359,36.800000,12.300000,20.826667,0.000000,3.621663
360,36.800000,12.366667,20.693333,0.000000,3.621845
361,36.800000,12.566667,20.825000,0.000000,3.632230
362,36.800000,12.200000,20.829000,0.000000,3.611514
363,36.800000,12.600000,20.707333,0.000000,3.609015
364,36.800000,12.633333,20.755667,0.000000,3.583131
365,36.800000,12.966667,20.732667,0.000000,3.578284
366,36.800000,12.533333,20.816667,0.000000,3.637604
367,36.800000,12.566667,20.754333,0.000000,3.748760
368,36.800000,12.866667,20.726333,0.000000,3.600213
369,36.800000,12.366667,20.812667,0.000000,3.650449
370,36.800000,12.400000,20.712667,0.000000,3.674775
371,36.800000,12.766667,20.673000,0.000000,3.548683
372,36.800000,12.700000,20.801000,0.000000,3.612877
373,36.800000,12.800000,20.680000,0.000000,3.546896
374,36.800000,12.900000,20.744667,0.000000,3.587820
375,36.800000,13.000000,20.747667,0.000000,3.553469
376,36.800000,12.566667,20.670333,0.000000,3.568459
377,36.800000,12.600000,20.731333,0.000000,3.598269
378,36.800000,12.633333,20.772000,0.000000,3.597001
379,36.800000,12.833333,20.672667,0.000000,3.484855
380,36.866667,12.866667,20.692667,0.000000,3.649566
381,36.866667,12.600000,20.707000,0.000000,3.548870
382,36.866667,12.666667,20.675333,0.000000,3.510659
383,36.866667,12.466667,20.734333,0.000000,3.639217
384,36.866667,12.533333,20.715333,0.000000,3.653971
385,36.866667,13.033333,20.781667,0.000000,3.561382
386,36.866667,12.766667,20.761000,0.000000,3.593170
387,36.866667,12.533333,20.665000,0.000000,3.604244
388,36.866667,12.900000,20.690667,0.000000,3.483737
389,36.866667,12.600000,20.832000,0.000000,3.500016
390,36.866667,12.333333,20.714333,0.000000,3.621496
391,36.866667,12.500000,20.837000,0.000000,3.627781
392,36.866667,12.766667,20.739000,0.000000,3.535634
393,36.866667,12.533333,20.750333,0.000000,3.664823
394,36.866667,12.766667,20.705667,0.000000,3.520680
395,36.866667,12.866667,20.728333,0.000000,3.638273
396,36.866667,12.666667,20.666333,0.000000,3.636034
397,36.933333,12.600000,20.695333,0.000000,3.689754
398,36.933333,12.433333,20.662667,0.000000,3.633774
399,36.933333,12.200000,20.817667,0.000000,3.594811
400,36.933333,12.766667,20.684000,0.000000,3.551699
401,36.933333,12.466667,20.706667,0.000000,3.590566
402,36.933333,12.800000,20.767000,0.000000,3.580115
403,36.966667,12.433333,20.770000,0.000000,3.592896
404,36.966667,13.166667,20.843000,0.000000,3.525840
405,36.966667,12.733333,20.761000,0.000000,3.577695
406,36.966667,12.900000,20.666000,0.000000,3.585038
407,36.966667,12.600000,20.700667,0.000000,3.538278
408,36.966667,12.666667,20.680333,0.000000,3.572536
409,36.966667,12.233333,20.826333,0.000000,3.670093
410,36.966667,12.566667,20.759000,0.000000,3.646360
411,36.966667,12.933333,20.760000,0.000000,3.548407
412,36.966667,12.700000,20.809000,0.000000,3.670965
413,36.966667,12.533333,20.820333,0.000000,3.654577
414,36.966667,12.566667,20.790667,0.000000,3.547026
415,36.966667,12.800000,20.680667,0.000000,3.634292
416,36.966667,12.400000,20.569667,0.000000,3.629229
417,36.966667,12.600000,20.666667,0.000000,3.570883
418,36.966667,12.500000,20.735000,0.000000,3.600607
419,36.966667,12.433333,20.718000,0.000000,3.585167
420,36.966667,12.633333,20.838000,0.000000,3.596694
421,36.966667,12.466667,20.720333,0.000000,3.616208
422,36.966667,12.666667,20.683333,0.000000,3.524251
423,36.966667,12.733333,20.825000,0.000000,3.579812
424,36.966667,12.633333,20.745333,0.000000,3.623810
425,36.966667,12.666667,20.636000,0.000000,3.614775
426,36.966667,12.766667,20.688667,0.000000,3.617137
427,36.966667,12.566667,20.644333,0.000000,3.513182
428,36.966667,12.666667,20.657333,0.000000,3.625957
429,36.966667,12.766667,20.731667,0.000000,3.566904
430,36.966667,12.900000,20.689000,0.000000,3.563387
431,36.966667,12.233333,20.777333,0.000000,3.621160
432,37.000000,12.700000,20.819667,0.000000,3.590019
433,37.033333,12.866667,20.803000,0.000000,3.585270
434,37.166667,12.766667,20.682000,0.000000,3.621860
435,37.166667,12.700000,20.734667,0.000000,3.587504
436,37.166667,12.733333,20.840667,0.000000,3.643615
437,37.166667,12.866667,20.689333,0.000000,3.524607
438,37.200000,12.666667,20.856000,0.000000,3.631993
439,37.200000,12.600000,20.705667,0.000000,3.585246
440,37.200000,12.566667,20.654000,0.000000,3.614214
441,37.200000,12.700000,20.697333,0.000000,3.545965
442,37.200000,12.866667,20.782000,0.000000,3.605152
443,37.200000,12.666667,20.754667,0.000000,3.659162
444,37.200000,12.366667,20.719000,0.000000,3.707431
445,37.200000,12.366667,20.747333,0.000000,3.701791
446,37.200000,12.700000,20.751667,0.000000,3.671794
447,37.200000,12.866667,20.825667,0.000000,3.611721
448,37.200000,12.533333,20.739000,0.000000,3.638675
449,37.200000,12.633333,20.712333,0.000000,3.571158
450,37.200000,12.333333,20.717333,0.000000,3.622833
451,37.200000,12.766667,20.799333,0.000000,3.593136
452,37.200000,12.400000,20.800333,0.000000,3.588050
453,37.200000,12.633333,20.697667,0.000000,3.632606
454,37.200000,12.900000,20.837333,0.000000,3.575100
455,37.200000,12.600000,20.759667,0.000000,3.681569
456,37.200000,12.600000,20.709000,0.000000,3.536055
457,37.200000,12.866667,20.771000,0.000000,3.593408
458,37.200000,12.600000,20.603333,0.000000,3.568465
459,37.200000,12.333333,20.713667,0.000000,3.591351
460,37.200000,12.533333,20.713667,0.000000,3.636020
461,37.200000,12.800000,20.795333,0.000000,3.615948
462,37.200000,12.866667,20.844000,0.000000,3.616619
463,37.200000,12.833333,20.642333,0.000000,3.564201
464,37.233333,12.300000,20.640333,0.000000,3.586357
465,37.233333,12.900000,20.781667,0.000000,3.600608
466,37.233333,13.000000,20.824000,0.000000,3.516605
467,37.233333,12.100000,20.710667,0.000000,3.582086
468,37.233333,12.433333,20.782667,0.000000,3.627740
469,37.233333,12.533333,20.680333,0.000000,3.533693
470,37.233333,13.066667,20.761333,0.000000,3.541460
471,37.233333,12.933333,20.705667,0.000000,3.661836
472,37.233333,13.000000,20.667333,0.000000,3.565880
473,37.233333,12.666667,20.737333,0.000000,3.553150
474,37.233333,12.200000,20.809000,0.000000,3.641693
475,37.233333,12.566667,20.666000,0.000000,3.579139
476,37.233333,12.933333,20.847000,0.000000,3.582239
477,37.233333,12.566667,20.760667,0.000000,3.728413
478,37.233333,12.666667,20.845333,0.000000,3.634415
479,37.233333,12.600000,20.747667,0.000000,3.678259
480,37.233333,12.733333,20.821000,0.000000,3.563884
481,37.233333,12.400000,20.561667,0.000000,3.583958
482,37.233333,12.633333,20.651333,0.000000,3.622158
483,37.233333,12.433333,20.684000,0.000000,3.565248
484,37.233333,12.333333,20.651667,0.000000,3.564837
485,37.233333,12.600000,20.771333,0.000000,3.532636
486,37.233333,13.000000,20.754667,0.000000,3.505762
487,37.233333,12.566667,20.706667,0.000000,3.539676
488,37.233333,12.333333,20.625667,0.000000,3.536600
489,37.233333,12.866667,20.747000,0.000000,3.587125
490,37.233333,12.500000,20.696667,0.000000,3.658561
491,37.233333,13.166667,20.718000,0.000000,3.522787
492,37.233333,12.500000,20.817333,0.000000,3.639679
493,37.233333,12.400000,20.620667,0.000000,3.589231
494,37.233333,12.700000,20.728667,0.000000,3.603591
495,37.233333,12.633333,20.710667,0.000000,3.591348
496,37.233333,12.800000,20.680333,0.000000,3.525587
497,37.233333,12.566667,20.732000,0.000000,3.620793
498,37.233333,12.966667,20.855000,0.000000,3.603490
499,37.233333,12.566667,20.670667,0.000000,3.610567
500,37.233333,12.666667,20.697333,0.000000,3.679607
BestSdev: 1.039595, Time: 57m26.742505439s