gen,best,worst,mean,rep,sdev
1,16.566667,11.200000,13.811667,0.000000,1.104564
2,16.900000,11.333333,13.822333,0.000000,1.103444
3,17.100000,11.466667,13.791667,0.000000,1.097405
4,17.133333,11.233333,13.786000,0.000000,1.069511
5,17.333333,11.266667,13.785667,0.000000,1.077916
6,17.333333,11.266667,13.823000,0.000000,1.087142
7,17.400000,11.400000,13.804667,0.000000,1.102017
8,17.400000,11.333333,13.789333,0.000000,1.083119
9,17.466667,11.100000,13.799000,0.000000,1.100330
10,17.500000,11.233333,13.839333,0.000000,1.091150
11,17.566667,11.400000,13.828000,0.000000,1.078716
12,17.566667,11.433333,13.825667,0.000000,1.085154
13,17.566667,11.333333,13.814000,0.000000,1.069407
14,17.566667,11.500000,13.808333,0.000000,1.062699
15,17.600000,11.266667,13.777000,0.000000,1.086786
16,17.633333,11.366667,13.812000,0.000000,1.078857
17,17.666667,11.500000,13.830667,0.000000,1.091704
18,17.666667,11.333333,13.790667,0.000000,1.079161
19,17.700000,11.333333,13.792333,0.000000,1.102053
20,17.733333,11.233333,13.796000,0.000000,1.090115
21,17.733333,11.333333,13.801333,0.000000,1.070889
22,17.733333,11.500000,13.827000,0.000000,1.054052
23,17.733333,11.300000,13.817667,0.000000,1.062404
24,17.766667,11.433333,13.783000,0.000000,1.086396
25,17.766667,11.266667,13.758000,0.000000,1.073101
26,17.800000,11.400000,13.791333,0.000000,1.102218
27,17.833333,11.233333,13.808333,0.000000,1.068235
28,17.833333,11.566667,13.854667,0.000000,1.091236
29,17.833333,11.366667,13.807667,0.000000,1.067629
30,17.866667,11.300000,13.823667,0.000000,1.099336
31,17.866667,11.333333,13.770000,0.000000,1.056481
32,17.866667,11.533333,13.798000,0.000000,1.075430
33,17.866667,11.266667,13.776000,0.000000,1.082962
34,17.866667,11.333333,13.820000,0.000000,1.068919
35,17.900000,11.366667,13.837333,0.000000,1.088457
36,17.900000,11.333333,13.807000,0.000000,1.071840
37,17.900000,11.266667,13.806333,0.000000,1.081051
38,17.900000,11.366667,13.827333,0.000000,1.084650
39,17.900000,11.266667,13.793333,0.000000,1.091170
40,17.900000,11.300000,13.808000,0.000000,1.071752
41,17.900000,11.366667,13.811333,0.000000,1.101480
42,17.900000,11.300000,13.811667,0.000000,1.086249
43,17.900000,11.333333,13.830333,0.000000,1.091364
44,17.900000,11.266667,13.829667,0.000000,1.099893
45,17.900000,11.366667,13.812667,0.000000,1.072136
46,17.966667,11.466667,13.800667,0.000000,1.074178
47,17.966667,11.366667,13.797333,0.000000,1.068106
48,17.966667,11.333333,13.799667,0.000000,1.095754
49,17.966667,11.400000,13.808333,0.000000,1.080938
50,17.966667,11.333333,13.801667,0.000000,1.057080
51,17.966667,11.300000,13.819333,0.000000,1.084170
52,18.000000,11.366667,13.799333,0.000000,1.078463
53,18.033333,11.333333,13.795333,0.000000,1.062227
54,18.033333,11.366667,13.818333,0.000000,1.059682
55,18.066667,11.366667,13.815000,0.000000,1.079853
56,18.066667,11.366667,13.829333,0.000000,1.082265
57,18.066667,11.433333,13.829333,0.000000,1.087435
58,18.066667,11.333333,13.803333,0.000000,1.077102
59,18.066667,11.233333,13.801667,0.000000,1.076062
60,18.066667,11.300000,13.834667,0.000000,1.073736
61,18.066667,11.466667,13.790000,0.000000,1.082663
62,18.066667,11.300000,13.802333,0.000000,1.092825
63,18.066667,11.500000,13.816000,0.000000,1.069362
64,18.066667,11.333333,13.843667,0.000000,1.084241
65,18.066667,11.300000,13.812333,0.000000,1.070163
66,18.100000,11.400000,13.784333,0.000000,1.093741
67,18.100000,11.400000,13.829333,0.000000,1.079795
68,18.100000,11.400000,13.814667,0.000000,1.075179
69,18.100000,11.333333,13.835333,0.000000,1.094621
70,18.133333,11.466667,13.789667,0.000000,1.091990
71,18.133333,11.233333,13.795000,0.000000,1.107608
72,18.133333,11.466667,13.794333,0.000000,1.078223
73,18.133333,11.366667,13.778000,0.000000,1.078374
74,18.133333,11.300000,13.825667,0.000000,1.050781
75,18.133333,11.366667,13.786000,0.000000,1.082925
76,18.133333,11.400000,13.806333,0.000000,1.085679
77,18.133333,11.366667,13.815333,0.000000,1.073985
78,18.133333,11.233333,13.816667,0.000000,1.091486
79,18.133333,11.266667,13.827667,0.000000,1.106827
80,18.133333,11.300000,13.816667,0.000000,1.048769
81,18.133333,11.366667,13.833333,0.000000,1.076928
82,18.133333,11.433333,13.800333,0.000000,1.070597
83,18.133333,11.533333,13.831333,0.000000,1.062426
84,18.133333,11.366667,13.788000,0.000000,1.080190
85,18.166667,11.400000,13.816667,0.000000,1.101887
86,18.166667,11.266667,13.834000,0.000000,1.114342
87,18.200000,11.300000,13.831333,0.000000,1.076708
88,18.200000,11.300000,13.770333,0.000000,1.072477
89,18.200000,11.300000,13.771333,0.000000,1.096139
90,18.200000,11.400000,13.817333,0.000000,1.103648
91,18.233333,11.066667,13.744333,0.000000,1.100544
92,18.233333,11.333333,13.829333,0.000000,1.080452
93,18.233333,11.333333,13.809333,0.000000,1.084155
94,18.233333,11.333333,13.799000,0.000000,1.063206
95,18.233333,11.400000,13.827667,0.000000,1.066699
96,18.233333,11.233333,13.767333,0.000000,1.073777
97,18.233333,11.366667,13.795667,0.000000,1.072406
98,18.233333,11.333333,13.835000,0.000000,1.099313
99,18.233333,11.400000,13.795000,0.000000,1.081542
100,18.233333,11.233333,13.796333,0.000000,1.104178
101,18.233333,11.333333,13.805000,0.000000,1.074856
102,18.233333,11.300000,13.806667,0.000000,1.070633
103,18.233333,11.366667,13.816000,0.000000,1.070908
104,18.233333,11.333333,13.794667,0.000000,1.088902
105,18.233333,11.333333,13.798333,0.000000,1.090820
106,18.233333,11.300000,13.789667,0.000000,1.076513
107,18.233333,11.433333,13.792667,0.000000,1.071549
108,18.233333,11.400000,13.791333,0.000000,1.068638
109,18.233333,11.400000,13.810000,0.000000,1.082047
110,18.233333,11.400000,13.815000,0.000000,1.090628
111,18.233333,11.366667,13.806000,0.000000,1.050249
112,18.233333,11.266667,13.780667,0.000000,1.089657
113,18.233333,11.233333,13.779667,0.000000,1.068362
114,18.233333,11.400000,13.827000,0.000000,1.081320
115,18.233333,11.433333,13.797000,0.000000,1.073617
116,18.233333,11.433333,13.822000,0.000000,1.083469
117,18.233333,11.200000,13.817000,0.000000,1.109845
118,18.233333,11.466667,13.851333,0.000000,1.074371
119,18.300000,11.366667,13.799667,0.000000,1.082707
120,18.300000,11.266667,13.800667,0.000000,1.081461
121,18.300000,11.333333,13.814000,0.000000,1.089589
122,18.300000,11.200000,13.796000,0.000000,1.077251
123,18.300000,11.433333,13.817000,0.000000,1.076894
124,18.300000,11.333333,13.813667,0.000000,1.113689
125,18.300000,11.200000,13.811000,0.000000,1.088420
126,18.300000,11.233333,13.836000,0.000000,1.101748
127,18.300000,11.300000,13.773333,0.000000,1.075171
128,18.300000,11.333333,13.765667,0.000000,1.088267
129,18.300000,11.300000,13.820333,0.000000,1.074278
130,18.300000,11.366667,13.807667,0.000000,1.085574
131,18.300000,11.233333,13.809667,0.000000,1.084211
132,18.300000,11.333333,13.836667,0.000000,1.096470
133,18.300000,11.166667,13.784667,0.000000,1.055229
134,18.300000,11.333333,13.820667,0.000000,1.066960
135,18.300000,11.400000,13.802333,0.000000,1.072499
136,18.300000,11.366667,13.824667,0.000000,1.069903
137,18.300000,11.400000,13.806000,0.000000,1.056890
138,18.300000,11.333333,13.800667,0.000000,1.073058
139,18.300000,11.266667,13.795333,0.000000,1.091072
140,18.300000,11.366667,13.800000,0.000000,1.104313
141,18.300000,11.266667,13.776000,0.000000,1.086853
142,18.300000,11.133333,13.819667,0.000000,1.114720
143,18.300000,11.233333,13.785333,0.000000,1.077694
144,18.300000,11.433333,13.812333,0.000000,1.095882
145,18.300000,11.233333,13.820667,0.000000,1.098223
146,18.300000,11.333333,13.783000,0.000000,1.078846
147,18.300000,11.333333,13.813667,0.000000,1.088134
148,18.300000,11.466667,13.813000,0.000000,1.068335
149,18.300000,11.366667,13.808333,0.000000,1.083537
150,18.300000,11.433333,13.800000,0.000000,1.079464
151,18.300000,11.433333,13.825667,0.000000,1.063756
152,18.300000,11.166667,13.812667,0.000000,1.101688
153,18.300000,11.400000,13.808333,0.000000,1.104517
154,18.300000,11.400000,13.822333,0.000000,1.103050
155,18.300000,11.400000,13.810333,0.000000,1.084988
156,18.300000,11.333333,13.817000,0.000000,1.114556
157,18.300000,11.300000,13.824333,0.000000,1.106150
158,18.300000,11.166667,13.796000,0.000000,1.070397
159,18.300000,11.433333,13.785333,0.000000,1.084297
160,18.333333,11.266667,13.818333,0.000000,1.086762
161,18.333333,11.233333,13.782000,0.000000,1.096482
162,18.333333,11.200000,13.782333,0.000000,1.071806
163,18.333333,11.333333,13.787000,0.000000,1.093267
164,18.333333,11.366667,13.812333,0.000000,1.083586
165,18.333333,11.333333,13.782000,0.000000,1.087386
166,18.333333,11.166667,13.810000,0.000000,1.111894
167,18.366667,11.566667,13.816333,0.000000,1.068956
168,18.366667,11.233333,13.818667,0.000000,1.073443
169,18.366667,11.300000,13.792000,0.000000,1.105759
170,18.366667,11.366667,13.790333,0.000000,1.075775
171,18.366667,11.266667,13.812333,0.000000,1.092337
172,18.366667,11.333333,13.838333,0.000000,1.078533
173,18.366667,11.600000,13.819333,0.000000,1.051935
174,18.366667,11.400000,13.813000,0.000000,1.082954
175,18.366667,11.100000,13.829667,0.000000,1.080897
176,18.366667,11.266667,13.785667,0.000000,1.097174
177,18.366667,11.300000,13.792333,0.000000,1.071900
178,18.366667,11.266667,13.814000,0.000000,1.103666
179,18.366667,11.400000,13.801667,0.000000,1.087480
180,18.366667,11.300000,13.824333,0.000000,1.062090
181,18.366667,11.266667,13.802667,0.000000,1.091388
182,18.366667,11.266667,13.759000,0.000000,1.081154
183,18.366667,11.366667,13.800667,0.000000,1.074746
184,18.400000,11.400000,13.803667,0.000000,1.081864
185,18.400000,11.266667,13.798000,0.000000,1.090060
186,18.400000,11.233333,13.782667,0.000000,1.093601
187,18.400000,11.266667,13.789667,0.000000,1.118678
188,18.400000,11.400000,13.777667,0.000000,1.065653
189,18.400000,11.533333,13.811667,0.000000,1.065824
190,18.433333,11.466667,13.820000,0.000000,1.077102
191,18.433333,11.233333,13.793000,0.000000,1.105707
192,18.433333,11.300000,13.809667,0.000000,1.088075
193,18.433333,11.300000,13.808333,0.000000,1.095144
194,18.433333,11.233333,13.794333,0.000000,1.104868
195,18.433333,11.400000,13.772333,0.000000,1.072196
196,18.433333,11.366667,13.788333,0.000000,1.069162
197,18.433333,11.233333,13.798667,0.000000,1.096813
198,18.433333,11.333333,13.803000,0.000000,1.097367
199,18.433333,11.166667,13.764667,0.000000,1.083215
200,18.433333,11.466667,13.820333,0.000000,1.072031
201,18.433333,11.366667,13.804000,0.000000,1.083755
202,18.433333,11.300000,13.798333,0.000000,1.087681
203,18.433333,11.366667,13.800333,0.000000,1.083256
204,18.433333,11.300000,13.767667,0.000000,1.079101
205,18.433333,11.333333,13.794000,0.000000,1.048326
206,18.433333,11.266667,13.788333,0.000000,1.108022
207,18.433333,11.300000,13.813667,0.000000,1.095619
208,18.433333,11.433333,13.801667,0.000000,1.071800
209,18.433333,11.333333,13.800667,0.000000,1.063308
210,18.433333,11.300000,13.767667,0.000000,1.086448
211,18.433333,11.333333,13.799000,0.000000,1.071400
212,18.433333,11.333333,13.790333,0.000000,1.093681
213,18.433333,11.366667,13.818667,0.000000,1.093539
214,18.433333,11.300000,13.843000,0.000000,1.090198
215,18.433333,11.266667,13.784000,0.000000,1.087704
216,18.433333,11.500000,13.812667,0.000000,1.068868
217,18.466667,11.466667,13.797667,0.000000,1.085693
218,18.466667,11.366667,13.818333,0.000000,1.099917
219,18.466667,11.166667,13.826333,0.000000,1.093136
220,18.466667,11.300000,13.796667,0.000000,1.087485
221,18.466667,11.433333,13.796667,0.000000,1.079174
222,18.466667,11.266667,13.774333,0.000000,1.083160
223,18.466667,11.366667,13.778333,0.000000,1.084977
224,18.466667,11.433333,13.786333,0.000000,1.061046
225,18.466667,11.333333,13.784000,0.000000,1.085409
226,18.466667,11.533333,13.800333,0.000000,1.073028
227,18.466667,11.433333,13.811667,0.000000,1.081247
228,18.466667,11.066667,13.800000,0.000000,1.102571
229,18.466667,11.366667,13.820000,0.000000,1.096103
230,18.466667,11.400000,13.809000,0.000000,1.076662
231,18.466667,11.266667,13.820000,0.000000,1.082817
232,18.466667,11.400000,13.770333,0.000000,1.075892
233,18.466667,11.300000,13.814333,0.000000,1.090120
234,18.466667,11.300000,13.805333,0.000000,1.081345
235,18.466667,11.366667,13.756000,0.000000,1.107939
236,18.466667,11.466667,13.823333,0.000000,1.071455
237,18.466667,11.266667,13.818000,0.000000,1.090231
238,18.466667,11.166667,13.810333,0.000000,1.097871
239,18.466667,11.266667,13.791333,0.000000,1.072839
240,18.466667,11.233333,13.806667,0.000000,1.086131
241,18.466667,11.233333,13.803667,0.000000,1.088566
242,18.466667,11.400000,13.861667,0.000000,1.083453
243,18.466667,11.366667,13.827333,0.000000,1.099042
244,18.466667,11.200000,13.808000,0.000000,1.100133
245,18.466667,11.566667,13.803000,0.000000,1.068780
246,18.466667,11.566667,13.813333,0.000000,1.084752
247,18.466667,11.300000,13.863667,0.000000,1.078649
248,18.500000,11.333333,13.799333,0.000000,1.067688
249,18.500000,11.500000,13.802333,0.000000,1.074894
250,18.500000,11.433333,13.819333,0.000000,1.067524
251,18.500000,11.366667,13.825333,0.000000,1.084733
252,18.500000,11.333333,13.792000,0.000000,1.080925
253,18.500000,11.366667,13.835333,0.000000,1.087807
254,18.500000,11.533333,13.829000,0.000000,1.078932
255,18.500000,11.466667,13.831333,0.000000,1.085293
256,18.500000,11.300000,13.806333,0.000000,1.087039
257,18.500000,11.400000,13.806667,0.000000,1.091111
258,18.500000,11.466667,13.830333,0.000000,1.070828
259,18.500000,11.400000,13.812667,0.000000,1.091640
260,18.500000,11.400000,13.843667,0.000000,1.101789
261,18.500000,11.366667,13.830000,0.000000,1.089188
262,18.500000,11.200000,13.768000,0.000000,1.093339
263,18.500000,11.300000,13.800000,0.000000,1.076619
264,18.500000,11.333333,13.814667,0.000000,1.084869
265,18.500000,11.366667,13.823000,0.000000,1.084619
266,18.500000,11.266667,13.784667,0.000000,1.070445
267,18.500000,11.433333,13.840333,0.000000,1.097933
268,18.500000,11.366667,13.850667,0.000000,1.075136
269,18.500000,11.266667,13.779667,0.000000,1.080322
270,18.500000,11.466667,13.821667,0.000000,1.076294
271,18.500000,11.400000,13.802333,0.000000,1.071397
272,18.500000,11.366667,13.801000,0.000000,1.085126
273,18.500000,11.366667,13.789667,0.000000,1.080974
274,18.500000,11.266667,13.827667,0.000000,1.059091
275,18.500000,11.400000,13.795333,0.000000,1.078373
276,18.500000,11.500000,13.787667,0.000000,1.098146
277,18.500000,11.466667,13.810333,0.000000,1.081447
278,18.500000,11.166667,13.796667,0.000000,1.103214
279,18.500000,11.300000,13.793333,0.000000,1.089449
280,18.500000,11.400000,13.836667,0.000000,1.092876
281,18.500000,11.400000,13.824667,0.000000,1.086462
282,18.500000,11.333333,13.781333,0.000000,1.089765
283,18.500000,11.433333,13.811333,0.000000,1.063592
284,18.500000,11.300000,13.787333,0.000000,1.091097
285,18.500000,11.133333,13.799333,0.000000,1.094787
286,18.500000,11.300000,13.833000,0.000000,1.097058
287,18.500000,11.266667,13.788667,0.000000,1.076166
288,18.500000,11.300000,13.821333,0.000000,1.086375
289,18.500000,11.333333,13.797000,0.000000,1.076345
290,18.500000,11.333333,13.776333,0.000000,1.078640
291,18.500000,11.366667,13.830667,0.000000,1.083685
292,18.500000,11.266667,13.815000,0.000000,1.088522
293,18.533333,11.233333,13.806000,0.000000,1.086910
294,18.533333,11.333333,13.818667,0.000000,1.082893
295,18.533333,11.533333,13.800000,0.000000,1.063819
296,18.533333,11.533333,13.820333,0.000000,1.078557
297,18.533333,11.400000,13.828333,0.000000,1.078241
298,18.533333,11.266667,13.834333,0.000000,1.066850
299,18.533333,11.400000,13.803333,0.000000,1.080718
300,18.533333,11.233333,13.801000,0.000000,1.071593
301,18.533333,11.433333,13.815667,0.000000,1.059516
302,18.533333,11.533333,13.826333,0.000000,1.072832
303,18.533333,11.533333,13.782333,0.000000,1.065981
304,18.533333,11.266667,13.771333,0.000000,1.089805
305,18.533333,11.466667,13.775000,0.000000,1.072674
306,18.533333,11.400000,13.830333,0.000000,1.076405
307,18.533333,11.400000,13.840667,0.000000,1.080222
308,18.533333,11.400000,13.847667,0.000000,1.076896
309,18.533333,11.266667,13.786333,0.000000,1.090024
310,18.533333,11.300000,13.845000,0.000000,1.083269
311,18.533333,11.266667,13.811333,0.000000,1.086353
312,18.533333,11.433333,13.818333,0.000000,1.100563
313,18.533333,11.500000,13.839333,0.000000,1.093132
314,18.533333,11.300000,13.801333,0.000000,1.077600
315,18.533333,11.300000,13.796333,0.000000,1.073135
316,18.533333,11.333333,13.813000,0.000000,1.066565
317,18.533333,11.333333,13.823333,0.000000,1.078138
318,18.533333,11.233333,13.803000,0.000000,1.084711
319,18.533333,11.300000,13.788667,0.000000,1.084271
320,18.533333,11.300000,13.791667,0.000000,1.089296
321,18.533333,11.400000,13.836333,0.000000,1.067603
322,18.533333,11.266667,13.806667,0.000000,1.080337
323,18.533333,11.433333,13.762667,0.000000,1.057780
324,18.533333,11.266667,13.808667,0.000000,1.085293
325,18.533333,11.266667,13.798000,0.000000,1.067877
326,18.533333,11.466667,13.813000,0.000000,1.073791
327,18.533333,11.400000,13.855667,0.000000,1.079113
328,18.533333,11.333333,13.850000,0.000000,1.087050
329,18.533333,11.300000,13.792000,0.000000,1.067468
330,18.533333,11.333333,13.805667,0.000000,1.092833
331,18.533333,11.366667,13.808667,0.000000,1.086996
332,18.533333,11.400000,13.831667,0.000000,1.084121
333,18.533333,11.400000,13.786333,0.000000,1.077145
334,18.533333,11.433333,13.825667,0.000000,1.086966
335,18.533333,11.333333,13.847333,0.000000,1.095943
336,18.533333,11.166667,13.785000,0.000000,1.115395
337,18.533333,11.366667,13.830333,0.000000,1.085414
338,18.533333,11.333333,13.829333,0.000000,1.082027
339,18.533333,11.166667,13.817000,0.000000,1.087014
340,18.533333,11.400000,13.785000,0.000000,1.058143
341,18.533333,11.400000,13.810000,0.000000,1.084071
342,18.533333,11.266667,13.836000,0.000000,1.083090
343,18.566667,11.266667,13.822333,0.000000,1.092594
344,18.566667,11.300000,13.821333,0.000000,1.098664
345,18.566667,11.266667,13.813000,0.000000,1.080077
346,18.566667,11.300000,13.819333,0.000000,1.065855
347,18.566667,11.300000,13.747333,0.000000,1.082336
348,18.566667,11.166667,13.849333,0.000000,1.097282
349,18.566667,11.433333,13.772333,0.000000,1.076515
350,18.566667,11.466667,13.816000,0.000000,1.068792
351,18.566667,11.433333,13.810333,0.000000,1.089703
352,18.566667,11.300000,13.814000,0.000000,1.083433
353,18.566667,11.166667,13.800333,0.000000,1.080304
354,18.566667,11.400000,13.863000,0.000000,1.095792
355,18.566667,11.266667,13.835333,0.000000,1.097851
356,18.566667,11.366667,13.795667,0.000000,1.084620
357,18.566667,11.200000,13.790667,0.000000,1.107112
358,18.566667,11.333333,13.804333,0.000000,1.093818
359,18.600000,11.200000,13.810000,0.000000,1.094977
360,18.600000,11.133333,13.824333,0.000000,1.104015
361,18.600000,11.366667,13.843667,0.000000,1.062239
362,18.600000,11.266667,13.789333,0.000000,1.111428
363,18.600000,11.200000,13.807000,0.000000,1.099416
364,18.600000,11.200000,13.785000,0.000000,1.083500
365,18.600000,11.433333,13.820667,0.000000,1.096319
366,18.600000,11.166667,13.839000,0.000000,1.073508
367,18.600000,11.566667,13.811000,0.000000,1.099533
368,18.600000,11.200000,13.823000,0.000000,1.095538
369,18.600000,11.166667,13.800000,0.000000,1.088931
370,18.600000,11.400000,13.804667,0.000000,1.080764
371,18.600000,11.233333,13.816000,0.000000,1.072614
372,18.600000,11.300000,13.798667,0.000000,1.080184
373,18.600000,11.466667,13.778667,0.000000,1.076702
374,18.600000,11.466667,13.800667,0.000000,1.109618
375,18.600000,11.266667,13.782667,0.000000,1.076450
376,18.600000,11.366667,13.771667,0.000000,1.082690
377,18.600000,11.200000,13.810000,0.000000,1.084900
378,18.600000,11.400000,13.798667,0.000000,1.084386
379,18.600000,11.333333,13.805667,0.000000,1.070947
380,18.600000,11.200000,13.801333,0.000000,1.075836
381,18.600000,11.200000,13.855000,0.000000,1.112099
382,18.600000,11.266667,13.817333,0.000000,1.100369
383,18.600000,11.133333,13.816667,0.000000,1.111570
384,18.600000,11.333333,13.791000,0.000000,1.079802
385,18.600000,11.266667,13.796000,0.000000,1.076771
386,18.600000,11.233333,13.764333,0.000000,1.077088
387,18.600000,11.300000,13.787333,0.000000,1.072132
388,18.600000,11.266667,13.809000,0.000000,1.055525
389,18.600000,11.266667,13.794333,0.000000,1.099715
390,18.633333,11.366667,13.838333,0.000000,1.112360
391,18.633333,11.333333,13.815667,0.000000,1.063802
392,18.633333,11.300000,13.781333,0.000000,1.076067
393,18.633333,11.300000,13.833667,0.000000,1.089842
394,18.633333,11.266667,13.816333,0.000000,1.067604
395,18.633333,11.300000,13.812333,0.000000,1.085236
396,18.666667,11.366667,13.789000,0.000000,1.064431
397,18.666667,11.266667,13.838333,0.000000,1.090071
398,18.666667,11.266667,13.757667,0.000000,1.059970
399,18.666667,11.466667,13.807667,0.000000,1.076273
400,18.666667,11.266667,13.787333,0.000000,1.068107
401,18.666667,11.100000,13.801667,0.000000,1.082088
402,18.666667,11.166667,13.819667,0.000000,1.124715
403,18.666667,11.433333,13.798667,0.000000,1.036537
404,18.666667,11.366667,13.804667,0.000000,1.076221
405,18.666667,11.200000,13.800667,0.000000,1.099727
406,18.666667,11.466667,13.808000,0.000000,1.092237
407,18.666667,11.300000,13.816000,0.000000,1.095072
408,18.666667,11.466667,13.786667,0.000000,1.069021
409,18.666667,11.266667,13.812000,0.000000,1.109139
410,18.666667,11.300000,13.758333,0.000000,1.069821
411,18.666667,11.166667,13.758333,0.000000,1.081089
412,18.666667,11.133333,13.795667,0.000000,1.079545
413,18.666667,11.166667,13.788000,0.000000,1.116864
414,18.666667,11.500000,13.823333,0.000000,1.083134
415,18.666667,11.366667,13.812000,0.000000,1.073738
416,18.666667,11.566667,13.809333,0.000000,1.089512
417,18.666667,11.133333,13.830000,0.000000,1.086581
418,18.666667,11.233333,13.823000,0.000000,1.075622
419,18.666667,11.433333,13.780667,0.000000,1.070867
420,18.666667,11.266667,13.769333,0.000000,1.086583
421,18.666667,11.333333,13.827000,0.000000,1.076051
422,18.666667,11.366667,13.798333,0.000000,1.068038
423,18.666667,11.300000,13.820667,0.000000,1.110068
424,18.666667,11.366667,13.760667,0.000000,1.061021
425,18.666667,11.300000,13.817000,0.000000,1.085571
426,18.666667,11.200000,13.785667,0.000000,1.091294
427,18.666667,11.266667,13.809000,0.000000,1.079309
428,18.666667,11.233333,13.795000,0.000000,1.093485
429,18.666667,11.333333,13.751333,0.000000,1.090388
430,18.666667,11.300000,13.813667,0.000000,1.085436
431,18.666667,11.366667,13.812333,0.000000,1.077322
432,18.666667,11.400000,13.775000,0.000000,1.077702
433,18.666667,11.400000,13.805667,0.000000,1.059623
434,18.666667,11.500000,13.833000,0.000000,1.081753
435,18.666667,11.300000,13.798000,0.000000,1.062365
436,18.666667,11.300000,13.778000,0.000000,1.082445
437,18.666667,11.333333,13.818000,0.000000,1.093154
438,18.666667,11.266667,13.834000,0.000000,1.094470
439,18.666667,11.233333,13.787667,0.000000,1.089198
440,18.666667,11.200000,13.810000,0.000000,1.080905
441,18.666667,11.366667,13.813667,0.000000,1.090965
442,18.666667,11.400000,13.827000,0.000000,1.105908
443,18.666667,11.333333,13.815667,0.000000,1.111256
444,18.666667,11.300000,13.802000,0.000000,1.082929
445,18.666667,11.233333,13.832000,0.000000,1.090454
446,18.666667,11.300000,13.789667,0.000000,1.084180
447,18.666667,11.466667,13.780000,0.000000,1.088259
448,18.666667,11.233333,13.798333,0.000000,1.078408
449,18.666667,11.433333,13.809667,0.000000,1.068076
450,18.666667,11.333333,13.762000,0.000000,1.096791
451,18.666667,11.500000,13.828667,0.000000,1.084274
452,18.666667,11.333333,13.805667,0.000000,1.061459
453,18.666667,11.366667,13.810000,0.000000,1.092220
454,18.666667,11.266667,13.798333,0.000000,1.089997
455,18.666667,11.166667,13.814667,0.000000,1.089932
456,18.666667,11.433333,13.828333,0.000000,1.069423
457,18.666667,11.266667,13.812667,0.000000,1.085957
458,18.666667,11.433333,13.787333,0.000000,1.110514
459,18.666667,11.233333,13.843333,0.000000,1.056953
460,18.666667,11.333333,13.830333,0.000000,1.083577
461,18.666667,11.333333,13.788000,0.000000,1.088392
462,18.666667,11.533333,13.801667,0.000000,1.072404
463,18.666667,11.300000,13.805000,0.000000,1.096385
464,18.666667,11.500000,13.811000,0.000000,1.077243
465,18.666667,11.366667,13.802667,0.000000,1.091201
466,18.666667,11.300000,13.824000,0.000000,1.085688
467,18.666667,11.400000,13.813667,0.000000,1.108746
468,18.666667,11.266667,13.799333,0.000000,1.111471
469,18.666667,11.433333,13.777667,0.000000,1.082874
470,18.666667,11.400000,13.780333,0.000000,1.063661
471,18.666667,11.366667,13.807667,0.000000,1.074686
472,18.666667,11.233333,13.776667,0.000000,1.099171
473,18.666667,11.333333,13.771667,0.000000,1.066708
474,18.666667,11.400000,13.786000,0.000000,1.066099
475,18.666667,11.400000,13.808000,0.000000,1.066716
476,18.666667,11.366667,13.824000,0.000000,1.110592
477,18.666667,11.566667,13.805333,0.000000,1.057192
478,18.666667,11.233333,13.820000,0.000000,1.093420
479,18.666667,11.366667,13.827667,0.000000,1.077355
480,18.666667,11.300000,13.800000,0.000000,1.074019
481,18.666667,11.366667,13.820000,0.000000,1.063168
482,18.666667,11.300000,13.809333,0.000000,1.109241
483,18.666667,11.400000,13.823333,0.000000,1.056812
484,18.666667,11.333333,13.850333,0.000000,1.086981
485,18.666667,11.333333,13.835667,0.000000,1.094437
486,18.666667,11.166667,13.808000,0.000000,1.078035
487,18.666667,11.233333,13.824000,0.000000,1.085927
488,18.666667,11.300000,13.791333,0.000000,1.090092
489,18.666667,11.133333,13.781333,0.000000,1.080012
490,18.666667,11.366667,13.802667,0.000000,1.053916
491,18.666667,11.333333,13.808333,0.000000,1.083027
492,18.666667,11.300000,13.821000,0.000000,1.098709
493,18.666667,11.200000,13.774000,0.000000,1.097325
494,18.666667,11.366667,13.826667,0.000000,1.097992
495,18.666667,11.433333,13.808000,0.000000,1.082585
496,18.666667,11.300000,13.809333,0.000000,1.074641
497,18.666667,11.300000,13.805333,0.000000,1.094193
498,18.666667,11.300000,13.781667,0.000000,1.089620
499,18.666667,11.366667,13.811000,0.000000,1.064936
500,18.666667,11.366667,13.793000,0.000000,1.075187
BestSdev: 0.300540, Time: 42m56.486129163s