gen,best,worst,mean,rep,sdev
1,30.566667,12.500000,20.765667,0.000000,3.652232
2,31.933333,12.500000,20.703333,0.000000,3.619961
3,32.600000,12.566667,20.715000,0.000000,3.600360
4,33.066667,12.833333,20.645333,0.000000,3.592072
5,33.200000,12.833333,20.912333,0.000000,3.649418
6,33.233333,12.600000,20.740667,0.000000,3.640369
7,33.466667,12.533333,20.664000,0.000000,3.540830
8,33.533333,12.633333,20.781667,0.000000,3.564041
9,33.566667,12.666667,20.802667,0.000000,3.591381
10,33.566667,12.666667,20.754000,0.000000,3.583605
11,33.600000,12.766667,20.660000,0.000000,3.536765
12,33.700000,12.900000,20.761333,0.000000,3.584713
13,33.766667,12.233333,20.832000,0.000000,3.680534
14,33.900000,12.766667,20.765667,0.000000,3.579068
15,33.933333,12.066667,20.694333,0.000000,3.683366
16,34.233333,12.866667,20.869667,0.000000,3.603899
17,34.400000,13.100000,20.756667,0.000000,3.564269
18,34.400000,12.500000,20.765333,0.000000,3.606548
19,34.400000,12.633333,20.769000,0.000000,3.705996
20,34.433333,12.533333,20.765667,0.000000,3.544108
21,34.466667,12.700000,20.664000,0.000000,3.537105
22,34.533333,12.666667,20.803333,0.000000,3.660756
23,34.633333,12.400000,20.672667,0.000000,3.609514
24,34.633333,12.433333,20.681000,0.000000,3.611736
25,34.866667,12.500000,20.723667,0.000000,3.584227
26,35.033333,12.733333,20.653667,0.000000,3.553159
27,35.100000,12.466667,20.769667,0.000000,3.614054
28,35.100000,12.666667,20.794667,0.000000,3.581223
29,35.100000,12.333333,20.651000,0.000000,3.588217
30,35.100000,12.433333,20.722667,0.000000,3.552363
31,35.166667,12.766667,20.722000,0.000000,3.556553
32,35.166667,12.600000,20.807000,0.000000,3.675867
33,35.166667,12.433333,20.621667,0.000000,3.543317
34,35.166667,12.666667,20.692667,0.000000,3.594075
35,35.200000,12.966667,20.784667,0.000000,3.597250
36,35.200000,12.800000,20.733000,0.000000,3.532212
37,35.200000,12.766667,20.760667,0.000000,3.569500
38,35.266667,12.500000,20.695667,0.000000,3.610682
39,35.266667,13.100000,20.694667,0.000000,3.541990
40,35.266667,12.666667,20.719667,0.000000,3.569352
41,35.266667,12.566667,20.811333,0.000000,3.633810
42,35.266667,13.300000,20.837333,0.000000,3.481821
43,35.266667,12.700000,20.796333,0.000000,3.599535
44,35.400000,12.300000,20.659000,0.000000,3.663462
45,35.400000,12.833333,20.636667,0.000000,3.525316
46,35.433333,12.433333,20.709333,0.000000,3.564932
47,35.433333,12.733333,20.684333,0.000000,3.558538
48,35.433333,12.700000,20.825333,0.000000,3.620219
49,35.433333,12.600000,20.645667,0.000000,3.572508
50,35.466667,12.800000,20.788333,0.000000,3.584519
BestSdev: 1.021997, Time: 5m39.943232737s