gen,best,worst,mean,rep,sdev
1,15.833333,11.900000,13.848333,0.000000,1.036021
2,16.300000,12.000000,13.840000,0.000000,1.053770
3,16.433333,11.933333,13.845000,0.000000,1.051804
4,16.666667,11.866667,13.860000,0.000000,1.043716
5,16.766667,11.966667,13.835000,0.000000,1.052045
6,16.833333,11.966667,13.870000,0.000000,1.069189
7,16.866667,11.600000,13.815000,0.000000,1.074872
8,16.966667,11.900000,13.825000,0.000000,1.062066
9,17.066667,11.766667,13.781667,0.000000,1.070322
10,17.100000,11.900000,13.738333,0.000000,1.034933
11,17.166667,11.900000,13.898333,0.000000,1.083041
12,17.166667,11.833333,13.653333,0.000000,0.998660
13,17.166667,12.000000,13.766667,0.000000,1.056814
14,17.200000,12.033333,13.855000,0.000000,1.039777
15,17.233333,11.766667,13.766667,0.000000,1.109377
16,17.266667,12.000000,13.835000,0.000000,1.053795
17,17.266667,11.933333,13.820000,0.000000,1.099659
18,17.266667,11.833333,13.713333,0.000000,1.060603
19,17.266667,11.866667,13.765000,0.000000,1.067258
20,17.266667,11.733333,13.803333,0.000000,1.087215
BestSdev: 0.380245, Time: 31.670963151s