gen,best,worst,mean,rep,sdev
1,16.400000,11.700000,13.830667,0.000000,1.074034
2,16.666667,11.566667,13.805333,0.000000,1.049952
3,16.866667,11.733333,13.841333,0.000000,1.058494
4,16.900000,11.500000,13.818000,0.000000,1.078199
5,17.000000,11.666667,13.822667,0.000000,1.052445
6,17.200000,11.566667,13.858000,0.000000,1.073806
7,17.200000,11.466667,13.865333,0.000000,1.088758
8,17.300000,11.466667,13.812667,0.000000,1.099906
9,17.300000,11.733333,13.802667,0.000000,1.065959
10,17.333333,11.600000,13.822667,0.000000,1.083297
11,17.333333,11.633333,13.813333,0.000000,1.075594
12,17.400000,11.766667,13.794667,0.000000,1.067074
13,17.400000,11.600000,13.850000,0.000000,1.082490
14,17.433333,11.700000,13.807333,0.000000,1.062565
15,17.433333,11.600000,13.835333,0.000000,1.082106
16,17.433333,11.566667,13.798667,0.000000,1.065759
17,17.433333,11.733333,13.822000,0.000000,1.076985
18,17.433333,11.666667,13.808667,0.000000,1.063562
19,17.433333,11.500000,13.801333,0.000000,1.055598
20,17.433333,11.633333,13.857333,0.000000,1.089212
21,17.466667,11.633333,13.830667,0.000000,1.085503
22,17.500000,11.466667,13.787333,0.000000,1.085737
23,17.500000,11.500000,13.772667,0.000000,1.084477
24,17.500000,11.800000,13.834000,0.000000,1.062460
25,17.500000,11.600000,13.818667,0.000000,1.095528
26,17.500000,11.566667,13.807333,0.000000,1.071391
27,17.533333,11.566667,13.818667,0.000000,1.083808
28,17.600000,11.566667,13.818667,0.000000,1.073130
29,17.666667,11.533333,13.800667,0.000000,1.098682
30,17.700000,11.600000,13.810667,0.000000,1.100268
31,17.733333,11.466667,13.784000,0.000000,1.091168
32,17.733333,11.700000,13.838000,0.000000,1.074231
33,17.733333,11.566667,13.835333,0.000000,1.071514
34,17.733333,11.566667,13.790000,0.000000,1.088332
35,17.733333,11.400000,13.774000,0.000000,1.079885
36,17.733333,11.533333,13.839333,0.000000,1.065061
37,17.766667,11.666667,13.784667,0.000000,1.071156
38,17.766667,11.666667,13.832667,0.000000,1.083663
39,17.766667,11.633333,13.805333,0.000000,1.039825
40,17.766667,11.633333,13.778000,0.000000,1.069870
41,17.766667,11.433333,13.831333,0.000000,1.143362
42,17.800000,11.633333,13.844667,0.000000,1.073838
43,17.833333,11.700000,13.836000,0.000000,1.093003
44,17.866667,11.500000,13.844000,0.000000,1.086614
45,17.866667,11.600000,13.823333,0.000000,1.055117
46,17.866667,11.600000,13.779333,0.000000,1.080962
47,17.866667,11.633333,13.796667,0.000000,1.070279
48,17.866667,11.566667,13.807333,0.000000,1.084700
49,17.866667,11.633333,13.782000,0.000000,1.075987
50,17.866667,11.466667,13.781333,0.000000,1.092172
51,17.866667,11.533333,13.784000,0.000000,1.072478
52,17.900000,11.566667,13.837333,0.000000,1.099394
53,17.900000,11.666667,13.781333,0.000000,1.063616
54,17.900000,11.500000,13.793333,0.000000,1.075003
55,17.900000,11.466667,13.800000,0.000000,1.108604
56,17.900000,11.533333,13.860000,0.000000,1.105709
57,17.900000,11.566667,13.732000,0.000000,1.076828
58,17.933333,11.700000,13.846667,0.000000,1.087740
59,17.933333,11.700000,13.818667,0.000000,1.059268
60,17.933333,11.500000,13.822667,0.000000,1.090126
61,17.933333,11.433333,13.788667,0.000000,1.070882
62,17.933333,11.700000,13.826000,0.000000,1.079669
63,17.933333,11.433333,13.820667,0.000000,1.098229
64,17.933333,11.500000,13.764000,0.000000,1.076277
65,17.933333,11.600000,13.796667,0.000000,1.074617
66,17.933333,11.500000,13.740667,0.000000,1.058691
67,17.933333,11.466667,13.770667,0.000000,1.054386
68,17.933333,11.500000,13.775333,0.000000,1.091406
69,17.933333,11.666667,13.826667,0.000000,1.086536
70,17.933333,11.733333,13.775333,0.000000,1.055275
71,17.933333,11.700000,13.788000,0.000000,1.078421
72,17.933333,11.500000,13.809333,0.000000,1.067913
73,17.933333,11.666667,13.862667,0.000000,1.044576
74,17.933333,11.833333,13.813333,0.000000,1.028256
75,17.933333,11.600000,13.808667,0.000000,1.061559
76,17.933333,11.766667,13.780000,0.000000,1.056176
77,17.933333,11.600000,13.847333,0.000000,1.070584
78,17.966667,11.666667,13.833333,0.000000,1.103688
79,17.966667,11.566667,13.814000,0.000000,1.094984
80,17.966667,11.633333,13.780667,0.000000,1.065275
81,17.966667,11.566667,13.762667,0.000000,1.088745
82,17.966667,11.633333,13.806667,0.000000,1.066004
83,17.966667,11.500000,13.820667,0.000000,1.093387
84,17.966667,11.633333,13.811333,0.000000,1.100028
85,17.966667,11.600000,13.796667,0.000000,1.072602
86,17.966667,11.466667,13.814000,0.000000,1.066109
87,18.000000,11.433333,13.798667,0.000000,1.098104
88,18.000000,11.633333,13.791333,0.000000,1.085263
89,18.000000,11.700000,13.818000,0.000000,1.048196
90,18.000000,11.466667,13.782000,0.000000,1.068920
91,18.000000,11.433333,13.798000,0.000000,1.103041
92,18.000000,11.466667,13.772667,0.000000,1.063426
93,18.000000,11.733333,13.821333,0.000000,1.014186
94,18.000000,11.566667,13.798000,0.000000,1.064597
95,18.000000,11.766667,13.788000,0.000000,1.024463
96,18.000000,11.566667,13.795333,0.000000,1.100908
97,18.000000,11.666667,13.793333,0.000000,1.101158
98,18.000000,11.600000,13.822667,0.000000,1.094750
99,18.000000,11.566667,13.818667,0.000000,1.095832
100,18.000000,11.500000,13.780000,0.000000,1.098244
BestSdev: 0.316807, Time: 6m10.06588131s