gen,best,worst,mean,rep,sdev
1,31.533333,12.300000,20.733833,0.000000,3.628397
2,32.466667,11.800000,20.733500,0.000000,3.567669
3,33.033333,12.133333,20.762167,0.000000,3.591365
4,33.333333,12.000000,20.747167,0.000000,3.689900
5,33.666667,12.066667,20.708000,0.000000,3.612211
6,34.100000,11.833333,20.742500,0.000000,3.615412
7,34.166667,12.000000,20.757167,0.000000,3.587292
8,34.400000,12.366667,20.756833,0.000000,3.599034
9,34.500000,12.066667,20.711333,0.000000,3.619692
10,34.666667,12.300000,20.641167,0.000000,3.598633
11,34.666667,11.800000,20.774333,0.000000,3.664354
12,34.733333,12.000000,20.725667,0.000000,3.643109
13,34.733333,11.866667,20.688667,0.000000,3.599004
14,34.800000,11.900000,20.770167,0.000000,3.632062
15,34.833333,11.966667,20.721167,0.000000,3.622470
16,34.866667,12.066667,20.723833,0.000000,3.578630
17,34.866667,12.366667,20.747833,0.000000,3.574177
18,34.900000,12.000000,20.645333,0.000000,3.600843
19,34.933333,12.066667,20.713667,0.000000,3.529132
20,34.933333,11.900000,20.704000,0.000000,3.635545
21,35.000000,12.066667,20.734333,0.000000,3.628629
22,35.000000,11.700000,20.715500,0.000000,3.628144
23,35.066667,11.933333,20.680500,0.000000,3.605876
24,35.133333,11.900000,20.767333,0.000000,3.669786
25,35.166667,12.066667,20.770667,0.000000,3.672930
26,35.166667,12.100000,20.727833,0.000000,3.586706
27,35.166667,11.433333,20.667833,0.000000,3.606044
28,35.166667,12.400000,20.745000,0.000000,3.622709
29,35.166667,12.166667,20.751000,0.000000,3.603304
30,35.166667,11.966667,20.704667,0.000000,3.566423
31,35.166667,12.000000,20.695000,0.000000,3.585684
32,35.166667,11.733333,20.715167,0.000000,3.620335
33,35.166667,12.100000,20.771333,0.000000,3.571057
34,35.200000,12.366667,20.836333,0.000000,3.641798
35,35.266667,12.233333,20.792500,0.000000,3.571928
36,35.266667,11.900000,20.618833,0.000000,3.605169
37,35.300000,12.000000,20.710333,0.000000,3.623318
38,35.366667,12.133333,20.787833,0.000000,3.596797
39,35.433333,12.033333,20.750667,0.000000,3.656915
40,35.433333,11.833333,20.740167,0.000000,3.667273
41,35.433333,11.833333,20.678333,0.000000,3.579398
42,35.433333,11.766667,20.699333,0.000000,3.659263
43,35.433333,12.300000,20.754167,0.000000,3.603241
44,35.433333,12.066667,20.694667,0.000000,3.599755
45,35.433333,11.766667,20.722000,0.000000,3.646749
46,35.433333,12.200000,20.728500,0.000000,3.608038
47,35.500000,12.000000,20.656333,0.000000,3.622671
48,35.500000,12.166667,20.668500,0.000000,3.596927
49,35.500000,12.200000,20.738833,0.000000,3.651603
50,35.500000,12.100000,20.758000,0.000000,3.570581
51,35.500000,12.033333,20.748500,0.000000,3.626632
52,35.500000,12.400000,20.726167,0.000000,3.637218
53,35.500000,12.266667,20.715333,0.000000,3.618852
54,35.500000,11.866667,20.723833,0.000000,3.620724
55,35.500000,11.766667,20.662833,0.000000,3.586768
56,35.633333,12.066667,20.739333,0.000000,3.603102
57,35.633333,12.233333,20.735500,0.000000,3.626304
58,35.633333,12.100000,20.754667,0.000000,3.558351
59,35.633333,12.000000,20.654333,0.000000,3.570226
60,35.633333,12.400000,20.677833,0.000000,3.571380
61,35.633333,12.033333,20.789667,0.000000,3.626478
62,35.633333,12.066667,20.712667,0.000000,3.564267
63,35.666667,12.000000,20.703500,0.000000,3.605242
64,35.666667,12.100000,20.711333,0.000000,3.603058
65,35.733333,11.666667,20.717000,0.000000,3.615013
66,35.733333,12.300000,20.709000,0.000000,3.678856
67,35.733333,11.766667,20.754667,0.000000,3.655616
68,35.766667,12.033333,20.673000,0.000000,3.546807
69,35.766667,12.166667,20.693333,0.000000,3.561671
70,35.766667,11.600000,20.656667,0.000000,3.704710
71,35.766667,12.166667,20.813500,0.000000,3.636248
72,35.766667,12.333333,20.836500,0.000000,3.582411
73,35.833333,12.133333,20.752333,0.000000,3.618575
74,35.900000,11.966667,20.683333,0.000000,3.654889
75,35.900000,11.866667,20.726000,0.000000,3.599210
76,35.900000,11.566667,20.707167,0.000000,3.617288
77,35.900000,11.500000,20.634667,0.000000,3.601584
78,35.900000,12.200000,20.656500,0.000000,3.593097
79,35.900000,12.000000,20.717000,0.000000,3.610003
80,35.900000,11.900000,20.805167,0.000000,3.607191
81,35.900000,12.133333,20.728167,0.000000,3.673805
82,35.900000,12.266667,20.728500,0.000000,3.604547
83,35.900000,12.266667,20.778333,0.000000,3.657142
84,35.900000,12.233333,20.716667,0.000000,3.591628
85,35.900000,11.533333,20.699000,0.000000,3.622423
86,35.900000,11.633333,20.782833,0.000000,3.637441
87,35.933333,12.000000,20.662833,0.000000,3.643151
88,35.933333,12.166667,20.700833,0.000000,3.578637
89,35.933333,11.966667,20.727833,0.000000,3.590313
90,35.966667,12.000000,20.698667,0.000000,3.625889
91,35.966667,12.033333,20.790833,0.000000,3.602294
92,35.966667,11.966667,20.722833,0.000000,3.598899
93,36.000000,12.233333,20.668000,0.000000,3.620563
94,36.033333,11.933333,20.682667,0.000000,3.646104
95,36.100000,12.333333,20.675000,0.000000,3.611043
96,36.100000,11.666667,20.735667,0.000000,3.613324
97,36.100000,11.933333,20.803833,0.000000,3.588570
98,36.100000,12.133333,20.698667,0.000000,3.619730
99,36.100000,12.166667,20.738000,0.000000,3.602795
100,36.100000,11.966667,20.746833,0.000000,3.598216
BestSdev: 0.752591, Time: 21m11.293306079s