gen,best,worst,mean,rep,sdev
1,30.800000,12.733333,20.804667,0.000000,3.634711
2,31.600000,12.500000,20.607667,0.000000,3.574893
3,32.300000,12.566667,20.670667,0.000000,3.660789
4,32.533333,12.500000,20.739000,0.000000,3.688024
5,32.633333,12.633333,20.618000,0.000000,3.626556
6,32.666667,12.600000,20.650000,0.000000,3.556451
7,32.933333,12.866667,20.806333,0.000000,3.587043
8,33.300000,12.566667,20.624333,0.000000,3.588492
9,33.400000,12.466667,20.707333,0.000000,3.619976
10,33.433333,12.766667,20.691000,0.000000,3.588795
11,33.500000,12.666667,20.625667,0.000000,3.564196
12,33.533333,12.800000,20.666667,0.000000,3.558750
13,33.600000,12.466667,20.704333,0.000000,3.592848
14,33.633333,13.000000,20.772667,0.000000,3.631164
15,33.633333,12.666667,20.699000,0.000000,3.602416
16,33.800000,12.433333,20.794000,0.000000,3.701657
17,33.933333,12.533333,20.718667,0.000000,3.583292
18,34.066667,12.900000,20.768667,0.000000,3.636936
19,34.100000,12.400000,20.776000,0.000000,3.595287
20,34.133333,12.900000,20.795667,0.000000,3.565663
21,34.366667,12.900000,20.812333,0.000000,3.654288
22,34.366667,12.466667,20.719333,0.000000,3.682070
23,34.366667,12.633333,20.772000,0.000000,3.582790
24,34.433333,12.633333,20.803333,0.000000,3.700447
25,34.500000,12.733333,20.807000,0.000000,3.672489
26,34.600000,12.366667,20.692000,0.000000,3.641171
27,34.633333,12.466667,20.789667,0.000000,3.548851
28,34.766667,12.400000,20.785667,0.000000,3.683804
29,34.800000,12.766667,20.730000,0.000000,3.576145
30,34.800000,12.800000,20.771333,0.000000,3.564023
31,34.800000,12.700000,20.722333,0.000000,3.534573
32,34.800000,12.700000,20.764333,0.000000,3.561127
33,34.800000,12.733333,20.641333,0.000000,3.503250
34,34.800000,12.600000,20.805000,0.000000,3.608098
35,34.866667,12.600000,20.759667,0.000000,3.563950
36,34.900000,12.866667,20.826000,0.000000,3.543738
37,35.000000,12.633333,20.677333,0.000000,3.566674
38,35.133333,12.600000,20.645667,0.000000,3.638588
39,35.133333,12.466667,20.818667,0.000000,3.594270
40,35.166667,12.333333,20.635333,0.000000,3.667846
41,35.166667,12.500000,20.778000,0.000000,3.579843
42,35.166667,12.866667,20.747667,0.000000,3.562216
43,35.166667,12.866667,20.760667,0.000000,3.627045
44,35.233333,12.600000,20.776667,0.000000,3.569192
45,35.266667,12.933333,20.757333,0.000000,3.541176
46,35.266667,12.733333,20.751000,0.000000,3.600590
47,35.266667,13.000000,20.808667,0.000000,3.577496
48,35.266667,12.500000,20.752333,0.000000,3.557052
49,35.266667,12.300000,20.676333,0.000000,3.628189
50,35.266667,12.633333,20.707333,0.000000,3.594501
51,35.266667,12.600000,20.571000,0.000000,3.555277
52,35.266667,12.766667,20.747333,0.000000,3.478091
53,35.300000,12.933333,20.823667,0.000000,3.599127
54,35.333333,12.766667,20.786000,0.000000,3.596330
55,35.400000,12.600000,20.912000,0.000000,3.650387
56,35.400000,12.633333,20.716667,0.000000,3.678215
57,35.400000,12.333333,20.688333,0.000000,3.676186
58,35.400000,12.200000,20.740333,0.000000,3.591040
59,35.400000,12.933333,20.794333,0.000000,3.496764
60,35.400000,12.733333,20.813667,0.000000,3.621580
61,35.400000,12.666667,20.736333,0.000000,3.573945
62,35.400000,12.933333,20.820000,0.000000,3.541680
63,35.466667,12.233333,20.631333,0.000000,3.610817
64,35.466667,12.533333,20.700333,0.000000,3.564043
65,35.466667,12.833333,20.780333,0.000000,3.585356
66,35.466667,12.333333,20.795000,0.000000,3.599475
67,35.466667,12.733333,20.627000,0.000000,3.545009
68,35.466667,12.166667,20.714000,0.000000,3.644372
69,35.500000,12.766667,20.872333,0.000000,3.605870
70,35.500000,12.700000,20.648333,0.000000,3.603933
71,35.500000,12.600000,20.710333,0.000000,3.599374
72,35.500000,12.733333,20.695667,0.000000,3.559107
73,35.500000,12.766667,20.776667,0.000000,3.580386
74,35.500000,12.400000,20.731667,0.000000,3.617191
75,35.533333,12.633333,20.734333,0.000000,3.598400
76,35.600000,12.500000,20.626333,0.000000,3.631020
77,35.600000,12.833333,20.686333,0.000000,3.624820
78,35.600000,12.400000,20.766667,0.000000,3.559843
79,35.633333,12.733333,20.786667,0.000000,3.600037
80,35.633333,12.800000,20.734000,0.000000,3.454037
81,35.633333,12.766667,20.665000,0.000000,3.642009
82,35.633333,12.466667,20.625000,0.000000,3.565382
83,35.633333,12.166667,20.835000,0.000000,3.647433
84,35.633333,12.833333,20.677333,0.000000,3.564572
85,35.633333,13.000000,20.671667,0.000000,3.608405
86,35.633333,12.966667,20.764000,0.000000,3.496985
87,35.633333,12.666667,20.747000,0.000000,3.621756
88,35.633333,12.566667,20.729667,0.000000,3.616899
89,35.633333,12.800000,20.679333,0.000000,3.533867
90,35.633333,12.400000,20.674333,0.000000,3.590325
91,35.633333,12.833333,20.721000,0.000000,3.591222
92,35.633333,12.800000,20.869000,0.000000,3.580408
93,35.700000,12.600000,20.822000,0.000000,3.614549
94,35.700000,12.700000,20.711000,0.000000,3.581560
95,35.700000,12.400000,20.699333,0.000000,3.524314
96,35.700000,12.600000,20.797667,0.000000,3.576130
97,35.700000,12.700000,20.676000,0.000000,3.535960
98,35.700000,12.833333,20.564667,0.000000,3.504633
99,35.700000,12.666667,20.751667,0.000000,3.591157
100,35.733333,13.033333,20.848667,0.000000,3.653683
BestSdev: 0.989115, Time: 11m18.573086078s