gen,best,worst,mean,rep,sdev
1,16.266667,11.733333,13.805333,0.000000,1.078306
2,16.566667,11.566667,13.773333,0.000000,1.069509
3,16.666667,11.566667,13.766000,0.000000,1.076672
4,16.766667,11.733333,13.820667,0.000000,1.033642
5,17.000000,11.700000,13.840667,0.000000,1.073611
6,17.100000,11.633333,13.807333,0.000000,1.086437
7,17.233333,11.466667,13.786667,0.000000,1.071285
8,17.300000,11.733333,13.813333,0.000000,1.059791
9,17.300000,11.533333,13.811333,0.000000,1.050955
10,17.333333,11.666667,13.824667,0.000000,1.054497
11,17.333333,11.466667,13.759333,0.000000,1.106948
12,17.400000,11.433333,13.821333,0.000000,1.111294
13,17.433333,11.733333,13.786000,0.000000,1.038872
14,17.466667,11.466667,13.743333,0.000000,1.107653
15,17.533333,11.733333,13.866667,0.000000,1.069321
16,17.533333,11.600000,13.826667,0.000000,1.088985
17,17.533333,11.600000,13.798000,0.000000,1.095140
18,17.566667,11.400000,13.845333,0.000000,1.113910
19,17.566667,11.533333,13.838667,0.000000,1.075820
20,17.600000,11.666667,13.850000,0.000000,1.078918
21,17.600000,11.533333,13.785333,0.000000,1.081670
22,17.600000,11.566667,13.769333,0.000000,1.063823
23,17.600000,11.700000,13.812667,0.000000,1.101882
24,17.600000,11.600000,13.720000,0.000000,1.037415
25,17.666667,11.500000,13.856667,0.000000,1.100261
26,17.666667,11.600000,13.858667,0.000000,1.118895
27,17.700000,11.633333,13.798667,0.000000,1.068147
28,17.700000,11.566667,13.798667,0.000000,1.077227
29,17.733333,11.533333,13.820000,0.000000,1.083287
30,17.766667,11.600000,13.781333,0.000000,1.064378
31,17.766667,11.533333,13.776667,0.000000,1.067587
32,17.766667,11.733333,13.793333,0.000000,1.057219
33,17.800000,11.500000,13.774667,0.000000,1.131209
34,17.800000,11.533333,13.813333,0.000000,1.095589
35,17.833333,11.600000,13.812000,0.000000,1.094514
36,17.833333,11.666667,13.788667,0.000000,1.063156
37,17.866667,11.700000,13.834000,0.000000,1.061615
38,17.866667,11.633333,13.827333,0.000000,1.063861
39,17.866667,11.666667,13.818667,0.000000,1.058371
40,17.866667,11.633333,13.800667,0.000000,1.082059
41,17.900000,11.633333,13.780667,0.000000,1.067856
42,17.900000,11.733333,13.784000,0.000000,1.044938
43,17.900000,11.500000,13.786000,0.000000,1.072114
44,17.900000,11.466667,13.832000,0.000000,1.122923
45,17.900000,11.566667,13.789333,0.000000,1.078487
46,17.900000,11.500000,13.809333,0.000000,1.073596
47,17.900000,11.666667,13.797333,0.000000,1.083120
48,17.900000,11.500000,13.816000,0.000000,1.082854
49,17.933333,11.600000,13.792667,0.000000,1.038250
50,17.933333,11.700000,13.852667,0.000000,1.066862
51,17.933333,11.500000,13.751333,0.000000,1.069182
52,17.933333,11.733333,13.804667,0.000000,1.056228
53,17.966667,11.600000,13.838000,0.000000,1.107906
54,17.966667,11.533333,13.812667,0.000000,1.083799
55,17.966667,11.733333,13.831333,0.000000,1.049476
56,17.966667,11.600000,13.858667,0.000000,1.096358
57,17.966667,11.566667,13.834000,0.000000,1.099977
58,17.966667,11.566667,13.788000,0.000000,1.066530
59,17.966667,11.733333,13.830000,0.000000,1.060284
60,18.000000,11.600000,13.782000,0.000000,1.099021
61,18.000000,11.566667,13.800000,0.000000,1.106721
62,18.000000,11.633333,13.840667,0.000000,1.045319
63,18.000000,11.633333,13.746000,0.000000,1.055847
64,18.000000,11.533333,13.764667,0.000000,1.075220
65,18.000000,11.566667,13.712000,0.000000,1.063703
66,18.000000,11.566667,13.748000,0.000000,1.039087
67,18.000000,11.600000,13.800667,0.000000,1.081379
68,18.000000,11.633333,13.858667,0.000000,1.054659
69,18.000000,11.600000,13.822000,0.000000,1.085218
70,18.000000,11.700000,13.818667,0.000000,1.066786
71,18.000000,11.633333,13.795333,0.000000,1.077359
72,18.000000,11.466667,13.816000,0.000000,1.083711
73,18.000000,11.566667,13.831333,0.000000,1.086023
74,18.033333,11.666667,13.834667,0.000000,1.086629
75,18.033333,11.700000,13.814667,0.000000,1.069053
76,18.033333,11.566667,13.822667,0.000000,1.027066
77,18.033333,11.466667,13.794667,0.000000,1.095742
78,18.033333,11.666667,13.794000,0.000000,1.052672
79,18.033333,11.366667,13.786000,0.000000,1.125168
80,18.033333,11.666667,13.796000,0.000000,1.063446
81,18.033333,11.700000,13.794000,0.000000,1.084106
82,18.033333,11.700000,13.802667,0.000000,1.102758
83,18.033333,11.633333,13.802667,0.000000,1.100189
84,18.033333,11.500000,13.813333,0.000000,1.107373
85,18.033333,11.533333,13.798667,0.000000,1.061528
86,18.033333,11.700000,13.794000,0.000000,1.049878
87,18.033333,11.600000,13.792667,0.000000,1.076474
88,18.033333,11.733333,13.802667,0.000000,1.047543
89,18.033333,11.633333,13.805333,0.000000,1.075810
90,18.033333,11.666667,13.812667,0.000000,1.054727
91,18.033333,11.633333,13.831333,0.000000,1.055756
92,18.033333,11.633333,13.830667,0.000000,1.083323
93,18.033333,11.533333,13.799333,0.000000,1.062374
94,18.033333,11.600000,13.775333,0.000000,1.058003
95,18.033333,11.566667,13.787333,0.000000,1.039756
96,18.033333,11.500000,13.801333,0.000000,1.092232
97,18.033333,11.766667,13.791333,0.000000,1.035974
98,18.033333,11.700000,13.830667,0.000000,1.104963
99,18.033333,11.500000,13.780000,0.000000,1.123759
100,18.033333,11.566667,13.801333,0.000000,1.077176
101,18.033333,11.600000,13.826000,0.000000,1.072922
102,18.033333,11.500000,13.796667,0.000000,1.096962
103,18.033333,11.566667,13.792667,0.000000,1.084613
104,18.033333,11.433333,13.790667,0.000000,1.098251
105,18.033333,11.600000,13.835333,0.000000,1.082430
106,18.033333,11.633333,13.804000,0.000000,1.060712
107,18.033333,11.500000,13.800000,0.000000,1.074719
108,18.033333,11.700000,13.836000,0.000000,1.077746
109,18.033333,11.733333,13.785333,0.000000,1.076400
110,18.066667,11.600000,13.830000,0.000000,1.080731
111,18.066667,11.666667,13.790000,0.000000,1.064800
112,18.066667,11.533333,13.821333,0.000000,1.064619
113,18.066667,11.566667,13.802667,0.000000,1.067180
114,18.066667,11.600000,13.753333,0.000000,1.036747
115,18.066667,11.500000,13.791333,0.000000,1.062572
116,18.066667,11.566667,13.792000,0.000000,1.059153
117,18.066667,11.600000,13.819333,0.000000,1.046989
118,18.066667,11.633333,13.774000,0.000000,1.088309
119,18.066667,11.433333,13.774000,0.000000,1.041875
120,18.066667,11.600000,13.787333,0.000000,1.064593
121,18.066667,11.666667,13.799333,0.000000,1.060515
122,18.066667,11.633333,13.804000,0.000000,1.088352
123,18.066667,11.633333,13.864667,0.000000,1.049392
124,18.066667,11.500000,13.788000,0.000000,1.072284
125,18.066667,11.766667,13.832000,0.000000,1.067422
126,18.066667,11.700000,13.839333,0.000000,1.066577
127,18.066667,11.666667,13.846667,0.000000,1.081704
128,18.066667,11.666667,13.796000,0.000000,1.050012
129,18.066667,11.566667,13.793333,0.000000,1.049855
130,18.066667,11.833333,13.788667,0.000000,1.089584
131,18.066667,11.766667,13.824000,0.000000,1.089325
132,18.066667,11.600000,13.789333,0.000000,1.108716
133,18.066667,11.633333,13.818000,0.000000,1.077757
134,18.066667,11.466667,13.813333,0.000000,1.093835
135,18.066667,11.466667,13.778667,0.000000,1.060293
136,18.066667,11.600000,13.850000,0.000000,1.054591
137,18.066667,11.600000,13.766000,0.000000,1.084324
138,18.066667,11.666667,13.830000,0.000000,1.069364
139,18.066667,11.733333,13.834000,0.000000,1.051456
140,18.066667,11.666667,13.843333,0.000000,1.043799
141,18.066667,11.633333,13.804667,0.000000,1.068953
142,18.066667,11.433333,13.739333,0.000000,1.078403
143,18.066667,11.500000,13.768000,0.000000,1.066907
144,18.066667,11.466667,13.822667,0.000000,1.083286
145,18.066667,11.766667,13.794667,0.000000,1.056539
146,18.066667,11.566667,13.789333,0.000000,1.074674
147,18.066667,11.500000,13.758000,0.000000,1.063886
148,18.066667,11.633333,13.774667,0.000000,1.080362
149,18.066667,11.600000,13.805333,0.000000,1.038552
150,18.066667,11.566667,13.788000,0.000000,1.073120
151,18.066667,11.666667,13.794000,0.000000,1.081060
152,18.066667,11.800000,13.837333,0.000000,1.082898
153,18.066667,11.700000,13.817333,0.000000,1.080605
154,18.066667,11.600000,13.798667,0.000000,1.078001
155,18.066667,11.433333,13.823333,0.000000,1.093330
156,18.066667,11.500000,13.778000,0.000000,1.050627
157,18.066667,11.666667,13.804667,0.000000,1.054070
158,18.066667,11.600000,13.805333,0.000000,1.077960
159,18.066667,11.533333,13.738000,0.000000,1.036272
160,18.066667,11.566667,13.814667,0.000000,1.108901
161,18.066667,11.633333,13.766000,0.000000,1.061461
162,18.066667,11.633333,13.825333,0.000000,1.059514
163,18.066667,11.633333,13.852667,0.000000,1.049767
164,18.066667,11.733333,13.794000,0.000000,1.077605
165,18.066667,11.633333,13.795333,0.000000,1.095433
166,18.066667,11.566667,13.806000,0.000000,1.072992
167,18.066667,11.433333,13.818000,0.000000,1.102203
168,18.066667,11.433333,13.758667,0.000000,1.102476
169,18.066667,11.500000,13.819333,0.000000,1.074093
170,18.066667,11.533333,13.821333,0.000000,1.110188
171,18.066667,11.633333,13.805333,0.000000,1.072218
172,18.066667,11.533333,13.861333,0.000000,1.101603
173,18.066667,11.766667,13.822000,0.000000,1.067324
174,18.066667,11.666667,13.773333,0.000000,1.061501
175,18.066667,11.600000,13.792667,0.000000,1.057435
176,18.066667,11.633333,13.852667,0.000000,1.081018
177,18.066667,11.400000,13.859333,0.000000,1.078255
178,18.066667,11.566667,13.822000,0.000000,1.099370
179,18.066667,11.533333,13.843333,0.000000,1.093608
180,18.066667,11.566667,13.803333,0.000000,1.088880
181,18.066667,11.833333,13.824667,0.000000,1.080967
182,18.066667,11.500000,13.786667,0.000000,1.080705
183,18.066667,11.433333,13.768000,0.000000,1.070026
184,18.066667,11.500000,13.830667,0.000000,1.076050
185,18.066667,11.733333,13.758667,0.000000,1.064720
186,18.066667,11.833333,13.822667,0.000000,1.072716
187,18.066667,11.533333,13.744000,0.000000,1.047180
188,18.066667,11.600000,13.829333,0.000000,1.089917
189,18.066667,11.600000,13.778000,0.000000,1.073400
190,18.100000,11.666667,13.793333,0.000000,1.062093
191,18.100000,11.800000,13.775333,0.000000,1.070839
192,18.100000,11.566667,13.806667,0.000000,1.051222
193,18.100000,11.666667,13.842000,0.000000,1.073379
194,18.100000,11.566667,13.821333,0.000000,1.088717
195,18.100000,11.466667,13.758667,0.000000,1.083351
196,18.100000,11.566667,13.807333,0.000000,1.069864
197,18.100000,11.500000,13.814667,0.000000,1.058608
198,18.100000,11.600000,13.844667,0.000000,1.062436
199,18.100000,11.633333,13.848667,0.000000,1.082893
200,18.100000,11.600000,13.783333,0.000000,1.070445
201,18.100000,11.566667,13.806000,0.000000,1.079791
202,18.100000,11.300000,13.786000,0.000000,1.076509
203,18.100000,11.700000,13.767333,0.000000,1.100935
204,18.100000,11.566667,13.803333,0.000000,1.059414
205,18.133333,11.666667,13.792000,0.000000,1.100583
206,18.133333,11.666667,13.805333,0.000000,1.057667
207,18.133333,11.466667,13.788000,0.000000,1.063490
208,18.133333,11.500000,13.819333,0.000000,1.078475
209,18.133333,11.666667,13.780667,0.000000,1.054779
210,18.133333,11.633333,13.809333,0.000000,1.071524
211,18.133333,11.666667,13.770000,0.000000,1.040665
212,18.133333,11.700000,13.826667,0.000000,1.061965
213,18.133333,11.600000,13.814000,0.000000,1.085474
214,18.133333,11.733333,13.764667,0.000000,1.040478
215,18.133333,11.700000,13.815333,0.000000,1.064276
216,18.133333,11.500000,13.771333,0.000000,1.066978
217,18.166667,11.500000,13.804667,0.000000,1.088442
218,18.166667,11.700000,13.806000,0.000000,1.078734
219,18.166667,11.600000,13.818000,0.000000,1.060429
220,18.166667,11.700000,13.811333,0.000000,1.061425
221,18.166667,11.633333,13.822000,0.000000,1.053566
222,18.166667,11.533333,13.788667,0.000000,1.092790
223,18.166667,11.666667,13.793333,0.000000,1.081281
224,18.166667,11.566667,13.814000,0.000000,1.050112
225,18.166667,11.600000,13.790000,0.000000,1.043398
226,18.166667,11.633333,13.796667,0.000000,1.083779
227,18.166667,11.500000,13.787333,0.000000,1.118097
228,18.166667,11.600000,13.822667,0.000000,1.082970
229,18.166667,11.733333,13.867333,0.000000,1.059405
230,18.166667,11.666667,13.832667,0.000000,1.103858
231,18.166667,11.600000,13.808667,0.000000,1.074400
232,18.166667,11.566667,13.814000,0.000000,1.098226
233,18.166667,11.466667,13.790000,0.000000,1.073509
234,18.166667,11.533333,13.842667,0.000000,1.080270
235,18.166667,11.566667,13.816000,0.000000,1.098400
236,18.166667,11.600000,13.792000,0.000000,1.046054
237,18.166667,11.566667,13.812000,0.000000,1.073353
238,18.166667,11.766667,13.770667,0.000000,1.060753
239,18.166667,11.533333,13.800667,0.000000,1.087501
240,18.166667,11.533333,13.820000,0.000000,1.096868
241,18.166667,11.600000,13.770000,0.000000,1.046185
242,18.166667,11.533333,13.762000,0.000000,1.041847
243,18.166667,11.566667,13.798000,0.000000,1.087054
244,18.166667,11.633333,13.810667,0.000000,1.074849
245,18.166667,11.500000,13.757333,0.000000,1.075132
246,18.166667,11.600000,13.788667,0.000000,1.066781
247,18.166667,11.766667,13.829333,0.000000,1.065597
248,18.166667,11.633333,13.861333,0.000000,1.083885
249,18.166667,11.500000,13.758000,0.000000,1.102282
250,18.166667,11.533333,13.801333,0.000000,1.109018
251,18.166667,11.433333,13.804000,0.000000,1.083868
252,18.166667,11.666667,13.838667,0.000000,1.070190
253,18.166667,11.566667,13.783333,0.000000,1.082903
254,18.166667,11.500000,13.799333,0.000000,1.064947
255,18.166667,11.566667,13.846667,0.000000,1.079760
256,18.166667,11.633333,13.872667,0.000000,1.090675
257,18.166667,11.600000,13.824000,0.000000,1.073634
258,18.166667,11.533333,13.804667,0.000000,1.058757
259,18.166667,11.566667,13.807333,0.000000,1.067720
260,18.166667,11.466667,13.758667,0.000000,1.060222
261,18.166667,11.633333,13.817333,0.000000,1.026750
262,18.166667,11.600000,13.878667,0.000000,1.107746
263,18.166667,11.466667,13.774000,0.000000,1.128912
264,18.166667,11.366667,13.779333,0.000000,1.092255
265,18.166667,11.533333,13.826000,0.000000,1.074632
266,18.166667,11.633333,13.817333,0.000000,1.058339
267,18.166667,11.566667,13.811333,0.000000,1.079056
268,18.166667,11.533333,13.750000,0.000000,1.058171
269,18.166667,11.633333,13.820667,0.000000,1.075765
270,18.166667,11.633333,13.811333,0.000000,1.041285
271,18.166667,11.566667,13.768000,0.000000,1.042638
272,18.166667,11.466667,13.733333,0.000000,1.064080
273,18.166667,11.700000,13.834667,0.000000,1.101556
274,18.166667,11.566667,13.793333,0.000000,1.062034
275,18.166667,11.533333,13.806000,0.000000,1.104696
276,18.166667,11.533333,13.837333,0.000000,1.118992
277,18.166667,11.500000,13.758667,0.000000,1.082831
278,18.166667,11.666667,13.787333,0.000000,1.076291
279,18.200000,11.600000,13.817333,0.000000,1.093512
280,18.200000,11.666667,13.803333,0.000000,1.089048
281,18.200000,11.533333,13.832000,0.000000,1.083200
282,18.200000,11.700000,13.804000,0.000000,1.080209
283,18.200000,11.566667,13.786667,0.000000,1.048287
284,18.200000,11.666667,13.853333,0.000000,1.087252
285,18.200000,11.566667,13.792667,0.000000,1.041501
286,18.200000,11.666667,13.799333,0.000000,1.064256
287,18.200000,11.600000,13.784667,0.000000,1.070162
288,18.233333,11.600000,13.806000,0.000000,1.085857
289,18.233333,11.633333,13.810667,0.000000,1.051422
290,18.233333,11.700000,13.837333,0.000000,1.053214
291,18.233333,11.633333,13.804667,0.000000,1.017614
292,18.233333,11.500000,13.837333,0.000000,1.081392
293,18.233333,11.633333,13.848667,0.000000,1.070329
294,18.233333,11.533333,13.788000,0.000000,1.077005
295,18.233333,11.733333,13.830667,0.000000,1.069689
296,18.233333,11.666667,13.858000,0.000000,1.069822
297,18.233333,11.533333,13.784000,0.000000,1.093092
298,18.233333,11.800000,13.826000,0.000000,1.070198
299,18.233333,11.700000,13.850000,0.000000,1.041898
300,18.233333,11.666667,13.811333,0.000000,1.047229
301,18.233333,11.466667,13.836667,0.000000,1.070478
302,18.233333,11.333333,13.790000,0.000000,1.099220
303,18.233333,11.566667,13.770000,0.000000,1.095906
304,18.233333,11.500000,13.812000,0.000000,1.086346
305,18.233333,11.600000,13.800000,0.000000,1.072941
306,18.233333,11.500000,13.787333,0.000000,1.089944
307,18.233333,11.566667,13.744000,0.000000,1.087205
308,18.233333,11.466667,13.815333,0.000000,1.119769
309,18.233333,11.533333,13.850000,0.000000,1.070341
310,18.233333,11.466667,13.744667,0.000000,1.070846
311,18.233333,11.433333,13.773333,0.000000,1.073581
312,18.233333,11.533333,13.774000,0.000000,1.059432
313,18.233333,11.600000,13.816667,0.000000,1.026933
314,18.266667,11.566667,13.854000,0.000000,1.087767
315,18.266667,11.566667,13.750000,0.000000,1.094931
316,18.266667,11.600000,13.838667,0.000000,1.088323
317,18.266667,11.300000,13.794667,0.000000,1.106133
318,18.266667,11.733333,13.858000,0.000000,1.094467
319,18.266667,11.600000,13.781333,0.000000,1.084839
320,18.266667,11.566667,13.810667,0.000000,1.080644
321,18.266667,11.566667,13.837333,0.000000,1.077495
322,18.266667,11.700000,13.814000,0.000000,1.052974
323,18.266667,11.566667,13.830667,0.000000,1.087528
324,18.266667,11.600000,13.750667,0.000000,1.073914
325,18.266667,11.633333,13.835333,0.000000,1.074012
326,18.266667,11.566667,13.774000,0.000000,1.063482
327,18.266667,11.600000,13.790667,0.000000,1.084305
328,18.266667,11.566667,13.810667,0.000000,1.068269
329,18.266667,11.466667,13.752667,0.000000,1.092485
330,18.266667,11.700000,13.830000,0.000000,1.075453
331,18.266667,11.733333,13.803333,0.000000,1.046250
332,18.266667,11.566667,13.805333,0.000000,1.085873
333,18.266667,11.800000,13.826000,0.000000,1.042120
334,18.266667,11.700000,13.828667,0.000000,1.081543
335,18.266667,11.566667,13.806000,0.000000,1.065264
336,18.266667,11.500000,13.785333,0.000000,1.101581
337,18.266667,11.666667,13.836000,0.000000,1.032270
338,18.266667,11.533333,13.787333,0.000000,1.047925
339,18.266667,11.633333,13.821333,0.000000,1.068816
340,18.266667,11.633333,13.778000,0.000000,1.083708
341,18.266667,11.366667,13.814667,0.000000,1.105087
342,18.266667,11.633333,13.870667,0.000000,1.104735
343,18.266667,11.833333,13.901333,0.000000,1.077025
344,18.266667,11.500000,13.810667,0.000000,1.093920
345,18.266667,11.666667,13.762000,0.000000,1.062236
346,18.266667,11.666667,13.790000,0.000000,1.070117
347,18.266667,11.666667,13.792667,0.000000,1.058409
348,18.266667,11.700000,13.824000,0.000000,1.050473
349,18.266667,11.533333,13.781333,0.000000,1.082571
350,18.266667,11.733333,13.784667,0.000000,1.052355
351,18.266667,11.500000,13.840000,0.000000,1.080430
352,18.266667,11.566667,13.844000,0.000000,1.108697
353,18.266667,11.633333,13.842000,0.000000,1.060438
354,18.266667,11.633333,13.805333,0.000000,1.041563
355,18.266667,11.566667,13.767333,0.000000,1.071153
356,18.266667,11.566667,13.781333,0.000000,1.077677
357,18.300000,11.533333,13.752667,0.000000,1.074247
358,18.300000,11.633333,13.768667,0.000000,1.079010
359,18.300000,11.666667,13.761333,0.000000,1.049296
360,18.300000,11.600000,13.746000,0.000000,1.048083
361,18.300000,11.533333,13.780000,0.000000,1.074521
362,18.300000,11.666667,13.782667,0.000000,1.066524
363,18.300000,11.633333,13.820000,0.000000,1.063597
364,18.300000,11.800000,13.855333,0.000000,1.067613
365,18.300000,11.566667,13.852667,0.000000,1.068565
366,18.300000,11.533333,13.738000,0.000000,1.053906
367,18.300000,11.533333,13.780000,0.000000,1.074478
368,18.300000,11.566667,13.822667,0.000000,1.055218
369,18.300000,11.566667,13.778667,0.000000,1.089725
370,18.300000,11.633333,13.789333,0.000000,1.050891
371,18.300000,11.466667,13.851333,0.000000,1.125261
372,18.300000,11.666667,13.846000,0.000000,1.057471
373,18.300000,11.700000,13.830000,0.000000,1.065071
374,18.300000,11.666667,13.830667,0.000000,1.040586
375,18.300000,11.600000,13.838667,0.000000,1.075724
376,18.300000,11.766667,13.866000,0.000000,1.060383
377,18.300000,11.633333,13.791333,0.000000,1.079563
378,18.300000,11.666667,13.826667,0.000000,1.073083
379,18.300000,11.600000,13.782667,0.000000,1.077971
380,18.300000,11.733333,13.802667,0.000000,1.054660
381,18.300000,11.633333,13.837333,0.000000,1.075015
382,18.300000,11.600000,13.742667,0.000000,1.031681
383,18.300000,11.833333,13.834000,0.000000,1.043360
384,18.300000,11.666667,13.783333,0.000000,1.099881
385,18.300000,11.600000,13.848667,0.000000,1.059735
386,18.300000,11.566667,13.850000,0.000000,1.076134
387,18.300000,11.666667,13.796000,0.000000,1.068395
388,18.300000,11.633333,13.812667,0.000000,1.083073
389,18.300000,11.566667,13.830000,0.000000,1.074342
390,18.300000,11.600000,13.823333,0.000000,1.077072
391,18.300000,11.533333,13.779333,0.000000,1.083967
392,18.300000,11.466667,13.815333,0.000000,1.072821
393,18.300000,11.666667,13.786000,0.000000,1.042448
394,18.300000,11.566667,13.770000,0.000000,1.067833
395,18.300000,11.566667,13.788000,0.000000,1.066372
396,18.300000,11.466667,13.843333,0.000000,1.092945
397,18.300000,11.533333,13.775333,0.000000,1.092041
398,18.300000,11.600000,13.772667,0.000000,1.078036
399,18.300000,11.700000,13.820000,0.000000,1.031457
400,18.300000,11.533333,13.790667,0.000000,1.107884
401,18.300000,11.466667,13.796667,0.000000,1.104739
402,18.300000,11.633333,13.778000,0.000000,1.077630
403,18.300000,11.766667,13.776667,0.000000,1.069980
404,18.300000,11.566667,13.835333,0.000000,1.073478
405,18.300000,11.500000,13.768667,0.000000,1.078500
406,18.300000,11.433333,13.802000,0.000000,1.106389
407,18.300000,11.533333,13.766000,0.000000,1.084154
408,18.300000,11.633333,13.804000,0.000000,1.078521
409,18.300000,11.733333,13.888000,0.000000,1.059507
410,18.300000,11.600000,13.766000,0.000000,1.041487
411,18.300000,11.533333,13.846667,0.000000,1.051021
412,18.300000,11.500000,13.824000,0.000000,1.070469
413,18.300000,11.533333,13.784667,0.000000,1.086620
414,18.300000,11.500000,13.809333,0.000000,1.041460
415,18.300000,11.633333,13.766000,0.000000,1.052630
416,18.300000,11.566667,13.804000,0.000000,1.064984
417,18.300000,11.666667,13.836000,0.000000,1.096885
418,18.300000,11.533333,13.818000,0.000000,1.091904
419,18.300000,11.633333,13.766667,0.000000,1.057885
420,18.300000,11.800000,13.805333,0.000000,1.067847
421,18.300000,11.666667,13.753333,0.000000,1.063103
422,18.300000,11.600000,13.801333,0.000000,1.080434
423,18.300000,11.466667,13.788000,0.000000,1.057006
424,18.300000,11.433333,13.800667,0.000000,1.087525
425,18.300000,11.500000,13.814000,0.000000,1.075139
426,18.300000,11.466667,13.815333,0.000000,1.062501
427,18.300000,11.800000,13.815333,0.000000,1.062477
428,18.300000,11.766667,13.867333,0.000000,1.065518
429,18.300000,11.533333,13.815333,0.000000,1.071764
430,18.300000,11.566667,13.788000,0.000000,1.087437
431,18.300000,11.633333,13.748000,0.000000,1.090882
432,18.300000,11.533333,13.772667,0.000000,1.117664
433,18.300000,11.433333,13.814000,0.000000,1.094641
434,18.300000,11.600000,13.821333,0.000000,1.091129
435,18.300000,11.633333,13.816000,0.000000,1.094988
436,18.300000,11.733333,13.836667,0.000000,1.065391
437,18.300000,11.700000,13.783333,0.000000,1.060338
438,18.300000,11.566667,13.788000,0.000000,1.078231
439,18.300000,11.600000,13.782000,0.000000,1.090799
440,18.300000,11.700000,13.828667,0.000000,1.107702
441,18.300000,11.633333,13.838000,0.000000,1.060291
442,18.300000,11.633333,13.838000,0.000000,1.057127
443,18.300000,11.533333,13.785333,0.000000,1.069695
444,18.300000,11.666667,13.844667,0.000000,1.067391
445,18.300000,11.666667,13.831333,0.000000,1.055857
446,18.300000,11.600000,13.824667,0.000000,1.088326
447,18.300000,11.500000,13.819333,0.000000,1.095806
448,18.300000,11.500000,13.754000,0.000000,1.109011
449,18.300000,11.666667,13.828000,0.000000,1.081175
450,18.300000,11.600000,13.784667,0.000000,1.099665
451,18.300000,11.666667,13.872000,0.000000,1.067649
452,18.300000,11.566667,13.851333,0.000000,1.103358
453,18.300000,11.633333,13.862000,0.000000,1.108155
454,18.300000,11.666667,13.810667,0.000000,1.035949
455,18.366667,11.633333,13.841333,0.000000,1.055107
456,18.366667,11.633333,13.761333,0.000000,1.086091
457,18.366667,11.766667,13.875333,0.000000,1.075876
458,18.366667,11.566667,13.782667,0.000000,1.067307
459,18.366667,11.733333,13.835333,0.000000,1.044665
460,18.366667,11.600000,13.823333,0.000000,1.053650
461,18.366667,11.533333,13.843333,0.000000,1.078706
462,18.366667,11.566667,13.823333,0.000000,1.095366
463,18.366667,11.533333,13.786667,0.000000,1.108966
464,18.366667,11.566667,13.818000,0.000000,1.117246
465,18.366667,11.500000,13.793333,0.000000,1.065589
466,18.366667,11.500000,13.851333,0.000000,1.119320
467,18.366667,11.533333,13.795333,0.000000,1.061957
468,18.366667,11.600000,13.820000,0.000000,1.090542
469,18.366667,11.633333,13.823333,0.000000,1.080052
470,18.366667,11.566667,13.828000,0.000000,1.080689
471,18.366667,11.700000,13.817333,0.000000,1.045202
472,18.366667,11.333333,13.776000,0.000000,1.051773
473,18.400000,11.566667,13.792667,0.000000,1.066333
474,18.400000,11.600000,13.768000,0.000000,1.089547
475,18.400000,11.566667,13.832667,0.000000,1.047868
476,18.400000,11.600000,13.817333,0.000000,1.096373
477,18.400000,11.566667,13.748000,0.000000,1.050679
478,18.400000,11.733333,13.797333,0.000000,1.054239
479,18.400000,11.566667,13.786667,0.000000,1.063460
480,18.400000,11.666667,13.826667,0.000000,1.055112
481,18.400000,11.466667,13.812667,0.000000,1.093821
482,18.400000,11.766667,13.820667,0.000000,1.071201
483,18.400000,11.733333,13.785333,0.000000,1.061800
484,18.400000,11.400000,13.760667,0.000000,1.059172
485,18.400000,11.566667,13.794667,0.000000,1.084229
486,18.400000,11.666667,13.785333,0.000000,1.060548
487,18.400000,11.700000,13.862000,0.000000,1.114426
488,18.400000,11.600000,13.813333,0.000000,1.070434
489,18.400000,11.633333,13.796000,0.000000,1.061235
490,18.400000,11.600000,13.786667,0.000000,1.075201
491,18.400000,11.566667,13.788000,0.000000,1.113047
492,18.400000,11.633333,13.844000,0.000000,1.085089
493,18.400000,11.566667,13.784000,0.000000,1.076674
494,18.400000,11.400000,13.786667,0.000000,1.067627
495,18.400000,11.733333,13.763333,0.000000,1.079274
496,18.400000,11.466667,13.786667,0.000000,1.086804
497,18.400000,11.633333,13.830667,0.000000,1.104429
498,18.400000,11.666667,13.852000,0.000000,1.113948
499,18.433333,11.666667,13.852667,0.000000,1.076005
500,18.466667,11.633333,13.826667,0.000000,1.071298
BestSdev: 0.249462, Time: 44m8.517596022s