gen,best,worst,mean,rep,sdev
1,15.633333,11.866667,13.783333,0.000000,1.008304
2,16.166667,11.933333,13.750000,0.000000,1.014679
3,16.333333,11.933333,13.831667,0.000000,1.043228
4,16.433333,11.966667,13.810000,0.000000,1.035041
5,16.566667,11.766667,13.798333,0.000000,1.072251
6,16.633333,11.800000,13.750000,0.000000,1.078525
7,16.700000,11.733333,13.726667,0.000000,1.062111
8,16.800000,12.133333,13.830000,0.000000,1.035984
9,16.900000,12.033333,13.858333,0.000000,1.027007
10,16.900000,12.000000,13.806667,0.000000,1.050942
11,17.000000,12.000000,13.861667,0.000000,1.046551
12,17.033333,11.933333,13.775000,0.000000,1.054013
13,17.066667,12.000000,13.810000,0.000000,1.055099
14,17.100000,11.933333,13.780000,0.000000,1.023939
15,17.200000,12.000000,13.830000,0.000000,1.046835
16,17.233333,11.833333,13.745000,0.000000,1.047898
17,17.266667,11.966667,13.825000,0.000000,1.026955
18,17.266667,11.800000,13.808333,0.000000,1.044579
19,17.266667,11.833333,13.848333,0.000000,1.043313
20,17.266667,11.733333,13.695000,0.000000,1.068314
21,17.300000,12.100000,13.795000,0.000000,0.980018
22,17.300000,11.900000,13.805000,0.000000,1.056529
23,17.300000,11.933333,13.843333,0.000000,1.024101
24,17.300000,11.933333,13.815000,0.000000,1.054540
25,17.300000,11.866667,13.816667,0.000000,1.047655
26,17.366667,11.766667,13.761667,0.000000,1.105533
27,17.366667,11.933333,13.808333,0.000000,1.084795
28,17.366667,11.900000,13.830000,0.000000,1.021819
29,17.366667,11.966667,13.793333,0.000000,1.030045
30,17.400000,11.800000,13.761667,0.000000,1.055601
31,17.400000,11.966667,13.740000,0.000000,1.013451
32,17.400000,11.900000,13.800000,0.000000,1.042584
33,17.400000,11.766667,13.768333,0.000000,1.063957
34,17.400000,12.166667,13.841667,0.000000,1.005249
35,17.400000,11.966667,13.788333,0.000000,1.020408
36,17.400000,11.833333,13.813333,0.000000,1.097671
37,17.400000,12.100000,13.871667,0.000000,1.005344
38,17.400000,12.000000,13.853333,0.000000,1.079303
39,17.400000,12.066667,13.911667,0.000000,1.013202
40,17.400000,12.066667,13.823333,0.000000,1.040149
41,17.400000,11.866667,13.838333,0.000000,1.067380
42,17.400000,11.966667,13.823333,0.000000,1.094255
43,17.400000,11.666667,13.758333,0.000000,1.081820
44,17.400000,11.900000,13.733333,0.000000,1.041207
45,17.400000,11.966667,13.708333,0.000000,0.998996
46,17.400000,11.933333,13.783333,0.000000,1.055963
47,17.400000,11.866667,13.835000,0.000000,1.053942
48,17.400000,11.900000,13.876667,0.000000,1.043859
49,17.400000,11.866667,13.693333,0.000000,1.052833
50,17.400000,11.866667,13.775000,0.000000,1.030111
51,17.400000,12.033333,13.793333,0.000000,1.036169
52,17.400000,11.733333,13.771667,0.000000,1.117730
53,17.466667,12.066667,13.910000,0.000000,1.075174
54,17.466667,11.866667,13.760000,0.000000,1.070454
55,17.466667,11.933333,13.841667,0.000000,1.098607
56,17.466667,11.933333,13.793333,0.000000,0.989524
57,17.466667,11.933333,13.803333,0.000000,1.046321
58,17.466667,11.866667,13.855000,0.000000,1.037209
59,17.466667,11.833333,13.840000,0.000000,1.073370
60,17.466667,11.766667,13.865000,0.000000,1.089037
61,17.466667,12.066667,13.896667,0.000000,1.051903
62,17.466667,12.000000,13.811667,0.000000,1.076297
63,17.466667,11.900000,13.856667,0.000000,1.024153
64,17.466667,12.000000,13.860000,0.000000,1.050051
65,17.466667,11.866667,13.748333,0.000000,1.020232
66,17.466667,11.966667,13.755000,0.000000,1.059423
67,17.466667,11.800000,13.826667,0.000000,1.044308
68,17.466667,11.900000,13.725000,0.000000,1.033466
69,17.466667,11.933333,13.821667,0.000000,1.057191
70,17.500000,12.000000,13.821667,0.000000,1.035939
71,17.500000,12.000000,13.750000,0.000000,1.013961
72,17.500000,12.000000,13.816667,0.000000,1.052896
73,17.500000,11.866667,13.766667,0.000000,1.042217
74,17.533333,11.833333,13.816667,0.000000,1.063287
75,17.533333,11.800000,13.758333,0.000000,1.072067
76,17.533333,11.900000,13.788333,0.000000,1.092944
77,17.533333,11.933333,13.755000,0.000000,1.028579
78,17.533333,11.966667,13.816667,0.000000,1.005901
79,17.533333,12.000000,13.841667,0.000000,1.027772
80,17.533333,11.833333,13.721667,0.000000,1.086390
81,17.533333,11.833333,13.876667,0.000000,1.121193
82,17.566667,12.200000,13.820000,0.000000,1.016711
83,17.566667,12.033333,13.793333,0.000000,1.059795
84,17.566667,11.866667,13.818333,0.000000,1.051412
85,17.566667,11.966667,13.801667,0.000000,1.012566
86,17.566667,12.033333,13.785000,0.000000,1.033934
87,17.566667,11.833333,13.776667,0.000000,1.054124
88,17.566667,11.866667,13.831667,0.000000,1.132514
89,17.566667,11.800000,13.791667,0.000000,1.069283
90,17.566667,11.833333,13.758333,0.000000,1.054059
91,17.566667,11.966667,13.818333,0.000000,1.036675
92,17.566667,11.833333,13.775000,0.000000,1.084741
93,17.566667,11.800000,13.873333,0.000000,1.107636
94,17.566667,11.800000,13.765000,0.000000,1.092365
95,17.566667,12.000000,13.838333,0.000000,1.020440
96,17.566667,11.733333,13.815000,0.000000,1.065539
97,17.566667,11.800000,13.738333,0.000000,1.013866
98,17.566667,11.733333,13.763333,0.000000,1.045325
99,17.566667,11.700000,13.745000,0.000000,1.054543
100,17.566667,11.900000,13.766667,0.000000,1.066300
BestSdev: 0.323249, Time: 4m28.621824399s