gen,best,worst,mean,rep,sdev
1,32.400000,11.266667,20.758000,0.000000,3.621780
2,33.233333,11.233333,20.689667,0.000000,3.622231
3,33.633333,11.166667,20.744600,0.000000,3.642611
4,33.933333,11.500000,20.714133,0.000000,3.632963
5,34.133333,11.266667,20.804200,0.000000,3.617205
6,34.366667,11.500000,20.676200,0.000000,3.591299
7,34.533333,11.500000,20.746400,0.000000,3.611283
8,34.633333,11.433333,20.722467,0.000000,3.612040
9,34.766667,11.266667,20.780600,0.000000,3.617665
10,35.133333,11.066667,20.779400,0.000000,3.642358
11,35.200000,10.800000,20.783800,0.000000,3.626528
12,35.200000,11.333333,20.732667,0.000000,3.603691
13,35.300000,11.333333,20.709000,0.000000,3.620712
14,35.400000,11.200000,20.729267,0.000000,3.571527
15,35.600000,11.233333,20.685400,0.000000,3.614311
16,35.600000,11.200000,20.731133,0.000000,3.621258
17,35.600000,11.300000,20.710067,0.000000,3.612215
18,35.633333,11.566667,20.746733,0.000000,3.595649
19,35.633333,11.433333,20.779733,0.000000,3.624996
20,35.733333,10.900000,20.733000,0.000000,3.613739
BestSdev: 0.902066, Time: 11m5.443319804s