gen,best,worst,mean,rep,sdev
1,16.866667,11.133333,13.802667,0.000000,1.092414
2,17.066667,11.066667,13.794833,0.000000,1.075044
3,17.100000,11.166667,13.815167,0.000000,1.092534
4,17.133333,11.200000,13.832000,0.000000,1.078216
5,17.266667,11.033333,13.814833,0.000000,1.075475
6,17.366667,11.100000,13.809500,0.000000,1.085020
7,17.433333,10.966667,13.829667,0.000000,1.098129
8,17.566667,11.133333,13.798000,0.000000,1.086372
9,17.633333,11.133333,13.814333,0.000000,1.102739
10,17.666667,11.033333,13.796000,0.000000,1.093706
11,17.833333,11.133333,13.815667,0.000000,1.084363
12,17.833333,11.133333,13.790000,0.000000,1.082441
13,17.900000,11.133333,13.800000,0.000000,1.090499
14,17.900000,11.166667,13.814333,0.000000,1.080610
15,17.900000,11.166667,13.822167,0.000000,1.073488
16,17.933333,11.100000,13.839667,0.000000,1.088117
17,18.000000,11.066667,13.820333,0.000000,1.085007
18,18.033333,11.033333,13.789500,0.000000,1.108226
19,18.066667,11.100000,13.824167,0.000000,1.086017
20,18.066667,11.033333,13.801000,0.000000,1.089674
21,18.133333,11.200000,13.814500,0.000000,1.080029
22,18.133333,11.033333,13.804000,0.000000,1.073887
23,18.133333,11.000000,13.815833,0.000000,1.090553
24,18.166667,11.033333,13.810833,0.000000,1.082953
25,18.200000,11.133333,13.835000,0.000000,1.089636
26,18.200000,11.066667,13.790500,0.000000,1.085053
27,18.200000,11.066667,13.813333,0.000000,1.093758
28,18.200000,11.066667,13.798667,0.000000,1.095814
29,18.200000,11.100000,13.800667,0.000000,1.083570
30,18.200000,11.133333,13.776500,0.000000,1.074945
31,18.200000,11.066667,13.792667,0.000000,1.072484
32,18.200000,11.066667,13.801500,0.000000,1.087567
33,18.200000,11.033333,13.792000,0.000000,1.117039
34,18.200000,11.100000,13.786167,0.000000,1.090010
35,18.233333,11.066667,13.829000,0.000000,1.080232
36,18.233333,11.100000,13.827167,0.000000,1.091915
37,18.233333,11.100000,13.814500,0.000000,1.096427
38,18.233333,11.200000,13.805167,0.000000,1.066236
39,18.233333,11.100000,13.815000,0.000000,1.074612
40,18.233333,11.000000,13.820833,0.000000,1.089150
41,18.233333,11.066667,13.824500,0.000000,1.087805
42,18.233333,11.066667,13.813667,0.000000,1.105385
43,18.233333,10.966667,13.825833,0.000000,1.086129
44,18.266667,11.033333,13.804333,0.000000,1.105521
45,18.266667,11.166667,13.774333,0.000000,1.084253
46,18.266667,11.200000,13.820833,0.000000,1.067690
47,18.266667,11.033333,13.816000,0.000000,1.086586
48,18.266667,11.133333,13.797500,0.000000,1.081010
49,18.266667,11.033333,13.793167,0.000000,1.084899
50,18.266667,11.033333,13.805333,0.000000,1.082404
51,18.266667,11.100000,13.794500,0.000000,1.079213
52,18.266667,11.166667,13.814833,0.000000,1.071603
53,18.266667,11.033333,13.809833,0.000000,1.100036
54,18.266667,11.066667,13.792500,0.000000,1.070053
55,18.266667,11.033333,13.823333,0.000000,1.089486
56,18.266667,11.166667,13.771333,0.000000,1.076822
57,18.266667,11.033333,13.788333,0.000000,1.099362
58,18.266667,11.100000,13.792833,0.000000,1.089342
59,18.266667,11.100000,13.797833,0.000000,1.074811
60,18.266667,11.200000,13.808333,0.000000,1.077085
61,18.300000,11.100000,13.806667,0.000000,1.087763
62,18.300000,11.233333,13.789500,0.000000,1.083309
63,18.300000,11.100000,13.802000,0.000000,1.079651
64,18.300000,11.100000,13.816333,0.000000,1.088773
65,18.300000,11.100000,13.795500,0.000000,1.088603
66,18.300000,11.000000,13.811667,0.000000,1.082616
67,18.300000,11.033333,13.798833,0.000000,1.064422
68,18.300000,11.100000,13.835500,0.000000,1.080095
69,18.300000,11.100000,13.820667,0.000000,1.077563
70,18.300000,11.066667,13.815167,0.000000,1.078654
71,18.300000,11.066667,13.813333,0.000000,1.091052
72,18.300000,11.133333,13.798000,0.000000,1.071454
73,18.300000,11.200000,13.785333,0.000000,1.060766
74,18.300000,11.100000,13.814000,0.000000,1.062899
75,18.300000,10.966667,13.837833,0.000000,1.085559
76,18.333333,11.100000,13.810667,0.000000,1.096750
77,18.333333,11.066667,13.800000,0.000000,1.072309
78,18.333333,11.033333,13.800833,0.000000,1.081629
79,18.366667,11.033333,13.805500,0.000000,1.096090
80,18.366667,11.066667,13.813000,0.000000,1.108485
81,18.366667,10.933333,13.808500,0.000000,1.075471
82,18.400000,11.100000,13.806167,0.000000,1.076925
83,18.400000,11.100000,13.805500,0.000000,1.082262
84,18.400000,11.166667,13.789667,0.000000,1.075958
85,18.400000,11.000000,13.812167,0.000000,1.092585
86,18.400000,11.033333,13.802000,0.000000,1.077774
87,18.400000,11.233333,13.816333,0.000000,1.069450
88,18.400000,11.066667,13.810833,0.000000,1.093209
89,18.400000,11.100000,13.814667,0.000000,1.076818
90,18.400000,11.233333,13.782167,0.000000,1.074812
91,18.400000,11.033333,13.822500,0.000000,1.092583
92,18.400000,11.066667,13.792167,0.000000,1.102055
93,18.400000,11.000000,13.816333,0.000000,1.089028
94,18.433333,10.966667,13.798000,0.000000,1.099387
95,18.433333,11.033333,13.778000,0.000000,1.095482
96,18.433333,11.033333,13.810167,0.000000,1.082164
97,18.433333,11.000000,13.830333,0.000000,1.089872
98,18.433333,11.033333,13.801833,0.000000,1.079249
99,18.433333,11.100000,13.796333,0.000000,1.082947
100,18.433333,11.100000,13.820000,0.000000,1.089120
BestSdev: 0.322284, Time: 17m16.465094978s