gen,best,worst,mean,rep,sdev
1,16.733333,11.100000,13.810667,0.000000,1.072027
2,17.166667,11.100000,13.807833,0.000000,1.087262
3,17.233333,11.066667,13.811667,0.000000,1.096427
4,17.333333,11.100000,13.814667,0.000000,1.077932
5,17.466667,11.166667,13.793500,0.000000,1.079885
6,17.600000,11.033333,13.810667,0.000000,1.075703
7,17.600000,11.066667,13.806833,0.000000,1.077233
8,17.766667,11.233333,13.799000,0.000000,1.084403
9,17.800000,11.133333,13.769500,0.000000,1.095426
10,17.866667,11.166667,13.803500,0.000000,1.087159
11,17.933333,11.033333,13.780167,0.000000,1.092396
12,17.933333,11.100000,13.783333,0.000000,1.090679
13,17.933333,11.066667,13.820167,0.000000,1.091892
14,18.000000,11.133333,13.824833,0.000000,1.099878
15,18.000000,11.066667,13.797667,0.000000,1.084497
16,18.033333,11.066667,13.788000,0.000000,1.110047
17,18.033333,11.033333,13.798833,0.000000,1.067681
18,18.066667,10.966667,13.775667,0.000000,1.091045
19,18.100000,11.100000,13.795500,0.000000,1.094739
20,18.133333,11.100000,13.815500,0.000000,1.091838
21,18.133333,11.133333,13.808000,0.000000,1.088668
22,18.166667,11.100000,13.812333,0.000000,1.085919
23,18.166667,10.966667,13.802167,0.000000,1.088197
24,18.166667,11.100000,13.812333,0.000000,1.070842
25,18.166667,11.200000,13.785167,0.000000,1.080618
26,18.166667,11.133333,13.825333,0.000000,1.098948
27,18.266667,11.033333,13.804000,0.000000,1.096291
28,18.266667,11.000000,13.797500,0.000000,1.080958
29,18.266667,11.066667,13.814500,0.000000,1.092989
30,18.266667,11.066667,13.804500,0.000000,1.092677
31,18.266667,11.066667,13.805167,0.000000,1.088893
32,18.266667,11.066667,13.807333,0.000000,1.091362
33,18.266667,11.133333,13.816167,0.000000,1.089663
34,18.300000,11.066667,13.832500,0.000000,1.074882
35,18.300000,10.966667,13.772167,0.000000,1.092874
36,18.300000,10.933333,13.807833,0.000000,1.107268
37,18.300000,11.066667,13.785000,0.000000,1.084876
38,18.333333,11.066667,13.790500,0.000000,1.084528
39,18.333333,11.133333,13.804167,0.000000,1.095593
40,18.333333,10.966667,13.795167,0.000000,1.072204
41,18.333333,11.033333,13.822500,0.000000,1.089597
42,18.333333,11.133333,13.803333,0.000000,1.086577
43,18.333333,11.033333,13.804833,0.000000,1.089437
44,18.333333,10.933333,13.801167,0.000000,1.095249
45,18.333333,11.133333,13.819500,0.000000,1.073260
46,18.333333,11.100000,13.813833,0.000000,1.075424
47,18.333333,11.066667,13.792833,0.000000,1.083157
48,18.333333,11.066667,13.824333,0.000000,1.075906
49,18.333333,11.200000,13.791667,0.000000,1.074197
50,18.333333,11.033333,13.807333,0.000000,1.078899
51,18.333333,11.133333,13.797167,0.000000,1.083310
52,18.333333,11.000000,13.782500,0.000000,1.080332
53,18.400000,11.166667,13.848000,0.000000,1.099277
54,18.400000,11.200000,13.781833,0.000000,1.091390
55,18.400000,11.166667,13.798167,0.000000,1.089206
56,18.400000,11.166667,13.792833,0.000000,1.060958
57,18.400000,11.033333,13.788167,0.000000,1.102752
58,18.400000,11.100000,13.805667,0.000000,1.082875
59,18.400000,11.066667,13.785833,0.000000,1.093560
60,18.400000,11.033333,13.787833,0.000000,1.091268
61,18.400000,11.166667,13.809167,0.000000,1.069053
62,18.400000,11.033333,13.792000,0.000000,1.068624
63,18.433333,11.100000,13.810000,0.000000,1.096504
64,18.433333,11.066667,13.815000,0.000000,1.088048
65,18.433333,11.033333,13.798833,0.000000,1.078968
66,18.433333,11.033333,13.811333,0.000000,1.091679
67,18.433333,11.133333,13.774500,0.000000,1.083872
68,18.433333,10.966667,13.814000,0.000000,1.074561
69,18.433333,11.266667,13.826500,0.000000,1.078030
70,18.433333,11.133333,13.810500,0.000000,1.076805
71,18.433333,11.166667,13.821167,0.000000,1.076340
72,18.433333,11.100000,13.809667,0.000000,1.073757
73,18.433333,11.100000,13.797333,0.000000,1.104030
74,18.433333,11.033333,13.809333,0.000000,1.091214
75,18.433333,11.033333,13.827833,0.000000,1.078529
76,18.433333,11.166667,13.806000,0.000000,1.085414
77,18.433333,11.000000,13.787333,0.000000,1.068390
78,18.433333,11.166667,13.819333,0.000000,1.083080
79,18.433333,11.166667,13.828333,0.000000,1.071596
80,18.433333,11.200000,13.787167,0.000000,1.085478
81,18.433333,11.066667,13.800500,0.000000,1.085393
82,18.433333,10.966667,13.804167,0.000000,1.086002
83,18.433333,11.033333,13.792667,0.000000,1.075971
84,18.433333,11.033333,13.814333,0.000000,1.083053
85,18.433333,11.166667,13.815333,0.000000,1.075109
86,18.433333,11.033333,13.815333,0.000000,1.097074
87,18.433333,11.066667,13.802667,0.000000,1.087290
88,18.466667,11.133333,13.805667,0.000000,1.086335
89,18.466667,11.100000,13.782500,0.000000,1.079489
90,18.466667,10.966667,13.802167,0.000000,1.079389
91,18.466667,11.100000,13.812500,0.000000,1.093347
92,18.466667,11.033333,13.812000,0.000000,1.082770
93,18.466667,10.966667,13.816000,0.000000,1.090552
94,18.466667,11.033333,13.807000,0.000000,1.091429
95,18.500000,11.100000,13.787167,0.000000,1.066410
96,18.500000,11.066667,13.838500,0.000000,1.087376
97,18.500000,11.200000,13.808333,0.000000,1.084672
98,18.500000,10.933333,13.810167,0.000000,1.084202
99,18.500000,11.133333,13.816667,0.000000,1.080678
100,18.500000,11.066667,13.782667,0.000000,1.087641
101,18.500000,11.066667,13.800667,0.000000,1.099154
102,18.500000,10.966667,13.793167,0.000000,1.081692
103,18.500000,11.033333,13.796667,0.000000,1.097888
104,18.500000,11.133333,13.798500,0.000000,1.099793
105,18.500000,11.066667,13.827333,0.000000,1.088723
106,18.500000,10.933333,13.806000,0.000000,1.088793
107,18.500000,10.966667,13.812333,0.000000,1.100370
108,18.500000,11.033333,13.781500,0.000000,1.076984
109,18.500000,11.166667,13.821333,0.000000,1.097007
110,18.500000,11.033333,13.792667,0.000000,1.093095
111,18.500000,11.066667,13.798833,0.000000,1.089359
112,18.500000,11.000000,13.804500,0.000000,1.097887
113,18.500000,11.033333,13.792000,0.000000,1.072672
114,18.500000,11.000000,13.816667,0.000000,1.097100
115,18.500000,11.033333,13.786000,0.000000,1.086608
116,18.500000,11.033333,13.808667,0.000000,1.089373
117,18.500000,11.066667,13.812833,0.000000,1.067471
118,18.500000,11.033333,13.795167,0.000000,1.101050
119,18.500000,11.100000,13.799167,0.000000,1.091825
120,18.500000,11.100000,13.792500,0.000000,1.081900
121,18.500000,11.033333,13.803000,0.000000,1.095221
122,18.500000,11.100000,13.811167,0.000000,1.085914
123,18.500000,11.033333,13.820167,0.000000,1.082367
124,18.500000,11.233333,13.801167,0.000000,1.058545
125,18.533333,11.066667,13.812167,0.000000,1.088875
126,18.533333,11.000000,13.810500,0.000000,1.080829
127,18.533333,11.000000,13.822833,0.000000,1.085382
128,18.533333,11.133333,13.816000,0.000000,1.077619
129,18.533333,11.033333,13.788500,0.000000,1.099358
130,18.533333,11.066667,13.798167,0.000000,1.076557
131,18.533333,11.066667,13.788167,0.000000,1.088436
132,18.533333,11.133333,13.802833,0.000000,1.097070
133,18.533333,11.033333,13.781833,0.000000,1.080608
134,18.533333,11.033333,13.803167,0.000000,1.076397
135,18.533333,11.133333,13.828167,0.000000,1.079133
136,18.533333,11.100000,13.773667,0.000000,1.090597
137,18.533333,11.133333,13.801500,0.000000,1.091673
138,18.566667,11.200000,13.792167,0.000000,1.094042
139,18.566667,11.233333,13.831333,0.000000,1.059682
140,18.566667,11.133333,13.807167,0.000000,1.102752
141,18.566667,10.900000,13.788167,0.000000,1.094157
142,18.566667,11.100000,13.812333,0.000000,1.105800
143,18.566667,11.133333,13.808333,0.000000,1.090878
144,18.566667,11.133333,13.806000,0.000000,1.094558
145,18.566667,11.066667,13.825833,0.000000,1.103237
146,18.566667,11.066667,13.811833,0.000000,1.093736
147,18.566667,10.933333,13.783333,0.000000,1.100916
148,18.566667,11.233333,13.802833,0.000000,1.060942
149,18.566667,11.066667,13.794667,0.000000,1.090436
150,18.566667,11.033333,13.776000,0.000000,1.080343
151,18.566667,11.033333,13.808000,0.000000,1.092726
152,18.600000,11.100000,13.798500,0.000000,1.080381
153,18.600000,11.066667,13.822500,0.000000,1.091936
154,18.600000,10.933333,13.820333,0.000000,1.080297
155,18.600000,11.200000,13.814833,0.000000,1.071841
156,18.600000,11.100000,13.805667,0.000000,1.094767
157,18.600000,11.400000,13.820167,0.000000,1.066489
158,18.600000,11.233333,13.818000,0.000000,1.066169
159,18.600000,11.100000,13.823000,0.000000,1.083852
160,18.600000,11.033333,13.790167,0.000000,1.106225
161,18.600000,11.166667,13.803833,0.000000,1.083619
162,18.600000,11.166667,13.787333,0.000000,1.081427
163,18.600000,11.066667,13.817000,0.000000,1.086245
164,18.600000,11.000000,13.796000,0.000000,1.082396
165,18.600000,11.100000,13.811500,0.000000,1.107617
166,18.600000,11.100000,13.800000,0.000000,1.094839
167,18.600000,11.033333,13.770500,0.000000,1.089767
168,18.600000,11.066667,13.808833,0.000000,1.076850
169,18.600000,10.966667,13.823333,0.000000,1.078632
170,18.600000,11.133333,13.821167,0.000000,1.084829
171,18.600000,11.066667,13.827667,0.000000,1.070496
172,18.600000,11.166667,13.800833,0.000000,1.075536
173,18.600000,11.033333,13.798333,0.000000,1.087400
174,18.600000,10.966667,13.791000,0.000000,1.091590
175,18.600000,11.100000,13.787667,0.000000,1.073179
176,18.600000,11.033333,13.799667,0.000000,1.077922
177,18.600000,11.066667,13.819667,0.000000,1.080037
178,18.600000,11.000000,13.794500,0.000000,1.117106
179,18.600000,10.966667,13.804500,0.000000,1.088311
180,18.600000,11.000000,13.797500,0.000000,1.079149
181,18.600000,11.066667,13.791667,0.000000,1.085758
182,18.600000,11.166667,13.807000,0.000000,1.075510
183,18.600000,11.133333,13.812167,0.000000,1.093689
184,18.600000,11.200000,13.796167,0.000000,1.092852
185,18.600000,11.100000,13.799167,0.000000,1.074379
186,18.600000,11.133333,13.822667,0.000000,1.097225
187,18.600000,11.133333,13.812500,0.000000,1.087782
188,18.600000,11.133333,13.797667,0.000000,1.081807
189,18.600000,11.200000,13.825333,0.000000,1.074591
190,18.600000,11.133333,13.799833,0.000000,1.089960
191,18.600000,11.100000,13.808333,0.000000,1.082749
192,18.600000,11.066667,13.792833,0.000000,1.075400
193,18.600000,11.166667,13.836500,0.000000,1.093106
194,18.600000,11.066667,13.798500,0.000000,1.091933
195,18.600000,11.033333,13.796167,0.000000,1.092637
196,18.600000,11.100000,13.825000,0.000000,1.084654
197,18.600000,11.033333,13.820500,0.000000,1.080800
198,18.600000,11.100000,13.810333,0.000000,1.066826
199,18.600000,11.033333,13.783167,0.000000,1.085911
200,18.600000,11.033333,13.791500,0.000000,1.097117
BestSdev: 0.274005, Time: 33m50.160384836s