gen,best,worst,mean,rep,sdev
1,27.700000,14.066667,20.461667,0.000000,3.559652
2,28.233333,14.800000,20.700000,0.000000,3.257931
3,29.233333,14.666667,20.628333,0.000000,3.466143
4,29.933333,14.400000,20.685000,0.000000,3.444093
5,30.300000,14.700000,20.725000,0.000000,3.459919
6,30.600000,14.433333,20.553333,0.000000,3.462938
7,30.766667,14.800000,20.851667,0.000000,3.477430
8,31.133333,14.833333,20.923333,0.000000,3.457765
9,31.133333,14.566667,20.823333,0.000000,3.435101
10,31.433333,14.066667,20.638333,0.000000,3.458773
11,31.500000,14.266667,20.730000,0.000000,3.645970
12,31.666667,14.300000,20.891667,0.000000,3.576077
13,31.666667,14.800000,20.858333,0.000000,3.464298
14,31.666667,14.566667,20.716667,0.000000,3.371157
15,31.666667,14.400000,20.691667,0.000000,3.497036
16,31.733333,14.400000,20.753333,0.000000,3.569273
17,31.766667,14.600000,20.858333,0.000000,3.615610
18,31.866667,13.800000,20.796667,0.000000,3.624006
19,32.000000,14.666667,20.693333,0.000000,3.432412
20,32.033333,14.233333,20.730000,0.000000,3.548297
21,32.166667,14.966667,20.523333,0.000000,3.335212
22,32.166667,14.666667,21.033333,0.000000,3.564253
23,32.166667,14.466667,20.720000,0.000000,3.376037
24,32.266667,14.333333,20.521667,0.000000,3.472951
25,32.433333,14.166667,20.691667,0.000000,3.501750
26,32.500000,14.000000,20.638333,0.000000,3.637014
27,32.500000,14.433333,20.856667,0.000000,3.409724
28,32.500000,14.066667,20.736667,0.000000,3.533258
29,32.533333,14.433333,20.383333,0.000000,3.462347
30,32.533333,14.533333,20.751667,0.000000,3.613143
31,32.533333,14.733333,20.738333,0.000000,3.436418
32,32.533333,14.400000,20.601667,0.000000,3.427920
33,32.533333,14.933333,20.463333,0.000000,3.250766
34,32.533333,14.400000,20.663333,0.000000,3.334224
35,32.533333,14.733333,20.781667,0.000000,3.284491
36,32.600000,13.866667,20.611667,0.000000,3.540659
37,32.600000,14.600000,20.590000,0.000000,3.421866
38,32.600000,14.266667,20.746667,0.000000,3.454233
39,32.600000,14.533333,20.843333,0.000000,3.529238
40,32.600000,14.966667,20.803333,0.000000,3.331654
41,32.600000,14.766667,20.683333,0.000000,3.458673
42,32.600000,14.833333,20.670000,0.000000,3.322529
43,32.800000,14.833333,20.785000,0.000000,3.493424
44,32.900000,14.700000,21.020000,0.000000,3.502411
45,32.900000,14.500000,20.763333,0.000000,3.461282
46,32.933333,14.633333,20.870000,0.000000,3.368145
47,32.933333,14.566667,20.853333,0.000000,3.472860
48,32.933333,14.700000,20.748333,0.000000,3.384214
49,32.933333,14.133333,20.488333,0.000000,3.541929
50,32.933333,14.666667,20.833333,0.000000,3.433474
BestSdev: 1.144769, Time: 1m25.878385754s