gen,best,worst,mean,rep,sdev
1,16.100000,12.166667,13.911667,0.000000,1.042370
2,16.366667,11.900000,13.745000,0.000000,1.044324
3,16.600000,12.033333,13.838333,0.000000,1.070984
4,16.700000,11.900000,13.836667,0.000000,1.076417
5,16.733333,12.133333,13.843333,0.000000,0.994321
6,16.866667,12.033333,13.818333,0.000000,1.043029
7,16.866667,11.966667,13.793333,0.000000,1.030619
8,16.966667,11.766667,13.768333,0.000000,1.087558
9,17.000000,11.866667,13.701667,0.000000,1.046141
10,17.033333,11.933333,13.825000,0.000000,1.034946
11,17.066667,11.866667,13.788333,0.000000,1.087240
12,17.066667,12.033333,13.818333,0.000000,1.008622
13,17.100000,11.966667,13.766667,0.000000,1.023886
14,17.166667,11.966667,13.736667,0.000000,1.074791
15,17.166667,11.833333,13.745000,0.000000,1.076778
16,17.166667,11.933333,13.833333,0.000000,1.026651
17,17.233333,11.733333,13.750000,0.000000,1.063764
18,17.233333,11.966667,13.851667,0.000000,1.069632
19,17.300000,11.900000,13.800000,0.000000,1.047747
20,17.300000,12.000000,13.831667,0.000000,1.003288
21,17.300000,11.866667,13.818333,0.000000,1.036318
22,17.333333,11.766667,13.755000,0.000000,1.051254
23,17.333333,11.733333,13.736667,0.000000,1.046960
24,17.333333,12.000000,13.830000,0.000000,1.033474
25,17.333333,11.900000,13.731667,0.000000,1.028366
26,17.333333,11.966667,13.796667,0.000000,1.008594
27,17.333333,12.000000,13.773333,0.000000,1.066618
28,17.333333,11.933333,13.758333,0.000000,1.055825
29,17.333333,11.900000,13.843333,0.000000,1.047681
30,17.333333,12.066667,13.836667,0.000000,1.045683
31,17.333333,11.900000,13.780000,0.000000,1.070251
32,17.333333,11.733333,13.765000,0.000000,1.063644
33,17.333333,11.866667,13.821667,0.000000,1.048416
34,17.333333,11.833333,13.806667,0.000000,1.079199
35,17.333333,11.833333,13.793333,0.000000,1.072983
36,17.333333,11.900000,13.848333,0.000000,1.085928
37,17.333333,12.100000,13.836667,0.000000,0.998622
38,17.333333,11.966667,13.798333,0.000000,1.036778
39,17.333333,11.933333,13.828333,0.000000,1.088558
40,17.333333,11.800000,13.778333,0.000000,1.063667
41,17.333333,11.900000,13.815000,0.000000,1.058999
42,17.366667,12.066667,13.821667,0.000000,1.046999
43,17.400000,11.866667,13.853333,0.000000,1.065262
44,17.433333,11.866667,13.760000,0.000000,1.052443
45,17.433333,11.966667,13.810000,0.000000,1.024567
46,17.466667,12.033333,13.895000,0.000000,1.052997
47,17.466667,12.133333,13.778333,0.000000,0.994189
48,17.466667,11.933333,13.786667,0.000000,1.075174
49,17.500000,12.066667,13.856667,0.000000,1.052545
50,17.533333,12.100000,13.816667,0.000000,1.008441
51,17.533333,11.733333,13.831667,0.000000,1.097584
52,17.566667,11.833333,13.903333,0.000000,1.111036
53,17.566667,11.966667,13.813333,0.000000,1.063733
54,17.566667,12.066667,13.850000,0.000000,1.036453
55,17.566667,12.000000,13.851667,0.000000,1.051199
56,17.600000,11.966667,13.840000,0.000000,1.049020
57,17.600000,11.800000,13.773333,0.000000,1.077600
58,17.633333,12.066667,13.816667,0.000000,1.070208
59,17.666667,11.866667,13.756667,0.000000,1.078496
60,17.666667,11.933333,13.741667,0.000000,1.049929
61,17.666667,11.800000,13.708333,0.000000,1.050691
62,17.666667,12.000000,13.825000,0.000000,0.998410
63,17.666667,11.966667,13.750000,0.000000,1.037003
64,17.666667,11.766667,13.810000,0.000000,1.071781
65,17.666667,12.033333,13.815000,0.000000,1.046740
66,17.666667,12.033333,13.858333,0.000000,1.027568
67,17.666667,12.033333,13.825000,0.000000,1.056883
68,17.666667,12.033333,13.786667,0.000000,1.026608
69,17.666667,12.000000,13.803333,0.000000,1.072503
70,17.666667,11.833333,13.830000,0.000000,1.059390
71,17.666667,11.866667,13.785000,0.000000,1.071586
72,17.666667,11.966667,13.841667,0.000000,1.036308
73,17.700000,12.066667,13.845000,0.000000,1.035367
74,17.700000,12.100000,13.860000,0.000000,1.009035
75,17.700000,11.933333,13.821667,0.000000,0.963086
76,17.700000,12.000000,13.873333,0.000000,1.039282
77,17.700000,11.800000,13.836667,0.000000,1.075222
78,17.733333,11.933333,13.828333,0.000000,1.094824
79,17.733333,11.966667,13.795000,0.000000,1.042603
80,17.733333,11.766667,13.765000,0.000000,1.064199
81,17.733333,11.833333,13.728333,0.000000,1.080287
82,17.766667,11.733333,13.700000,0.000000,1.051252
83,17.766667,11.966667,13.750000,0.000000,1.002671
84,17.800000,11.933333,13.836667,0.000000,1.070725
85,17.800000,11.766667,13.786667,0.000000,1.071038
86,17.800000,12.033333,13.838333,0.000000,0.985305
87,17.800000,11.733333,13.748333,0.000000,1.097705
88,17.800000,12.000000,13.745000,0.000000,0.994630
89,17.800000,11.933333,13.776667,0.000000,1.077985
90,17.800000,11.966667,13.858333,0.000000,1.030134
91,17.800000,11.966667,13.858333,0.000000,1.065526
92,17.800000,11.866667,13.831667,0.000000,1.066780
93,17.800000,12.033333,13.831667,0.000000,1.049135
94,17.800000,11.933333,13.786667,0.000000,1.027251
95,17.800000,11.833333,13.756667,0.000000,1.059201
96,17.800000,12.033333,13.761667,0.000000,1.065068
97,17.833333,11.833333,13.795000,0.000000,1.043225
98,17.833333,11.933333,13.815000,0.000000,1.001601
99,17.833333,12.066667,13.811667,0.000000,1.003702
100,17.833333,11.900000,13.780000,0.000000,1.083602
101,17.833333,11.933333,13.835000,0.000000,1.067575
102,17.833333,12.100000,13.943333,0.000000,1.071009
103,17.833333,11.900000,13.888333,0.000000,1.132622
104,17.833333,11.966667,13.770000,0.000000,1.033193
105,17.833333,12.000000,13.773333,0.000000,0.995412
106,17.833333,11.966667,13.791667,0.000000,1.028177
107,17.833333,11.933333,13.758333,0.000000,0.969760
108,17.833333,11.766667,13.750000,0.000000,1.099466
109,17.833333,11.833333,13.876667,0.000000,1.065964
110,17.833333,12.066667,13.848333,0.000000,1.032766
111,17.833333,12.000000,13.821667,0.000000,1.027025
112,17.866667,12.066667,13.848333,0.000000,0.984475
113,17.900000,11.966667,13.906667,0.000000,1.081495
114,17.900000,11.966667,13.788333,0.000000,1.065516
115,17.900000,12.200000,13.941667,0.000000,1.090483
116,17.900000,11.933333,13.781667,0.000000,1.051386
117,17.900000,11.900000,13.800000,0.000000,1.040339
118,17.900000,12.033333,13.805000,0.000000,0.980451
119,17.900000,11.833333,13.800000,0.000000,1.063508
120,17.900000,11.900000,13.818333,0.000000,1.058377
121,17.900000,11.966667,13.881667,0.000000,1.045918
122,17.900000,11.766667,13.780000,0.000000,1.059906
123,17.900000,11.800000,13.788333,0.000000,1.044099
124,17.900000,11.900000,13.771667,0.000000,1.030377
125,17.900000,12.100000,13.835000,0.000000,1.004548
126,17.900000,12.233333,13.865000,0.000000,1.017450
127,17.900000,11.933333,13.831667,0.000000,1.064577
128,17.900000,11.833333,13.820000,0.000000,1.094825
129,17.900000,11.800000,13.761667,0.000000,1.084891
130,17.900000,11.966667,13.826667,0.000000,1.066890
131,17.900000,11.700000,13.760000,0.000000,1.082516
132,17.900000,11.633333,13.736667,0.000000,1.100999
133,17.933333,11.866667,13.785000,0.000000,1.057652
134,17.933333,11.900000,13.790000,0.000000,1.044713
135,17.933333,11.900000,13.848333,0.000000,1.086022
136,17.933333,11.900000,13.838333,0.000000,0.999590
137,17.933333,11.900000,13.833333,0.000000,1.055328
138,17.933333,12.033333,13.796667,0.000000,1.034184
139,17.933333,11.933333,13.780000,0.000000,1.047524
140,17.933333,11.800000,13.870000,0.000000,1.115153
141,17.933333,11.833333,13.816667,0.000000,1.031202
142,17.933333,12.000000,13.861667,0.000000,1.071245
143,17.933333,11.933333,13.855000,0.000000,1.123583
144,17.933333,11.833333,13.780000,0.000000,1.040232
145,17.933333,12.000000,13.811667,0.000000,1.059254
146,17.933333,12.000000,13.881667,0.000000,1.027264
147,17.966667,12.000000,13.888333,0.000000,1.061554
148,17.966667,12.033333,13.805000,0.000000,1.033311
149,17.966667,11.933333,13.780000,0.000000,1.038870
150,17.966667,11.933333,13.716667,0.000000,1.059416
151,17.966667,12.100000,13.841667,0.000000,1.030565
152,17.966667,11.966667,13.846667,0.000000,1.035964
153,17.966667,11.666667,13.815000,0.000000,1.083627
154,17.966667,12.000000,13.818333,0.000000,1.032191
155,17.966667,12.033333,13.876667,0.000000,1.035738
156,17.966667,11.766667,13.725000,0.000000,1.050373
157,17.966667,11.933333,13.806667,0.000000,1.055295
158,17.966667,12.033333,13.775000,0.000000,1.135658
159,17.966667,11.900000,13.793333,0.000000,1.006441
160,17.966667,12.166667,13.813333,0.000000,1.051224
161,17.966667,11.966667,13.746667,0.000000,1.028384
162,17.966667,12.000000,13.770000,0.000000,1.053137
163,17.966667,12.033333,13.856667,0.000000,1.035132
164,17.966667,11.866667,13.788333,0.000000,1.047236
165,17.966667,12.000000,13.826667,0.000000,1.019147
166,17.966667,12.100000,13.781667,0.000000,0.998115
167,17.966667,12.000000,13.758333,0.000000,0.989749
168,17.966667,11.966667,13.783333,0.000000,1.057599
169,18.000000,11.866667,13.795000,0.000000,1.058942
170,18.000000,12.066667,13.850000,0.000000,1.048130
171,18.000000,11.866667,13.771667,0.000000,1.079907
172,18.000000,11.933333,13.738333,0.000000,0.989425
173,18.000000,11.966667,13.725000,0.000000,0.988805
174,18.000000,11.833333,13.848333,0.000000,1.124067
175,18.000000,12.066667,13.825000,0.000000,1.026287
176,18.000000,11.933333,13.833333,0.000000,1.009906
177,18.000000,11.900000,13.790000,0.000000,1.024078
178,18.000000,11.933333,13.770000,0.000000,1.050983
179,18.000000,12.000000,13.791667,0.000000,1.029242
180,18.000000,12.033333,13.848333,0.000000,0.988233
181,18.033333,11.866667,13.781667,0.000000,1.052460
182,18.033333,11.900000,13.781667,0.000000,1.054067
183,18.033333,11.733333,13.728333,0.000000,1.074572
184,18.033333,11.866667,13.866667,0.000000,1.139591
185,18.033333,12.033333,13.791667,0.000000,1.068238
186,18.033333,11.866667,13.846667,0.000000,1.089853
187,18.033333,11.866667,13.825000,0.000000,1.036129
188,18.033333,11.766667,13.748333,0.000000,1.087730
189,18.033333,12.133333,13.865000,0.000000,0.995246
190,18.066667,11.833333,13.763333,0.000000,1.104386
191,18.066667,11.966667,13.753333,0.000000,1.023564
192,18.066667,11.900000,13.771667,0.000000,1.077425
193,18.066667,11.933333,13.816667,0.000000,1.041502
194,18.066667,11.900000,13.823333,0.000000,1.134389
195,18.066667,11.900000,13.768333,0.000000,1.037067
196,18.066667,11.966667,13.828333,0.000000,1.059210
197,18.066667,12.133333,13.851667,0.000000,1.006526
198,18.066667,11.966667,13.891667,0.000000,1.066554
199,18.066667,11.866667,13.741667,0.000000,1.025380
200,18.066667,11.966667,13.755000,0.000000,1.019111
BestSdev: 0.344917, Time: 7m57.559194769s