gen,best,worst,mean,rep,sdev
1,17.133333,10.933333,13.804600,0.000000,1.085838
2,17.466667,10.833333,13.800933,0.000000,1.099955
3,17.600000,10.866667,13.803533,0.000000,1.080423
4,17.733333,10.833333,13.795933,0.000000,1.096257
5,17.800000,10.966667,13.791733,0.000000,1.074458
6,17.866667,10.933333,13.808267,0.000000,1.085007
7,17.900000,10.833333,13.803667,0.000000,1.084121
8,17.900000,10.866667,13.802133,0.000000,1.088851
9,17.966667,10.833333,13.793600,0.000000,1.079113
10,17.966667,10.800000,13.805067,0.000000,1.078487
11,18.000000,10.866667,13.820600,0.000000,1.094173
12,18.000000,10.866667,13.799467,0.000000,1.091850
13,18.033333,10.766667,13.802133,0.000000,1.091325
14,18.066667,10.933333,13.807533,0.000000,1.093655
15,18.100000,10.866667,13.801733,0.000000,1.095023
16,18.100000,10.866667,13.795533,0.000000,1.091080
17,18.100000,10.900000,13.812933,0.000000,1.078301
18,18.100000,10.933333,13.810933,0.000000,1.079786
19,18.100000,10.866667,13.804667,0.000000,1.083738
20,18.100000,10.966667,13.802867,0.000000,1.090501
21,18.100000,10.933333,13.798400,0.000000,1.086422
22,18.133333,10.966667,13.811733,0.000000,1.078867
23,18.133333,10.833333,13.788600,0.000000,1.085938
24,18.133333,10.966667,13.813467,0.000000,1.083288
25,18.166667,10.866667,13.811267,0.000000,1.090039
26,18.233333,10.966667,13.810733,0.000000,1.080883
27,18.266667,10.833333,13.810067,0.000000,1.077542
28,18.266667,10.966667,13.798800,0.000000,1.089427
29,18.266667,11.000000,13.809000,0.000000,1.079414
30,18.266667,10.866667,13.801267,0.000000,1.080615
31,18.300000,10.766667,13.791000,0.000000,1.101040
32,18.300000,10.900000,13.807533,0.000000,1.080846
33,18.300000,10.933333,13.799400,0.000000,1.100669
34,18.300000,10.900000,13.811800,0.000000,1.098355
35,18.300000,10.933333,13.809800,0.000000,1.081534
36,18.300000,10.866667,13.816467,0.000000,1.095968
37,18.300000,10.866667,13.809000,0.000000,1.087315
38,18.300000,10.866667,13.796333,0.000000,1.077710
39,18.300000,10.900000,13.800267,0.000000,1.093663
40,18.300000,10.733333,13.806933,0.000000,1.092949
41,18.300000,10.900000,13.811467,0.000000,1.080150
42,18.300000,10.866667,13.817333,0.000000,1.084858
43,18.333333,10.966667,13.812667,0.000000,1.089524
44,18.333333,10.966667,13.795667,0.000000,1.077801
45,18.333333,10.866667,13.809733,0.000000,1.089873
46,18.333333,10.900000,13.810267,0.000000,1.085125
47,18.333333,11.000000,13.803867,0.000000,1.088632
48,18.333333,10.933333,13.802067,0.000000,1.080202
49,18.333333,10.933333,13.807933,0.000000,1.087235
50,18.333333,10.900000,13.803400,0.000000,1.095055
51,18.333333,10.933333,13.808933,0.000000,1.094720
52,18.366667,10.800000,13.813400,0.000000,1.093999
53,18.400000,10.833333,13.797867,0.000000,1.085707
54,18.400000,11.000000,13.811533,0.000000,1.088315
55,18.433333,10.833333,13.793333,0.000000,1.089353
56,18.433333,10.866667,13.805267,0.000000,1.089610
57,18.433333,10.933333,13.793933,0.000000,1.099166
58,18.433333,11.000000,13.792067,0.000000,1.074864
59,18.433333,10.933333,13.813400,0.000000,1.091256
60,18.433333,10.933333,13.813933,0.000000,1.086005
61,18.433333,10.866667,13.818400,0.000000,1.084095
62,18.433333,11.000000,13.805933,0.000000,1.088022
63,18.433333,10.966667,13.813667,0.000000,1.091181
64,18.433333,10.900000,13.811200,0.000000,1.090753
65,18.433333,10.933333,13.797467,0.000000,1.092147
66,18.433333,10.866667,13.806467,0.000000,1.078726
67,18.433333,10.900000,13.816467,0.000000,1.088690
68,18.433333,10.933333,13.787400,0.000000,1.099479
69,18.433333,10.933333,13.815000,0.000000,1.087962
70,18.433333,10.966667,13.806533,0.000000,1.081490
71,18.433333,10.966667,13.797933,0.000000,1.084943
72,18.433333,10.933333,13.790200,0.000000,1.072245
73,18.433333,10.966667,13.806133,0.000000,1.088002
74,18.500000,10.866667,13.797667,0.000000,1.080896
75,18.500000,10.866667,13.805200,0.000000,1.086111
76,18.500000,10.866667,13.816333,0.000000,1.090416
77,18.500000,10.900000,13.807267,0.000000,1.107030
78,18.500000,10.866667,13.802733,0.000000,1.085022
79,18.533333,10.933333,13.809933,0.000000,1.087478
80,18.533333,10.766667,13.809400,0.000000,1.082993
81,18.533333,10.833333,13.793933,0.000000,1.085753
82,18.533333,10.900000,13.800467,0.000000,1.092267
83,18.533333,10.933333,13.809200,0.000000,1.098034
84,18.533333,11.000000,13.808000,0.000000,1.082081
85,18.533333,10.733333,13.805200,0.000000,1.080627
86,18.533333,10.900000,13.803400,0.000000,1.082279
87,18.533333,10.800000,13.809667,0.000000,1.098407
88,18.533333,11.000000,13.816267,0.000000,1.086286
89,18.533333,10.966667,13.814867,0.000000,1.092980
90,18.533333,10.933333,13.830533,0.000000,1.090032
91,18.533333,10.933333,13.811067,0.000000,1.076550
92,18.533333,10.866667,13.794600,0.000000,1.081475
93,18.533333,10.866667,13.816600,0.000000,1.084477
94,18.533333,10.866667,13.811267,0.000000,1.098699
95,18.533333,10.866667,13.801667,0.000000,1.091165
96,18.533333,10.933333,13.809267,0.000000,1.092536
97,18.600000,10.833333,13.805667,0.000000,1.088035
98,18.600000,10.866667,13.805200,0.000000,1.096130
99,18.600000,10.900000,13.803333,0.000000,1.087059
100,18.600000,10.833333,13.803667,0.000000,1.088798
101,18.600000,10.933333,13.809533,0.000000,1.087155
102,18.600000,10.933333,13.814200,0.000000,1.092390
103,18.600000,10.900000,13.802800,0.000000,1.082585
104,18.600000,10.866667,13.789400,0.000000,1.094799
105,18.600000,10.933333,13.804200,0.000000,1.086630
106,18.600000,10.866667,13.797200,0.000000,1.097969
107,18.600000,10.933333,13.795733,0.000000,1.094468
108,18.600000,10.900000,13.789467,0.000000,1.088642
109,18.600000,10.900000,13.809667,0.000000,1.088769
110,18.600000,10.900000,13.792133,0.000000,1.085621
111,18.600000,10.900000,13.815667,0.000000,1.087481
112,18.600000,10.866667,13.815800,0.000000,1.092524
113,18.600000,10.833333,13.806800,0.000000,1.095457
114,18.600000,10.800000,13.805467,0.000000,1.074891
115,18.600000,10.866667,13.814600,0.000000,1.086854
116,18.600000,10.966667,13.812533,0.000000,1.093145
117,18.600000,10.966667,13.813800,0.000000,1.084692
118,18.600000,10.833333,13.822467,0.000000,1.091703
119,18.600000,10.900000,13.806600,0.000000,1.101312
120,18.600000,10.933333,13.806400,0.000000,1.091848
121,18.600000,10.866667,13.811200,0.000000,1.087161
122,18.600000,10.933333,13.809800,0.000000,1.095123
123,18.600000,10.966667,13.810867,0.000000,1.081257
124,18.600000,10.900000,13.820067,0.000000,1.088797
125,18.600000,10.866667,13.807867,0.000000,1.087192
126,18.600000,10.866667,13.803133,0.000000,1.100126
127,18.600000,10.900000,13.821267,0.000000,1.076297
128,18.600000,10.900000,13.800667,0.000000,1.088661
129,18.600000,10.800000,13.799733,0.000000,1.092627
130,18.600000,10.966667,13.797333,0.000000,1.082933
131,18.600000,10.866667,13.796867,0.000000,1.082042
132,18.600000,10.900000,13.800867,0.000000,1.079998
133,18.600000,10.866667,13.794133,0.000000,1.079855
134,18.600000,10.900000,13.799933,0.000000,1.092960
135,18.633333,10.866667,13.802400,0.000000,1.084342
136,18.633333,10.866667,13.822000,0.000000,1.087552
137,18.633333,10.866667,13.809933,0.000000,1.091308
138,18.633333,10.800000,13.800733,0.000000,1.083462
139,18.633333,10.933333,13.803733,0.000000,1.088379
140,18.633333,10.933333,13.800533,0.000000,1.088756
141,18.633333,10.966667,13.796333,0.000000,1.087388
142,18.633333,10.900000,13.803933,0.000000,1.083329
143,18.633333,10.866667,13.807733,0.000000,1.094111
144,18.666667,10.900000,13.805133,0.000000,1.088192
145,18.666667,10.900000,13.817533,0.000000,1.091473
146,18.666667,10.833333,13.813667,0.000000,1.093016
147,18.666667,10.866667,13.800467,0.000000,1.087325
148,18.666667,11.000000,13.797600,0.000000,1.088021
149,18.666667,10.800000,13.794600,0.000000,1.086166
150,18.666667,10.766667,13.809133,0.000000,1.098183
151,18.666667,10.900000,13.800333,0.000000,1.087485
152,18.666667,10.900000,13.807600,0.000000,1.085208
153,18.666667,10.933333,13.800600,0.000000,1.089850
154,18.666667,10.766667,13.797267,0.000000,1.086926
155,18.666667,10.866667,13.814200,0.000000,1.091000
156,18.666667,10.833333,13.801133,0.000000,1.091279
157,18.666667,10.866667,13.806467,0.000000,1.096038
158,18.666667,10.966667,13.829200,0.000000,1.085737
159,18.666667,10.900000,13.798067,0.000000,1.094356
160,18.666667,10.933333,13.800733,0.000000,1.081816
161,18.666667,10.933333,13.795267,0.000000,1.096126
162,18.666667,10.933333,13.808800,0.000000,1.084228
163,18.666667,11.000000,13.794133,0.000000,1.093708
164,18.666667,10.966667,13.807800,0.000000,1.083462
165,18.666667,10.766667,13.802933,0.000000,1.081527
166,18.666667,10.900000,13.802333,0.000000,1.093839
167,18.666667,10.833333,13.812333,0.000000,1.082765
168,18.666667,10.966667,13.796133,0.000000,1.079846
169,18.666667,10.933333,13.804933,0.000000,1.092170
170,18.666667,10.833333,13.817067,0.000000,1.091777
171,18.666667,10.866667,13.799333,0.000000,1.095445
172,18.666667,10.933333,13.802667,0.000000,1.089280
173,18.666667,10.900000,13.802200,0.000000,1.075682
174,18.666667,10.966667,13.793267,0.000000,1.070878
175,18.666667,10.866667,13.801733,0.000000,1.090820
176,18.666667,10.966667,13.800867,0.000000,1.089714
177,18.666667,10.900000,13.815733,0.000000,1.095443
178,18.666667,10.933333,13.800867,0.000000,1.094757
179,18.666667,10.900000,13.787400,0.000000,1.090286
180,18.666667,10.933333,13.791467,0.000000,1.096908
181,18.666667,10.900000,13.792867,0.000000,1.083432
182,18.666667,10.966667,13.801867,0.000000,1.078847
183,18.666667,10.866667,13.820667,0.000000,1.083853
184,18.666667,10.833333,13.797533,0.000000,1.091054
185,18.666667,10.900000,13.802133,0.000000,1.088007
186,18.666667,10.933333,13.799533,0.000000,1.085152
187,18.700000,10.933333,13.805533,0.000000,1.077326
188,18.700000,10.866667,13.790800,0.000000,1.083728
189,18.733333,10.966667,13.787733,0.000000,1.082448
190,18.733333,11.000000,13.810400,0.000000,1.086955
191,18.733333,10.866667,13.820933,0.000000,1.080734
192,18.733333,10.933333,13.803867,0.000000,1.078796
193,18.733333,10.933333,13.806800,0.000000,1.091583
194,18.733333,10.900000,13.809733,0.000000,1.086717
195,18.733333,10.800000,13.802667,0.000000,1.091737
196,18.733333,10.833333,13.811800,0.000000,1.093486
197,18.733333,10.833333,13.808533,0.000000,1.101195
198,18.733333,10.833333,13.809533,0.000000,1.091419
199,18.733333,10.900000,13.799267,0.000000,1.092643
200,18.733333,10.833333,13.818067,0.000000,1.082531
201,18.766667,10.900000,13.809133,0.000000,1.101763
202,18.766667,10.933333,13.801933,0.000000,1.084779
203,18.766667,10.866667,13.820933,0.000000,1.089411
204,18.766667,10.933333,13.800400,0.000000,1.085457
205,18.800000,10.900000,13.806200,0.000000,1.089144
206,18.800000,10.900000,13.802333,0.000000,1.090723
207,18.800000,10.966667,13.807933,0.000000,1.099512
208,18.800000,10.900000,13.798067,0.000000,1.084624
209,18.800000,10.933333,13.811600,0.000000,1.086149
210,18.800000,10.866667,13.811067,0.000000,1.097668
211,18.800000,10.900000,13.817200,0.000000,1.095770
212,18.800000,10.900000,13.794200,0.000000,1.088655
213,18.800000,10.933333,13.791400,0.000000,1.089218
214,18.800000,10.900000,13.790000,0.000000,1.090376
215,18.800000,10.900000,13.813867,0.000000,1.093079
216,18.833333,10.800000,13.795533,0.000000,1.095644
217,18.833333,10.933333,13.800400,0.000000,1.077101
218,18.833333,10.900000,13.797600,0.000000,1.089169
219,18.833333,10.900000,13.816333,0.000000,1.094519
220,18.833333,10.666667,13.806267,0.000000,1.089440
221,18.833333,10.866667,13.823267,0.000000,1.072542
222,18.833333,10.833333,13.808667,0.000000,1.092147
223,18.833333,10.866667,13.809733,0.000000,1.096169
224,18.833333,10.900000,13.810733,0.000000,1.097643
225,18.833333,10.900000,13.792067,0.000000,1.089555
226,18.833333,10.933333,13.805200,0.000000,1.086260
227,18.833333,10.900000,13.813200,0.000000,1.094585
228,18.833333,10.933333,13.807400,0.000000,1.090515
229,18.833333,10.900000,13.798467,0.000000,1.092111
230,18.833333,10.733333,13.810667,0.000000,1.090853
231,18.833333,10.933333,13.816733,0.000000,1.085273
232,18.833333,10.866667,13.815000,0.000000,1.083557
233,18.833333,10.900000,13.795333,0.000000,1.072074
234,18.833333,10.833333,13.824867,0.000000,1.094109
235,18.833333,10.766667,13.794800,0.000000,1.075567
236,18.833333,10.966667,13.808800,0.000000,1.080186
237,18.866667,10.933333,13.814600,0.000000,1.094140
238,18.866667,10.866667,13.802000,0.000000,1.083279
239,18.866667,10.933333,13.814133,0.000000,1.088474
240,18.866667,10.900000,13.808867,0.000000,1.081443
241,18.866667,10.800000,13.810000,0.000000,1.091431
242,18.866667,10.800000,13.803133,0.000000,1.092633
243,18.900000,10.800000,13.805800,0.000000,1.086973
244,18.900000,10.900000,13.797067,0.000000,1.088320
245,18.900000,10.966667,13.804267,0.000000,1.080959
246,18.900000,10.933333,13.810400,0.000000,1.087165
247,18.900000,10.933333,13.788533,0.000000,1.093669
248,18.900000,10.833333,13.820800,0.000000,1.085190
249,18.900000,10.933333,13.791600,0.000000,1.093528
250,18.900000,10.966667,13.804267,0.000000,1.094755
251,18.900000,10.866667,13.807867,0.000000,1.089493
252,18.900000,10.900000,13.803267,0.000000,1.075686
253,18.900000,11.000000,13.808000,0.000000,1.072712
254,18.900000,10.900000,13.794333,0.000000,1.082742
255,18.900000,10.966667,13.818800,0.000000,1.096111
256,18.900000,10.866667,13.797133,0.000000,1.086038
257,18.900000,10.900000,13.804800,0.000000,1.081665
258,18.900000,10.900000,13.820000,0.000000,1.098487
259,18.900000,10.866667,13.804067,0.000000,1.083248
260,18.900000,10.800000,13.788000,0.000000,1.093291
261,18.900000,10.933333,13.793133,0.000000,1.096065
262,18.933333,10.966667,13.805733,0.000000,1.084923
263,18.933333,10.966667,13.814533,0.000000,1.086442
264,18.933333,10.900000,13.800200,0.000000,1.085850
265,18.933333,10.900000,13.792333,0.000000,1.079157
266,18.933333,10.933333,13.811000,0.000000,1.094523
267,18.933333,10.966667,13.809000,0.000000,1.090266
268,18.933333,10.966667,13.816533,0.000000,1.080254
269,18.933333,10.966667,13.781467,0.000000,1.096976
270,18.933333,10.966667,13.799533,0.000000,1.079896
271,18.933333,10.866667,13.804333,0.000000,1.089223
272,18.933333,10.900000,13.809733,0.000000,1.096162
273,18.933333,10.933333,13.791333,0.000000,1.092309
274,18.933333,10.933333,13.817400,0.000000,1.103398
275,18.933333,10.866667,13.791867,0.000000,1.088377
276,18.933333,10.933333,13.805600,0.000000,1.079798
277,18.933333,11.033333,13.815600,0.000000,1.089133
278,18.933333,10.833333,13.802133,0.000000,1.093414
279,18.933333,10.866667,13.795667,0.000000,1.099312
280,18.933333,10.866667,13.819467,0.000000,1.098045
281,18.933333,11.000000,13.820333,0.000000,1.087735
282,18.933333,10.833333,13.812267,0.000000,1.096689
283,18.933333,10.900000,13.813733,0.000000,1.093329
284,18.933333,10.900000,13.812200,0.000000,1.094762
285,18.933333,10.833333,13.804267,0.000000,1.095622
286,18.933333,10.833333,13.806667,0.000000,1.082728
287,18.933333,10.833333,13.808533,0.000000,1.094526
288,18.933333,10.933333,13.808867,0.000000,1.095145
289,18.933333,10.866667,13.818067,0.000000,1.091675
290,18.933333,10.966667,13.806000,0.000000,1.089715
291,18.933333,10.933333,13.787667,0.000000,1.089200
292,18.933333,10.900000,13.808867,0.000000,1.094213
293,18.933333,10.866667,13.793333,0.000000,1.085912
294,18.933333,10.800000,13.797800,0.000000,1.087077
295,18.933333,10.833333,13.797800,0.000000,1.080676
296,18.933333,10.933333,13.812400,0.000000,1.097695
297,18.933333,10.900000,13.815467,0.000000,1.081565
298,18.933333,10.900000,13.806933,0.000000,1.089720
299,18.933333,10.933333,13.790933,0.000000,1.091289
300,18.933333,10.966667,13.799667,0.000000,1.088081
301,18.966667,10.866667,13.796667,0.000000,1.091006
302,18.966667,10.933333,13.810800,0.000000,1.081955
303,18.966667,11.000000,13.802067,0.000000,1.091421
304,18.966667,10.900000,13.792733,0.000000,1.085823
305,18.966667,10.900000,13.813600,0.000000,1.084693
306,18.966667,11.000000,13.785000,0.000000,1.082128
307,18.966667,10.833333,13.815933,0.000000,1.086108
308,18.966667,10.900000,13.798467,0.000000,1.080004
309,18.966667,10.866667,13.795867,0.000000,1.082797
310,18.966667,10.900000,13.815267,0.000000,1.092192
311,18.966667,10.933333,13.827800,0.000000,1.092124
312,18.966667,10.833333,13.795067,0.000000,1.092088
313,18.966667,10.966667,13.795333,0.000000,1.077107
314,18.966667,10.866667,13.808667,0.000000,1.085353
315,18.966667,10.966667,13.819267,0.000000,1.079626
316,18.966667,10.833333,13.811067,0.000000,1.082603
317,18.966667,10.933333,13.798000,0.000000,1.083598
318,18.966667,10.900000,13.800267,0.000000,1.085325
319,18.966667,10.900000,13.816133,0.000000,1.083688
320,18.966667,10.933333,13.802867,0.000000,1.084958
321,18.966667,10.866667,13.807133,0.000000,1.093692
322,18.966667,10.866667,13.804533,0.000000,1.084113
323,18.966667,10.866667,13.796267,0.000000,1.084397
324,18.966667,10.966667,13.810400,0.000000,1.099086
325,18.966667,10.900000,13.794267,0.000000,1.093505
326,19.000000,10.966667,13.799333,0.000000,1.092375
327,19.000000,10.900000,13.805733,0.000000,1.100349
328,19.000000,10.966667,13.810933,0.000000,1.085436
329,19.000000,10.933333,13.806467,0.000000,1.090620
330,19.000000,10.866667,13.803800,0.000000,1.084743
331,19.000000,10.766667,13.810933,0.000000,1.086074
332,19.000000,10.933333,13.814933,0.000000,1.095660
333,19.000000,10.833333,13.805733,0.000000,1.088845
334,19.000000,10.866667,13.797867,0.000000,1.083268
335,19.000000,10.833333,13.815200,0.000000,1.087399
336,19.000000,10.900000,13.810400,0.000000,1.083541
337,19.000000,10.833333,13.798867,0.000000,1.095689
338,19.000000,10.866667,13.807467,0.000000,1.095105
339,19.000000,10.900000,13.805200,0.000000,1.077131
340,19.000000,10.966667,13.818800,0.000000,1.086648
341,19.000000,10.866667,13.810600,0.000000,1.090202
342,19.000000,10.766667,13.802800,0.000000,1.090570
343,19.000000,10.800000,13.802067,0.000000,1.093917
344,19.000000,10.966667,13.815933,0.000000,1.079494
345,19.000000,10.833333,13.803600,0.000000,1.099387
346,19.000000,10.833333,13.802533,0.000000,1.083677
347,19.000000,10.800000,13.800867,0.000000,1.086269
348,19.000000,10.833333,13.782867,0.000000,1.102607
349,19.000000,10.933333,13.800800,0.000000,1.085957
350,19.000000,11.000000,13.794533,0.000000,1.084225
351,19.000000,10.966667,13.815067,0.000000,1.095149
352,19.000000,10.933333,13.811933,0.000000,1.083483
353,19.000000,10.866667,13.813000,0.000000,1.088675
354,19.000000,11.000000,13.803600,0.000000,1.086964
355,19.000000,10.966667,13.798667,0.000000,1.088509
356,19.000000,10.800000,13.808867,0.000000,1.106757
357,19.000000,10.800000,13.798000,0.000000,1.091491
358,19.000000,10.933333,13.815000,0.000000,1.090522
359,19.000000,10.933333,13.803333,0.000000,1.082250
360,19.000000,10.866667,13.827267,0.000000,1.092343
361,19.000000,10.900000,13.804400,0.000000,1.086352
362,19.000000,10.900000,13.791067,0.000000,1.097144
363,19.000000,10.866667,13.793800,0.000000,1.098573
364,19.000000,10.800000,13.818133,0.000000,1.086211
365,19.000000,10.866667,13.783667,0.000000,1.090508
366,19.000000,10.866667,13.811533,0.000000,1.084582
367,19.000000,10.933333,13.805067,0.000000,1.085216
368,19.000000,10.866667,13.797933,0.000000,1.090676
369,19.000000,10.900000,13.797000,0.000000,1.080135
370,19.000000,10.900000,13.799267,0.000000,1.098521
371,19.000000,10.900000,13.816800,0.000000,1.087743
372,19.000000,10.833333,13.809733,0.000000,1.088226
373,19.000000,10.966667,13.798000,0.000000,1.084161
374,19.000000,10.900000,13.801067,0.000000,1.089505
375,19.000000,10.900000,13.811600,0.000000,1.098036
376,19.000000,10.900000,13.808067,0.000000,1.091164
377,19.000000,10.800000,13.812200,0.000000,1.082684
378,19.000000,10.900000,13.806533,0.000000,1.082777
379,19.000000,11.033333,13.798933,0.000000,1.072363
380,19.000000,10.933333,13.795267,0.000000,1.084571
381,19.000000,10.900000,13.795733,0.000000,1.085453
382,19.000000,10.900000,13.792267,0.000000,1.085896
383,19.000000,10.966667,13.786800,0.000000,1.077769
384,19.000000,10.733333,13.811267,0.000000,1.081476
385,19.000000,10.900000,13.808400,0.000000,1.090665
386,19.000000,10.800000,13.800933,0.000000,1.089595
387,19.000000,10.866667,13.818400,0.000000,1.093835
388,19.000000,10.933333,13.794533,0.000000,1.080081
389,19.000000,10.900000,13.817467,0.000000,1.087436
390,19.000000,10.900000,13.803867,0.000000,1.085156
391,19.000000,10.933333,13.810000,0.000000,1.091017
392,19.000000,10.833333,13.800267,0.000000,1.088234
393,19.000000,10.933333,13.812867,0.000000,1.094699
394,19.000000,10.866667,13.810333,0.000000,1.085639
395,19.000000,11.000000,13.813133,0.000000,1.078496
396,19.000000,10.833333,13.813867,0.000000,1.101322
397,19.000000,10.866667,13.809200,0.000000,1.087187
398,19.000000,10.900000,13.805400,0.000000,1.083679
399,19.000000,10.900000,13.799000,0.000000,1.098721
400,19.000000,10.866667,13.803933,0.000000,1.082699
401,19.000000,10.833333,13.801200,0.000000,1.092768
402,19.000000,10.933333,13.798533,0.000000,1.088192
403,19.000000,10.833333,13.807800,0.000000,1.111177
404,19.000000,10.933333,13.810467,0.000000,1.087274
405,19.000000,10.900000,13.803067,0.000000,1.083645
406,19.000000,10.933333,13.818067,0.000000,1.088961
407,19.000000,10.933333,13.793733,0.000000,1.095231
408,19.000000,10.800000,13.813400,0.000000,1.098892
409,19.000000,10.933333,13.808800,0.000000,1.082347
410,19.000000,10.933333,13.804600,0.000000,1.085230
411,19.000000,10.900000,13.807000,0.000000,1.093057
412,19.000000,10.933333,13.798667,0.000000,1.084092
413,19.000000,10.966667,13.816333,0.000000,1.092646
414,19.000000,11.000000,13.804800,0.000000,1.094124
415,19.000000,10.966667,13.808067,0.000000,1.078603
416,19.000000,10.866667,13.810000,0.000000,1.080065
417,19.000000,10.866667,13.798200,0.000000,1.100707
418,19.000000,10.800000,13.801667,0.000000,1.088347
419,19.000000,10.833333,13.812800,0.000000,1.096868
420,19.000000,10.833333,13.794267,0.000000,1.096053
421,19.000000,10.866667,13.804333,0.000000,1.088630
422,19.000000,10.933333,13.802267,0.000000,1.078502
423,19.000000,10.800000,13.790867,0.000000,1.088280
424,19.000000,10.900000,13.799600,0.000000,1.081597
425,19.000000,10.866667,13.796400,0.000000,1.091353
426,19.000000,10.966667,13.812533,0.000000,1.081485
427,19.000000,10.900000,13.805867,0.000000,1.080366
428,19.000000,10.933333,13.790933,0.000000,1.083603
429,19.000000,10.866667,13.805933,0.000000,1.082100
430,19.033333,10.900000,13.796733,0.000000,1.080856
431,19.033333,10.933333,13.815600,0.000000,1.083102
432,19.033333,10.900000,13.815133,0.000000,1.093748
433,19.033333,10.833333,13.812200,0.000000,1.090605
434,19.033333,10.900000,13.820067,0.000000,1.099511
435,19.033333,10.966667,13.822067,0.000000,1.097613
436,19.033333,10.966667,13.800933,0.000000,1.102030
437,19.033333,10.966667,13.812733,0.000000,1.088168
438,19.033333,10.933333,13.801933,0.000000,1.066748
439,19.033333,10.866667,13.816733,0.000000,1.089071
440,19.033333,10.900000,13.826200,0.000000,1.082908
441,19.033333,10.900000,13.839200,0.000000,1.092313
442,19.033333,10.933333,13.809267,0.000000,1.083687
443,19.033333,10.966667,13.809667,0.000000,1.085826
444,19.033333,10.933333,13.803733,0.000000,1.076379
445,19.033333,10.866667,13.804467,0.000000,1.089333
446,19.033333,10.800000,13.798133,0.000000,1.078098
447,19.033333,10.900000,13.803200,0.000000,1.081260
448,19.033333,10.933333,13.814933,0.000000,1.094202
449,19.033333,10.966667,13.805400,0.000000,1.093557
450,19.033333,10.900000,13.816200,0.000000,1.087812
451,19.033333,10.900000,13.804933,0.000000,1.087196
452,19.066667,10.933333,13.808800,0.000000,1.087031
453,19.066667,10.833333,13.802067,0.000000,1.096623
454,19.066667,10.933333,13.799533,0.000000,1.093323
455,19.066667,10.800000,13.800333,0.000000,1.098095
456,19.066667,10.966667,13.805333,0.000000,1.087731
457,19.066667,10.866667,13.803267,0.000000,1.092026
458,19.066667,10.833333,13.805200,0.000000,1.092403
459,19.066667,10.933333,13.825533,0.000000,1.094650
460,19.066667,10.833333,13.814000,0.000000,1.093743
461,19.066667,10.700000,13.792867,0.000000,1.079996
462,19.066667,10.933333,13.811333,0.000000,1.089964
463,19.066667,10.866667,13.809800,0.000000,1.087149
464,19.066667,10.966667,13.803800,0.000000,1.090205
465,19.066667,10.733333,13.808000,0.000000,1.087398
466,19.066667,10.800000,13.805067,0.000000,1.092745
467,19.066667,10.933333,13.804933,0.000000,1.094967
468,19.066667,10.966667,13.820400,0.000000,1.101450
469,19.066667,10.866667,13.816333,0.000000,1.084405
470,19.066667,10.900000,13.814133,0.000000,1.085351
471,19.066667,10.866667,13.804800,0.000000,1.087196
472,19.066667,10.966667,13.811000,0.000000,1.074684
473,19.066667,10.900000,13.794200,0.000000,1.099436
474,19.066667,10.833333,13.807533,0.000000,1.085758
475,19.066667,10.966667,13.802667,0.000000,1.092102
476,19.066667,10.933333,13.803800,0.000000,1.085146
477,19.066667,10.933333,13.795733,0.000000,1.087560
478,19.066667,10.833333,13.795867,0.000000,1.082104
479,19.066667,10.866667,13.812800,0.000000,1.094903
480,19.066667,10.933333,13.797667,0.000000,1.089601
481,19.066667,10.766667,13.812133,0.000000,1.086305
482,19.066667,10.833333,13.813600,0.000000,1.085961
483,19.066667,10.833333,13.790200,0.000000,1.097671
484,19.066667,10.866667,13.799600,0.000000,1.089227
485,19.066667,10.900000,13.809800,0.000000,1.082164
486,19.066667,10.933333,13.826733,0.000000,1.090915
487,19.066667,10.866667,13.787067,0.000000,1.088805
488,19.066667,10.900000,13.798533,0.000000,1.076060
489,19.066667,10.800000,13.804267,0.000000,1.091377
490,19.066667,10.900000,13.806600,0.000000,1.080502
491,19.066667,10.933333,13.806200,0.000000,1.097950
492,19.066667,10.933333,13.790067,0.000000,1.096265
493,19.066667,10.866667,13.806667,0.000000,1.082908
494,19.066667,10.900000,13.798800,0.000000,1.086057
495,19.066667,10.800000,13.810267,0.000000,1.091908
496,19.066667,10.966667,13.810067,0.000000,1.089202
497,19.066667,10.866667,13.821067,0.000000,1.092604
498,19.066667,10.933333,13.799333,0.000000,1.089166
499,19.066667,10.866667,13.813733,0.000000,1.101111
500,19.066667,10.933333,13.809200,0.000000,1.087433
BestSdev: 0.295035, Time: 4h52m15.416852464s