gen,best,worst,mean,rep,sdev
1,17.000000,11.000000,13.796333,0.000000,1.078874
2,17.200000,11.100000,13.793000,0.000000,1.090735
3,17.333333,11.100000,13.802000,0.000000,1.072751
4,17.400000,11.000000,13.809333,0.000000,1.104731
5,17.500000,11.133333,13.796333,0.000000,1.092879
6,17.633333,11.033333,13.796333,0.000000,1.091826
7,17.700000,11.100000,13.775833,0.000000,1.087660
8,17.700000,10.933333,13.819000,0.000000,1.101332
9,17.733333,11.100000,13.827833,0.000000,1.091256
10,17.800000,11.133333,13.820167,0.000000,1.073091
11,17.833333,10.966667,13.794000,0.000000,1.111183
12,17.866667,11.200000,13.826833,0.000000,1.095253
13,17.866667,11.200000,13.794000,0.000000,1.082882
14,17.866667,11.066667,13.816833,0.000000,1.084223
15,17.866667,11.133333,13.805500,0.000000,1.077370
16,17.900000,11.100000,13.841667,0.000000,1.083729
17,17.966667,11.100000,13.819333,0.000000,1.094597
18,18.000000,11.033333,13.785833,0.000000,1.089748
19,18.033333,11.166667,13.805500,0.000000,1.089221
20,18.033333,11.000000,13.803667,0.000000,1.093748
21,18.033333,11.100000,13.802000,0.000000,1.083173
22,18.033333,11.033333,13.793833,0.000000,1.090978
23,18.033333,11.100000,13.807333,0.000000,1.090421
24,18.033333,11.066667,13.780500,0.000000,1.081673
25,18.066667,11.033333,13.798167,0.000000,1.092226
26,18.066667,10.966667,13.791333,0.000000,1.104000
27,18.066667,11.033333,13.802667,0.000000,1.102938
28,18.100000,11.066667,13.792667,0.000000,1.084116
29,18.133333,11.100000,13.804333,0.000000,1.090990
30,18.166667,11.100000,13.793833,0.000000,1.090519
31,18.200000,11.066667,13.802000,0.000000,1.097217
32,18.200000,11.233333,13.816333,0.000000,1.080266
33,18.200000,11.066667,13.795500,0.000000,1.079427
34,18.200000,11.066667,13.813000,0.000000,1.077908
35,18.200000,11.133333,13.814167,0.000000,1.063720
36,18.200000,11.100000,13.815667,0.000000,1.084371
37,18.200000,11.100000,13.818833,0.000000,1.079901
38,18.200000,11.100000,13.815667,0.000000,1.086424
39,18.200000,10.966667,13.841000,0.000000,1.098299
40,18.200000,11.066667,13.801333,0.000000,1.088590
41,18.200000,11.066667,13.817500,0.000000,1.070874
42,18.200000,11.000000,13.808000,0.000000,1.085291
43,18.200000,11.133333,13.811500,0.000000,1.090404
44,18.200000,11.233333,13.809000,0.000000,1.084008
45,18.200000,11.133333,13.801333,0.000000,1.084930
46,18.200000,11.066667,13.775167,0.000000,1.104126
47,18.200000,11.100000,13.786833,0.000000,1.087852
48,18.200000,11.066667,13.774167,0.000000,1.070934
49,18.200000,10.966667,13.791167,0.000000,1.102369
50,18.200000,11.066667,13.793667,0.000000,1.093669
BestSdev: 0.285804, Time: 8m40.93789618s