gen,best,worst,mean,rep,sdev
1,16.266667,11.600000,13.781333,0.000000,1.068365
2,16.533333,11.433333,13.748000,0.000000,1.080311
3,16.700000,11.500000,13.796667,0.000000,1.081077
4,16.866667,11.533333,13.792000,0.000000,1.090613
5,16.933333,11.533333,13.812000,0.000000,1.052205
6,17.100000,11.566667,13.774000,0.000000,1.094048
7,17.200000,11.600000,13.769333,0.000000,1.078923
8,17.200000,11.500000,13.834000,0.000000,1.054810
9,17.233333,11.733333,13.808667,0.000000,1.055684
10,17.233333,11.600000,13.785333,0.000000,1.077341
11,17.266667,11.566667,13.776000,0.000000,1.065338
12,17.300000,11.466667,13.786667,0.000000,1.092167
13,17.300000,11.600000,13.798000,0.000000,1.065105
14,17.366667,11.500000,13.752667,0.000000,1.082439
15,17.366667,11.533333,13.830000,0.000000,1.075098
16,17.366667,11.500000,13.809333,0.000000,1.082989
17,17.366667,11.733333,13.846000,0.000000,1.080814
18,17.366667,11.666667,13.799333,0.000000,1.049309
19,17.366667,11.500000,13.770667,0.000000,1.045622
20,17.400000,11.533333,13.768667,0.000000,1.074396
21,17.400000,11.566667,13.808667,0.000000,1.081737
22,17.400000,11.633333,13.793333,0.000000,1.059940
23,17.400000,11.566667,13.843333,0.000000,1.058529
24,17.400000,11.600000,13.782000,0.000000,1.069870
25,17.400000,11.633333,13.820000,0.000000,1.071886
26,17.433333,11.566667,13.793333,0.000000,1.087820
27,17.433333,11.533333,13.805333,0.000000,1.083437
28,17.466667,11.600000,13.787333,0.000000,1.101433
29,17.466667,11.666667,13.825333,0.000000,1.072503
30,17.466667,11.500000,13.780000,0.000000,1.058375
31,17.466667,11.700000,13.831333,0.000000,1.070652
32,17.500000,11.633333,13.812667,0.000000,1.055530
33,17.500000,11.633333,13.815333,0.000000,1.067707
34,17.500000,11.600000,13.780000,0.000000,1.107302
35,17.533333,11.566667,13.749333,0.000000,1.100880
36,17.533333,11.500000,13.832000,0.000000,1.090192
37,17.533333,11.633333,13.780667,0.000000,1.034824
38,17.533333,11.500000,13.816000,0.000000,1.061979
39,17.533333,11.666667,13.856667,0.000000,1.045559
40,17.566667,11.766667,13.815333,0.000000,1.099818
41,17.566667,11.566667,13.824667,0.000000,1.085202
42,17.566667,11.466667,13.788000,0.000000,1.073349
43,17.566667,11.400000,13.784000,0.000000,1.097554
44,17.600000,11.733333,13.814667,0.000000,1.059529
45,17.600000,11.533333,13.800667,0.000000,1.077621
46,17.600000,11.466667,13.779333,0.000000,1.078534
47,17.600000,11.600000,13.784000,0.000000,1.060507
48,17.600000,11.666667,13.833333,0.000000,1.058699
49,17.600000,11.733333,13.788000,0.000000,1.039341
50,17.600000,11.500000,13.788667,0.000000,1.085588
51,17.600000,11.600000,13.783333,0.000000,1.056881
52,17.600000,11.466667,13.798667,0.000000,1.088828
53,17.600000,11.433333,13.749333,0.000000,1.098772
54,17.600000,11.466667,13.770667,0.000000,1.059815
55,17.600000,11.666667,13.844000,0.000000,1.060327
56,17.600000,11.666667,13.858667,0.000000,1.055067
57,17.600000,11.700000,13.819333,0.000000,1.085749
58,17.633333,11.733333,13.797333,0.000000,1.087205
59,17.633333,11.533333,13.798667,0.000000,1.072005
60,17.633333,11.633333,13.782667,0.000000,1.053422
61,17.633333,11.566667,13.839333,0.000000,1.113036
62,17.633333,11.500000,13.792000,0.000000,1.089861
63,17.633333,11.700000,13.770667,0.000000,1.084794
64,17.633333,11.700000,13.808000,0.000000,1.074533
65,17.633333,11.400000,13.812667,0.000000,1.105213
66,17.633333,11.500000,13.822667,0.000000,1.072367
67,17.633333,11.666667,13.804000,0.000000,1.076897
68,17.666667,11.600000,13.781333,0.000000,1.070391
69,17.666667,11.633333,13.784000,0.000000,1.078487
70,17.666667,11.466667,13.772667,0.000000,1.080899
71,17.666667,11.600000,13.770667,0.000000,1.040692
72,17.666667,11.666667,13.814000,0.000000,1.097733
73,17.666667,11.366667,13.756667,0.000000,1.086923
74,17.700000,11.566667,13.826667,0.000000,1.103661
75,17.700000,11.633333,13.833333,0.000000,1.087063
76,17.733333,11.500000,13.806000,0.000000,1.098306
77,17.733333,11.400000,13.772000,0.000000,1.090932
78,17.733333,11.533333,13.804000,0.000000,1.107734
79,17.733333,11.733333,13.859333,0.000000,1.056826
80,17.733333,11.666667,13.760667,0.000000,1.038409
81,17.733333,11.466667,13.802000,0.000000,1.079776
82,17.733333,11.433333,13.796000,0.000000,1.065961
83,17.766667,11.633333,13.792000,0.000000,1.094135
84,17.800000,11.500000,13.796000,0.000000,1.085446
85,17.833333,11.633333,13.810667,0.000000,1.079823
86,17.833333,11.733333,13.826000,0.000000,1.038449
87,17.833333,11.566667,13.798667,0.000000,1.085566
88,17.900000,11.600000,13.863333,0.000000,1.077234
89,17.933333,11.633333,13.838667,0.000000,1.074139
90,17.966667,11.500000,13.854000,0.000000,1.075324
91,17.966667,11.533333,13.757333,0.000000,1.092574
92,17.966667,11.533333,13.838000,0.000000,1.078656
93,17.966667,11.566667,13.852000,0.000000,1.079259
94,17.966667,11.533333,13.817333,0.000000,1.042661
95,17.966667,11.633333,13.814667,0.000000,1.081449
96,18.000000,11.600000,13.793333,0.000000,1.060024
97,18.000000,11.566667,13.793333,0.000000,1.078295
98,18.000000,11.533333,13.774000,0.000000,1.073896
99,18.000000,11.633333,13.793333,0.000000,1.062630
100,18.000000,11.333333,13.775333,0.000000,1.082954
101,18.000000,11.666667,13.779333,0.000000,1.078006
102,18.000000,11.633333,13.818000,0.000000,1.114824
103,18.000000,11.466667,13.798000,0.000000,1.081553
104,18.000000,11.666667,13.810667,0.000000,1.097773
105,18.000000,11.833333,13.816000,0.000000,1.046262
106,18.000000,11.400000,13.798667,0.000000,1.094239
107,18.000000,11.600000,13.817333,0.000000,1.079150
108,18.000000,11.633333,13.755333,0.000000,1.075048
109,18.000000,11.500000,13.782667,0.000000,1.079997
110,18.000000,11.833333,13.807333,0.000000,1.048815
111,18.000000,11.533333,13.816000,0.000000,1.096663
112,18.000000,11.566667,13.758667,0.000000,1.073187
113,18.033333,11.633333,13.819333,0.000000,1.093903
114,18.033333,11.633333,13.835333,0.000000,1.084157
115,18.033333,11.633333,13.782000,0.000000,1.043607
116,18.033333,11.633333,13.792000,0.000000,1.049762
117,18.033333,11.666667,13.800667,0.000000,1.064347
118,18.033333,11.500000,13.750000,0.000000,1.081290
119,18.033333,11.600000,13.821333,0.000000,1.072939
120,18.033333,11.600000,13.816000,0.000000,1.066466
121,18.033333,11.700000,13.822000,0.000000,1.047158
122,18.033333,11.566667,13.847333,0.000000,1.063262
123,18.033333,11.733333,13.798667,0.000000,1.063746
124,18.033333,11.500000,13.815333,0.000000,1.090151
125,18.033333,11.666667,13.812000,0.000000,1.066377
126,18.033333,11.633333,13.782667,0.000000,1.088606
127,18.033333,11.566667,13.765333,0.000000,1.073718
128,18.033333,11.766667,13.812000,0.000000,1.072212
129,18.033333,11.366667,13.802000,0.000000,1.130429
130,18.033333,11.566667,13.810000,0.000000,1.097864
131,18.033333,11.566667,13.838000,0.000000,1.075555
132,18.033333,11.633333,13.814667,0.000000,1.095749
133,18.033333,11.600000,13.825333,0.000000,1.076418
134,18.033333,11.600000,13.800000,0.000000,1.087461
135,18.033333,11.633333,13.806000,0.000000,1.096471
136,18.033333,11.533333,13.818667,0.000000,1.079909
137,18.033333,11.633333,13.844000,0.000000,1.061359
138,18.033333,11.633333,13.822000,0.000000,1.074971
139,18.033333,11.533333,13.800667,0.000000,1.040809
140,18.033333,11.666667,13.776667,0.000000,1.061370
141,18.033333,11.500000,13.878000,0.000000,1.121219
142,18.033333,11.633333,13.814667,0.000000,1.074525
143,18.033333,11.700000,13.800667,0.000000,1.056161
144,18.066667,11.433333,13.845333,0.000000,1.091118
145,18.066667,11.666667,13.804667,0.000000,1.050258
146,18.066667,11.600000,13.826667,0.000000,1.069011
147,18.066667,11.466667,13.766667,0.000000,1.091175
148,18.066667,11.500000,13.796000,0.000000,1.069875
149,18.066667,11.366667,13.792000,0.000000,1.081780
150,18.066667,11.433333,13.846667,0.000000,1.085820
151,18.066667,11.633333,13.790000,0.000000,1.082219
152,18.066667,11.466667,13.757333,0.000000,1.076059
153,18.066667,11.600000,13.782667,0.000000,1.067891
154,18.066667,11.766667,13.864000,0.000000,1.057036
155,18.066667,11.700000,13.820667,0.000000,1.069496
156,18.066667,11.600000,13.839333,0.000000,1.088988
157,18.066667,11.600000,13.814000,0.000000,1.067672
158,18.066667,11.600000,13.800667,0.000000,1.060799
159,18.066667,11.700000,13.790667,0.000000,1.083287
160,18.066667,11.700000,13.818667,0.000000,1.032455
161,18.066667,11.433333,13.832000,0.000000,1.079751
162,18.066667,11.633333,13.810667,0.000000,1.060435
163,18.066667,11.566667,13.830667,0.000000,1.082521
164,18.066667,11.666667,13.812667,0.000000,1.060966
165,18.066667,11.466667,13.792000,0.000000,1.089988
166,18.066667,11.766667,13.838000,0.000000,1.029478
167,18.066667,11.700000,13.858000,0.000000,1.055107
168,18.066667,11.733333,13.869333,0.000000,1.090612
169,18.066667,11.633333,13.854667,0.000000,1.061800
170,18.066667,11.633333,13.806000,0.000000,1.107145
171,18.100000,11.700000,13.784000,0.000000,1.067814
172,18.100000,11.466667,13.820667,0.000000,1.091906
173,18.100000,11.600000,13.844000,0.000000,1.119930
174,18.100000,11.566667,13.756000,0.000000,1.055347
175,18.100000,11.600000,13.826667,0.000000,1.094550
176,18.100000,11.600000,13.813333,0.000000,1.087787
177,18.100000,11.466667,13.792667,0.000000,1.070691
178,18.100000,11.666667,13.806667,0.000000,1.064951
179,18.100000,11.700000,13.818000,0.000000,1.107906
180,18.100000,11.566667,13.798667,0.000000,1.116269
181,18.100000,11.366667,13.820000,0.000000,1.080354
182,18.100000,11.433333,13.808000,0.000000,1.086335
183,18.100000,11.500000,13.807333,0.000000,1.096362
184,18.100000,11.600000,13.824667,0.000000,1.094885
185,18.100000,11.533333,13.848667,0.000000,1.074779
186,18.100000,11.566667,13.802667,0.000000,1.060822
187,18.100000,11.566667,13.804667,0.000000,1.102913
188,18.100000,11.433333,13.774667,0.000000,1.077388
189,18.100000,11.466667,13.795333,0.000000,1.105064
190,18.100000,11.566667,13.780000,0.000000,1.082836
191,18.100000,11.533333,13.790667,0.000000,1.091965
192,18.100000,11.533333,13.836667,0.000000,1.091275
193,18.100000,11.533333,13.825333,0.000000,1.098649
194,18.100000,11.666667,13.813333,0.000000,1.084783
195,18.100000,11.500000,13.808000,0.000000,1.108443
196,18.100000,11.500000,13.805333,0.000000,1.097965
197,18.100000,11.500000,13.796000,0.000000,1.048243
198,18.100000,11.666667,13.828000,0.000000,1.062433
199,18.100000,11.500000,13.772667,0.000000,1.061328
200,18.100000,11.500000,13.788000,0.000000,1.088592
201,18.100000,11.666667,13.823333,0.000000,1.108769
202,18.133333,11.666667,13.821333,0.000000,1.036290
203,18.133333,11.433333,13.835333,0.000000,1.107934
204,18.133333,11.533333,13.785333,0.000000,1.069410
205,18.133333,11.566667,13.865333,0.000000,1.094956
206,18.133333,11.633333,13.791333,0.000000,1.083117
207,18.133333,11.366667,13.817333,0.000000,1.105049
208,18.133333,11.733333,13.798667,0.000000,1.048559
209,18.133333,11.766667,13.796000,0.000000,1.080841
210,18.166667,11.633333,13.827333,0.000000,1.099813
211,18.166667,11.666667,13.795333,0.000000,1.073845
212,18.166667,11.800000,13.813333,0.000000,1.058362
213,18.166667,11.700000,13.838667,0.000000,1.051139
214,18.166667,11.700000,13.800667,0.000000,1.063214
215,18.166667,11.500000,13.778667,0.000000,1.094475
216,18.166667,11.633333,13.837333,0.000000,1.075107
217,18.166667,11.700000,13.769333,0.000000,1.023864
218,18.166667,11.666667,13.855333,0.000000,1.065554
219,18.166667,11.433333,13.805333,0.000000,1.114427
220,18.166667,11.633333,13.815333,0.000000,1.071582
221,18.166667,11.766667,13.848667,0.000000,1.037831
222,18.166667,11.600000,13.802000,0.000000,1.045631
223,18.166667,11.733333,13.890000,0.000000,1.081223
224,18.166667,11.600000,13.778667,0.000000,1.090615
225,18.166667,11.533333,13.839333,0.000000,1.072198
226,18.166667,11.666667,13.796667,0.000000,1.049323
227,18.166667,11.600000,13.798667,0.000000,1.090279
228,18.166667,11.633333,13.843333,0.000000,1.076379
229,18.166667,11.733333,13.842000,0.000000,1.053926
230,18.166667,11.666667,13.840000,0.000000,1.066223
231,18.166667,11.700000,13.857333,0.000000,1.035041
232,18.166667,11.666667,13.778000,0.000000,1.049384
233,18.166667,11.733333,13.766667,0.000000,1.066197
234,18.166667,11.700000,13.808000,0.000000,1.063793
235,18.166667,11.666667,13.770000,0.000000,1.055318
236,18.166667,11.566667,13.806667,0.000000,1.034190
237,18.166667,11.833333,13.774667,0.000000,1.028536
238,18.166667,11.300000,13.756000,0.000000,1.109552
239,18.166667,11.600000,13.810667,0.000000,1.042878
240,18.166667,11.733333,13.847333,0.000000,1.050743
241,18.166667,11.533333,13.780000,0.000000,1.096703
242,18.166667,11.500000,13.804000,0.000000,1.069131
243,18.166667,11.400000,13.787333,0.000000,1.096101
244,18.200000,11.466667,13.805333,0.000000,1.095502
245,18.200000,11.700000,13.838000,0.000000,1.049011
246,18.200000,11.433333,13.783333,0.000000,1.083510
247,18.200000,11.500000,13.789333,0.000000,1.059379
248,18.200000,11.666667,13.783333,0.000000,1.079763
249,18.200000,11.633333,13.840000,0.000000,1.057714
250,18.200000,11.700000,13.796000,0.000000,1.057418
251,18.200000,11.633333,13.748667,0.000000,1.046124
252,18.200000,11.633333,13.821333,0.000000,1.080357
253,18.200000,11.500000,13.761333,0.000000,1.070888
254,18.200000,11.566667,13.777333,0.000000,1.061371
255,18.200000,11.566667,13.780000,0.000000,1.077624
256,18.200000,11.600000,13.805333,0.000000,1.081257
257,18.200000,11.566667,13.766667,0.000000,1.083828
258,18.200000,11.633333,13.862000,0.000000,1.059750
259,18.200000,11.666667,13.794667,0.000000,1.067335
260,18.200000,11.500000,13.808667,0.000000,1.059798
261,18.200000,11.700000,13.836667,0.000000,1.066402
262,18.200000,11.500000,13.854000,0.000000,1.089103
263,18.200000,11.600000,13.795333,0.000000,1.059575
264,18.200000,11.633333,13.818000,0.000000,1.029256
265,18.200000,11.700000,13.864000,0.000000,1.063062
266,18.200000,11.433333,13.807333,0.000000,1.089289
267,18.200000,11.466667,13.794667,0.000000,1.110083
268,18.200000,11.700000,13.820667,0.000000,1.043476
269,18.200000,11.566667,13.824667,0.000000,1.071377
270,18.200000,11.500000,13.818000,0.000000,1.103602
271,18.200000,11.633333,13.808667,0.000000,1.079783
272,18.200000,11.566667,13.804667,0.000000,1.116547
273,18.200000,11.533333,13.798667,0.000000,1.086211
274,18.200000,11.400000,13.772667,0.000000,1.073669
275,18.200000,11.600000,13.822667,0.000000,1.044268
276,18.200000,11.666667,13.834000,0.000000,1.066665
277,18.200000,11.500000,13.773333,0.000000,1.087103
278,18.200000,11.633333,13.818000,0.000000,1.048942
279,18.200000,11.500000,13.774000,0.000000,1.089292
280,18.200000,11.700000,13.782667,0.000000,1.099183
281,18.200000,11.700000,13.774000,0.000000,1.060674
282,18.200000,11.466667,13.802667,0.000000,1.077506
283,18.200000,11.600000,13.746667,0.000000,1.085382
284,18.200000,11.600000,13.778000,0.000000,1.087496
285,18.200000,11.433333,13.774667,0.000000,1.096720
286,18.200000,11.566667,13.850000,0.000000,1.099692
287,18.200000,11.600000,13.753333,0.000000,1.053705
288,18.200000,11.600000,13.778667,0.000000,1.063085
289,18.200000,11.633333,13.773333,0.000000,1.054853
290,18.200000,11.666667,13.812667,0.000000,1.057062
291,18.200000,11.633333,13.807333,0.000000,1.073543
292,18.200000,11.600000,13.802000,0.000000,1.082651
293,18.200000,11.366667,13.795333,0.000000,1.064928
294,18.200000,11.633333,13.823333,0.000000,1.086539
295,18.200000,11.566667,13.770000,0.000000,1.118333
296,18.200000,11.566667,13.780000,0.000000,1.051377
297,18.200000,11.566667,13.787333,0.000000,1.036615
298,18.200000,11.533333,13.817333,0.000000,1.069064
299,18.200000,11.600000,13.842667,0.000000,1.076910
300,18.200000,11.466667,13.762000,0.000000,1.056076
301,18.200000,11.633333,13.811333,0.000000,1.066877
302,18.200000,11.700000,13.811333,0.000000,1.067386
303,18.200000,11.600000,13.788000,0.000000,1.066930
304,18.200000,11.666667,13.787333,0.000000,1.073291
305,18.200000,11.600000,13.821333,0.000000,1.069814
306,18.200000,11.533333,13.759333,0.000000,1.062635
307,18.200000,11.600000,13.818000,0.000000,1.089982
308,18.200000,11.733333,13.846667,0.000000,1.081789
309,18.200000,11.700000,13.848667,0.000000,1.059959
310,18.200000,11.666667,13.804000,0.000000,1.042646
311,18.200000,11.600000,13.820000,0.000000,1.053398
312,18.200000,11.666667,13.832000,0.000000,1.038943
313,18.200000,11.633333,13.764000,0.000000,1.076939
314,18.200000,11.633333,13.794000,0.000000,1.065890
315,18.200000,11.700000,13.828000,0.000000,1.054851
316,18.200000,11.633333,13.802667,0.000000,1.063614
317,18.200000,11.633333,13.817333,0.000000,1.039268
318,18.200000,11.466667,13.759333,0.000000,1.070418
319,18.200000,11.466667,13.740667,0.000000,1.064529
320,18.200000,11.733333,13.857333,0.000000,1.044597
321,18.200000,11.500000,13.832667,0.000000,1.067412
322,18.200000,11.433333,13.758000,0.000000,1.075667
323,18.200000,11.666667,13.835333,0.000000,1.079070
324,18.200000,11.633333,13.803333,0.000000,1.040999
325,18.200000,11.466667,13.764667,0.000000,1.050398
326,18.200000,11.633333,13.740667,0.000000,1.073018
327,18.200000,11.666667,13.796000,0.000000,1.036417
328,18.200000,11.433333,13.764667,0.000000,1.093925
329,18.200000,11.833333,13.790000,0.000000,1.049007
330,18.200000,11.633333,13.850667,0.000000,1.083634
331,18.200000,11.633333,13.804667,0.000000,1.053275
332,18.200000,11.500000,13.806000,0.000000,1.084060
333,18.200000,11.666667,13.762667,0.000000,1.072297
334,18.200000,11.600000,13.820667,0.000000,1.115313
335,18.200000,11.666667,13.831333,0.000000,1.116208
336,18.200000,11.600000,13.836000,0.000000,1.062082
337,18.200000,11.633333,13.846000,0.000000,1.056804
338,18.200000,11.633333,13.786000,0.000000,1.057620
339,18.200000,11.700000,13.848667,0.000000,1.078426
340,18.200000,11.666667,13.763333,0.000000,1.086171
341,18.200000,11.666667,13.824667,0.000000,1.078460
342,18.200000,11.633333,13.808000,0.000000,1.066007
343,18.200000,11.600000,13.831333,0.000000,1.077390
344,18.200000,11.566667,13.810000,0.000000,1.084401
345,18.200000,11.466667,13.762667,0.000000,1.079227
346,18.200000,11.566667,13.779333,0.000000,1.073432
347,18.200000,11.600000,13.866667,0.000000,1.055630
348,18.200000,11.533333,13.852667,0.000000,1.080711
349,18.200000,11.700000,13.835333,0.000000,1.056256
350,18.200000,11.500000,13.797333,0.000000,1.064266
351,18.200000,11.500000,13.770000,0.000000,1.065637
352,18.200000,11.433333,13.800667,0.000000,1.102250
353,18.200000,11.633333,13.828000,0.000000,1.081254
354,18.200000,11.500000,13.850667,0.000000,1.077974
355,18.200000,11.766667,13.833333,0.000000,1.066885
356,18.200000,11.533333,13.790667,0.000000,1.059857
357,18.200000,11.566667,13.763333,0.000000,1.048295
358,18.200000,11.500000,13.850667,0.000000,1.063890
359,18.200000,11.666667,13.848000,0.000000,1.063437
360,18.200000,11.666667,13.838000,0.000000,1.070586
361,18.200000,11.700000,13.819333,0.000000,1.069741
362,18.200000,11.600000,13.808667,0.000000,1.097541
363,18.200000,11.600000,13.849333,0.000000,1.099691
364,18.200000,11.633333,13.822667,0.000000,1.087374
365,18.200000,11.500000,13.782667,0.000000,1.085568
366,18.200000,11.500000,13.792667,0.000000,1.065158
367,18.200000,11.566667,13.808000,0.000000,1.097386
368,18.200000,11.700000,13.824000,0.000000,1.087276
369,18.200000,11.466667,13.862667,0.000000,1.080159
370,18.200000,11.533333,13.759333,0.000000,1.058252
371,18.200000,11.666667,13.815333,0.000000,1.056102
372,18.200000,11.633333,13.857333,0.000000,1.072601
373,18.200000,11.466667,13.804667,0.000000,1.090068
374,18.200000,11.433333,13.855333,0.000000,1.061506
375,18.200000,11.700000,13.758000,0.000000,1.071371
376,18.200000,11.633333,13.828000,0.000000,1.064678
377,18.200000,11.400000,13.792000,0.000000,1.091529
378,18.200000,11.533333,13.807333,0.000000,1.100926
379,18.200000,11.566667,13.788667,0.000000,1.080419
380,18.200000,11.533333,13.813333,0.000000,1.097829
381,18.200000,11.533333,13.834667,0.000000,1.108647
382,18.200000,11.533333,13.770000,0.000000,1.053238
383,18.200000,11.566667,13.791333,0.000000,1.066499
384,18.200000,11.633333,13.821333,0.000000,1.057407
385,18.200000,11.500000,13.816000,0.000000,1.087515
386,18.200000,11.566667,13.814667,0.000000,1.088694
387,18.200000,11.566667,13.807333,0.000000,1.078514
388,18.200000,11.566667,13.788667,0.000000,1.065081
389,18.200000,11.700000,13.834000,0.000000,1.041188
390,18.200000,11.433333,13.799333,0.000000,1.088182
391,18.200000,11.500000,13.831333,0.000000,1.107867
392,18.200000,11.700000,13.840000,0.000000,1.074014
393,18.200000,11.533333,13.746667,0.000000,1.052201
394,18.200000,11.566667,13.795333,0.000000,1.098947
395,18.200000,11.500000,13.793333,0.000000,1.082646
396,18.200000,11.433333,13.826667,0.000000,1.087255
397,18.200000,11.600000,13.842667,0.000000,1.075761
398,18.200000,11.566667,13.797333,0.000000,1.094761
399,18.200000,11.733333,13.805333,0.000000,1.057906
400,18.233333,11.700000,13.800000,0.000000,1.047280
401,18.233333,11.700000,13.850000,0.000000,1.080481
402,18.233333,11.600000,13.812667,0.000000,1.080942
403,18.233333,11.633333,13.785333,0.000000,1.094777
404,18.233333,11.600000,13.812000,0.000000,1.062697
405,18.233333,11.600000,13.851333,0.000000,1.096097
406,18.233333,11.700000,13.804000,0.000000,1.068269
407,18.233333,11.633333,13.762667,0.000000,1.061815
408,18.233333,11.566667,13.834667,0.000000,1.075044
409,18.233333,11.500000,13.796000,0.000000,1.094477
410,18.233333,11.633333,13.822000,0.000000,1.082058
411,18.233333,11.533333,13.764667,0.000000,1.096542
412,18.233333,11.466667,13.803333,0.000000,1.092130
413,18.233333,11.633333,13.822000,0.000000,1.115485
414,18.233333,11.600000,13.780667,0.000000,1.082140
415,18.233333,11.600000,13.792667,0.000000,1.083514
416,18.233333,11.633333,13.814667,0.000000,1.104862
417,18.233333,11.600000,13.829333,0.000000,1.093169
418,18.233333,11.600000,13.807333,0.000000,1.080075
419,18.233333,11.466667,13.823333,0.000000,1.058621
420,18.233333,11.600000,13.790667,0.000000,1.082072
421,18.233333,11.566667,13.825333,0.000000,1.067517
422,18.233333,11.500000,13.820000,0.000000,1.072873
423,18.233333,11.733333,13.850667,0.000000,1.053760
424,18.233333,11.600000,13.792000,0.000000,1.075000
425,18.233333,11.600000,13.821333,0.000000,1.052776
426,18.233333,11.666667,13.810000,0.000000,1.058637
427,18.233333,11.533333,13.808000,0.000000,1.084924
428,18.233333,11.666667,13.788667,0.000000,1.043106
429,18.233333,11.600000,13.769333,0.000000,1.090909
430,18.233333,11.666667,13.816000,0.000000,1.047678
431,18.233333,11.400000,13.786000,0.000000,1.119314
432,18.233333,11.600000,13.802000,0.000000,1.088016
433,18.233333,11.566667,13.714667,0.000000,1.028656
434,18.233333,11.666667,13.804000,0.000000,1.047041
435,18.233333,11.666667,13.867333,0.000000,1.051268
436,18.233333,11.533333,13.806667,0.000000,1.070458
437,18.233333,11.600000,13.802000,0.000000,1.080178
438,18.233333,11.566667,13.751333,0.000000,1.045807
439,18.233333,11.500000,13.832000,0.000000,1.071744
440,18.233333,11.533333,13.807333,0.000000,1.068925
441,18.233333,11.633333,13.765333,0.000000,1.056303
442,18.233333,11.500000,13.706667,0.000000,1.040206
443,18.233333,11.566667,13.829333,0.000000,1.076067
444,18.233333,11.600000,13.836667,0.000000,1.067787
445,18.233333,11.633333,13.842667,0.000000,1.054068
446,18.233333,11.433333,13.767333,0.000000,1.070592
447,18.233333,11.566667,13.808667,0.000000,1.057585
448,18.233333,11.700000,13.776667,0.000000,1.060976
449,18.233333,11.600000,13.851333,0.000000,1.081086
450,18.233333,11.600000,13.844667,0.000000,1.070694
451,18.233333,11.566667,13.801333,0.000000,1.062635
452,18.233333,11.500000,13.785333,0.000000,1.087594
453,18.233333,11.633333,13.785333,0.000000,1.077522
454,18.233333,11.500000,13.814667,0.000000,1.045647
455,18.233333,11.600000,13.832667,0.000000,1.050773
456,18.233333,11.666667,13.758667,0.000000,1.084293
457,18.233333,11.666667,13.782000,0.000000,1.060447
458,18.233333,11.733333,13.766667,0.000000,1.073541
459,18.233333,11.600000,13.803333,0.000000,1.079121
460,18.233333,11.633333,13.840667,0.000000,1.089917
461,18.233333,11.500000,13.778000,0.000000,1.061518
462,18.233333,11.866667,13.803333,0.000000,1.063052
463,18.233333,11.766667,13.770667,0.000000,1.056815
464,18.233333,11.533333,13.732667,0.000000,1.059760
465,18.233333,11.566667,13.808667,0.000000,1.068884
466,18.233333,11.700000,13.792000,0.000000,1.080233
467,18.233333,11.666667,13.786000,0.000000,1.081818
468,18.233333,11.533333,13.780667,0.000000,1.073517
469,18.233333,11.600000,13.778000,0.000000,1.078676
470,18.233333,11.400000,13.801333,0.000000,1.086811
471,18.233333,11.600000,13.824667,0.000000,1.087006
472,18.233333,11.533333,13.784667,0.000000,1.058436
473,18.233333,11.633333,13.791333,0.000000,1.087753
474,18.233333,11.633333,13.858667,0.000000,1.094143
475,18.233333,11.566667,13.852000,0.000000,1.065905
476,18.233333,11.600000,13.805333,0.000000,1.064464
477,18.233333,11.800000,13.837333,0.000000,1.051137
478,18.233333,11.633333,13.804667,0.000000,1.071678
479,18.233333,11.466667,13.799333,0.000000,1.105619
480,18.233333,11.833333,13.828667,0.000000,1.070912
481,18.233333,11.600000,13.776000,0.000000,1.080131
482,18.233333,11.633333,13.824000,0.000000,1.078237
483,18.233333,11.500000,13.807333,0.000000,1.094763
484,18.233333,11.533333,13.790667,0.000000,1.058421
485,18.233333,11.433333,13.788667,0.000000,1.089592
486,18.233333,11.466667,13.778667,0.000000,1.074561
487,18.233333,11.600000,13.830667,0.000000,1.105325
488,18.233333,11.600000,13.766667,0.000000,1.078268
489,18.233333,11.800000,13.806000,0.000000,1.080947
490,18.233333,11.666667,13.791333,0.000000,1.070854
491,18.233333,11.666667,13.810667,0.000000,1.048424
492,18.233333,11.700000,13.784000,0.000000,1.080244
493,18.233333,11.733333,13.811333,0.000000,1.046155
494,18.233333,11.800000,13.803333,0.000000,1.078530
495,18.233333,11.633333,13.860667,0.000000,1.068980
496,18.266667,11.666667,13.817333,0.000000,1.091201
497,18.266667,11.666667,13.774000,0.000000,1.062027
498,18.266667,11.600000,13.792000,0.000000,1.076177
499,18.266667,11.733333,13.774000,0.000000,1.077930
500,18.266667,11.533333,13.840667,0.000000,1.122135
BestSdev: 0.284210, Time: 23m32.935852306s