gen,best,worst,mean,rep,sdev
1,30.433333,12.233333,20.690333,0.000000,3.616130
2,31.566667,12.800000,20.644333,0.000000,3.560722
3,32.133333,12.633333,20.731667,0.000000,3.635671
4,32.766667,12.500000,20.751333,0.000000,3.596132
5,32.966667,12.733333,20.819000,0.000000,3.709717
6,33.333333,12.833333,20.755000,0.000000,3.557316
7,33.433333,12.266667,20.752667,0.000000,3.614259
8,33.700000,12.633333,20.678667,0.000000,3.624998
9,33.700000,12.766667,20.764000,0.000000,3.576113
10,33.833333,12.500000,20.623667,0.000000,3.553449
11,34.066667,12.766667,20.716000,0.000000,3.518955
12,34.133333,12.500000,20.687333,0.000000,3.651947
13,34.133333,12.566667,20.682333,0.000000,3.533357
14,34.266667,12.500000,20.737000,0.000000,3.595606
15,34.333333,12.500000,20.601000,0.000000,3.608384
16,34.600000,12.933333,20.808000,0.000000,3.542731
17,34.600000,12.400000,20.661667,0.000000,3.682516
18,34.600000,12.433333,20.716667,0.000000,3.613171
19,34.733333,13.000000,20.791667,0.000000,3.605586
20,34.866667,12.466667,20.681000,0.000000,3.614853
21,34.900000,12.466667,20.577333,0.000000,3.576891
22,34.933333,12.700000,20.661000,0.000000,3.569735
23,34.933333,12.800000,20.809333,0.000000,3.658004
24,35.033333,13.133333,20.749667,0.000000,3.560462
25,35.033333,12.433333,20.730333,0.000000,3.622576
26,35.033333,12.633333,20.843000,0.000000,3.613125
27,35.033333,12.400000,20.716667,0.000000,3.628561
28,35.166667,12.700000,20.767333,0.000000,3.656466
29,35.166667,12.433333,20.706000,0.000000,3.590973
30,35.200000,12.533333,20.719667,0.000000,3.700586
31,35.200000,12.900000,20.732667,0.000000,3.570370
32,35.400000,12.766667,20.701667,0.000000,3.525929
33,35.400000,12.400000,20.836000,0.000000,3.621324
34,35.433333,12.800000,20.804333,0.000000,3.640204
35,35.433333,12.566667,20.662000,0.000000,3.568036
36,35.433333,12.733333,20.690333,0.000000,3.495928
37,35.500000,12.333333,20.792667,0.000000,3.652418
38,35.500000,12.500000,20.643000,0.000000,3.579688
39,35.500000,12.600000,20.772667,0.000000,3.596106
40,35.500000,12.533333,20.825000,0.000000,3.674282
41,35.500000,12.766667,20.587667,0.000000,3.569745
42,35.500000,12.633333,20.645667,0.000000,3.596093
43,35.500000,12.600000,20.694333,0.000000,3.570465
44,35.500000,12.633333,20.778667,0.000000,3.615973
45,35.500000,12.733333,20.810000,0.000000,3.549843
46,35.500000,12.433333,20.777667,0.000000,3.667718
47,35.566667,12.400000,20.694667,0.000000,3.583841
48,35.566667,12.700000,20.694000,0.000000,3.596065
49,35.566667,12.666667,20.758333,0.000000,3.619208
50,35.633333,12.733333,20.698667,0.000000,3.582844
51,35.633333,12.566667,20.721333,0.000000,3.546196
52,35.633333,12.966667,20.711667,0.000000,3.546621
53,35.633333,12.866667,20.689667,0.000000,3.532770
54,35.633333,12.300000,20.700000,0.000000,3.645954
55,35.633333,12.766667,20.666667,0.000000,3.586037
56,35.633333,12.666667,20.641333,0.000000,3.574773
57,35.633333,12.500000,20.682333,0.000000,3.625571
58,35.633333,12.800000,20.678333,0.000000,3.577897
59,35.633333,12.800000,20.725333,0.000000,3.572089
60,35.633333,12.900000,20.676000,0.000000,3.570723
61,35.633333,12.300000,20.698667,0.000000,3.601846
62,35.633333,12.700000,20.745667,0.000000,3.649774
63,35.700000,12.666667,20.806000,0.000000,3.688994
64,35.766667,12.866667,20.702667,0.000000,3.589252
65,35.766667,12.766667,20.834667,0.000000,3.677851
66,35.766667,12.900000,20.693667,0.000000,3.569243
67,35.833333,13.066667,20.736000,0.000000,3.553191
68,35.833333,12.666667,20.777667,0.000000,3.592507
69,35.833333,12.400000,20.777667,0.000000,3.648056
70,35.833333,12.166667,20.691667,0.000000,3.619400
71,35.833333,12.400000,20.723333,0.000000,3.677540
72,35.833333,12.566667,20.713667,0.000000,3.615353
73,35.833333,12.466667,20.755333,0.000000,3.646030
74,35.833333,12.533333,20.762667,0.000000,3.626503
75,35.866667,12.366667,20.737667,0.000000,3.593041
76,35.866667,12.733333,20.733333,0.000000,3.633563
77,35.866667,12.466667,20.670000,0.000000,3.577261
78,35.900000,12.566667,20.651000,0.000000,3.571543
79,35.900000,12.300000,20.671667,0.000000,3.603762
80,35.900000,12.900000,20.705333,0.000000,3.594144
81,35.900000,12.600000,20.707000,0.000000,3.624364
82,35.900000,12.300000,20.602000,0.000000,3.529153
83,35.900000,12.733333,20.786000,0.000000,3.589728
84,35.900000,12.600000,20.700667,0.000000,3.580939
85,35.900000,12.566667,20.759333,0.000000,3.527806
86,35.900000,12.966667,20.746000,0.000000,3.539407
87,35.900000,12.600000,20.703333,0.000000,3.579596
88,35.900000,13.066667,20.683333,0.000000,3.452112
89,35.900000,12.600000,20.854000,0.000000,3.626265
90,35.900000,12.566667,20.860333,0.000000,3.624734
91,35.900000,13.166667,20.853333,0.000000,3.605990
92,35.900000,12.666667,20.663333,0.000000,3.617954
93,35.900000,13.000000,20.711000,0.000000,3.578466
94,35.900000,12.633333,20.688333,0.000000,3.634956
95,35.900000,12.700000,20.707333,0.000000,3.617950
96,35.900000,12.566667,20.804667,0.000000,3.624553
97,35.900000,12.466667,20.719667,0.000000,3.604116
98,35.900000,12.566667,20.653667,0.000000,3.641220
99,35.900000,12.400000,20.691000,0.000000,3.691694
100,35.900000,12.700000,20.758000,0.000000,3.559806
101,35.900000,12.733333,20.787667,0.000000,3.614899
102,35.900000,12.766667,20.703000,0.000000,3.597390
103,35.933333,12.866667,20.756000,0.000000,3.529056
104,35.966667,12.766667,20.613333,0.000000,3.566745
105,36.000000,12.366667,20.665000,0.000000,3.599349
106,36.000000,12.866667,20.773333,0.000000,3.582920
107,36.000000,12.733333,20.707667,0.000000,3.582648
108,36.000000,12.300000,20.690333,0.000000,3.577033
109,36.033333,12.633333,20.786333,0.000000,3.603552
110,36.033333,12.366667,20.626000,0.000000,3.535737
111,36.066667,12.633333,20.703667,0.000000,3.617280
112,36.133333,13.000000,20.727667,0.000000,3.614591
113,36.133333,12.766667,20.745000,0.000000,3.592066
114,36.133333,12.500000,20.773667,0.000000,3.689268
115,36.133333,12.433333,20.707000,0.000000,3.593311
116,36.133333,12.700000,20.755333,0.000000,3.539102
117,36.133333,12.833333,20.723667,0.000000,3.533500
118,36.133333,12.700000,20.755000,0.000000,3.593323
119,36.133333,12.533333,20.596333,0.000000,3.528640
120,36.233333,12.833333,20.792000,0.000000,3.637203
121,36.233333,12.566667,20.579333,0.000000,3.597646
122,36.233333,12.566667,20.844333,0.000000,3.574811
123,36.266667,12.833333,20.671333,0.000000,3.603495
124,36.266667,12.733333,20.766333,0.000000,3.616016
125,36.266667,13.000000,20.760000,0.000000,3.553266
126,36.266667,12.866667,20.718333,0.000000,3.567652
127,36.266667,12.633333,20.775000,0.000000,3.671927
128,36.266667,12.500000,20.616333,0.000000,3.572793
129,36.300000,12.633333,20.669000,0.000000,3.571283
130,36.300000,12.433333,20.683000,0.000000,3.625256
131,36.300000,12.866667,20.764000,0.000000,3.653989
132,36.300000,12.500000,20.839667,0.000000,3.629078
133,36.300000,12.933333,20.889667,0.000000,3.655197
134,36.300000,12.800000,20.723000,0.000000,3.610625
135,36.366667,13.066667,20.774000,0.000000,3.600459
136,36.366667,12.766667,20.614667,0.000000,3.549973
137,36.366667,12.466667,20.761667,0.000000,3.639805
138,36.400000,12.500000,20.747333,0.000000,3.633818
139,36.400000,12.766667,20.835333,0.000000,3.612875
140,36.400000,12.866667,20.779667,0.000000,3.556814
141,36.400000,12.500000,20.649333,0.000000,3.587840
142,36.400000,12.666667,20.736667,0.000000,3.610320
143,36.400000,12.433333,20.752333,0.000000,3.622395
144,36.400000,12.800000,20.727667,0.000000,3.582776
145,36.400000,12.833333,20.721000,0.000000,3.622431
146,36.400000,12.466667,20.662333,0.000000,3.489425
147,36.400000,12.833333,20.631000,0.000000,3.604088
148,36.400000,12.633333,20.717667,0.000000,3.590290
149,36.400000,12.266667,20.672667,0.000000,3.596212
150,36.400000,12.533333,20.729667,0.000000,3.609721
151,36.400000,12.933333,20.656000,0.000000,3.578377
152,36.400000,12.733333,20.886667,0.000000,3.573936
153,36.400000,12.633333,20.807333,0.000000,3.639245
154,36.400000,12.866667,20.773667,0.000000,3.609031
155,36.400000,12.600000,20.758667,0.000000,3.648099
156,36.400000,12.400000,20.671667,0.000000,3.579890
157,36.400000,12.800000,20.739000,0.000000,3.582464
158,36.400000,12.333333,20.692667,0.000000,3.518944
159,36.400000,12.900000,20.761000,0.000000,3.580923
160,36.433333,12.700000,20.706000,0.000000,3.518448
161,36.433333,12.833333,20.741333,0.000000,3.528023
162,36.433333,12.466667,20.647000,0.000000,3.581941
163,36.433333,13.000000,20.769667,0.000000,3.550332
164,36.433333,12.800000,20.807667,0.000000,3.624186
165,36.433333,12.533333,20.718667,0.000000,3.654191
166,36.466667,12.300000,20.726000,0.000000,3.567630
167,36.466667,12.333333,20.644667,0.000000,3.609501
168,36.466667,12.500000,20.691667,0.000000,3.565370
169,36.466667,12.766667,20.741667,0.000000,3.567999
170,36.466667,12.666667,20.776667,0.000000,3.592050
171,36.466667,12.766667,20.746667,0.000000,3.575107
172,36.466667,12.500000,20.785000,0.000000,3.650102
173,36.466667,12.833333,20.604000,0.000000,3.591206
174,36.466667,12.600000,20.860333,0.000000,3.605388
175,36.466667,12.400000,20.697000,0.000000,3.566276
176,36.466667,12.666667,20.708667,0.000000,3.549761
177,36.466667,12.866667,20.659333,0.000000,3.560328
178,36.466667,12.800000,20.658333,0.000000,3.518039
179,36.466667,12.800000,20.668667,0.000000,3.529935
180,36.466667,12.533333,20.736667,0.000000,3.538168
181,36.466667,12.700000,20.731333,0.000000,3.645841
182,36.466667,12.566667,20.871000,0.000000,3.652775
183,36.466667,12.833333,20.830000,0.000000,3.599934
184,36.466667,12.666667,20.741667,0.000000,3.574701
185,36.466667,12.900000,20.726000,0.000000,3.640230
186,36.466667,12.733333,20.722667,0.000000,3.638537
187,36.466667,12.966667,20.809667,0.000000,3.551192
188,36.466667,12.700000,20.526333,0.000000,3.525656
189,36.466667,12.633333,20.714333,0.000000,3.561712
190,36.466667,12.833333,20.761333,0.000000,3.606249
191,36.500000,12.233333,20.809333,0.000000,3.596556
192,36.500000,12.333333,20.737667,0.000000,3.676768
193,36.500000,12.666667,20.715333,0.000000,3.561979
194,36.500000,12.433333,20.690000,0.000000,3.542697
195,36.500000,12.466667,20.813333,0.000000,3.560444
196,36.500000,12.900000,20.773000,0.000000,3.567494
197,36.500000,12.933333,20.805333,0.000000,3.582291
198,36.533333,12.500000,20.680667,0.000000,3.554678
199,36.533333,13.100000,20.749000,0.000000,3.540743
200,36.533333,12.366667,20.794667,0.000000,3.638066
BestSdev: 0.899516, Time: 22m37.4642971s