gen,best,worst,mean,rep,sdev
1,16.500000,11.500000,13.801333,0.000000,1.114947
2,16.800000,11.566667,13.804667,0.000000,1.091684
3,16.933333,11.566667,13.797333,0.000000,1.088229
4,16.966667,11.333333,13.756000,0.000000,1.062819
5,17.033333,11.666667,13.812000,0.000000,1.072533
6,17.066667,11.366667,13.722000,0.000000,1.082996
7,17.100000,11.666667,13.824667,0.000000,1.074123
8,17.200000,11.500000,13.758000,0.000000,1.088492
9,17.200000,11.500000,13.807333,0.000000,1.065644
10,17.200000,11.533333,13.786000,0.000000,1.082814
11,17.200000,11.533333,13.824000,0.000000,1.089578
12,17.300000,11.766667,13.838667,0.000000,1.089654
13,17.300000,11.533333,13.818667,0.000000,1.089365
14,17.366667,11.700000,13.843333,0.000000,1.076352
15,17.366667,11.433333,13.848000,0.000000,1.089425
16,17.400000,11.566667,13.760000,0.000000,1.059998
17,17.433333,11.566667,13.744667,0.000000,1.051165
18,17.433333,11.633333,13.857333,0.000000,1.063411
19,17.500000,11.666667,13.752000,0.000000,1.059418
20,17.566667,11.466667,13.816000,0.000000,1.041350
21,17.566667,11.733333,13.814000,0.000000,1.096562
22,17.600000,11.633333,13.802000,0.000000,1.068134
23,17.633333,11.600000,13.816667,0.000000,1.074732
24,17.666667,11.566667,13.762000,0.000000,1.042343
25,17.666667,11.533333,13.784667,0.000000,1.067242
26,17.666667,11.466667,13.772667,0.000000,1.072858
27,17.700000,11.700000,13.840667,0.000000,1.049534
28,17.700000,11.666667,13.831333,0.000000,1.088769
29,17.700000,11.600000,13.787333,0.000000,1.067654
30,17.700000,11.500000,13.784000,0.000000,1.066649
31,17.700000,11.566667,13.800667,0.000000,1.086520
32,17.700000,11.600000,13.801333,0.000000,1.053860
33,17.700000,11.566667,13.764667,0.000000,1.071074
34,17.700000,11.500000,13.768667,0.000000,1.047916
35,17.733333,11.533333,13.748667,0.000000,1.054386
36,17.766667,11.500000,13.857333,0.000000,1.083089
37,17.766667,11.666667,13.840000,0.000000,1.068889
38,17.766667,11.466667,13.783333,0.000000,1.104413
39,17.766667,11.633333,13.786000,0.000000,1.065945
40,17.766667,11.633333,13.786000,0.000000,1.057544
41,17.766667,11.766667,13.838000,0.000000,1.031603
42,17.766667,11.600000,13.843333,0.000000,1.065507
43,17.800000,11.633333,13.838667,0.000000,1.064076
44,17.833333,11.566667,13.772667,0.000000,1.066240
45,17.833333,11.466667,13.790667,0.000000,1.094473
46,17.866667,11.566667,13.802000,0.000000,1.090126
47,17.866667,11.533333,13.810667,0.000000,1.065913
48,17.866667,11.633333,13.790667,0.000000,1.074974
49,17.900000,11.566667,13.795333,0.000000,1.082821
50,17.900000,11.766667,13.811333,0.000000,1.052552
BestSdev: 0.321027, Time: 3m6.516856762s