gen,best,worst,mean,rep,sdev
1,31.800000,12.100000,20.724667,0.000000,3.613836
2,32.333333,12.166667,20.737167,0.000000,3.588958
3,32.900000,11.966667,20.718333,0.000000,3.586003
4,33.033333,11.633333,20.702667,0.000000,3.599212
5,33.233333,12.133333,20.708333,0.000000,3.565123
6,33.266667,11.700000,20.796167,0.000000,3.674850
7,33.300000,12.100000,20.707500,0.000000,3.599776
8,33.666667,11.966667,20.735500,0.000000,3.567761
9,33.766667,12.200000,20.666167,0.000000,3.612685
10,34.033333,11.933333,20.867833,0.000000,3.652902
11,34.033333,12.333333,20.780167,0.000000,3.561327
12,34.033333,12.033333,20.790000,0.000000,3.607980
13,34.400000,11.933333,20.766833,0.000000,3.651001
14,34.533333,12.066667,20.730833,0.000000,3.625857
15,34.666667,12.233333,20.749167,0.000000,3.612899
16,34.733333,11.933333,20.728500,0.000000,3.615158
17,34.800000,12.033333,20.805667,0.000000,3.559966
18,34.933333,11.866667,20.794000,0.000000,3.630926
19,35.066667,12.100000,20.676333,0.000000,3.618403
20,35.100000,11.733333,20.690500,0.000000,3.621914
21,35.100000,11.933333,20.822833,0.000000,3.605389
22,35.100000,11.933333,20.720667,0.000000,3.611423
23,35.166667,11.766667,20.718333,0.000000,3.643660
24,35.266667,12.233333,20.735833,0.000000,3.552023
25,35.266667,12.233333,20.700333,0.000000,3.585199
26,35.433333,12.200000,20.709500,0.000000,3.613026
27,35.433333,11.866667,20.788833,0.000000,3.593447
28,35.433333,11.700000,20.697667,0.000000,3.610995
29,35.466667,12.200000,20.776333,0.000000,3.579417
30,35.500000,11.866667,20.727333,0.000000,3.614561
31,35.500000,11.933333,20.715000,0.000000,3.645504
32,35.566667,12.300000,20.794333,0.000000,3.626255
33,35.566667,11.900000,20.768500,0.000000,3.622676
34,35.633333,12.000000,20.745667,0.000000,3.600453
35,35.866667,12.200000,20.783500,0.000000,3.570220
36,35.866667,12.200000,20.757833,0.000000,3.601336
37,35.900000,12.200000,20.745833,0.000000,3.546230
38,35.966667,12.366667,20.756833,0.000000,3.608853
39,35.966667,11.933333,20.790333,0.000000,3.608174
40,35.966667,11.866667,20.696000,0.000000,3.537243
41,35.966667,11.900000,20.841167,0.000000,3.633272
42,35.966667,12.400000,20.765833,0.000000,3.610993
43,35.966667,12.266667,20.762500,0.000000,3.612136
44,35.966667,11.800000,20.763833,0.000000,3.626424
45,35.966667,11.900000,20.766167,0.000000,3.616539
46,36.000000,12.166667,20.782500,0.000000,3.606833
47,36.000000,12.200000,20.688167,0.000000,3.582539
48,36.000000,12.133333,20.741000,0.000000,3.627056
49,36.066667,12.000000,20.742333,0.000000,3.625948
50,36.066667,12.200000,20.789833,0.000000,3.633937
51,36.066667,11.800000,20.775667,0.000000,3.622022
52,36.066667,12.100000,20.755167,0.000000,3.624868
53,36.100000,11.800000,20.791167,0.000000,3.606504
54,36.200000,12.366667,20.706000,0.000000,3.523480
55,36.200000,11.933333,20.765667,0.000000,3.632860
56,36.266667,11.866667,20.728000,0.000000,3.630517
57,36.266667,12.100000,20.732000,0.000000,3.577576
58,36.300000,11.800000,20.780833,0.000000,3.715322
59,36.300000,11.833333,20.695667,0.000000,3.559469
60,36.300000,11.833333,20.792167,0.000000,3.623730
61,36.300000,11.933333,20.758833,0.000000,3.597049
62,36.300000,11.933333,20.746667,0.000000,3.609665
63,36.300000,11.766667,20.710167,0.000000,3.607901
64,36.300000,12.166667,20.759000,0.000000,3.587072
65,36.300000,11.700000,20.645000,0.000000,3.591246
66,36.300000,12.000000,20.738333,0.000000,3.621959
67,36.300000,12.000000,20.789500,0.000000,3.613078
68,36.333333,11.833333,20.741833,0.000000,3.619848
69,36.433333,12.133333,20.737167,0.000000,3.557254
70,36.433333,12.300000,20.805500,0.000000,3.560962
71,36.433333,11.766667,20.755333,0.000000,3.669186
72,36.433333,11.433333,20.704833,0.000000,3.627103
73,36.466667,11.900000,20.698833,0.000000,3.595836
74,36.500000,11.900000,20.735500,0.000000,3.633844
75,36.566667,11.766667,20.787667,0.000000,3.622075
76,36.566667,12.200000,20.743333,0.000000,3.515181
77,36.566667,11.966667,20.772000,0.000000,3.642334
78,36.566667,11.700000,20.715333,0.000000,3.648184
79,36.633333,11.600000,20.714833,0.000000,3.599024
80,36.633333,11.866667,20.720167,0.000000,3.642696
81,36.633333,11.866667,20.673500,0.000000,3.580694
82,36.633333,12.233333,20.698667,0.000000,3.528068
83,36.633333,12.000000,20.679833,0.000000,3.557393
84,36.666667,11.933333,20.697000,0.000000,3.671920
85,36.666667,12.133333,20.735167,0.000000,3.610697
86,36.666667,12.000000,20.727167,0.000000,3.573165
87,36.733333,11.866667,20.701833,0.000000,3.579312
88,36.833333,12.100000,20.735000,0.000000,3.625852
89,36.833333,12.200000,20.734833,0.000000,3.649252
90,36.833333,12.066667,20.664333,0.000000,3.609355
91,36.833333,11.933333,20.749167,0.000000,3.665348
92,36.833333,12.200000,20.739000,0.000000,3.660166
93,36.833333,12.100000,20.699833,0.000000,3.636715
94,36.900000,12.333333,20.735833,0.000000,3.570386
95,36.900000,12.233333,20.774000,0.000000,3.598680
96,36.900000,12.133333,20.749667,0.000000,3.660889
97,36.900000,11.866667,20.724000,0.000000,3.612854
98,36.900000,12.366667,20.687333,0.000000,3.612316
99,36.900000,12.233333,20.703333,0.000000,3.601489
100,37.033333,12.166667,20.650167,0.000000,3.603187
101,37.033333,11.933333,20.713833,0.000000,3.580792
102,37.033333,12.100000,20.680333,0.000000,3.615186
103,37.033333,12.166667,20.816500,0.000000,3.632564
104,37.033333,12.000000,20.850000,0.000000,3.613213
105,37.033333,12.000000,20.710667,0.000000,3.585300
106,37.033333,12.133333,20.839333,0.000000,3.627656
107,37.033333,11.966667,20.711333,0.000000,3.630815
108,37.033333,12.300000,20.700167,0.000000,3.579408
109,37.033333,11.966667,20.715833,0.000000,3.630049
110,37.033333,12.166667,20.771167,0.000000,3.611606
111,37.066667,11.866667,20.796833,0.000000,3.637883
112,37.066667,11.633333,20.733500,0.000000,3.596843
113,37.066667,12.066667,20.770000,0.000000,3.584224
114,37.066667,12.100000,20.740833,0.000000,3.599090
115,37.066667,12.100000,20.880500,0.000000,3.593362
116,37.133333,12.433333,20.673833,0.000000,3.526812
117,37.133333,12.200000,20.703500,0.000000,3.584170
118,37.133333,12.266667,20.777500,0.000000,3.598127
119,37.200000,12.233333,20.738667,0.000000,3.665990
120,37.200000,11.833333,20.747667,0.000000,3.634723
121,37.200000,11.700000,20.827833,0.000000,3.619889
122,37.200000,12.400000,20.810000,0.000000,3.607928
123,37.200000,11.966667,20.667000,0.000000,3.614829
124,37.200000,11.900000,20.727000,0.000000,3.653361
125,37.200000,12.000000,20.712500,0.000000,3.609356
126,37.200000,11.900000,20.699333,0.000000,3.635058
127,37.200000,12.233333,20.767667,0.000000,3.638705
128,37.200000,12.100000,20.754167,0.000000,3.593607
129,37.200000,11.533333,20.789833,0.000000,3.627175
130,37.200000,11.766667,20.767500,0.000000,3.628274
131,37.200000,12.000000,20.769167,0.000000,3.615052
132,37.200000,12.066667,20.681000,0.000000,3.639305
133,37.200000,12.133333,20.720333,0.000000,3.620265
134,37.200000,12.100000,20.774500,0.000000,3.628663
135,37.200000,11.833333,20.783000,0.000000,3.655343
136,37.200000,11.933333,20.765333,0.000000,3.661405
137,37.200000,11.800000,20.682500,0.000000,3.576153
138,37.200000,12.400000,20.768167,0.000000,3.652726
139,37.200000,12.066667,20.705167,0.000000,3.650743
140,37.200000,12.333333,20.776333,0.000000,3.582952
141,37.200000,11.833333,20.792833,0.000000,3.609109
142,37.200000,12.033333,20.700000,0.000000,3.650266
143,37.200000,12.300000,20.722667,0.000000,3.635357
144,37.200000,11.933333,20.742500,0.000000,3.657771
145,37.200000,12.100000,20.730667,0.000000,3.591651
146,37.200000,11.900000,20.703000,0.000000,3.617282
147,37.200000,11.633333,20.714167,0.000000,3.608946
148,37.200000,12.033333,20.783167,0.000000,3.636094
149,37.200000,12.033333,20.772333,0.000000,3.633458
150,37.266667,11.866667,20.734500,0.000000,3.670904
151,37.266667,12.000000,20.835667,0.000000,3.595516
152,37.266667,11.866667,20.778333,0.000000,3.615367
153,37.266667,12.000000,20.730500,0.000000,3.603663
154,37.266667,11.933333,20.725167,0.000000,3.641437
155,37.266667,12.100000,20.669000,0.000000,3.620190
156,37.266667,12.200000,20.708667,0.000000,3.636921
157,37.266667,12.100000,20.748833,0.000000,3.608422
158,37.266667,11.733333,20.690167,0.000000,3.542333
159,37.266667,11.700000,20.736500,0.000000,3.600986
160,37.266667,11.866667,20.754500,0.000000,3.617452
161,37.266667,12.300000,20.742667,0.000000,3.587069
162,37.266667,11.933333,20.718167,0.000000,3.596438
163,37.266667,12.033333,20.714500,0.000000,3.636047
164,37.266667,12.166667,20.653500,0.000000,3.572656
165,37.266667,11.933333,20.756500,0.000000,3.609844
166,37.266667,11.866667,20.762167,0.000000,3.556225
167,37.266667,11.766667,20.675000,0.000000,3.645735
168,37.266667,12.000000,20.701667,0.000000,3.586087
169,37.366667,12.200000,20.675500,0.000000,3.647905
170,37.366667,11.833333,20.744167,0.000000,3.571336
171,37.366667,12.300000,20.698667,0.000000,3.610329
172,37.366667,11.833333,20.770667,0.000000,3.575512
173,37.433333,11.900000,20.753333,0.000000,3.580492
174,37.466667,11.933333,20.764000,0.000000,3.555439
175,37.466667,11.966667,20.717000,0.000000,3.610310
176,37.466667,12.166667,20.903333,0.000000,3.619794
177,37.466667,12.400000,20.649167,0.000000,3.565983
178,37.466667,12.133333,20.765667,0.000000,3.640261
179,37.466667,12.233333,20.738167,0.000000,3.579327
180,37.466667,12.300000,20.634833,0.000000,3.543770
181,37.533333,12.066667,20.718000,0.000000,3.602339
182,37.533333,12.066667,20.728667,0.000000,3.544131
183,37.533333,12.066667,20.697500,0.000000,3.602421
184,37.566667,12.033333,20.720667,0.000000,3.604685
185,37.566667,11.900000,20.718500,0.000000,3.618032
186,37.566667,12.133333,20.748833,0.000000,3.582611
187,37.566667,12.300000,20.775000,0.000000,3.589987
188,37.566667,12.233333,20.667500,0.000000,3.559102
189,37.633333,12.000000,20.749000,0.000000,3.606940
190,37.633333,12.266667,20.816333,0.000000,3.606342
191,37.633333,12.066667,20.766333,0.000000,3.638306
192,37.633333,12.000000,20.733833,0.000000,3.599796
193,37.633333,12.100000,20.676000,0.000000,3.567374
194,37.633333,11.700000,20.742167,0.000000,3.561648
195,37.633333,12.100000,20.719667,0.000000,3.622535
196,37.633333,12.133333,20.759000,0.000000,3.632122
197,37.633333,12.066667,20.731000,0.000000,3.611654
198,37.633333,12.300000,20.699000,0.000000,3.605121
199,37.633333,12.166667,20.776000,0.000000,3.623051
200,37.633333,12.133333,20.740000,0.000000,3.600070
BestSdev: 1.109016, Time: 45m4.639421574s