gen,best,worst,mean,rep,sdev
1,29.500000,13.400000,20.835333,0.000000,3.602927
2,30.333333,13.733333,20.864667,0.000000,3.494220
3,30.733333,13.466667,20.760000,0.000000,3.459676
4,31.066667,12.933333,20.724000,0.000000,3.698606
5,31.400000,13.133333,20.758000,0.000000,3.614603
6,31.800000,13.200000,20.703333,0.000000,3.542002
7,32.133333,13.600000,20.783333,0.000000,3.697003
8,32.533333,13.166667,20.721333,0.000000,3.627910
9,32.566667,13.166667,20.738667,0.000000,3.624119
10,32.600000,13.000000,20.436000,0.000000,3.518613
11,32.800000,13.466667,20.801333,0.000000,3.528683
12,32.800000,13.233333,20.716000,0.000000,3.505984
13,32.966667,13.266667,20.874000,0.000000,3.584352
14,32.966667,13.333333,20.682000,0.000000,3.507828
15,33.000000,13.233333,20.871333,0.000000,3.550963
16,33.066667,13.166667,20.670000,0.000000,3.544025
17,33.166667,13.200000,20.584667,0.000000,3.573381
18,33.166667,13.333333,20.606000,0.000000,3.504617
19,33.266667,13.133333,20.834667,0.000000,3.698469
20,33.266667,13.000000,20.430000,0.000000,3.586505
21,33.300000,13.233333,20.647333,0.000000,3.580057
22,33.300000,13.466667,20.789333,0.000000,3.487551
23,33.400000,13.333333,20.652667,0.000000,3.612524
24,33.400000,13.566667,20.800667,0.000000,3.577268
25,33.433333,13.533333,20.775333,0.000000,3.518025
26,33.433333,13.533333,20.669333,0.000000,3.573764
27,33.500000,13.633333,20.749333,0.000000,3.581926
28,33.500000,13.866667,20.850000,0.000000,3.525837
29,33.500000,13.433333,20.667333,0.000000,3.463449
30,33.533333,13.400000,20.804667,0.000000,3.721504
31,33.533333,13.566667,20.743333,0.000000,3.494660
32,33.533333,13.466667,20.851333,0.000000,3.557692
33,33.533333,13.466667,20.848667,0.000000,3.594744
34,33.533333,13.666667,20.742667,0.000000,3.456421
35,33.533333,13.266667,20.617333,0.000000,3.568943
36,33.566667,13.333333,20.708667,0.000000,3.616829
37,33.566667,13.733333,20.622667,0.000000,3.508015
38,33.600000,13.400000,20.790667,0.000000,3.621309
39,33.633333,13.200000,20.836000,0.000000,3.679603
40,33.700000,13.466667,20.881333,0.000000,3.649201
41,33.700000,13.600000,20.940000,0.000000,3.592043
42,33.766667,12.900000,20.690667,0.000000,3.654802
43,33.766667,13.300000,20.647333,0.000000,3.487293
44,33.766667,13.500000,20.598000,0.000000,3.471615
45,33.766667,13.566667,20.782000,0.000000,3.492895
46,33.766667,13.333333,20.609333,0.000000,3.456012
47,33.766667,13.566667,20.784667,0.000000,3.609824
48,33.800000,13.166667,20.860000,0.000000,3.572589
49,33.800000,13.600000,20.730667,0.000000,3.606955
50,33.933333,13.200000,20.704667,0.000000,3.536909
51,34.033333,12.933333,20.660000,0.000000,3.611799
52,34.100000,13.400000,20.829333,0.000000,3.547697
53,34.133333,13.700000,20.834000,0.000000,3.528797
54,34.133333,13.200000,20.742667,0.000000,3.562131
55,34.200000,13.533333,20.804667,0.000000,3.478407
56,34.266667,13.566667,20.774000,0.000000,3.532678
57,34.266667,13.366667,20.723333,0.000000,3.554749
58,34.333333,13.433333,20.778667,0.000000,3.474236
59,34.333333,13.300000,20.728000,0.000000,3.519761
60,34.333333,13.533333,20.751333,0.000000,3.643918
61,34.333333,13.333333,20.602000,0.000000,3.571016
62,34.400000,13.466667,20.714000,0.000000,3.537946
63,34.400000,13.233333,20.793333,0.000000,3.503534
64,34.433333,13.566667,20.606000,0.000000,3.541728
65,34.500000,13.566667,20.638000,0.000000,3.498967
66,34.666667,13.466667,20.788667,0.000000,3.522996
67,34.666667,13.033333,20.866667,0.000000,3.675421
68,34.666667,13.366667,20.752667,0.000000,3.561531
69,34.666667,13.200000,20.776000,0.000000,3.590278
70,34.666667,14.033333,20.842000,0.000000,3.468695
71,34.700000,13.200000,20.774000,0.000000,3.578687
72,34.700000,13.366667,20.778000,0.000000,3.527503
73,34.700000,13.566667,20.760667,0.000000,3.512465
74,34.800000,13.433333,20.791333,0.000000,3.613348
75,34.800000,13.133333,20.722000,0.000000,3.550066
76,34.800000,13.333333,20.678667,0.000000,3.577030
77,34.833333,13.266667,20.778667,0.000000,3.679479
78,34.833333,13.100000,20.785333,0.000000,3.594255
79,34.833333,13.666667,20.646667,0.000000,3.419954
80,34.933333,13.433333,20.682000,0.000000,3.543672
81,34.933333,13.166667,20.748000,0.000000,3.621704
82,34.933333,13.300000,20.644000,0.000000,3.541766
83,34.933333,13.566667,20.716000,0.000000,3.662520
84,34.933333,13.666667,20.756667,0.000000,3.592487
85,34.933333,13.400000,20.792667,0.000000,3.592286
86,34.933333,13.266667,20.789333,0.000000,3.501522
87,34.933333,13.666667,20.828000,0.000000,3.658540
88,34.966667,13.233333,20.676000,0.000000,3.547157
89,34.966667,13.233333,20.653333,0.000000,3.421764
90,34.966667,13.300000,20.818000,0.000000,3.666913
91,34.966667,13.400000,20.677333,0.000000,3.596556
92,34.966667,13.200000,20.574000,0.000000,3.598375
93,34.966667,13.400000,20.738667,0.000000,3.591991
94,34.966667,13.233333,20.674667,0.000000,3.696112
95,34.966667,13.133333,20.748667,0.000000,3.559504
96,35.000000,13.233333,20.659333,0.000000,3.514761
97,35.000000,13.266667,20.830667,0.000000,3.771391
98,35.000000,13.266667,20.848667,0.000000,3.530490
99,35.000000,13.500000,20.696000,0.000000,3.572578
100,35.033333,13.300000,20.650667,0.000000,3.614606
101,35.033333,12.900000,20.756000,0.000000,3.597544
102,35.033333,13.000000,20.914000,0.000000,3.627110
103,35.033333,13.333333,20.710667,0.000000,3.521861
104,35.033333,13.700000,20.576000,0.000000,3.501778
105,35.033333,13.666667,20.846000,0.000000,3.605910
106,35.066667,13.466667,20.766000,0.000000,3.561776
107,35.066667,13.466667,20.846667,0.000000,3.625223
108,35.066667,13.300000,20.790000,0.000000,3.562191
109,35.066667,12.900000,20.702667,0.000000,3.568870
110,35.066667,13.600000,20.629333,0.000000,3.416934
111,35.066667,13.733333,20.632000,0.000000,3.621391
112,35.066667,12.933333,20.882000,0.000000,3.725018
113,35.066667,13.033333,20.678667,0.000000,3.623327
114,35.166667,13.266667,20.860667,0.000000,3.664961
115,35.166667,13.066667,20.624000,0.000000,3.625797
116,35.166667,13.833333,20.706667,0.000000,3.622203
117,35.166667,13.000000,20.596667,0.000000,3.555229
118,35.166667,13.333333,20.590667,0.000000,3.550785
119,35.166667,13.600000,20.862000,0.000000,3.536431
120,35.166667,13.133333,20.688000,0.000000,3.572363
121,35.166667,13.766667,20.592000,0.000000,3.499723
122,35.166667,13.533333,20.612667,0.000000,3.425086
123,35.166667,13.733333,20.680000,0.000000,3.560766
124,35.166667,13.600000,20.738000,0.000000,3.644703
125,35.166667,13.533333,20.790667,0.000000,3.562084
126,35.166667,13.566667,20.723333,0.000000,3.505680
127,35.166667,13.133333,20.684000,0.000000,3.572438
128,35.166667,13.600000,20.839333,0.000000,3.649522
129,35.166667,13.400000,20.702000,0.000000,3.474925
130,35.166667,13.600000,20.797333,0.000000,3.601602
131,35.166667,12.900000,20.670000,0.000000,3.541982
132,35.166667,13.733333,20.774000,0.000000,3.427559
133,35.166667,13.700000,20.640000,0.000000,3.455848
134,35.166667,13.766667,20.665333,0.000000,3.461185
135,35.166667,13.400000,20.584667,0.000000,3.657262
136,35.166667,13.533333,20.755333,0.000000,3.668775
137,35.166667,13.366667,20.922667,0.000000,3.596009
138,35.166667,13.433333,20.776667,0.000000,3.517208
139,35.166667,13.566667,20.576000,0.000000,3.559671
140,35.166667,13.433333,20.701333,0.000000,3.646332
141,35.166667,13.433333,20.672000,0.000000,3.580688
142,35.166667,13.833333,20.827333,0.000000,3.478541
143,35.166667,13.200000,20.722000,0.000000,3.562220
144,35.166667,13.200000,20.680667,0.000000,3.590098
145,35.166667,13.266667,20.722000,0.000000,3.545595
146,35.166667,13.066667,20.772000,0.000000,3.525848
147,35.166667,13.100000,20.725333,0.000000,3.526341
148,35.166667,13.433333,20.628000,0.000000,3.593100
149,35.166667,13.700000,20.775333,0.000000,3.547544
150,35.166667,13.566667,20.953333,0.000000,3.546346
151,35.166667,13.066667,20.721333,0.000000,3.648232
152,35.266667,13.733333,20.753333,0.000000,3.510757
153,35.300000,13.900000,20.847333,0.000000,3.412076
154,35.300000,13.300000,20.766667,0.000000,3.546734
155,35.300000,13.366667,20.747333,0.000000,3.545354
156,35.300000,13.366667,20.644000,0.000000,3.649062
157,35.300000,13.300000,20.794667,0.000000,3.511985
158,35.300000,13.300000,20.742667,0.000000,3.477632
159,35.300000,13.500000,20.808000,0.000000,3.650499
160,35.300000,13.566667,20.812000,0.000000,3.581982
161,35.300000,13.500000,20.770667,0.000000,3.523660
162,35.300000,13.333333,20.648000,0.000000,3.510649
163,35.333333,13.300000,20.848667,0.000000,3.601392
164,35.333333,13.900000,20.835333,0.000000,3.449291
165,35.333333,13.633333,20.618000,0.000000,3.535297
166,35.333333,13.733333,20.768000,0.000000,3.452469
167,35.333333,13.200000,20.516000,0.000000,3.648499
168,35.333333,13.466667,20.768000,0.000000,3.478757
169,35.333333,13.666667,20.708000,0.000000,3.600929
170,35.333333,13.500000,20.562000,0.000000,3.497912
171,35.433333,13.733333,20.957333,0.000000,3.609528
172,35.433333,13.500000,20.577333,0.000000,3.421793
173,35.500000,13.433333,20.760000,0.000000,3.653114
174,35.500000,13.066667,20.643333,0.000000,3.657692
175,35.500000,13.566667,20.771333,0.000000,3.523676
176,35.500000,13.300000,20.657333,0.000000,3.609559
177,35.500000,13.233333,20.752000,0.000000,3.570173
178,35.500000,13.433333,20.832667,0.000000,3.582455
179,35.500000,13.166667,20.742000,0.000000,3.588463
180,35.500000,13.533333,20.754667,0.000000,3.547327
181,35.500000,13.366667,20.668000,0.000000,3.525914
182,35.500000,13.433333,20.701333,0.000000,3.559213
183,35.500000,13.266667,20.495333,0.000000,3.568193
184,35.500000,13.566667,20.617333,0.000000,3.546519
185,35.500000,13.133333,20.701333,0.000000,3.647614
186,35.500000,13.300000,20.747333,0.000000,3.592654
187,35.500000,13.300000,20.786667,0.000000,3.552893
188,35.500000,13.266667,20.728000,0.000000,3.623263
189,35.533333,13.766667,20.776000,0.000000,3.467682
190,35.533333,13.400000,20.642667,0.000000,3.430757
191,35.533333,13.333333,20.594667,0.000000,3.520738
192,35.533333,12.900000,20.638000,0.000000,3.626199
193,35.533333,13.633333,20.840667,0.000000,3.566348
194,35.533333,13.466667,20.796667,0.000000,3.593447
195,35.533333,13.500000,20.597333,0.000000,3.448024
196,35.533333,13.700000,20.845333,0.000000,3.440073
197,35.533333,13.300000,20.702000,0.000000,3.553376
198,35.533333,13.466667,20.816000,0.000000,3.662714
199,35.533333,13.300000,20.770000,0.000000,3.541140
200,35.533333,12.800000,20.588667,0.000000,3.678809
201,35.533333,13.566667,20.713333,0.000000,3.659304
202,35.533333,13.100000,20.926000,0.000000,3.673884
203,35.533333,13.266667,20.678667,0.000000,3.494063
204,35.533333,13.300000,20.661333,0.000000,3.572479
205,35.533333,13.633333,20.627333,0.000000,3.474104
206,35.533333,13.066667,20.700667,0.000000,3.618876
207,35.533333,13.366667,20.618000,0.000000,3.561555
208,35.533333,13.000000,20.482667,0.000000,3.600800
209,35.533333,13.733333,20.613333,0.000000,3.607985
210,35.533333,13.333333,20.650667,0.000000,3.509385
211,35.533333,12.866667,20.786667,0.000000,3.665255
212,35.533333,13.266667,20.792667,0.000000,3.547955
213,35.533333,13.400000,20.744667,0.000000,3.584456
214,35.533333,13.700000,20.767333,0.000000,3.544133
215,35.533333,13.633333,20.878000,0.000000,3.518192
216,35.600000,13.333333,20.667333,0.000000,3.647057
217,35.600000,13.333333,20.647333,0.000000,3.570647
218,35.600000,13.300000,20.567333,0.000000,3.559639
219,35.600000,13.366667,20.530000,0.000000,3.578425
220,35.600000,13.200000,20.778667,0.000000,3.472441
221,35.600000,13.400000,20.709333,0.000000,3.535415
222,35.600000,13.333333,20.793333,0.000000,3.628248
223,35.600000,13.166667,20.664667,0.000000,3.545849
224,35.600000,12.666667,20.636000,0.000000,3.540826
225,35.600000,13.566667,20.760000,0.000000,3.506973
226,35.600000,13.633333,20.756667,0.000000,3.603516
227,35.600000,13.466667,20.658667,0.000000,3.481618
228,35.600000,13.600000,20.966000,0.000000,3.604055
229,35.600000,13.533333,20.650000,0.000000,3.527880
230,35.600000,13.700000,20.658667,0.000000,3.502485
231,35.600000,13.166667,20.784000,0.000000,3.587704
232,35.600000,13.633333,20.910000,0.000000,3.487664
233,35.600000,13.666667,20.848667,0.000000,3.532027
234,35.600000,13.366667,20.634667,0.000000,3.448199
235,35.600000,12.933333,20.694000,0.000000,3.638962
236,35.633333,13.433333,20.718000,0.000000,3.533624
237,35.633333,13.366667,20.801333,0.000000,3.618291
238,35.633333,13.600000,20.707333,0.000000,3.663017
239,35.633333,13.400000,20.822000,0.000000,3.599435
240,35.633333,13.066667,20.691333,0.000000,3.657669
241,35.633333,13.466667,20.646000,0.000000,3.505239
242,35.633333,13.366667,20.902000,0.000000,3.556491
243,35.633333,13.400000,20.667333,0.000000,3.565896
244,35.633333,13.400000,20.812667,0.000000,3.466534
245,35.633333,13.766667,20.888000,0.000000,3.695243
246,35.666667,12.666667,20.686000,0.000000,3.688871
247,35.666667,13.633333,20.864000,0.000000,3.652262
248,35.666667,13.466667,20.580000,0.000000,3.548043
249,35.666667,13.300000,20.712000,0.000000,3.626456
250,35.666667,13.233333,20.791333,0.000000,3.599444
251,35.666667,13.166667,20.556667,0.000000,3.580814
252,35.666667,13.966667,20.808667,0.000000,3.495677
253,35.666667,13.266667,20.746667,0.000000,3.593663
254,35.666667,13.566667,20.847333,0.000000,3.579012
255,35.666667,13.366667,20.712667,0.000000,3.531303
256,35.666667,13.900000,20.752000,0.000000,3.524741
257,35.666667,13.433333,20.634000,0.000000,3.517006
258,35.666667,13.766667,20.779333,0.000000,3.594901
259,35.666667,13.200000,20.736000,0.000000,3.438645
260,35.666667,13.533333,20.795333,0.000000,3.546201
261,35.666667,13.233333,20.760000,0.000000,3.552879
262,35.666667,13.600000,20.774000,0.000000,3.506221
263,35.666667,13.466667,20.606000,0.000000,3.490097
264,35.666667,13.800000,20.829333,0.000000,3.582195
265,35.666667,13.033333,20.482000,0.000000,3.506342
266,35.733333,13.266667,20.822000,0.000000,3.694417
267,35.733333,13.000000,20.651333,0.000000,3.567119
268,35.733333,13.666667,20.675333,0.000000,3.462525
269,35.733333,12.933333,20.690000,0.000000,3.578853
270,35.733333,12.800000,20.690667,0.000000,3.672795
271,35.733333,13.266667,20.858667,0.000000,3.571317
272,35.733333,13.766667,20.844000,0.000000,3.544842
273,35.733333,12.866667,20.734000,0.000000,3.658554
274,35.733333,13.166667,20.680000,0.000000,3.468548
275,35.733333,13.100000,20.718667,0.000000,3.635468
276,35.733333,12.933333,20.741333,0.000000,3.751329
277,35.800000,13.266667,20.775333,0.000000,3.662119
278,35.866667,13.966667,20.943333,0.000000,3.465835
279,35.866667,13.300000,20.672000,0.000000,3.613591
280,35.866667,13.166667,20.758000,0.000000,3.611271
281,35.866667,13.100000,20.625333,0.000000,3.610615
282,35.933333,13.333333,20.798667,0.000000,3.514979
283,35.933333,13.300000,20.822667,0.000000,3.580509
284,35.933333,13.300000,20.670000,0.000000,3.643617
285,35.933333,13.166667,20.593333,0.000000,3.551323
286,35.933333,13.866667,20.835333,0.000000,3.542545
287,35.933333,13.566667,20.638667,0.000000,3.567774
288,35.933333,13.366667,20.707333,0.000000,3.536022
289,35.933333,13.300000,20.650000,0.000000,3.618042
290,35.933333,13.600000,20.691333,0.000000,3.520665
291,36.066667,13.266667,20.757333,0.000000,3.701245
292,36.066667,13.600000,20.694000,0.000000,3.568060
293,36.066667,13.500000,20.848667,0.000000,3.603931
294,36.066667,13.333333,20.692000,0.000000,3.608807
295,36.066667,13.600000,20.748667,0.000000,3.446457
296,36.066667,13.600000,20.698667,0.000000,3.615103
297,36.066667,13.366667,20.599333,0.000000,3.521579
298,36.066667,13.500000,20.779333,0.000000,3.690505
299,36.066667,13.233333,20.749333,0.000000,3.617737
300,36.066667,13.666667,20.850667,0.000000,3.464377
301,36.066667,13.133333,20.547333,0.000000,3.558400
302,36.066667,13.033333,20.640667,0.000000,3.535198
303,36.066667,13.400000,20.678667,0.000000,3.565403
304,36.066667,13.300000,20.634000,0.000000,3.563797
305,36.066667,13.733333,20.700000,0.000000,3.434911
306,36.066667,13.333333,20.625333,0.000000,3.545803
307,36.066667,13.366667,20.677333,0.000000,3.584683
308,36.066667,12.666667,20.648000,0.000000,3.515673
309,36.066667,13.300000,20.762667,0.000000,3.522873
310,36.066667,13.266667,20.821333,0.000000,3.637474
311,36.066667,13.500000,20.780000,0.000000,3.545845
312,36.066667,13.566667,20.712000,0.000000,3.514844
313,36.066667,13.000000,20.689333,0.000000,3.600578
314,36.066667,13.466667,20.539333,0.000000,3.436834
315,36.066667,13.500000,20.590000,0.000000,3.463113
316,36.066667,13.233333,20.549333,0.000000,3.548217
317,36.066667,13.400000,20.712000,0.000000,3.531378
318,36.066667,13.366667,20.850000,0.000000,3.643329
319,36.100000,13.300000,20.828667,0.000000,3.613720
320,36.100000,13.333333,20.718667,0.000000,3.593239
321,36.133333,13.166667,20.892000,0.000000,3.594552
322,36.133333,13.133333,20.751333,0.000000,3.598178
323,36.133333,13.800000,20.863333,0.000000,3.574032
324,36.133333,13.066667,20.662667,0.000000,3.532759
325,36.133333,13.333333,20.792000,0.000000,3.649644
326,36.133333,13.166667,20.618000,0.000000,3.540158
327,36.133333,13.566667,20.691333,0.000000,3.563676
328,36.133333,13.500000,20.836667,0.000000,3.614649
329,36.133333,13.266667,20.636667,0.000000,3.539384
330,36.133333,13.566667,20.816000,0.000000,3.532598
331,36.133333,13.266667,20.808000,0.000000,3.586396
332,36.133333,13.000000,20.600667,0.000000,3.696831
333,36.133333,13.566667,20.672667,0.000000,3.526113
334,36.133333,13.200000,20.741333,0.000000,3.544828
335,36.166667,13.400000,20.866667,0.000000,3.564352
336,36.166667,13.566667,20.784667,0.000000,3.542187
337,36.166667,13.100000,20.694667,0.000000,3.663110
338,36.166667,13.366667,20.633333,0.000000,3.516143
339,36.166667,13.533333,20.762000,0.000000,3.540210
340,36.166667,13.500000,20.697333,0.000000,3.505852
341,36.166667,13.100000,20.608000,0.000000,3.576769
342,36.166667,13.133333,20.682000,0.000000,3.532154
343,36.166667,13.166667,20.682667,0.000000,3.604137
344,36.166667,13.900000,20.728000,0.000000,3.452247
345,36.166667,13.633333,20.805333,0.000000,3.438353
346,36.166667,13.566667,20.676000,0.000000,3.559580
347,36.166667,13.400000,20.767333,0.000000,3.602254
348,36.166667,13.400000,20.648000,0.000000,3.492270
349,36.166667,13.400000,20.660667,0.000000,3.509059
350,36.166667,13.466667,20.660667,0.000000,3.633280
351,36.166667,13.833333,20.842667,0.000000,3.590729
352,36.166667,13.400000,20.731333,0.000000,3.521504
353,36.166667,13.133333,20.681333,0.000000,3.582038
354,36.166667,13.100000,20.806667,0.000000,3.552373
355,36.166667,13.500000,20.700000,0.000000,3.549689
356,36.166667,13.466667,20.640000,0.000000,3.584077
357,36.166667,13.333333,20.740667,0.000000,3.563251
358,36.166667,13.366667,20.826667,0.000000,3.538949
359,36.166667,13.266667,20.722667,0.000000,3.538821
360,36.166667,13.500000,20.788667,0.000000,3.610649
361,36.166667,13.266667,20.781333,0.000000,3.582576
362,36.166667,13.200000,20.712000,0.000000,3.591632
363,36.166667,13.566667,20.619333,0.000000,3.528550
364,36.200000,13.500000,20.916667,0.000000,3.583512
365,36.200000,13.666667,20.816000,0.000000,3.531373
366,36.200000,13.300000,20.632000,0.000000,3.516221
367,36.233333,13.166667,20.721333,0.000000,3.557201
368,36.233333,13.000000,20.726667,0.000000,3.568172
369,36.366667,13.500000,20.766000,0.000000,3.553107
370,36.366667,13.133333,20.811333,0.000000,3.561849
371,36.366667,13.500000,20.770667,0.000000,3.504815
372,36.366667,13.633333,20.856667,0.000000,3.603411
373,36.366667,13.166667,20.722000,0.000000,3.479811
374,36.366667,13.266667,20.745333,0.000000,3.574485
375,36.366667,13.333333,20.614667,0.000000,3.594025
376,36.366667,13.233333,20.766000,0.000000,3.724760
377,36.366667,12.966667,20.761333,0.000000,3.534589
378,36.366667,13.566667,20.956000,0.000000,3.613351
379,36.366667,13.266667,20.606000,0.000000,3.542509
380,36.366667,14.100000,20.795333,0.000000,3.551926
381,36.433333,12.966667,20.629333,0.000000,3.673635
382,36.433333,13.333333,20.882667,0.000000,3.616311
383,36.466667,13.566667,20.696000,0.000000,3.510378
384,36.566667,13.533333,20.814667,0.000000,3.503997
385,36.566667,13.266667,20.694000,0.000000,3.525646
386,36.566667,13.800000,20.942000,0.000000,3.531170
387,36.566667,13.300000,20.709333,0.000000,3.531889
388,36.566667,13.600000,20.609333,0.000000,3.531925
389,36.566667,13.533333,20.776667,0.000000,3.541180
390,36.566667,13.433333,20.881333,0.000000,3.637741
391,36.566667,13.500000,20.700667,0.000000,3.526688
392,36.566667,13.600000,20.708667,0.000000,3.499533
393,36.566667,13.266667,20.776000,0.000000,3.608803
394,36.566667,13.333333,20.881333,0.000000,3.630455
395,36.566667,13.200000,20.620000,0.000000,3.598919
396,36.566667,13.766667,20.752667,0.000000,3.521080
397,36.566667,13.500000,20.645333,0.000000,3.576870
398,36.566667,13.133333,20.702667,0.000000,3.515837
399,36.566667,13.433333,20.686000,0.000000,3.619850
400,36.566667,13.366667,20.739333,0.000000,3.593408
401,36.566667,13.166667,20.731333,0.000000,3.571691
402,36.566667,13.400000,20.690667,0.000000,3.539070
403,36.566667,13.366667,20.738000,0.000000,3.598167
404,36.633333,13.633333,20.667333,0.000000,3.534167
405,36.633333,13.300000,20.712000,0.000000,3.532497
406,36.633333,13.100000,20.786000,0.000000,3.660764
407,36.633333,13.566667,20.806000,0.000000,3.666639
408,36.633333,13.500000,20.933333,0.000000,3.573854
409,36.633333,13.100000,20.690667,0.000000,3.554779
410,36.633333,12.900000,20.742667,0.000000,3.774343
411,36.633333,13.033333,20.828000,0.000000,3.566024
412,36.633333,13.200000,20.811333,0.000000,3.606097
413,36.633333,13.333333,20.734000,0.000000,3.505587
414,36.666667,13.366667,20.691333,0.000000,3.602057
415,36.666667,13.633333,20.802667,0.000000,3.484405
416,36.666667,13.366667,20.739333,0.000000,3.570211
417,36.666667,13.166667,20.828000,0.000000,3.605604
418,36.666667,13.433333,20.795333,0.000000,3.561799
419,36.666667,13.200000,20.660000,0.000000,3.515982
420,36.666667,13.700000,20.891333,0.000000,3.515947
421,36.666667,13.300000,20.751333,0.000000,3.554876
422,36.666667,13.266667,20.742000,0.000000,3.615270
423,36.666667,13.633333,20.804000,0.000000,3.487383
424,36.666667,13.633333,20.766667,0.000000,3.471886
425,36.666667,13.666667,20.776000,0.000000,3.453471
426,36.666667,13.100000,20.808667,0.000000,3.639282
427,36.666667,13.466667,20.813333,0.000000,3.602428
428,36.666667,13.700000,20.725333,0.000000,3.611867
429,36.666667,13.866667,20.769333,0.000000,3.679982
430,36.666667,13.266667,20.742000,0.000000,3.575671
431,36.666667,13.133333,20.773333,0.000000,3.589438
432,36.666667,13.500000,20.855333,0.000000,3.605963
433,36.666667,12.933333,20.704000,0.000000,3.628409
434,36.700000,13.533333,20.573333,0.000000,3.449224
435,36.700000,13.300000,20.748000,0.000000,3.575185
436,36.800000,13.366667,20.679333,0.000000,3.558655
437,36.800000,13.566667,20.780000,0.000000,3.493430
438,36.833333,13.566667,20.918667,0.000000,3.547740
439,36.833333,13.466667,20.821333,0.000000,3.616002
440,36.833333,13.200000,20.686000,0.000000,3.580440
441,36.833333,13.566667,20.786667,0.000000,3.510514
442,36.833333,13.166667,20.689333,0.000000,3.549918
443,36.833333,13.066667,20.539333,0.000000,3.554634
444,36.833333,13.866667,20.950000,0.000000,3.610322
445,36.833333,13.466667,20.868000,0.000000,3.514098
446,36.833333,13.666667,20.736000,0.000000,3.534666
447,36.833333,13.000000,20.846000,0.000000,3.674572
448,36.833333,13.200000,20.630667,0.000000,3.560052
449,36.833333,13.200000,20.656667,0.000000,3.618925
450,36.833333,13.633333,20.696667,0.000000,3.522011
451,36.833333,13.500000,20.710000,0.000000,3.615569
452,36.833333,13.400000,20.646000,0.000000,3.585552
453,36.833333,13.300000,20.727333,0.000000,3.562147
454,36.833333,13.066667,20.644000,0.000000,3.632497
455,36.833333,13.400000,20.941333,0.000000,3.550816
456,36.833333,13.233333,20.798667,0.000000,3.519817
457,36.833333,13.433333,20.743333,0.000000,3.490763
458,36.833333,13.466667,20.628000,0.000000,3.458247
459,36.833333,13.200000,20.580000,0.000000,3.584408
460,36.833333,13.466667,20.557333,0.000000,3.516892
461,36.833333,13.233333,20.634667,0.000000,3.550744
462,36.833333,13.500000,20.693333,0.000000,3.550530
463,36.833333,13.166667,20.822667,0.000000,3.679280
464,36.833333,13.500000,20.661333,0.000000,3.508882
465,36.833333,13.266667,20.894667,0.000000,3.739816
466,36.833333,13.633333,20.764667,0.000000,3.562109
467,36.833333,13.500000,20.750667,0.000000,3.545752
468,36.833333,13.600000,20.644000,0.000000,3.492627
469,36.833333,13.166667,20.536000,0.000000,3.494680
470,36.833333,13.433333,20.866000,0.000000,3.571284
471,36.933333,13.500000,20.720667,0.000000,3.538738
472,36.933333,12.966667,20.684667,0.000000,3.736375
473,36.933333,13.466667,20.760000,0.000000,3.515615
474,36.933333,13.366667,20.614667,0.000000,3.654668
475,36.933333,13.266667,20.861333,0.000000,3.544126
476,36.966667,13.033333,20.632667,0.000000,3.673196
477,37.000000,13.400000,20.706000,0.000000,3.691964
478,37.000000,13.100000,20.654000,0.000000,3.511603
479,37.000000,13.566667,20.694667,0.000000,3.592576
480,37.000000,13.600000,20.782667,0.000000,3.447150
481,37.000000,13.300000,20.695333,0.000000,3.542055
482,37.000000,13.366667,20.634667,0.000000,3.660511
483,37.000000,13.433333,20.898000,0.000000,3.619513
484,37.000000,13.200000,20.670000,0.000000,3.598171
485,37.000000,13.200000,20.816000,0.000000,3.547226
486,37.000000,12.733333,20.889333,0.000000,3.671608
487,37.000000,13.633333,20.775333,0.000000,3.580223
488,37.000000,13.433333,20.756000,0.000000,3.599413
489,37.000000,13.733333,20.816000,0.000000,3.656128
490,37.000000,13.233333,20.669333,0.000000,3.506366
491,37.000000,13.333333,20.662667,0.000000,3.603814
492,37.000000,13.200000,20.858667,0.000000,3.579168
493,37.000000,13.333333,20.711333,0.000000,3.559920
494,37.000000,13.633333,20.700000,0.000000,3.561627
495,37.000000,13.400000,20.749333,0.000000,3.554305
496,37.000000,13.766667,20.640667,0.000000,3.439541
497,37.000000,13.200000,20.738667,0.000000,3.523359
498,37.000000,13.533333,20.836000,0.000000,3.640374
499,37.000000,13.166667,20.738667,0.000000,3.537724
500,37.000000,13.366667,20.744000,0.000000,3.592401
BestSdev: 1.117011, Time: 30m0.904028113s