gen,best,worst,mean,rep,sdev
1,15.733333,12.066667,13.793333,0.000000,1.005436
2,16.300000,11.933333,13.841667,0.000000,1.061681
3,16.500000,11.900000,13.765000,0.000000,1.043175
4,16.566667,12.100000,13.835000,0.000000,1.033345
5,16.733333,11.866667,13.810000,0.000000,1.062037
6,16.800000,12.066667,13.825000,0.000000,1.018798
7,16.833333,12.000000,13.783333,0.000000,1.047263
8,16.833333,11.866667,13.850000,0.000000,1.046618
9,16.833333,11.933333,13.823333,0.000000,1.054401
10,16.833333,11.900000,13.753333,0.000000,0.999276
11,16.933333,11.966667,13.813333,0.000000,1.073064
12,16.966667,12.066667,13.793333,0.000000,1.032033
13,17.033333,11.733333,13.753333,0.000000,1.100702
14,17.033333,11.933333,13.801667,0.000000,1.052441
15,17.100000,11.866667,13.798333,0.000000,1.089587
16,17.166667,11.933333,13.773333,0.000000,1.041730
17,17.166667,11.900000,13.806667,0.000000,1.032129
18,17.200000,11.800000,13.808333,0.000000,1.114482
19,17.200000,12.033333,13.880000,0.000000,1.088884
20,17.200000,11.900000,13.783333,0.000000,1.047179
21,17.200000,12.033333,13.903333,0.000000,1.039972
22,17.200000,11.966667,13.825000,0.000000,1.025524
23,17.200000,12.000000,13.821667,0.000000,1.086113
24,17.200000,11.866667,13.821667,0.000000,1.067180
25,17.233333,11.933333,13.841667,0.000000,1.101968
26,17.300000,11.600000,13.721667,0.000000,1.115817
27,17.300000,11.833333,13.780000,0.000000,1.069255
28,17.300000,11.833333,13.751667,0.000000,1.017912
29,17.300000,11.900000,13.833333,0.000000,1.031733
30,17.300000,12.033333,13.813333,0.000000,1.026458
31,17.300000,11.900000,13.780000,0.000000,1.023246
32,17.300000,11.866667,13.825000,0.000000,1.071000
33,17.300000,11.866667,13.703333,0.000000,1.026818
34,17.300000,12.066667,13.850000,0.000000,1.016958
35,17.300000,11.866667,13.760000,0.000000,1.073475
36,17.300000,11.833333,13.753333,0.000000,1.046312
37,17.300000,11.833333,13.781667,0.000000,1.082982
38,17.300000,11.900000,13.831667,0.000000,1.049528
39,17.333333,11.900000,13.811667,0.000000,1.042593
40,17.333333,11.933333,13.776667,0.000000,1.040561
41,17.333333,11.966667,13.795000,0.000000,0.990198
42,17.333333,11.900000,13.866667,0.000000,1.086931
43,17.333333,11.833333,13.790000,0.000000,1.087731
44,17.333333,12.000000,13.773333,0.000000,1.068746
45,17.333333,11.966667,13.798333,0.000000,1.043322
46,17.333333,11.800000,13.821667,0.000000,1.093287
47,17.333333,12.033333,13.875000,0.000000,1.036430
48,17.333333,11.866667,13.746667,0.000000,1.103612
49,17.333333,12.033333,13.851667,0.000000,1.077253
50,17.333333,11.900000,13.811667,0.000000,1.021828
51,17.333333,12.033333,13.806667,0.000000,1.020761
52,17.333333,11.700000,13.740000,0.000000,1.050056
53,17.366667,11.633333,13.791667,0.000000,1.103215
54,17.366667,12.033333,13.871667,0.000000,1.030544
55,17.400000,11.833333,13.760000,0.000000,1.041981
56,17.400000,12.000000,13.833333,0.000000,1.013935
57,17.400000,12.100000,13.883333,0.000000,1.020752
58,17.400000,11.933333,13.790000,0.000000,0.993919
59,17.433333,11.933333,13.883333,0.000000,1.060921
60,17.433333,11.900000,13.803333,0.000000,1.068488
61,17.433333,11.933333,13.805000,0.000000,1.027518
62,17.466667,11.933333,13.821667,0.000000,1.062299
63,17.466667,11.866667,13.781667,0.000000,1.082699
64,17.466667,11.833333,13.875000,0.000000,1.097922
65,17.466667,11.900000,13.806667,0.000000,1.058833
66,17.466667,11.966667,13.850000,0.000000,1.044900
67,17.533333,11.966667,13.798333,0.000000,1.064665
68,17.533333,11.833333,13.773333,0.000000,1.014129
69,17.533333,11.900000,13.803333,0.000000,1.035808
70,17.533333,11.933333,13.843333,0.000000,1.022181
71,17.533333,12.000000,13.898333,0.000000,1.045270
72,17.533333,11.966667,13.880000,0.000000,1.073016
73,17.533333,11.866667,13.713333,0.000000,0.997889
74,17.566667,12.033333,13.873333,0.000000,1.028880
75,17.566667,11.866667,13.830000,0.000000,1.067056
76,17.566667,11.900000,13.805000,0.000000,1.094034
77,17.566667,12.000000,13.815000,0.000000,1.061306
78,17.566667,12.133333,13.830000,0.000000,0.996964
79,17.566667,11.933333,13.800000,0.000000,1.061355
80,17.566667,11.733333,13.790000,0.000000,1.082836
81,17.566667,12.000000,13.780000,0.000000,1.057668
82,17.600000,11.900000,13.731667,0.000000,1.068390
83,17.600000,11.933333,13.788333,0.000000,1.045472
84,17.600000,11.900000,13.831667,0.000000,1.029470
85,17.600000,11.866667,13.840000,0.000000,1.051848
86,17.633333,11.733333,13.663333,0.000000,1.085355
87,17.633333,11.933333,13.813333,0.000000,1.000835
88,17.633333,12.000000,13.738333,0.000000,1.002949
89,17.633333,11.900000,13.765000,0.000000,1.032561
90,17.633333,11.900000,13.765000,0.000000,1.046839
91,17.633333,11.933333,13.795000,0.000000,1.099806
92,17.633333,11.966667,13.881667,0.000000,1.047158
93,17.633333,11.833333,13.793333,0.000000,1.023642
94,17.633333,11.933333,13.853333,0.000000,1.039240
95,17.633333,11.966667,13.838333,0.000000,1.005141
96,17.633333,12.033333,13.871667,0.000000,1.071870
97,17.633333,11.933333,13.805000,0.000000,1.062183
98,17.633333,11.933333,13.826667,0.000000,0.990205
99,17.633333,11.933333,13.861667,0.000000,1.035929
100,17.633333,11.866667,13.788333,0.000000,1.029824
BestSdev: 0.312612, Time: 2m51.37027544s