gen,best,worst,mean,rep,sdev
1,32.833333,11.433333,20.741267,0.000000,3.620826
2,33.400000,11.300000,20.701333,0.000000,3.627915
3,34.000000,11.400000,20.692400,0.000000,3.620777
4,34.233333,11.400000,20.734933,0.000000,3.619251
5,34.333333,11.333333,20.700400,0.000000,3.642184
6,34.466667,10.833333,20.672733,0.000000,3.594967
7,34.566667,11.166667,20.704267,0.000000,3.625243
8,34.600000,11.000000,20.708200,0.000000,3.595203
9,34.666667,11.033333,20.721933,0.000000,3.590824
10,34.833333,11.300000,20.678667,0.000000,3.615233
11,35.000000,10.966667,20.726733,0.000000,3.618143
12,35.000000,11.233333,20.737467,0.000000,3.617025
13,35.000000,11.233333,20.736467,0.000000,3.603704
14,35.133333,11.366667,20.736133,0.000000,3.587280
15,35.133333,11.366667,20.745533,0.000000,3.626259
16,35.233333,11.400000,20.738733,0.000000,3.587661
17,35.366667,11.466667,20.734600,0.000000,3.620729
18,35.366667,10.866667,20.729667,0.000000,3.647479
19,35.366667,11.233333,20.734267,0.000000,3.632957
20,35.400000,11.033333,20.713667,0.000000,3.657609
21,35.500000,11.366667,20.785467,0.000000,3.591345
22,35.533333,11.333333,20.765533,0.000000,3.645145
23,35.600000,11.200000,20.719200,0.000000,3.602834
24,35.733333,11.500000,20.757733,0.000000,3.665462
25,35.766667,11.233333,20.744733,0.000000,3.636268
26,35.800000,11.400000,20.742267,0.000000,3.607732
27,35.800000,11.233333,20.736000,0.000000,3.613568
28,35.833333,10.933333,20.752467,0.000000,3.638401
29,35.933333,11.166667,20.717933,0.000000,3.647360
30,35.933333,11.466667,20.689533,0.000000,3.601456
31,35.966667,11.366667,20.806867,0.000000,3.651003
32,35.966667,11.133333,20.760800,0.000000,3.599195
33,35.966667,11.200000,20.747000,0.000000,3.637073
34,36.100000,11.233333,20.660600,0.000000,3.609566
35,36.100000,11.200000,20.757933,0.000000,3.660825
36,36.100000,11.200000,20.713067,0.000000,3.594365
37,36.100000,11.500000,20.784467,0.000000,3.632459
38,36.100000,11.233333,20.744667,0.000000,3.660741
39,36.100000,11.500000,20.719000,0.000000,3.586771
40,36.133333,11.366667,20.717267,0.000000,3.603635
41,36.366667,11.166667,20.799733,0.000000,3.631963
42,36.466667,11.500000,20.743000,0.000000,3.640953
43,36.466667,11.600000,20.732400,0.000000,3.569848
44,36.466667,11.066667,20.719133,0.000000,3.620288
45,36.466667,11.033333,20.714467,0.000000,3.618630
46,36.500000,11.033333,20.723133,0.000000,3.629126
47,36.500000,11.266667,20.708333,0.000000,3.620536
48,36.500000,10.900000,20.714133,0.000000,3.620627
49,36.500000,11.300000,20.738067,0.000000,3.620225
50,36.500000,11.266667,20.744400,0.000000,3.576062
BestSdev: 0.839337, Time: 28m8.066479681s