gen,best,worst,mean,rep,sdev
1,28.866667,13.666667,20.725333,0.000000,3.509228
2,30.633333,13.300000,20.898667,0.000000,3.678620
3,30.800000,13.233333,20.760000,0.000000,3.596784
4,31.166667,13.433333,20.884667,0.000000,3.596183
5,31.600000,13.500000,20.775333,0.000000,3.686357
6,31.866667,13.700000,20.750000,0.000000,3.599694
7,32.200000,13.266667,20.726667,0.000000,3.699416
8,32.433333,13.166667,20.772667,0.000000,3.576863
9,32.566667,13.566667,20.848667,0.000000,3.598789
10,32.633333,13.466667,20.801333,0.000000,3.556458
11,32.666667,13.333333,20.854667,0.000000,3.562153
12,32.766667,13.566667,20.729333,0.000000,3.565698
13,32.866667,13.466667,20.784667,0.000000,3.609580
14,32.900000,13.166667,20.842000,0.000000,3.579632
15,32.900000,13.600000,20.592667,0.000000,3.428564
16,33.033333,13.300000,20.799333,0.000000,3.565906
17,33.200000,13.200000,20.808000,0.000000,3.553350
18,33.233333,13.433333,20.734667,0.000000,3.556387
19,33.300000,13.100000,20.550667,0.000000,3.613249
20,33.300000,13.300000,20.644000,0.000000,3.542559
21,33.300000,13.566667,20.840000,0.000000,3.594338
22,33.333333,13.400000,20.870667,0.000000,3.609509
23,33.333333,13.133333,20.667333,0.000000,3.619948
24,33.333333,13.433333,20.694000,0.000000,3.511992
25,33.333333,13.333333,20.791333,0.000000,3.609451
26,33.366667,13.066667,20.864000,0.000000,3.661358
27,33.366667,13.400000,20.808000,0.000000,3.536208
28,33.533333,13.400000,20.745333,0.000000,3.573855
29,33.566667,13.133333,20.666000,0.000000,3.642792
30,33.566667,13.566667,20.730000,0.000000,3.600041
31,33.566667,13.500000,20.646667,0.000000,3.527330
32,33.566667,13.300000,20.624667,0.000000,3.427165
33,33.800000,13.366667,20.826667,0.000000,3.675711
34,33.833333,13.100000,20.675333,0.000000,3.596561
35,33.833333,13.300000,20.622000,0.000000,3.596855
36,33.833333,13.466667,20.720000,0.000000,3.535149
37,33.833333,12.800000,20.512667,0.000000,3.610182
38,33.833333,13.133333,20.569333,0.000000,3.578192
39,34.033333,13.433333,20.680667,0.000000,3.650547
40,34.033333,13.500000,20.742000,0.000000,3.487481
41,34.033333,13.066667,20.618667,0.000000,3.610115
42,34.033333,13.533333,20.787333,0.000000,3.597425
43,34.066667,13.733333,20.779333,0.000000,3.375486
44,34.066667,13.366667,20.551333,0.000000,3.482755
45,34.066667,13.366667,20.716000,0.000000,3.584828
46,34.066667,13.100000,20.836667,0.000000,3.566224
47,34.066667,13.500000,20.681333,0.000000,3.518723
48,34.066667,13.200000,20.683333,0.000000,3.581044
49,34.100000,13.533333,20.797333,0.000000,3.490723
50,34.100000,13.266667,20.709333,0.000000,3.521813
51,34.100000,13.666667,20.606000,0.000000,3.461120
52,34.100000,13.400000,20.826667,0.000000,3.571281
53,34.100000,13.400000,20.601333,0.000000,3.534445
54,34.133333,13.300000,20.778000,0.000000,3.462292
55,34.133333,13.400000,20.693333,0.000000,3.488867
56,34.133333,13.766667,20.926000,0.000000,3.589076
57,34.133333,13.266667,20.710000,0.000000,3.443707
58,34.133333,13.466667,20.764667,0.000000,3.593220
59,34.133333,13.466667,20.825333,0.000000,3.583285
60,34.166667,13.400000,20.694000,0.000000,3.614199
61,34.266667,13.633333,20.840000,0.000000,3.503948
62,34.266667,13.566667,20.824000,0.000000,3.569541
63,34.266667,13.200000,20.814000,0.000000,3.623324
64,34.366667,13.733333,20.868667,0.000000,3.557565
65,34.366667,13.400000,20.743333,0.000000,3.521781
66,34.366667,13.300000,20.751333,0.000000,3.606815
67,34.466667,13.200000,20.598000,0.000000,3.566346
68,34.466667,13.333333,20.696000,0.000000,3.516383
69,34.466667,13.333333,20.778667,0.000000,3.555470
70,34.466667,13.433333,20.715333,0.000000,3.529546
71,34.466667,13.333333,20.763333,0.000000,3.575650
72,34.466667,13.200000,20.664000,0.000000,3.547708
73,34.466667,12.900000,20.622000,0.000000,3.653773
74,34.466667,13.266667,20.676667,0.000000,3.492485
75,34.466667,13.133333,20.697333,0.000000,3.733681
76,34.566667,13.300000,20.791333,0.000000,3.611113
77,34.633333,13.500000,20.573333,0.000000,3.545877
78,34.666667,13.733333,20.735333,0.000000,3.514572
79,34.666667,13.533333,20.896667,0.000000,3.584099
80,34.666667,13.100000,20.573333,0.000000,3.532364
81,34.666667,12.733333,20.744667,0.000000,3.691215
82,34.666667,13.533333,20.692000,0.000000,3.529195
83,34.666667,13.466667,20.799333,0.000000,3.593374
84,34.700000,13.800000,20.835333,0.000000,3.473365
85,34.733333,13.233333,20.790000,0.000000,3.617216
86,34.766667,13.500000,21.038667,0.000000,3.544839
87,34.766667,13.000000,20.708000,0.000000,3.747426
88,34.766667,13.000000,20.678000,0.000000,3.507646
89,34.766667,13.333333,20.973333,0.000000,3.647049
90,34.933333,13.366667,20.828667,0.000000,3.562867
91,34.966667,13.400000,20.800667,0.000000,3.567613
92,34.966667,13.566667,20.673333,0.000000,3.449438
93,34.966667,13.800000,20.797333,0.000000,3.506392
94,34.966667,13.266667,20.829333,0.000000,3.576183
95,34.966667,13.833333,20.742667,0.000000,3.517555
96,34.966667,13.466667,20.663333,0.000000,3.543279
97,34.966667,12.633333,20.794667,0.000000,3.758653
98,34.966667,13.133333,20.788000,0.000000,3.557983
99,34.966667,12.966667,20.780000,0.000000,3.604359
100,34.966667,13.433333,20.568000,0.000000,3.378420
101,34.966667,13.366667,20.484000,0.000000,3.452048
102,34.966667,13.433333,20.724667,0.000000,3.548093
103,34.966667,12.900000,20.742667,0.000000,3.592171
104,34.966667,13.866667,20.768000,0.000000,3.533561
105,34.966667,13.433333,20.886667,0.000000,3.610967
106,34.966667,13.400000,20.920000,0.000000,3.587192
107,34.966667,12.733333,20.669333,0.000000,3.706814
108,34.966667,13.166667,20.655333,0.000000,3.581706
109,34.966667,13.400000,20.703333,0.000000,3.597150
110,34.966667,13.833333,20.814000,0.000000,3.526537
111,34.966667,13.233333,20.726000,0.000000,3.622540
112,34.966667,13.733333,20.724667,0.000000,3.577809
113,34.966667,13.600000,20.806667,0.000000,3.683653
114,34.966667,13.600000,20.754000,0.000000,3.511442
115,34.966667,13.233333,20.581333,0.000000,3.546464
116,34.966667,13.300000,20.774667,0.000000,3.550696
117,34.966667,13.200000,20.672000,0.000000,3.493301
118,35.033333,13.433333,20.858667,0.000000,3.575341
119,35.033333,13.100000,20.847333,0.000000,3.659061
120,35.033333,12.800000,20.760667,0.000000,3.622532
121,35.033333,13.366667,20.750000,0.000000,3.571749
122,35.066667,13.566667,20.678000,0.000000,3.527304
123,35.100000,13.366667,20.798000,0.000000,3.619557
124,35.100000,13.433333,20.848667,0.000000,3.601443
125,35.166667,13.300000,20.724667,0.000000,3.739847
126,35.166667,13.533333,20.825333,0.000000,3.629716
127,35.166667,13.600000,20.862667,0.000000,3.536819
128,35.166667,13.500000,20.772667,0.000000,3.543052
129,35.166667,13.366667,20.685333,0.000000,3.518270
130,35.200000,13.333333,20.667333,0.000000,3.585302
131,35.200000,13.066667,20.666667,0.000000,3.606856
132,35.200000,13.533333,20.636667,0.000000,3.542161
133,35.200000,13.566667,20.686000,0.000000,3.576723
134,35.200000,13.666667,20.788667,0.000000,3.577778
135,35.200000,13.566667,20.760000,0.000000,3.502800
136,35.200000,13.166667,20.715333,0.000000,3.542741
137,35.200000,13.600000,20.880000,0.000000,3.461057
138,35.200000,13.233333,20.693333,0.000000,3.548046
139,35.200000,13.366667,20.605333,0.000000,3.552065
140,35.200000,13.400000,20.702000,0.000000,3.561417
141,35.233333,13.366667,20.668667,0.000000,3.575411
142,35.233333,13.733333,20.819333,0.000000,3.677065
143,35.233333,13.100000,20.754000,0.000000,3.711750
144,35.233333,13.466667,20.772667,0.000000,3.662942
145,35.233333,13.366667,20.779333,0.000000,3.574089
146,35.233333,13.600000,20.705333,0.000000,3.507789
147,35.233333,13.466667,20.715333,0.000000,3.534130
148,35.266667,13.100000,20.723333,0.000000,3.711802
149,35.266667,13.266667,20.681333,0.000000,3.434915
150,35.266667,13.500000,20.814000,0.000000,3.579579
151,35.266667,13.200000,20.677333,0.000000,3.516620
152,35.300000,13.333333,20.507333,0.000000,3.551406
153,35.300000,13.233333,20.690667,0.000000,3.670927
154,35.300000,14.066667,20.826667,0.000000,3.436201
155,35.300000,13.233333,20.788667,0.000000,3.620785
156,35.300000,13.066667,20.658000,0.000000,3.570149
157,35.300000,13.700000,20.729333,0.000000,3.524917
158,35.300000,13.633333,20.700667,0.000000,3.587368
159,35.333333,13.466667,20.772667,0.000000,3.533799
160,35.366667,13.633333,20.730000,0.000000,3.423057
161,35.366667,13.133333,20.824000,0.000000,3.590659
162,35.366667,12.866667,20.606667,0.000000,3.542634
163,35.400000,13.366667,20.659333,0.000000,3.437705
164,35.400000,13.700000,20.808667,0.000000,3.601536
165,35.400000,13.100000,20.714667,0.000000,3.476728
166,35.400000,13.433333,20.682667,0.000000,3.611479
167,35.400000,13.566667,20.890667,0.000000,3.552602
168,35.400000,13.166667,20.653333,0.000000,3.638847
169,35.466667,13.433333,20.816000,0.000000,3.605303
170,35.466667,13.933333,20.800667,0.000000,3.565755
171,35.466667,13.100000,20.657333,0.000000,3.719094
172,35.466667,13.233333,20.773333,0.000000,3.623410
173,35.500000,13.500000,20.965333,0.000000,3.681782
174,35.500000,13.266667,20.731333,0.000000,3.608123
175,35.566667,13.200000,20.584000,0.000000,3.647735
176,35.566667,13.433333,20.779333,0.000000,3.662083
177,35.566667,13.500000,20.803333,0.000000,3.709551
178,35.566667,13.300000,20.752667,0.000000,3.589715
179,35.566667,13.300000,20.735333,0.000000,3.587482
180,35.566667,13.533333,20.716667,0.000000,3.529281
181,35.566667,13.066667,20.670667,0.000000,3.610535
182,35.566667,13.433333,20.623333,0.000000,3.531753
183,35.566667,13.233333,20.703333,0.000000,3.633433
184,35.566667,13.200000,20.639333,0.000000,3.473087
185,35.600000,13.266667,20.606000,0.000000,3.561764
186,35.600000,13.366667,20.734000,0.000000,3.579431
187,35.600000,13.600000,20.632667,0.000000,3.441038
188,35.600000,13.533333,20.673333,0.000000,3.560018
189,35.600000,13.166667,20.636667,0.000000,3.583968
190,35.600000,13.066667,20.692667,0.000000,3.548181
191,35.700000,13.133333,20.640000,0.000000,3.606704
192,35.700000,13.166667,20.760667,0.000000,3.535205
193,35.700000,13.933333,20.711333,0.000000,3.530028
194,35.700000,13.666667,20.851333,0.000000,3.555075
195,35.700000,13.366667,20.618667,0.000000,3.523077
196,35.700000,13.600000,20.702667,0.000000,3.602836
197,35.700000,13.600000,20.750000,0.000000,3.643023
198,35.700000,13.233333,20.718667,0.000000,3.631303
199,35.700000,13.600000,20.705333,0.000000,3.568064
200,35.700000,13.466667,20.790000,0.000000,3.517793
201,35.700000,13.700000,20.754000,0.000000,3.601341
202,35.700000,13.300000,20.716000,0.000000,3.539739
203,35.700000,13.166667,20.708000,0.000000,3.502702
204,35.733333,13.666667,20.702000,0.000000,3.452347
205,35.733333,13.000000,20.687333,0.000000,3.594935
206,35.733333,13.433333,20.486667,0.000000,3.543825
207,35.733333,13.000000,20.698000,0.000000,3.611924
208,35.766667,13.600000,20.836667,0.000000,3.511800
209,35.766667,13.500000,20.738667,0.000000,3.537516
210,35.766667,13.600000,20.761333,0.000000,3.612507
211,35.766667,13.200000,20.642667,0.000000,3.614320
212,35.766667,13.800000,20.819333,0.000000,3.455704
213,35.766667,13.700000,20.805333,0.000000,3.626390
214,35.800000,12.933333,20.838000,0.000000,3.563057
215,35.800000,13.633333,20.744667,0.000000,3.594274
216,35.800000,13.166667,20.529333,0.000000,3.494917
217,35.800000,13.266667,20.771333,0.000000,3.646749
218,35.833333,13.200000,20.859333,0.000000,3.566420
219,35.833333,13.100000,20.840667,0.000000,3.630131
220,35.833333,12.900000,20.731333,0.000000,3.580894
221,35.833333,13.333333,20.638667,0.000000,3.551279
222,35.833333,13.700000,20.646667,0.000000,3.440027
223,35.833333,13.433333,20.685333,0.000000,3.571276
224,35.833333,13.266667,20.731333,0.000000,3.521412
225,35.833333,13.733333,20.796000,0.000000,3.552513
226,35.833333,13.433333,20.604667,0.000000,3.326329
227,35.833333,13.066667,20.722000,0.000000,3.445727
228,35.833333,13.500000,20.600000,0.000000,3.514294
229,35.900000,13.300000,20.784000,0.000000,3.611271
230,35.900000,12.933333,20.656667,0.000000,3.570755
231,35.900000,12.866667,20.576667,0.000000,3.558925
232,35.900000,13.866667,20.773333,0.000000,3.542604
233,35.900000,13.766667,20.880000,0.000000,3.622040
234,35.900000,13.333333,20.815333,0.000000,3.562996
235,35.933333,13.566667,20.772667,0.000000,3.596606
236,35.933333,12.966667,20.644000,0.000000,3.696597
237,35.933333,13.566667,20.701333,0.000000,3.580234
238,35.933333,13.533333,20.774000,0.000000,3.592878
239,35.933333,13.433333,20.690667,0.000000,3.588106
240,35.933333,13.700000,20.667333,0.000000,3.542400
241,35.933333,13.400000,20.691333,0.000000,3.509644
242,35.933333,13.400000,20.736000,0.000000,3.665003
243,35.933333,13.600000,20.726000,0.000000,3.638378
244,35.933333,13.333333,20.824000,0.000000,3.587106
245,35.933333,13.300000,20.782667,0.000000,3.526697
246,35.933333,13.066667,20.698667,0.000000,3.629350
247,35.933333,13.233333,20.556667,0.000000,3.617607
248,35.933333,13.066667,20.704667,0.000000,3.627898
249,35.933333,12.766667,20.706000,0.000000,3.681536
250,35.933333,13.533333,20.659333,0.000000,3.527153
251,35.933333,13.366667,20.624667,0.000000,3.447489
252,35.933333,13.566667,20.766000,0.000000,3.570107
253,35.933333,13.300000,20.819333,0.000000,3.573885
254,35.933333,13.600000,20.808667,0.000000,3.562023
255,36.033333,13.533333,20.720667,0.000000,3.547300
256,36.033333,13.266667,20.716667,0.000000,3.539665
257,36.033333,13.466667,20.664000,0.000000,3.506311
258,36.033333,13.233333,20.710000,0.000000,3.763236
259,36.033333,13.166667,20.818000,0.000000,3.449770
260,36.033333,13.600000,20.756667,0.000000,3.604909
261,36.033333,13.800000,20.641333,0.000000,3.493406
262,36.033333,13.233333,20.663333,0.000000,3.616221
263,36.033333,13.300000,20.530000,0.000000,3.458802
264,36.033333,13.266667,20.711333,0.000000,3.546737
265,36.033333,13.233333,20.507333,0.000000,3.541625
266,36.033333,13.133333,20.681333,0.000000,3.590164
267,36.033333,13.566667,20.840000,0.000000,3.689832
268,36.033333,13.733333,20.688667,0.000000,3.488872
269,36.033333,13.166667,20.685333,0.000000,3.603895
270,36.033333,12.800000,20.573333,0.000000,3.543950
271,36.033333,13.366667,20.798000,0.000000,3.647464
272,36.033333,13.533333,20.761333,0.000000,3.564055
273,36.033333,13.633333,20.853333,0.000000,3.515993
274,36.033333,13.233333,20.712000,0.000000,3.585523
275,36.066667,13.400000,20.743333,0.000000,3.591725
276,36.066667,13.500000,20.688667,0.000000,3.520282
277,36.066667,13.333333,20.776000,0.000000,3.479176
278,36.066667,13.333333,20.738667,0.000000,3.573154
279,36.066667,13.433333,20.896667,0.000000,3.545499
280,36.066667,13.366667,20.762667,0.000000,3.610096
281,36.133333,13.633333,20.680000,0.000000,3.573597
282,36.133333,13.166667,20.678667,0.000000,3.591499
283,36.133333,13.633333,20.852000,0.000000,3.573007
284,36.133333,13.400000,20.802000,0.000000,3.676113
285,36.133333,13.466667,20.674667,0.000000,3.560484
286,36.133333,12.966667,20.685333,0.000000,3.617806
287,36.133333,13.133333,20.791333,0.000000,3.525350
288,36.200000,13.266667,20.746667,0.000000,3.566280
289,36.200000,12.966667,20.610667,0.000000,3.558609
290,36.200000,13.433333,20.668000,0.000000,3.635249
291,36.200000,13.566667,20.750667,0.000000,3.466302
292,36.200000,13.533333,20.600667,0.000000,3.549879
293,36.200000,13.066667,20.635333,0.000000,3.576317
294,36.200000,13.566667,20.544667,0.000000,3.457856
295,36.200000,13.466667,20.700667,0.000000,3.468978
296,36.200000,13.433333,20.738000,0.000000,3.568224
297,36.200000,13.266667,20.763333,0.000000,3.518981
298,36.200000,13.600000,20.808000,0.000000,3.590519
299,36.200000,12.900000,20.746000,0.000000,3.605804
300,36.200000,13.733333,20.761333,0.000000,3.441732
301,36.200000,13.466667,20.688667,0.000000,3.497605
302,36.200000,12.800000,20.905333,0.000000,3.600483
303,36.200000,13.033333,20.710667,0.000000,3.565055
304,36.200000,13.566667,20.816000,0.000000,3.666350
305,36.200000,13.666667,20.794000,0.000000,3.508066
306,36.200000,13.300000,20.813333,0.000000,3.573116
307,36.200000,13.733333,20.964000,0.000000,3.510346
308,36.200000,13.433333,20.720667,0.000000,3.682038
309,36.200000,12.933333,20.632000,0.000000,3.546504
310,36.200000,13.033333,20.737333,0.000000,3.540965
311,36.200000,13.033333,20.833333,0.000000,3.501296
312,36.200000,13.166667,20.811333,0.000000,3.710146
313,36.200000,13.733333,20.728667,0.000000,3.678927
314,36.200000,13.466667,20.737333,0.000000,3.541758
315,36.200000,13.100000,20.555333,0.000000,3.662003
316,36.200000,13.333333,20.705333,0.000000,3.529449
317,36.200000,13.533333,20.742000,0.000000,3.506751
318,36.200000,13.333333,20.676667,0.000000,3.569207
319,36.200000,13.033333,20.748000,0.000000,3.594859
320,36.200000,13.400000,20.795333,0.000000,3.575856
321,36.200000,13.233333,20.731333,0.000000,3.551168
322,36.200000,13.433333,20.746000,0.000000,3.544150
323,36.200000,13.333333,20.728667,0.000000,3.631559
324,36.200000,13.200000,20.810000,0.000000,3.560098
325,36.200000,13.433333,20.888667,0.000000,3.615783
326,36.200000,13.066667,20.868000,0.000000,3.719276
327,36.200000,13.133333,20.734000,0.000000,3.532158
328,36.200000,13.600000,20.838667,0.000000,3.515798
329,36.200000,13.366667,20.764000,0.000000,3.613404
330,36.200000,13.033333,20.735333,0.000000,3.611033
331,36.200000,13.000000,20.699333,0.000000,3.736334
332,36.200000,13.533333,20.763333,0.000000,3.522635
333,36.200000,13.633333,20.728000,0.000000,3.443515
334,36.200000,13.300000,20.512667,0.000000,3.391599
335,36.200000,13.533333,20.676000,0.000000,3.528879
336,36.200000,13.733333,20.892000,0.000000,3.489701
337,36.200000,13.566667,20.721333,0.000000,3.468940
338,36.200000,13.500000,20.805333,0.000000,3.567932
339,36.200000,13.000000,20.526000,0.000000,3.719308
340,36.200000,12.900000,20.722667,0.000000,3.658633
341,36.200000,13.300000,20.910000,0.000000,3.615346
342,36.200000,13.633333,20.696000,0.000000,3.483778
343,36.200000,13.133333,20.700667,0.000000,3.617780
344,36.200000,13.100000,20.857333,0.000000,3.682592
345,36.200000,13.333333,20.714000,0.000000,3.611583
346,36.200000,13.800000,20.868667,0.000000,3.604771
347,36.200000,13.000000,20.738000,0.000000,3.620640
348,36.200000,13.400000,20.731333,0.000000,3.616637
349,36.200000,13.466667,20.790000,0.000000,3.518043
350,36.200000,13.600000,20.684000,0.000000,3.555695
351,36.200000,13.100000,20.754000,0.000000,3.731140
352,36.200000,13.500000,20.805333,0.000000,3.532022
353,36.200000,13.466667,20.768667,0.000000,3.598553
354,36.200000,13.333333,20.716667,0.000000,3.469317
355,36.233333,13.233333,20.638000,0.000000,3.598641
356,36.233333,13.000000,20.726667,0.000000,3.553252
357,36.233333,13.666667,20.850000,0.000000,3.550487
358,36.233333,13.300000,20.806667,0.000000,3.516119
359,36.233333,13.100000,20.814667,0.000000,3.638928
360,36.233333,13.533333,20.644667,0.000000,3.523080
361,36.233333,13.666667,20.778000,0.000000,3.566403
362,36.233333,13.266667,20.666000,0.000000,3.601994
363,36.333333,13.333333,20.786000,0.000000,3.761804
364,36.333333,13.533333,20.854667,0.000000,3.560192
365,36.333333,13.366667,20.806667,0.000000,3.651376
366,36.333333,12.833333,20.774000,0.000000,3.536596
367,36.333333,13.666667,20.726000,0.000000,3.521128
368,36.333333,13.566667,20.826000,0.000000,3.566167
369,36.333333,12.866667,20.680667,0.000000,3.602408
370,36.400000,13.000000,20.824667,0.000000,3.701101
371,36.400000,13.233333,20.660667,0.000000,3.561104
372,36.400000,13.433333,20.656000,0.000000,3.527445
373,36.400000,13.533333,20.802000,0.000000,3.623686
374,36.400000,13.733333,20.807333,0.000000,3.542302
375,36.400000,12.966667,20.729333,0.000000,3.642673
376,36.400000,13.100000,20.637333,0.000000,3.601800
377,36.400000,13.133333,20.627333,0.000000,3.651903
378,36.400000,13.666667,20.829333,0.000000,3.575312
379,36.400000,13.266667,20.723333,0.000000,3.680892
380,36.400000,13.300000,20.730000,0.000000,3.595192
381,36.400000,13.266667,20.748667,0.000000,3.677833
382,36.400000,13.433333,20.747333,0.000000,3.587779
383,36.400000,13.333333,20.763333,0.000000,3.515966
384,36.400000,13.100000,20.764000,0.000000,3.614469
385,36.400000,13.366667,20.769333,0.000000,3.593997
386,36.433333,13.366667,20.880667,0.000000,3.593784
387,36.433333,13.333333,20.718000,0.000000,3.527558
388,36.466667,13.300000,20.794667,0.000000,3.639728
389,36.466667,13.533333,20.651333,0.000000,3.550539
390,36.466667,13.633333,20.840000,0.000000,3.564058
391,36.466667,13.766667,20.771333,0.000000,3.553609
392,36.466667,13.666667,20.628667,0.000000,3.468814
393,36.500000,13.833333,20.739333,0.000000,3.512891
394,36.500000,13.266667,20.575333,0.000000,3.560447
395,36.533333,13.466667,20.658000,0.000000,3.499486
396,36.533333,12.933333,20.796000,0.000000,3.644402
397,36.533333,13.366667,20.658000,0.000000,3.630924
398,36.633333,13.633333,20.902667,0.000000,3.628833
399,36.633333,13.233333,20.782000,0.000000,3.706646
400,36.633333,13.333333,20.788000,0.000000,3.685092
401,36.633333,13.366667,20.690667,0.000000,3.585691
402,36.633333,13.900000,20.624000,0.000000,3.552176
403,36.633333,13.666667,20.772667,0.000000,3.555153
404,36.633333,13.433333,20.746000,0.000000,3.535927
405,36.633333,13.600000,20.784667,0.000000,3.641799
406,36.633333,13.300000,20.688000,0.000000,3.621449
407,36.633333,13.266667,20.594000,0.000000,3.605637
408,36.633333,13.300000,20.756667,0.000000,3.691936
409,36.633333,13.366667,20.760000,0.000000,3.600349
410,36.633333,13.300000,20.870000,0.000000,3.570347
411,36.633333,13.000000,20.782000,0.000000,3.517697
412,36.633333,12.700000,20.675333,0.000000,3.640886
413,36.633333,13.700000,20.694000,0.000000,3.487820
414,36.633333,13.233333,20.677333,0.000000,3.661461
415,36.633333,12.733333,20.701333,0.000000,3.636766
416,36.633333,13.533333,20.674667,0.000000,3.583602
417,36.633333,13.066667,20.566000,0.000000,3.564627
418,36.633333,13.500000,20.726000,0.000000,3.603423
419,36.633333,13.666667,20.700667,0.000000,3.592494
420,36.633333,13.566667,20.720667,0.000000,3.568699
421,36.633333,13.533333,20.769333,0.000000,3.581176
422,36.666667,13.400000,20.778000,0.000000,3.564674
423,36.666667,13.300000,20.618667,0.000000,3.552357
424,36.666667,13.233333,20.692667,0.000000,3.515793
425,36.666667,13.366667,20.676000,0.000000,3.467575
426,36.733333,13.200000,20.698000,0.000000,3.506558
427,36.733333,13.800000,20.657333,0.000000,3.529439
428,36.733333,13.633333,20.836667,0.000000,3.557669
429,36.733333,13.033333,20.688000,0.000000,3.590458
430,36.733333,13.333333,20.749333,0.000000,3.605733
431,36.733333,13.633333,20.675333,0.000000,3.433897
432,36.733333,13.366667,20.662000,0.000000,3.638450
433,36.733333,13.300000,20.895333,0.000000,3.603197
434,36.733333,13.866667,20.750667,0.000000,3.435650
435,36.733333,13.566667,20.733333,0.000000,3.515540
436,36.733333,13.233333,20.740667,0.000000,3.658819
437,36.733333,13.133333,20.662000,0.000000,3.579392
438,36.733333,13.633333,20.801333,0.000000,3.600677
439,36.733333,13.166667,20.677333,0.000000,3.482786
440,36.733333,13.066667,20.648000,0.000000,3.558283
441,36.733333,13.166667,20.545333,0.000000,3.557177
442,36.733333,13.166667,20.672667,0.000000,3.625037
443,36.733333,13.200000,20.732667,0.000000,3.527158
444,36.733333,13.700000,20.705333,0.000000,3.535779
445,36.733333,13.200000,20.696000,0.000000,3.485659
446,36.733333,13.300000,20.722667,0.000000,3.565114
447,36.733333,13.200000,20.730667,0.000000,3.691661
448,36.733333,13.300000,20.610667,0.000000,3.630685
449,36.733333,13.333333,20.862667,0.000000,3.589216
450,36.733333,13.400000,20.753333,0.000000,3.700029
451,36.733333,13.466667,20.846000,0.000000,3.528249
452,36.733333,13.600000,20.599333,0.000000,3.442530
453,36.733333,12.900000,20.738000,0.000000,3.689338
454,36.733333,13.200000,20.712000,0.000000,3.635834
455,36.733333,13.133333,20.637333,0.000000,3.515508
456,36.733333,13.266667,20.662000,0.000000,3.555005
457,36.733333,13.500000,20.564000,0.000000,3.556277
458,36.733333,13.433333,20.802000,0.000000,3.571638
459,36.733333,13.833333,20.722000,0.000000,3.586982
460,36.733333,13.500000,20.780000,0.000000,3.599657
461,36.733333,13.600000,20.534667,0.000000,3.418318
462,36.733333,13.400000,20.732000,0.000000,3.610616
463,36.733333,13.233333,20.594667,0.000000,3.589930
464,36.733333,13.466667,20.814667,0.000000,3.403442
465,36.733333,13.700000,20.644667,0.000000,3.493815
466,36.733333,13.266667,20.668000,0.000000,3.549239
467,36.733333,13.133333,20.729333,0.000000,3.629305
468,36.733333,13.166667,20.677333,0.000000,3.588942
469,36.733333,13.466667,20.731333,0.000000,3.676617
470,36.733333,13.733333,20.856000,0.000000,3.552403
471,36.733333,13.800000,20.783333,0.000000,3.604942
472,36.733333,13.400000,20.822667,0.000000,3.568700
473,36.733333,13.266667,20.675333,0.000000,3.654812
474,36.733333,13.400000,20.714667,0.000000,3.529029
475,36.733333,13.733333,20.796000,0.000000,3.531733
476,36.733333,13.166667,20.649333,0.000000,3.585903
477,36.733333,13.900000,20.794000,0.000000,3.462817
478,36.733333,13.433333,20.837333,0.000000,3.532127
479,36.733333,13.366667,20.773333,0.000000,3.663019
480,36.733333,13.566667,20.742000,0.000000,3.562888
481,36.733333,13.200000,20.706667,0.000000,3.658731
482,36.733333,13.333333,20.850667,0.000000,3.669611
483,36.733333,13.133333,20.632667,0.000000,3.584055
484,36.733333,13.733333,20.794667,0.000000,3.569149
485,36.733333,13.166667,20.807333,0.000000,3.593532
486,36.733333,13.366667,20.753333,0.000000,3.554726
487,36.733333,13.433333,20.762667,0.000000,3.578341
488,36.733333,13.000000,20.695333,0.000000,3.678830
489,36.733333,13.200000,20.761333,0.000000,3.567752
490,36.733333,13.166667,20.702000,0.000000,3.622302
491,36.733333,13.300000,20.611333,0.000000,3.565985
492,36.733333,13.433333,20.708667,0.000000,3.508110
493,36.733333,12.933333,20.745333,0.000000,3.705952
494,36.733333,13.200000,20.731333,0.000000,3.557327
495,36.733333,13.333333,20.708667,0.000000,3.557086
496,36.733333,13.466667,20.698000,0.000000,3.593063
497,36.733333,13.300000,20.622667,0.000000,3.478756
498,36.733333,13.300000,20.559333,0.000000,3.551707
499,36.733333,13.133333,20.658667,0.000000,3.662182
500,36.733333,13.366667,20.830667,0.000000,3.523582
BestSdev: 1.108639, Time: 30m2.511254299s