gen,best,worst,mean,rep,sdev
1,15.733333,11.866667,13.740000,0.000000,1.035391
2,16.233333,11.900000,13.785000,0.000000,1.060986
3,16.366667,11.833333,13.888333,0.000000,1.014862
4,16.533333,11.766667,13.760000,0.000000,1.112016
5,16.633333,11.833333,13.730000,0.000000,1.006316
6,16.666667,12.033333,13.838333,0.000000,1.067055
7,16.700000,11.766667,13.828333,0.000000,1.100942
8,16.766667,12.066667,13.850000,0.000000,1.041136
9,16.866667,11.800000,13.806667,0.000000,1.071451
10,16.866667,11.866667,13.845000,0.000000,1.080956
11,16.933333,12.033333,13.781667,0.000000,1.000676
12,16.933333,11.866667,13.793333,0.000000,1.049454
13,16.966667,12.100000,13.916667,0.000000,1.052935
14,16.966667,12.066667,13.865000,0.000000,1.010767
15,17.000000,11.833333,13.786667,0.000000,1.027356
16,17.000000,11.900000,13.810000,0.000000,1.066268
17,17.100000,11.900000,13.826667,0.000000,1.103570
18,17.100000,11.833333,13.825000,0.000000,1.059081
19,17.100000,12.133333,13.846667,0.000000,1.028153
20,17.133333,11.866667,13.820000,0.000000,1.041233
21,17.133333,11.766667,13.756667,0.000000,1.041432
22,17.200000,12.100000,13.896667,0.000000,1.021971
23,17.266667,11.866667,13.755000,0.000000,1.065650
24,17.266667,11.866667,13.736667,0.000000,0.995168
25,17.300000,11.766667,13.753333,0.000000,1.096690
26,17.300000,11.833333,13.870000,0.000000,1.074091
27,17.300000,11.800000,13.835000,0.000000,1.047520
28,17.300000,11.800000,13.745000,0.000000,1.063516
29,17.300000,11.933333,13.843333,0.000000,1.010299
30,17.300000,11.866667,13.845000,0.000000,1.070717
31,17.300000,11.900000,13.775000,0.000000,1.039012
32,17.333333,11.966667,13.771667,0.000000,1.038742
33,17.333333,12.000000,13.778333,0.000000,1.064027
34,17.333333,11.933333,13.781667,0.000000,1.044021
35,17.333333,12.033333,13.786667,0.000000,1.017623
36,17.333333,11.766667,13.770000,0.000000,1.058514
37,17.333333,11.866667,13.845000,0.000000,1.088737
38,17.333333,11.866667,13.751667,0.000000,1.090713
39,17.333333,12.033333,13.798333,0.000000,1.024429
40,17.333333,11.966667,13.830000,0.000000,1.051766
41,17.333333,11.933333,13.848333,0.000000,1.102976
42,17.333333,12.000000,13.833333,0.000000,1.025413
43,17.366667,12.000000,13.810000,0.000000,1.013347
44,17.366667,11.866667,13.900000,0.000000,1.074682
45,17.366667,11.966667,13.800000,0.000000,0.997693
46,17.366667,12.066667,13.800000,0.000000,1.041141
47,17.366667,11.866667,13.888333,0.000000,1.059817
48,17.366667,12.066667,13.855000,0.000000,1.039864
49,17.366667,12.033333,13.820000,0.000000,1.069823
50,17.366667,12.133333,13.798333,0.000000,1.031530
BestSdev: 0.343204, Time: 1m17.978301357s