gen,best,worst,mean,rep,sdev
1,31.900000,11.266667,20.694533,0.000000,3.608086
2,33.200000,11.266667,20.735133,0.000000,3.639925
3,33.500000,11.466667,20.737467,0.000000,3.621091
4,33.733333,11.366667,20.711267,0.000000,3.606276
5,34.233333,10.900000,20.703533,0.000000,3.598864
6,34.533333,11.200000,20.732467,0.000000,3.611199
7,34.600000,11.300000,20.743533,0.000000,3.638398
8,34.666667,11.200000,20.711733,0.000000,3.619126
9,34.800000,11.200000,20.777067,0.000000,3.635720
10,34.900000,11.033333,20.749733,0.000000,3.627868
11,34.966667,11.300000,20.741800,0.000000,3.617476
12,35.000000,11.433333,20.730533,0.000000,3.595320
13,35.000000,11.300000,20.733800,0.000000,3.586182
14,35.200000,11.266667,20.748000,0.000000,3.644052
15,35.233333,11.333333,20.722933,0.000000,3.584495
16,35.400000,11.400000,20.743667,0.000000,3.570583
17,35.433333,11.400000,20.751000,0.000000,3.607039
18,35.466667,11.466667,20.694333,0.000000,3.602505
19,35.566667,11.266667,20.696400,0.000000,3.561367
20,35.600000,11.200000,20.730200,0.000000,3.637139
21,35.700000,11.500000,20.708000,0.000000,3.596113
22,35.700000,11.300000,20.762933,0.000000,3.609925
23,35.733333,11.300000,20.747067,0.000000,3.655516
24,35.766667,11.433333,20.761467,0.000000,3.622357
25,35.833333,11.233333,20.745533,0.000000,3.607769
26,35.833333,11.333333,20.757467,0.000000,3.637457
27,35.833333,11.466667,20.719733,0.000000,3.581157
28,35.866667,11.033333,20.752067,0.000000,3.614688
29,35.900000,11.366667,20.690667,0.000000,3.598537
30,35.900000,11.200000,20.749867,0.000000,3.627213
31,35.900000,11.433333,20.712467,0.000000,3.609321
32,35.900000,11.000000,20.633067,0.000000,3.616577
33,36.000000,11.133333,20.738400,0.000000,3.649627
34,36.000000,11.233333,20.731067,0.000000,3.652404
35,36.033333,11.533333,20.663267,0.000000,3.635470
36,36.100000,11.200000,20.761733,0.000000,3.621616
37,36.100000,11.600000,20.747667,0.000000,3.643702
38,36.133333,11.200000,20.700067,0.000000,3.644157
39,36.166667,11.366667,20.736000,0.000000,3.625368
40,36.166667,11.366667,20.726600,0.000000,3.624394
41,36.166667,11.100000,20.746067,0.000000,3.618110
42,36.166667,11.433333,20.771867,0.000000,3.624904
43,36.166667,11.000000,20.763667,0.000000,3.629241
44,36.166667,11.233333,20.741333,0.000000,3.611612
45,36.200000,11.000000,20.707067,0.000000,3.591999
46,36.200000,11.433333,20.780533,0.000000,3.617828
47,36.200000,11.400000,20.755867,0.000000,3.599829
48,36.233333,11.366667,20.735267,0.000000,3.596111
49,36.266667,11.233333,20.771933,0.000000,3.643172
50,36.266667,11.433333,20.762267,0.000000,3.647041
51,36.266667,11.233333,20.719667,0.000000,3.584514
52,36.333333,11.066667,20.709867,0.000000,3.629257
53,36.333333,11.500000,20.713200,0.000000,3.604636
54,36.333333,11.200000,20.707467,0.000000,3.617171
55,36.333333,11.233333,20.709133,0.000000,3.608493
56,36.333333,11.200000,20.692267,0.000000,3.611650
57,36.466667,11.100000,20.717867,0.000000,3.652501
58,36.466667,11.300000,20.780667,0.000000,3.631703
59,36.466667,11.000000,20.745400,0.000000,3.623112
60,36.466667,11.166667,20.707800,0.000000,3.604666
61,36.466667,11.433333,20.719333,0.000000,3.616081
62,36.466667,11.200000,20.750267,0.000000,3.605654
63,36.466667,11.333333,20.679667,0.000000,3.603827
64,36.466667,10.966667,20.727000,0.000000,3.629768
65,36.466667,11.333333,20.710533,0.000000,3.613351
66,36.466667,11.233333,20.736133,0.000000,3.607031
67,36.466667,11.466667,20.743667,0.000000,3.634649
68,36.466667,10.933333,20.718933,0.000000,3.578905
69,36.533333,11.066667,20.711267,0.000000,3.626005
70,36.566667,11.433333,20.770000,0.000000,3.631566
71,36.566667,11.633333,20.765133,0.000000,3.584983
72,36.633333,11.233333,20.745667,0.000000,3.627126
73,36.666667,11.400000,20.757600,0.000000,3.566148
74,36.733333,11.366667,20.714933,0.000000,3.646424
75,36.766667,11.266667,20.753933,0.000000,3.591781
76,36.766667,11.366667,20.728600,0.000000,3.631683
77,36.766667,11.200000,20.731333,0.000000,3.600780
78,36.766667,10.733333,20.721067,0.000000,3.615640
79,36.766667,11.533333,20.708200,0.000000,3.602226
80,36.866667,11.333333,20.720867,0.000000,3.612482
81,36.866667,11.233333,20.738067,0.000000,3.632344
82,36.866667,11.133333,20.712067,0.000000,3.581000
83,36.933333,11.266667,20.750400,0.000000,3.621430
84,36.933333,11.300000,20.722000,0.000000,3.602803
85,37.000000,10.866667,20.720200,0.000000,3.646686
86,37.000000,10.900000,20.723333,0.000000,3.629404
87,37.000000,11.466667,20.704467,0.000000,3.628274
88,37.000000,11.133333,20.680133,0.000000,3.583005
89,37.000000,11.666667,20.798200,0.000000,3.635967
90,37.000000,11.200000,20.738667,0.000000,3.607348
91,37.033333,11.300000,20.732733,0.000000,3.642524
92,37.033333,11.000000,20.698733,0.000000,3.592313
93,37.066667,11.666667,20.681600,0.000000,3.624865
94,37.066667,11.533333,20.735867,0.000000,3.598755
95,37.066667,11.166667,20.748933,0.000000,3.627019
96,37.066667,11.033333,20.704533,0.000000,3.612535
97,37.066667,11.466667,20.712333,0.000000,3.600262
98,37.133333,11.166667,20.749333,0.000000,3.669184
99,37.166667,11.533333,20.718667,0.000000,3.609044
100,37.166667,11.033333,20.734533,0.000000,3.613773
101,37.166667,11.466667,20.707933,0.000000,3.574991
102,37.266667,11.466667,20.785800,0.000000,3.625189
103,37.266667,11.366667,20.779733,0.000000,3.618133
104,37.266667,11.366667,20.731200,0.000000,3.601878
105,37.300000,11.300000,20.724400,0.000000,3.656051
106,37.300000,11.433333,20.728067,0.000000,3.614126
107,37.333333,11.366667,20.757600,0.000000,3.657565
108,37.333333,11.166667,20.734400,0.000000,3.626007
109,37.333333,11.500000,20.763533,0.000000,3.597788
110,37.333333,11.233333,20.752400,0.000000,3.608913
111,37.333333,11.233333,20.721333,0.000000,3.623251
112,37.333333,11.366667,20.714333,0.000000,3.612691
113,37.333333,11.533333,20.695067,0.000000,3.612926
114,37.333333,11.500000,20.698267,0.000000,3.633347
115,37.366667,10.966667,20.688400,0.000000,3.624533
116,37.400000,11.400000,20.740667,0.000000,3.641153
117,37.400000,11.333333,20.694533,0.000000,3.644575
118,37.400000,11.133333,20.697000,0.000000,3.593933
119,37.400000,11.533333,20.748200,0.000000,3.592155
120,37.400000,11.266667,20.751000,0.000000,3.631228
121,37.400000,11.266667,20.682533,0.000000,3.643062
122,37.433333,11.566667,20.726867,0.000000,3.602873
123,37.433333,11.466667,20.725800,0.000000,3.611532
124,37.433333,11.500000,20.703200,0.000000,3.598172
125,37.433333,11.400000,20.708067,0.000000,3.645069
126,37.433333,11.333333,20.712267,0.000000,3.562796
127,37.433333,11.333333,20.747133,0.000000,3.642830
128,37.433333,11.700000,20.696733,0.000000,3.577537
129,37.433333,11.200000,20.727800,0.000000,3.590943
130,37.433333,10.966667,20.703600,0.000000,3.634212
131,37.433333,11.033333,20.742133,0.000000,3.649302
132,37.433333,11.266667,20.744533,0.000000,3.607886
133,37.433333,11.233333,20.704000,0.000000,3.634611
134,37.433333,11.066667,20.767733,0.000000,3.626726
135,37.433333,11.233333,20.742733,0.000000,3.643218
136,37.433333,11.100000,20.715733,0.000000,3.617940
137,37.433333,11.266667,20.759200,0.000000,3.613743
138,37.433333,11.266667,20.723067,0.000000,3.582883
139,37.433333,11.266667,20.713400,0.000000,3.599584
140,37.433333,10.966667,20.695000,0.000000,3.627009
141,37.433333,11.166667,20.721267,0.000000,3.622930
142,37.433333,11.333333,20.742800,0.000000,3.636505
143,37.433333,10.933333,20.694267,0.000000,3.623619
144,37.433333,11.133333,20.741467,0.000000,3.601133
145,37.500000,11.233333,20.649400,0.000000,3.630472
146,37.533333,11.333333,20.757400,0.000000,3.624093
147,37.566667,11.266667,20.757333,0.000000,3.643298
148,37.566667,11.466667,20.790333,0.000000,3.659103
149,37.566667,11.266667,20.724867,0.000000,3.618640
150,37.566667,11.466667,20.704667,0.000000,3.611658
151,37.566667,11.300000,20.745133,0.000000,3.600784
152,37.566667,11.200000,20.678867,0.000000,3.603375
153,37.566667,11.200000,20.723467,0.000000,3.594240
154,37.600000,11.433333,20.749533,0.000000,3.601175
155,37.600000,11.433333,20.751333,0.000000,3.609240
156,37.600000,11.400000,20.781733,0.000000,3.633129
157,37.600000,11.566667,20.740267,0.000000,3.629248
158,37.600000,11.466667,20.730667,0.000000,3.614545
159,37.600000,11.266667,20.740333,0.000000,3.642165
160,37.600000,11.533333,20.746933,0.000000,3.623845
161,37.666667,10.866667,20.739067,0.000000,3.646091
162,37.666667,11.466667,20.717667,0.000000,3.601735
163,37.666667,11.233333,20.738667,0.000000,3.611932
164,37.666667,11.066667,20.714933,0.000000,3.632166
165,37.666667,11.200000,20.722467,0.000000,3.664674
166,37.666667,11.700000,20.771933,0.000000,3.586992
167,37.666667,11.033333,20.759000,0.000000,3.624322
168,37.666667,11.033333,20.732267,0.000000,3.632645
169,37.666667,11.233333,20.741400,0.000000,3.608264
170,37.666667,11.300000,20.710200,0.000000,3.608298
171,37.666667,11.333333,20.729400,0.000000,3.563175
172,37.666667,11.466667,20.730867,0.000000,3.586697
173,37.666667,11.333333,20.731933,0.000000,3.575575
174,37.666667,11.266667,20.746533,0.000000,3.611228
175,37.666667,11.233333,20.677733,0.000000,3.628536
176,37.666667,11.400000,20.724333,0.000000,3.604311
177,37.666667,11.166667,20.661000,0.000000,3.611661
178,37.666667,11.300000,20.672533,0.000000,3.590734
179,37.666667,11.700000,20.718467,0.000000,3.586120
180,37.666667,11.100000,20.714133,0.000000,3.617340
181,37.666667,11.000000,20.704667,0.000000,3.632940
182,37.666667,11.266667,20.682733,0.000000,3.633122
183,37.666667,11.566667,20.729200,0.000000,3.573839
184,37.666667,11.133333,20.673133,0.000000,3.615907
185,37.666667,11.233333,20.720933,0.000000,3.591222
186,37.666667,11.166667,20.713067,0.000000,3.611585
187,37.666667,11.200000,20.751600,0.000000,3.626116
188,37.666667,11.400000,20.749800,0.000000,3.620202
189,37.700000,11.133333,20.738867,0.000000,3.599771
190,37.700000,11.333333,20.708467,0.000000,3.602736
191,37.700000,11.166667,20.749600,0.000000,3.640203
192,37.700000,11.533333,20.766400,0.000000,3.591601
193,37.700000,11.266667,20.747467,0.000000,3.616535
194,37.700000,11.466667,20.724467,0.000000,3.630638
195,37.700000,11.200000,20.724000,0.000000,3.633358
196,37.700000,11.333333,20.677267,0.000000,3.612922
197,37.700000,10.966667,20.715800,0.000000,3.650011
198,37.700000,11.333333,20.739867,0.000000,3.624863
199,37.700000,11.166667,20.711733,0.000000,3.608615
200,37.700000,11.300000,20.734667,0.000000,3.598208
BestSdev: 0.970286, Time: 1h55m1.820449233s