gen,best,worst,mean,rep,sdev
1,28.266667,14.700000,21.061667,0.000000,3.468806
2,29.266667,14.666667,20.840000,0.000000,3.391785
3,29.533333,14.333333,20.635000,0.000000,3.454289
4,29.800000,14.433333,20.743333,0.000000,3.413364
5,30.333333,15.033333,21.031667,0.000000,3.523357
6,30.766667,14.566667,20.933333,0.000000,3.345161
7,30.866667,14.533333,20.821667,0.000000,3.436883
8,31.066667,14.433333,20.633333,0.000000,3.562739
9,31.266667,14.233333,20.608333,0.000000,3.445360
10,31.366667,14.700000,20.741667,0.000000,3.446759
11,31.366667,14.133333,20.656667,0.000000,3.408804
12,31.466667,14.933333,20.643333,0.000000,3.111817
13,31.633333,14.633333,20.891667,0.000000,3.460011
14,31.700000,14.500000,20.531667,0.000000,3.414862
15,31.766667,14.433333,20.710000,0.000000,3.446947
16,31.933333,14.300000,20.455000,0.000000,3.450277
17,31.933333,14.466667,20.765000,0.000000,3.381438
18,31.933333,14.833333,20.846667,0.000000,3.233471
19,31.933333,14.333333,20.523333,0.000000,3.372016
20,31.966667,14.266667,20.575000,0.000000,3.470828
21,32.066667,14.500000,20.410000,0.000000,3.378837
22,32.133333,14.533333,20.793333,0.000000,3.285476
23,32.200000,15.066667,20.861667,0.000000,3.283036
24,32.233333,14.200000,20.623333,0.000000,3.667044
25,32.266667,14.866667,20.833333,0.000000,3.378928
26,32.366667,13.933333,20.615000,0.000000,3.758408
27,32.366667,14.733333,20.803333,0.000000,3.395944
28,32.500000,14.233333,20.546667,0.000000,3.531985
29,32.533333,14.433333,20.553333,0.000000,3.442647
30,32.566667,13.933333,20.508333,0.000000,3.486474
31,32.566667,14.700000,20.623333,0.000000,3.501275
32,32.700000,14.700000,20.863333,0.000000,3.541479
33,32.700000,14.300000,20.803333,0.000000,3.485694
34,32.866667,14.166667,20.571667,0.000000,3.679460
35,32.866667,14.666667,20.800000,0.000000,3.288668
36,32.866667,14.666667,20.728333,0.000000,3.466935
37,32.933333,14.533333,20.818333,0.000000,3.529484
38,32.966667,14.700000,20.825000,0.000000,3.326755
39,32.966667,14.100000,20.450000,0.000000,3.616261
40,32.966667,14.866667,20.921667,0.000000,3.383901
41,32.966667,14.366667,20.736667,0.000000,3.519712
42,32.966667,14.233333,20.385000,0.000000,3.397967
43,32.966667,14.866667,20.625000,0.000000,3.371364
44,32.966667,14.466667,20.793333,0.000000,3.446066
45,33.033333,14.700000,20.728333,0.000000,3.459978
46,33.033333,14.766667,20.900000,0.000000,3.490434
47,33.033333,14.200000,20.728333,0.000000,3.603020
48,33.033333,13.900000,20.688333,0.000000,3.571719
49,33.033333,14.300000,20.581667,0.000000,3.462360
50,33.100000,14.800000,20.623333,0.000000,3.322709
51,33.100000,14.766667,21.015000,0.000000,3.504894
52,33.133333,14.300000,20.668333,0.000000,3.456179
53,33.166667,14.433333,20.821667,0.000000,3.365809
54,33.200000,14.633333,21.031667,0.000000,3.562420
55,33.266667,14.166667,20.671667,0.000000,3.584000
56,33.366667,14.800000,20.853333,0.000000,3.393173
57,33.366667,14.666667,20.788333,0.000000,3.270962
58,33.366667,14.233333,20.690000,0.000000,3.592816
59,33.366667,14.233333,20.561667,0.000000,3.402564
60,33.433333,14.400000,20.595000,0.000000,3.438306
61,33.433333,13.766667,20.630000,0.000000,3.662081
62,33.566667,14.700000,20.863333,0.000000,3.466933
63,33.566667,14.533333,20.708333,0.000000,3.431328
64,33.566667,14.000000,20.621667,0.000000,3.478102
65,33.566667,14.366667,20.558333,0.000000,3.448751
66,33.600000,14.400000,20.548333,0.000000,3.509036
67,33.666667,13.933333,20.771667,0.000000,3.513031
68,33.666667,14.200000,20.596667,0.000000,3.385051
69,33.666667,14.366667,20.686667,0.000000,3.206506
70,33.666667,14.566667,20.711667,0.000000,3.447031
71,33.666667,14.900000,20.968333,0.000000,3.490317
72,33.666667,14.066667,20.365000,0.000000,3.516131
73,33.666667,14.133333,20.908333,0.000000,3.705864
74,33.666667,14.733333,20.846667,0.000000,3.464169
75,33.700000,14.666667,20.780000,0.000000,3.454970
76,33.700000,14.966667,20.780000,0.000000,3.362113
77,33.700000,14.100000,20.706667,0.000000,3.614426
78,33.700000,14.300000,20.543333,0.000000,3.455755
79,33.866667,14.633333,20.710000,0.000000,3.589306
80,33.866667,15.233333,21.035000,0.000000,3.216324
81,33.866667,14.200000,20.828333,0.000000,3.628147
82,33.866667,15.300000,20.678333,0.000000,3.176331
83,33.866667,14.600000,20.580000,0.000000,3.404176
84,33.866667,15.000000,20.981667,0.000000,3.409881
85,33.900000,14.233333,20.641667,0.000000,3.612370
86,33.900000,15.066667,21.060000,0.000000,3.387709
87,33.900000,14.633333,20.888333,0.000000,3.511174
88,33.900000,14.433333,20.735000,0.000000,3.509695
89,33.900000,14.566667,20.883333,0.000000,3.363431
90,33.900000,14.066667,20.695000,0.000000,3.445471
91,33.900000,14.133333,20.723333,0.000000,3.759214
92,33.900000,14.766667,20.681667,0.000000,3.305849
93,33.900000,14.200000,20.761667,0.000000,3.631574
94,33.900000,14.633333,20.730000,0.000000,3.409042
95,33.933333,14.766667,20.911667,0.000000,3.522889
96,33.933333,14.433333,20.748333,0.000000,3.498932
97,33.933333,14.100000,20.743333,0.000000,3.687199
98,33.933333,14.333333,20.658333,0.000000,3.550439
99,33.933333,13.833333,20.753333,0.000000,3.698535
100,33.933333,14.733333,20.748333,0.000000,3.339809
101,33.933333,14.433333,20.601667,0.000000,3.403068
102,33.933333,15.100000,20.756667,0.000000,3.220025
103,33.933333,14.500000,20.605000,0.000000,3.328764
104,33.933333,15.033333,20.693333,0.000000,3.310561
105,33.933333,14.266667,20.665000,0.000000,3.492236
106,33.933333,14.366667,20.983333,0.000000,3.645403
107,33.933333,14.600000,20.911667,0.000000,3.485327
108,33.933333,13.966667,20.510000,0.000000,3.441786
109,33.933333,14.533333,20.780000,0.000000,3.462417
110,33.933333,14.600000,20.810000,0.000000,3.345134
111,33.933333,14.066667,20.695000,0.000000,3.708963
112,33.933333,14.300000,20.635000,0.000000,3.424256
113,33.933333,14.333333,20.838333,0.000000,3.427150
114,33.933333,14.466667,20.666667,0.000000,3.414918
115,33.966667,14.300000,20.891667,0.000000,3.523761
116,34.033333,14.466667,20.736667,0.000000,3.539429
117,34.066667,14.200000,20.798333,0.000000,3.730706
118,34.066667,14.566667,20.850000,0.000000,3.496252
119,34.066667,14.700000,20.748333,0.000000,3.461477
120,34.066667,14.233333,20.676667,0.000000,3.587268
121,34.066667,14.200000,20.741667,0.000000,3.521006
122,34.066667,14.300000,20.618333,0.000000,3.605852
123,34.066667,14.233333,20.790000,0.000000,3.488182
124,34.066667,14.300000,20.725000,0.000000,3.517379
125,34.066667,14.500000,20.646667,0.000000,3.447813
126,34.066667,14.466667,20.485000,0.000000,3.387843
127,34.166667,14.833333,20.768333,0.000000,3.390949
128,34.200000,14.466667,20.466667,0.000000,3.349405
129,34.200000,14.566667,20.863333,0.000000,3.473398
130,34.200000,14.500000,20.778333,0.000000,3.460468
131,34.233333,14.500000,20.873333,0.000000,3.696368
132,34.333333,14.600000,20.903333,0.000000,3.568379
133,34.333333,14.633333,20.806667,0.000000,3.476429
134,34.333333,14.133333,20.773333,0.000000,3.393332
135,34.333333,14.866667,20.853333,0.000000,3.497858
136,34.333333,14.233333,20.486667,0.000000,3.607362
137,34.333333,14.366667,20.681667,0.000000,3.365826
138,34.333333,14.633333,20.766667,0.000000,3.467409
139,34.333333,14.466667,20.808333,0.000000,3.513763
140,34.333333,13.933333,20.695000,0.000000,3.486569
141,34.333333,14.233333,20.623333,0.000000,3.494121
142,34.333333,14.933333,20.586667,0.000000,3.208218
143,34.333333,14.000000,20.901667,0.000000,3.593016
144,34.333333,14.533333,20.788333,0.000000,3.415851
145,34.333333,14.900000,20.816667,0.000000,3.263579
146,34.333333,14.266667,20.710000,0.000000,3.514347
147,34.333333,15.000000,20.796667,0.000000,3.474834
148,34.333333,14.300000,20.686667,0.000000,3.431692
149,34.333333,14.933333,20.990000,0.000000,3.430199
150,34.333333,13.833333,20.706667,0.000000,3.591190
151,34.466667,14.666667,20.875000,0.000000,3.434040
152,34.466667,14.733333,21.026667,0.000000,3.585336
153,34.466667,14.233333,20.636667,0.000000,3.475650
154,34.466667,14.433333,20.600000,0.000000,3.386439
155,34.466667,14.700000,20.896667,0.000000,3.400545
156,34.466667,14.633333,20.833333,0.000000,3.545915
157,34.466667,14.333333,20.845000,0.000000,3.621653
158,34.466667,14.500000,20.695000,0.000000,3.464807
159,34.466667,14.400000,20.875000,0.000000,3.460973
160,34.466667,14.466667,20.530000,0.000000,3.347925
161,34.500000,14.500000,20.550000,0.000000,3.427022
162,34.500000,14.800000,20.931667,0.000000,3.309937
163,34.533333,14.833333,20.736667,0.000000,3.535286
164,34.533333,14.433333,20.898333,0.000000,3.470247
165,34.533333,14.366667,20.701667,0.000000,3.320164
166,34.533333,14.533333,20.615000,0.000000,3.594461
167,34.533333,14.333333,20.653333,0.000000,3.540187
168,34.533333,14.566667,20.723333,0.000000,3.534349
169,34.533333,14.666667,20.341667,0.000000,3.289265
170,34.533333,14.200000,20.743333,0.000000,3.475239
171,34.533333,14.300000,20.546667,0.000000,3.478113
172,34.533333,14.933333,20.926667,0.000000,3.405811
173,34.533333,14.066667,20.560000,0.000000,3.465270
174,34.533333,14.666667,21.008333,0.000000,3.539166
175,34.533333,14.500000,20.681667,0.000000,3.474182
176,34.566667,14.533333,20.903333,0.000000,3.536916
177,34.566667,14.266667,20.655000,0.000000,3.515446
178,34.566667,14.333333,20.638333,0.000000,3.337733
179,34.566667,14.266667,20.880000,0.000000,3.711467
180,34.566667,14.433333,20.860000,0.000000,3.364471
181,34.633333,14.666667,20.860000,0.000000,3.472149
182,34.633333,14.533333,20.605000,0.000000,3.283333
183,34.633333,14.533333,20.695000,0.000000,3.640442
184,34.633333,14.866667,20.628333,0.000000,3.293158
185,34.633333,14.633333,20.758333,0.000000,3.350746
186,34.700000,14.266667,20.600000,0.000000,3.375993
187,34.700000,15.000000,20.848333,0.000000,3.413429
188,34.700000,13.966667,20.741667,0.000000,3.524419
189,34.700000,14.300000,20.705000,0.000000,3.403667
190,34.733333,14.500000,20.658333,0.000000,3.484881
191,34.766667,13.800000,20.671667,0.000000,3.689009
192,34.766667,14.500000,20.845000,0.000000,3.603136
193,34.833333,14.400000,20.746667,0.000000,3.425914
194,34.833333,14.733333,20.805000,0.000000,3.436846
195,34.833333,14.433333,20.661667,0.000000,3.356637
196,34.833333,14.700000,20.803333,0.000000,3.576420
197,34.833333,14.800000,20.978333,0.000000,3.484749
198,34.833333,14.533333,20.675000,0.000000,3.352740
199,34.833333,14.733333,20.571667,0.000000,3.205950
200,34.833333,14.266667,20.675000,0.000000,3.596352
201,34.833333,14.666667,20.811667,0.000000,3.411467
202,34.833333,14.166667,20.801667,0.000000,3.573612
203,34.900000,14.400000,20.776667,0.000000,3.708237
204,34.900000,14.466667,20.798333,0.000000,3.400013
205,34.900000,14.400000,20.505000,0.000000,3.449012
206,34.900000,14.733333,20.660000,0.000000,3.358447
207,34.900000,14.166667,20.510000,0.000000,3.491877
208,34.900000,14.533333,20.795000,0.000000,3.545261
209,34.900000,14.000000,20.730000,0.000000,3.557972
210,34.933333,14.266667,20.981667,0.000000,3.632139
211,34.933333,14.366667,20.736667,0.000000,3.500452
212,34.933333,14.533333,20.788333,0.000000,3.664262
213,34.933333,14.033333,20.655000,0.000000,3.491709
214,34.933333,15.033333,20.915000,0.000000,3.490422
215,34.933333,14.166667,20.563333,0.000000,3.526285
216,34.933333,14.566667,20.775000,0.000000,3.433589
217,34.933333,14.533333,21.085000,0.000000,3.462696
218,34.966667,14.733333,20.833333,0.000000,3.491103
219,34.966667,14.166667,20.541667,0.000000,3.530744
220,34.966667,14.866667,20.610000,0.000000,3.466413
221,34.966667,14.266667,20.450000,0.000000,3.398365
222,34.966667,13.900000,20.586667,0.000000,3.478488
223,35.000000,14.300000,20.621667,0.000000,3.576265
224,35.000000,14.300000,20.881667,0.000000,3.568188
225,35.033333,14.533333,20.651667,0.000000,3.530963
226,35.033333,13.966667,20.560000,0.000000,3.491506
227,35.033333,14.100000,20.660000,0.000000,3.581851
228,35.033333,14.866667,20.860000,0.000000,3.343279
229,35.033333,14.300000,20.626667,0.000000,3.451667
230,35.033333,14.600000,20.691667,0.000000,3.529414
231,35.033333,14.600000,20.605000,0.000000,3.352226
232,35.033333,14.333333,20.611667,0.000000,3.550861
233,35.033333,14.600000,20.780000,0.000000,3.448790
234,35.033333,14.566667,20.660000,0.000000,3.447394
235,35.033333,14.533333,20.741667,0.000000,3.461589
236,35.033333,13.766667,20.541667,0.000000,3.700605
237,35.100000,14.666667,20.565000,0.000000,3.553510
238,35.100000,14.533333,20.643333,0.000000,3.365838
239,35.133333,15.066667,20.950000,0.000000,3.279437
240,35.133333,14.466667,20.811667,0.000000,3.501768
241,35.133333,14.633333,20.845000,0.000000,3.628003
242,35.133333,14.533333,20.638333,0.000000,3.489766
243,35.133333,14.600000,20.975000,0.000000,3.484140
244,35.133333,14.300000,20.573333,0.000000,3.457361
245,35.133333,14.800000,20.770000,0.000000,3.471266
246,35.133333,14.766667,20.818333,0.000000,3.477726
247,35.133333,14.533333,20.945000,0.000000,3.470040
248,35.133333,14.066667,20.555000,0.000000,3.445777
249,35.133333,14.366667,20.841667,0.000000,3.495713
250,35.133333,14.966667,20.811667,0.000000,3.552707
251,35.133333,14.566667,20.838333,0.000000,3.472992
252,35.133333,14.766667,20.726667,0.000000,3.314067
253,35.133333,13.866667,20.613333,0.000000,3.658529
254,35.133333,14.433333,20.730000,0.000000,3.458945
255,35.133333,14.800000,21.001667,0.000000,3.433566
256,35.133333,14.333333,20.556667,0.000000,3.375453
257,35.133333,15.233333,20.865000,0.000000,3.459746
258,35.133333,14.200000,20.801667,0.000000,3.505878
259,35.133333,14.233333,20.751667,0.000000,3.575978
260,35.133333,14.633333,20.755000,0.000000,3.471933
261,35.133333,14.733333,20.745000,0.000000,3.487961
262,35.133333,14.433333,20.778333,0.000000,3.609881
263,35.133333,14.333333,20.660000,0.000000,3.590243
264,35.133333,14.666667,20.921667,0.000000,3.600957
265,35.133333,14.200000,20.530000,0.000000,3.392056
266,35.133333,15.000000,20.685000,0.000000,3.342065
267,35.133333,14.833333,21.003333,0.000000,3.443545
268,35.133333,14.633333,20.455000,0.000000,3.260423
269,35.133333,14.333333,20.531667,0.000000,3.462294
270,35.133333,14.766667,20.850000,0.000000,3.407699
271,35.133333,14.866667,20.710000,0.000000,3.350582
272,35.133333,15.100000,21.073333,0.000000,3.394315
273,35.133333,14.766667,20.730000,0.000000,3.457483
274,35.133333,14.666667,20.758333,0.000000,3.453212
275,35.133333,14.366667,20.716667,0.000000,3.586734
276,35.133333,14.533333,20.838333,0.000000,3.485407
277,35.133333,14.700000,20.713333,0.000000,3.275037
278,35.133333,14.500000,20.875000,0.000000,3.538007
279,35.133333,14.533333,20.895000,0.000000,3.396463
280,35.133333,14.200000,20.705000,0.000000,3.673501
281,35.133333,14.566667,20.803333,0.000000,3.487362
282,35.133333,14.233333,20.623333,0.000000,3.462673
283,35.133333,15.000000,20.995000,0.000000,3.312187
284,35.133333,14.700000,20.798333,0.000000,3.563081
285,35.233333,14.166667,20.528333,0.000000,3.489958
286,35.233333,14.533333,20.848333,0.000000,3.537429
287,35.233333,14.066667,20.605000,0.000000,3.703679
288,35.266667,14.900000,20.735000,0.000000,3.434948
289,35.266667,14.666667,20.796667,0.000000,3.387483
290,35.266667,14.166667,20.611667,0.000000,3.491887
291,35.266667,14.466667,20.376667,0.000000,3.242475
292,35.266667,14.333333,20.768333,0.000000,3.437803
293,35.266667,14.266667,20.530000,0.000000,3.551352
294,35.266667,13.933333,20.790000,0.000000,3.670010
295,35.266667,13.766667,20.751667,0.000000,3.630416
296,35.266667,14.900000,20.721667,0.000000,3.401825
297,35.266667,14.566667,20.938333,0.000000,3.575099
298,35.266667,14.600000,20.686667,0.000000,3.399396
299,35.333333,14.700000,21.093333,0.000000,3.561440
300,35.333333,14.333333,20.695000,0.000000,3.446951
301,35.333333,14.400000,20.633333,0.000000,3.514107
302,35.333333,14.033333,20.410000,0.000000,3.482157
303,35.333333,14.333333,20.778333,0.000000,3.531545
304,35.333333,14.633333,21.006667,0.000000,3.641619
305,35.333333,14.600000,20.571667,0.000000,3.430026
306,35.333333,14.533333,20.923333,0.000000,3.664178
307,35.333333,14.566667,20.576667,0.000000,3.472571
308,35.333333,14.366667,20.531667,0.000000,3.384433
309,35.333333,14.466667,20.640000,0.000000,3.463439
310,35.333333,14.733333,20.793333,0.000000,3.369262
311,35.333333,14.433333,20.940000,0.000000,3.605636
312,35.333333,14.600000,20.900000,0.000000,3.566753
313,35.333333,14.366667,20.743333,0.000000,3.471896
314,35.333333,14.633333,20.406667,0.000000,3.303171
315,35.333333,14.933333,20.818333,0.000000,3.461849
316,35.333333,14.500000,20.803333,0.000000,3.416504
317,35.333333,14.366667,20.961667,0.000000,3.549137
318,35.333333,14.433333,20.668333,0.000000,3.512157
319,35.333333,14.966667,21.158333,0.000000,3.510747
320,35.333333,14.733333,20.580000,0.000000,3.443560
321,35.333333,14.500000,20.721667,0.000000,3.364948
322,35.366667,14.433333,20.705000,0.000000,3.596933
323,35.366667,14.166667,20.385000,0.000000,3.452325
324,35.366667,14.366667,20.623333,0.000000,3.447368
325,35.366667,14.933333,20.668333,0.000000,3.324991
326,35.366667,13.700000,20.611667,0.000000,3.605090
327,35.366667,14.400000,20.858333,0.000000,3.510695
328,35.366667,14.200000,20.726667,0.000000,3.516414
329,35.366667,14.433333,20.775000,0.000000,3.514555
330,35.366667,14.433333,20.648333,0.000000,3.556476
331,35.366667,14.533333,20.851667,0.000000,3.338074
332,35.366667,14.600000,20.770000,0.000000,3.455390
333,35.366667,14.400000,20.681667,0.000000,3.452051
334,35.366667,14.233333,20.623333,0.000000,3.622647
335,35.366667,14.333333,20.571667,0.000000,3.460072
336,35.366667,14.466667,20.710000,0.000000,3.395353
337,35.366667,14.566667,20.478333,0.000000,3.309934
338,35.366667,14.633333,20.526667,0.000000,3.265877
339,35.466667,14.200000,20.670000,0.000000,3.534678
340,35.466667,14.600000,20.800000,0.000000,3.558436
341,35.466667,14.333333,20.990000,0.000000,3.682861
342,35.466667,14.766667,20.661667,0.000000,3.498730
343,35.466667,14.366667,20.560000,0.000000,3.527733
344,35.466667,14.666667,20.796667,0.000000,3.517458
345,35.466667,14.500000,20.858333,0.000000,3.638228
346,35.466667,14.100000,20.726667,0.000000,3.512112
347,35.466667,14.566667,21.045000,0.000000,3.523859
348,35.466667,14.466667,21.016667,0.000000,3.449928
349,35.466667,14.433333,20.460000,0.000000,3.488073
350,35.466667,14.266667,20.833333,0.000000,3.602995
351,35.466667,14.933333,20.853333,0.000000,3.441326
352,35.466667,14.466667,20.841667,0.000000,3.646178
353,35.466667,14.833333,21.156667,0.000000,3.446887
354,35.466667,14.466667,20.758333,0.000000,3.550096
355,35.466667,14.400000,20.763333,0.000000,3.423288
356,35.466667,14.633333,20.908333,0.000000,3.511527
357,35.466667,14.800000,20.968333,0.000000,3.326246
358,35.466667,14.566667,20.661667,0.000000,3.392102
359,35.466667,14.833333,20.710000,0.000000,3.514869
360,35.533333,14.566667,20.993333,0.000000,3.635253
361,35.533333,14.100000,20.523333,0.000000,3.593546
362,35.533333,14.433333,20.793333,0.000000,3.572786
363,35.533333,14.333333,20.658333,0.000000,3.500326
364,35.533333,14.866667,20.976667,0.000000,3.622256
365,35.533333,14.600000,20.896667,0.000000,3.528515
366,35.533333,14.666667,20.510000,0.000000,3.319264
367,35.533333,14.366667,20.578333,0.000000,3.427757
368,35.533333,14.366667,20.585000,0.000000,3.540063
369,35.533333,14.433333,20.715000,0.000000,3.573059
370,35.566667,14.700000,20.638333,0.000000,3.434458
371,35.566667,13.966667,20.726667,0.000000,3.579260
372,35.566667,15.000000,20.885000,0.000000,3.192833
373,35.566667,14.433333,20.803333,0.000000,3.442133
374,35.566667,14.500000,20.866667,0.000000,3.410634
375,35.566667,14.466667,20.658333,0.000000,3.420728
376,35.566667,14.200000,20.631667,0.000000,3.559095
377,35.566667,14.566667,20.813333,0.000000,3.501244
378,35.700000,14.833333,21.003333,0.000000,3.543284
379,35.700000,14.300000,20.498333,0.000000,3.478281
380,35.700000,14.600000,20.928333,0.000000,3.498088
381,35.766667,14.833333,20.765000,0.000000,3.534060
382,35.766667,14.500000,20.943333,0.000000,3.589374
383,35.766667,14.266667,20.716667,0.000000,3.360217
384,35.766667,15.000000,20.873333,0.000000,3.497749
385,35.766667,14.366667,20.666667,0.000000,3.500951
386,35.766667,13.800000,20.678333,0.000000,3.596275
387,35.766667,14.500000,20.831667,0.000000,3.575980
388,35.766667,14.033333,20.906667,0.000000,3.470789
389,35.766667,14.333333,20.766667,0.000000,3.572795
390,35.766667,14.166667,20.731667,0.000000,3.546639
391,35.766667,15.033333,20.801667,0.000000,3.299863
392,35.766667,14.500000,20.840000,0.000000,3.537466
393,35.766667,15.166667,20.810000,0.000000,3.320840
394,35.766667,14.600000,20.778333,0.000000,3.623778
395,35.766667,14.700000,20.925000,0.000000,3.444683
396,35.766667,14.433333,20.711667,0.000000,3.543625
397,35.766667,14.466667,20.635000,0.000000,3.366388
398,35.766667,14.933333,20.968333,0.000000,3.469625
399,35.766667,14.466667,20.535000,0.000000,3.372215
400,35.766667,14.666667,20.903333,0.000000,3.495897
401,35.766667,14.200000,20.775000,0.000000,3.523855
402,35.766667,14.533333,20.751667,0.000000,3.432444
403,35.766667,14.233333,20.900000,0.000000,3.501176
404,35.766667,14.500000,20.850000,0.000000,3.530997
405,35.766667,14.800000,20.783333,0.000000,3.476847
406,35.766667,14.300000,20.535000,0.000000,3.475221
407,35.766667,14.233333,20.763333,0.000000,3.618713
408,35.766667,14.933333,21.056667,0.000000,3.418919
409,35.766667,14.366667,20.533333,0.000000,3.341585
410,35.766667,14.700000,20.646667,0.000000,3.373447
411,35.766667,14.400000,20.673333,0.000000,3.447095
412,35.766667,14.733333,20.721667,0.000000,3.454781
413,35.766667,14.666667,20.491667,0.000000,3.460700
414,35.766667,14.733333,20.558333,0.000000,3.312804
415,35.766667,14.000000,20.730000,0.000000,3.557215
416,35.766667,14.700000,20.691667,0.000000,3.380433
417,35.766667,14.066667,20.630000,0.000000,3.612266
418,35.766667,14.300000,20.486667,0.000000,3.395655
419,35.766667,14.933333,20.993333,0.000000,3.604087
420,35.766667,14.333333,20.601667,0.000000,3.441042
421,35.766667,14.166667,21.048333,0.000000,3.484571
422,35.766667,14.633333,20.593333,0.000000,3.507455
423,35.766667,14.600000,20.763333,0.000000,3.584535
424,35.766667,14.500000,20.915000,0.000000,3.605133
425,35.766667,14.600000,20.878333,0.000000,3.497650
426,35.766667,14.433333,20.823333,0.000000,3.580144
427,35.766667,14.300000,20.676667,0.000000,3.710532
428,35.766667,14.466667,20.593333,0.000000,3.402222
429,35.766667,15.166667,21.033333,0.000000,3.306950
430,35.766667,14.066667,20.646667,0.000000,3.444213
431,35.766667,14.600000,20.661667,0.000000,3.371074
432,35.766667,14.133333,20.721667,0.000000,3.654509
433,35.766667,14.566667,20.665000,0.000000,3.364727
434,35.766667,14.266667,20.563333,0.000000,3.477209
435,35.766667,14.366667,21.043333,0.000000,3.632820
436,35.766667,14.700000,20.908333,0.000000,3.525020
437,35.766667,15.200000,20.951667,0.000000,3.339919
438,35.766667,13.933333,20.776667,0.000000,3.597803
439,35.766667,14.766667,20.920000,0.000000,3.512402
440,35.766667,14.800000,20.758333,0.000000,3.330454
441,35.766667,14.600000,20.730000,0.000000,3.621632
442,35.766667,14.066667,20.673333,0.000000,3.633602
443,35.766667,14.733333,20.673333,0.000000,3.438205
444,35.766667,14.633333,20.586667,0.000000,3.395831
445,35.766667,14.466667,20.421667,0.000000,3.290350
446,35.800000,13.966667,20.646667,0.000000,3.704111
447,35.800000,14.233333,20.488333,0.000000,3.450204
448,35.800000,14.300000,20.803333,0.000000,3.696273
449,35.800000,14.600000,20.691667,0.000000,3.511147
450,35.800000,14.066667,20.661667,0.000000,3.485620
451,35.800000,14.333333,20.725000,0.000000,3.599709
452,35.800000,14.233333,20.658333,0.000000,3.534317
453,35.800000,14.366667,20.835000,0.000000,3.662167
454,35.800000,14.600000,20.790000,0.000000,3.539135
455,35.800000,14.100000,20.590000,0.000000,3.621370
456,35.800000,14.500000,20.826667,0.000000,3.601120
457,35.800000,14.600000,20.903333,0.000000,3.472124
458,35.800000,14.066667,20.973333,0.000000,3.691522
459,35.800000,14.200000,20.565000,0.000000,3.494728
460,35.800000,14.400000,20.596667,0.000000,3.656216
461,35.800000,14.366667,20.923333,0.000000,3.622280
462,35.800000,14.666667,20.740000,0.000000,3.346424
463,35.800000,14.666667,20.838333,0.000000,3.424274
464,35.800000,14.400000,20.745000,0.000000,3.490659
465,35.833333,14.066667,20.428333,0.000000,3.616189
466,35.833333,14.866667,20.670000,0.000000,3.286259
467,35.833333,14.600000,20.718333,0.000000,3.399613
468,35.833333,14.666667,20.738333,0.000000,3.406732
469,35.833333,14.366667,20.625000,0.000000,3.525348
470,35.833333,13.933333,20.515000,0.000000,3.441636
471,35.866667,14.100000,20.486667,0.000000,3.547010
472,35.866667,14.200000,20.606667,0.000000,3.544761
473,35.866667,14.466667,20.806667,0.000000,3.516283
474,35.866667,14.100000,20.438333,0.000000,3.465694
475,35.866667,14.633333,20.701667,0.000000,3.372829
476,35.866667,14.566667,20.730000,0.000000,3.421662
477,35.866667,14.666667,20.863333,0.000000,3.312547
478,35.866667,14.233333,20.600000,0.000000,3.458982
479,35.866667,14.333333,20.791667,0.000000,3.535853
480,35.866667,15.266667,20.973333,0.000000,3.343253
481,35.866667,14.233333,20.970000,0.000000,3.626015
482,35.866667,14.733333,21.118333,0.000000,3.652077
483,35.866667,14.933333,20.851667,0.000000,3.300299
484,35.866667,14.800000,20.830000,0.000000,3.391740
485,35.900000,14.866667,20.823333,0.000000,3.419248
486,35.900000,14.666667,20.745000,0.000000,3.406333
487,35.900000,14.700000,20.946667,0.000000,3.387259
488,35.900000,14.500000,20.873333,0.000000,3.537859
489,35.900000,14.200000,20.426667,0.000000,3.421915
490,35.900000,15.000000,20.926667,0.000000,3.369737
491,35.900000,15.000000,20.820000,0.000000,3.469302
492,35.900000,14.233333,20.670000,0.000000,3.530967
493,35.900000,14.266667,20.736667,0.000000,3.656366
494,35.900000,14.166667,20.706667,0.000000,3.586138
495,35.900000,14.366667,20.778333,0.000000,3.597409
496,35.900000,14.033333,20.726667,0.000000,3.620057
497,35.900000,14.866667,20.901667,0.000000,3.347003
498,35.900000,14.466667,20.513333,0.000000,3.420530
499,35.900000,14.400000,20.755000,0.000000,3.603919
500,35.900000,14.366667,20.470000,0.000000,3.304224
BestSdev: 1.178333, Time: 14m27.145205923s