gen,best,worst,mean,rep,sdev
1,28.733333,13.600000,20.735333,0.000000,3.507462
2,30.100000,13.400000,20.877333,0.000000,3.506443
3,30.733333,13.200000,20.738000,0.000000,3.656547
4,31.066667,13.100000,20.622000,0.000000,3.580043
5,31.400000,13.366667,20.708667,0.000000,3.440636
6,31.733333,13.166667,20.618000,0.000000,3.508841
7,31.733333,13.166667,20.664667,0.000000,3.517594
8,31.933333,13.266667,20.654667,0.000000,3.586927
9,32.266667,13.633333,20.738000,0.000000,3.526849
10,32.333333,13.366667,20.783333,0.000000,3.576003
11,32.500000,13.433333,20.870000,0.000000,3.529712
12,32.900000,13.533333,20.605333,0.000000,3.600950
13,32.933333,13.400000,20.694000,0.000000,3.587149
14,33.066667,13.166667,20.646000,0.000000,3.578923
15,33.100000,13.900000,20.761333,0.000000,3.526848
16,33.100000,12.833333,20.564000,0.000000,3.428384
17,33.133333,13.633333,20.688667,0.000000,3.586627
18,33.200000,13.400000,20.662000,0.000000,3.529516
19,33.200000,13.733333,20.668667,0.000000,3.605627
20,33.200000,13.266667,20.670000,0.000000,3.448102
BestSdev: 1.188672, Time: 1m11.963471847s