gen,best,worst,mean,rep,sdev
1,28.066667,14.300000,20.796667,0.000000,3.580112
2,29.000000,14.733333,20.606667,0.000000,3.477941
3,29.666667,14.666667,20.840000,0.000000,3.439566
4,30.000000,14.933333,20.413333,0.000000,3.251371
5,30.633333,14.700000,20.970000,0.000000,3.589424
6,31.033333,14.133333,20.531667,0.000000,3.589848
7,31.033333,14.300000,20.750000,0.000000,3.544761
8,31.200000,14.666667,20.976667,0.000000,3.391968
9,31.200000,14.233333,20.706667,0.000000,3.469429
10,31.466667,14.433333,20.841667,0.000000,3.423093
11,31.466667,14.266667,20.651667,0.000000,3.498761
12,31.533333,14.400000,20.570000,0.000000,3.526956
13,31.600000,14.500000,20.711667,0.000000,3.464078
14,31.733333,14.600000,20.751667,0.000000,3.445776
15,31.766667,14.666667,20.661667,0.000000,3.301565
16,31.833333,14.633333,20.835000,0.000000,3.482305
17,31.900000,14.533333,20.521667,0.000000,3.495587
18,31.900000,14.733333,20.661667,0.000000,3.243989
19,32.033333,14.300000,20.770000,0.000000,3.447851
20,32.033333,14.100000,20.623333,0.000000,3.489471
21,32.166667,14.400000,20.605000,0.000000,3.546974
22,32.233333,14.633333,20.885000,0.000000,3.441370
23,32.300000,14.266667,20.596667,0.000000,3.611696
24,32.333333,14.566667,20.865000,0.000000,3.504412
25,32.333333,14.666667,20.596667,0.000000,3.327247
26,32.366667,14.600000,20.751667,0.000000,3.445196
27,32.600000,14.866667,20.831667,0.000000,3.543522
28,32.600000,14.366667,20.555000,0.000000,3.398212
29,32.633333,15.133333,21.058333,0.000000,3.430578
30,32.633333,14.533333,20.543333,0.000000,3.275037
31,32.666667,14.766667,20.680000,0.000000,3.466851
32,32.733333,14.566667,20.915000,0.000000,3.592240
33,32.766667,14.666667,20.701667,0.000000,3.484970
34,32.800000,14.866667,20.836667,0.000000,3.472936
35,32.900000,14.800000,20.858333,0.000000,3.576511
36,32.900000,14.433333,20.770000,0.000000,3.417854
37,32.900000,14.600000,20.568333,0.000000,3.263826
38,32.900000,14.200000,20.768333,0.000000,3.625369
39,32.900000,14.766667,20.736667,0.000000,3.472515
40,32.900000,14.466667,20.781667,0.000000,3.619986
41,32.900000,14.600000,20.615000,0.000000,3.350929
42,32.933333,14.233333,20.553333,0.000000,3.484635
43,33.166667,14.766667,20.710000,0.000000,3.386725
44,33.166667,14.433333,20.695000,0.000000,3.373576
45,33.200000,14.566667,20.625000,0.000000,3.557621
46,33.200000,14.966667,20.765000,0.000000,3.358300
47,33.200000,14.766667,20.796667,0.000000,3.485365
48,33.233333,14.100000,20.303333,0.000000,3.399855
49,33.233333,14.766667,20.716667,0.000000,3.303805
50,33.266667,14.866667,21.040000,0.000000,3.487587
51,33.266667,14.666667,20.611667,0.000000,3.307271
52,33.266667,14.500000,20.726667,0.000000,3.316787
53,33.266667,14.500000,20.943333,0.000000,3.415643
54,33.366667,14.033333,20.793333,0.000000,3.566351
55,33.366667,14.866667,20.750000,0.000000,3.435248
56,33.366667,14.000000,20.296667,0.000000,3.422120
57,33.366667,14.566667,20.660000,0.000000,3.429931
58,33.466667,14.700000,20.600000,0.000000,3.429956
59,33.466667,15.033333,20.735000,0.000000,3.337047
60,33.466667,14.266667,20.666667,0.000000,3.523620
61,33.466667,14.133333,20.851667,0.000000,3.497850
62,33.466667,14.500000,20.803333,0.000000,3.617154
63,33.566667,14.400000,20.673333,0.000000,3.426862
64,33.700000,14.166667,20.646667,0.000000,3.574689
65,33.700000,14.333333,20.570000,0.000000,3.559905
66,33.700000,14.566667,20.958333,0.000000,3.394754
67,33.766667,15.100000,20.935000,0.000000,3.368972
68,33.766667,14.500000,20.865000,0.000000,3.644652
69,33.766667,14.433333,20.733333,0.000000,3.596700
70,33.800000,14.433333,20.748333,0.000000,3.419812
71,33.800000,14.000000,20.595000,0.000000,3.494250
72,33.800000,14.466667,20.610000,0.000000,3.499299
73,33.800000,14.766667,20.898333,0.000000,3.536709
74,33.800000,14.333333,20.515000,0.000000,3.372480
75,33.800000,14.100000,20.895000,0.000000,3.648044
76,33.966667,14.266667,20.951667,0.000000,3.875712
77,33.966667,14.733333,20.945000,0.000000,3.327603
78,33.966667,14.400000,20.661667,0.000000,3.416472
79,34.066667,14.666667,20.611667,0.000000,3.357920
80,34.133333,14.300000,20.685000,0.000000,3.504606
81,34.133333,14.366667,20.565000,0.000000,3.482242
82,34.133333,14.633333,20.648333,0.000000,3.269241
83,34.133333,14.266667,20.950000,0.000000,3.545321
84,34.133333,14.466667,20.675000,0.000000,3.471848
85,34.166667,14.533333,20.711667,0.000000,3.587848
86,34.300000,14.633333,20.791667,0.000000,3.558620
87,34.300000,14.533333,20.800000,0.000000,3.507635
88,34.300000,14.366667,20.826667,0.000000,3.785625
89,34.300000,14.366667,20.758333,0.000000,3.498247
90,34.333333,14.333333,20.706667,0.000000,3.510347
91,34.333333,14.200000,20.641667,0.000000,3.627679
92,34.333333,14.400000,20.696667,0.000000,3.500490
93,34.400000,14.466667,20.600000,0.000000,3.473187
94,34.400000,14.566667,20.631667,0.000000,3.366974
95,34.400000,14.633333,20.593333,0.000000,3.438647
96,34.400000,14.400000,20.661667,0.000000,3.563411
97,34.400000,14.133333,20.751667,0.000000,3.546123
98,34.400000,14.600000,20.666667,0.000000,3.330358
99,34.400000,14.200000,20.565000,0.000000,3.461000
100,34.466667,14.733333,20.936667,0.000000,3.581262
101,34.466667,14.733333,20.820000,0.000000,3.617859
102,34.466667,14.733333,20.828333,0.000000,3.286132
103,34.466667,14.233333,20.588333,0.000000,3.601046
104,34.600000,14.000000,20.738333,0.000000,3.645604
105,34.600000,14.366667,20.816667,0.000000,3.613045
106,34.600000,14.333333,20.596667,0.000000,3.493638
107,34.600000,14.433333,20.531667,0.000000,3.202239
108,34.600000,14.200000,20.410000,0.000000,3.503614
109,34.600000,14.433333,20.820000,0.000000,3.556274
110,34.633333,14.666667,20.873333,0.000000,3.406780
111,34.633333,14.600000,20.848333,0.000000,3.363627
112,34.633333,14.500000,20.615000,0.000000,3.471427
113,34.633333,14.933333,21.003333,0.000000,3.375491
114,34.633333,14.566667,20.538333,0.000000,3.451536
115,34.633333,14.433333,20.770000,0.000000,3.625770
116,34.633333,14.633333,20.870000,0.000000,3.443231
117,34.633333,14.266667,20.520000,0.000000,3.550987
118,34.733333,14.200000,20.808333,0.000000,3.497988
119,34.733333,14.266667,20.728333,0.000000,3.545039
120,34.733333,14.033333,20.650000,0.000000,3.564876
121,34.733333,14.166667,20.700000,0.000000,3.489468
122,34.733333,14.700000,20.910000,0.000000,3.499425
123,34.733333,14.200000,20.608333,0.000000,3.615836
124,34.733333,14.200000,20.758333,0.000000,3.543585
125,34.733333,14.233333,20.791667,0.000000,3.446834
126,34.733333,14.433333,20.901667,0.000000,3.474464
127,34.733333,14.833333,20.771667,0.000000,3.477807
128,34.733333,13.666667,20.603333,0.000000,3.532009
129,34.733333,14.166667,20.566667,0.000000,3.474356
130,34.733333,14.333333,20.635000,0.000000,3.584153
131,34.733333,14.633333,20.825000,0.000000,3.461924
132,34.733333,14.533333,20.873333,0.000000,3.472071
133,34.733333,14.266667,20.661667,0.000000,3.705346
134,34.733333,14.466667,20.921667,0.000000,3.610307
135,34.733333,14.900000,20.933333,0.000000,3.402852
136,34.733333,14.533333,21.051667,0.000000,3.629189
137,34.766667,13.966667,20.566667,0.000000,3.581229
138,34.766667,14.366667,20.828333,0.000000,3.628939
139,34.766667,14.033333,20.851667,0.000000,3.422380
140,34.766667,14.000000,20.521667,0.000000,3.427677
141,34.800000,14.066667,20.523333,0.000000,3.636391
142,34.800000,14.533333,20.606667,0.000000,3.550504
143,34.833333,14.633333,20.630000,0.000000,3.497448
144,34.833333,14.333333,20.811667,0.000000,3.498624
145,34.900000,14.200000,20.785000,0.000000,3.640726
146,34.900000,14.266667,20.576667,0.000000,3.515615
147,34.900000,14.233333,20.708333,0.000000,3.697913
148,34.900000,14.466667,20.655000,0.000000,3.372399
149,34.900000,14.633333,20.573333,0.000000,3.360676
150,34.933333,14.566667,20.758333,0.000000,3.390483
151,34.933333,13.800000,20.585000,0.000000,3.434272
152,35.033333,14.300000,20.621667,0.000000,3.575624
153,35.033333,14.233333,20.911667,0.000000,3.719129
154,35.066667,14.266667,20.535000,0.000000,3.480076
155,35.066667,14.500000,20.578333,0.000000,3.538208
156,35.066667,14.866667,20.830000,0.000000,3.218038
157,35.066667,14.033333,20.533333,0.000000,3.484821
158,35.066667,14.700000,20.970000,0.000000,3.409768
159,35.066667,14.766667,20.585000,0.000000,3.266935
160,35.100000,14.266667,20.688333,0.000000,3.548026
161,35.100000,14.566667,20.530000,0.000000,3.415121
162,35.100000,15.066667,20.806667,0.000000,3.376019
163,35.100000,14.266667,20.918333,0.000000,3.471506
164,35.100000,14.133333,20.461667,0.000000,3.455875
165,35.100000,14.600000,20.826667,0.000000,3.434379
166,35.100000,14.300000,20.491667,0.000000,3.415467
167,35.100000,14.500000,20.515000,0.000000,3.509754
168,35.100000,14.133333,20.681667,0.000000,3.543901
169,35.100000,14.600000,20.626667,0.000000,3.424772
170,35.100000,14.866667,20.866667,0.000000,3.385566
171,35.100000,14.366667,20.655000,0.000000,3.475482
172,35.100000,14.733333,20.588333,0.000000,3.281457
173,35.100000,14.633333,20.723333,0.000000,3.397775
174,35.100000,14.500000,20.786667,0.000000,3.579674
175,35.100000,14.366667,20.753333,0.000000,3.411386
176,35.100000,15.000000,20.668333,0.000000,3.349951
177,35.100000,14.366667,20.476667,0.000000,3.441062
178,35.100000,14.600000,20.773333,0.000000,3.494136
179,35.100000,14.366667,20.725000,0.000000,3.499975
180,35.100000,14.800000,20.901667,0.000000,3.468588
181,35.100000,14.433333,20.611667,0.000000,3.448563
182,35.100000,14.200000,20.653333,0.000000,3.591773
183,35.100000,14.333333,20.838333,0.000000,3.561681
184,35.100000,14.666667,20.820000,0.000000,3.366582
185,35.100000,14.400000,20.433333,0.000000,3.470028
186,35.100000,14.200000,20.791667,0.000000,3.645277
187,35.100000,14.533333,20.738333,0.000000,3.543208
188,35.100000,14.433333,20.701667,0.000000,3.635547
189,35.100000,14.033333,20.531667,0.000000,3.470065
190,35.100000,14.833333,20.875000,0.000000,3.376249
191,35.100000,14.733333,20.755000,0.000000,3.369372
192,35.100000,14.166667,20.648333,0.000000,3.434630
193,35.100000,14.266667,20.541667,0.000000,3.526957
194,35.100000,14.366667,20.590000,0.000000,3.479548
195,35.100000,14.500000,20.855000,0.000000,3.463969
196,35.100000,14.200000,20.780000,0.000000,3.496161
197,35.100000,14.166667,20.411667,0.000000,3.554322
198,35.100000,14.966667,20.808333,0.000000,3.381949
199,35.100000,14.166667,20.568333,0.000000,3.324769
200,35.100000,14.166667,20.691667,0.000000,3.571892
BestSdev: 1.293756, Time: 5m58.508885681s