gen,best,worst,mean,rep,sdev
1,31.266667,11.833333,20.708167,0.000000,3.671121
2,32.100000,12.200000,20.728000,0.000000,3.544685
3,32.400000,12.100000,20.752833,0.000000,3.647728
4,32.700000,12.266667,20.691000,0.000000,3.543010
5,32.966667,11.700000,20.714667,0.000000,3.582094
6,33.133333,11.766667,20.696833,0.000000,3.593484
7,33.366667,11.933333,20.710833,0.000000,3.597530
8,33.633333,12.066667,20.743667,0.000000,3.621479
9,33.800000,11.933333,20.717333,0.000000,3.582348
10,34.200000,12.033333,20.754833,0.000000,3.645781
11,34.500000,12.033333,20.708167,0.000000,3.566032
12,34.500000,11.833333,20.776333,0.000000,3.619825
13,34.533333,12.200000,20.735500,0.000000,3.590384
14,34.666667,12.300000,20.741667,0.000000,3.608833
15,34.733333,12.166667,20.724000,0.000000,3.567464
16,34.733333,11.633333,20.703500,0.000000,3.541884
17,34.733333,12.166667,20.745333,0.000000,3.621895
18,34.733333,11.900000,20.746500,0.000000,3.606119
19,34.766667,11.666667,20.646333,0.000000,3.613040
20,34.800000,11.833333,20.707500,0.000000,3.628274
21,34.866667,11.800000,20.710667,0.000000,3.635593
22,34.933333,11.800000,20.818333,0.000000,3.638969
23,35.033333,12.066667,20.700500,0.000000,3.571195
24,35.033333,12.200000,20.678333,0.000000,3.682909
25,35.033333,12.033333,20.765000,0.000000,3.589831
26,35.066667,12.066667,20.788000,0.000000,3.574564
27,35.166667,12.200000,20.594167,0.000000,3.609485
28,35.166667,12.133333,20.733833,0.000000,3.590731
29,35.233333,12.000000,20.808667,0.000000,3.609479
30,35.233333,11.900000,20.732167,0.000000,3.674431
31,35.266667,11.800000,20.735500,0.000000,3.647664
32,35.300000,11.700000,20.641833,0.000000,3.635755
33,35.500000,12.233333,20.729000,0.000000,3.624241
34,35.500000,11.866667,20.725000,0.000000,3.540126
35,35.500000,11.800000,20.742333,0.000000,3.599791
36,35.533333,11.900000,20.710833,0.000000,3.608707
37,35.566667,12.066667,20.699833,0.000000,3.568174
38,35.633333,11.766667,20.719000,0.000000,3.642960
39,35.633333,11.866667,20.759333,0.000000,3.572834
40,35.633333,12.133333,20.682667,0.000000,3.653303
41,35.700000,11.900000,20.733833,0.000000,3.660959
42,35.700000,11.966667,20.704000,0.000000,3.578404
43,35.700000,11.700000,20.700667,0.000000,3.594650
44,35.700000,12.100000,20.758000,0.000000,3.639280
45,35.833333,12.000000,20.706000,0.000000,3.580717
46,35.833333,11.966667,20.766500,0.000000,3.636912
47,35.833333,11.866667,20.669167,0.000000,3.609985
48,35.866667,12.133333,20.810000,0.000000,3.587938
49,35.900000,11.700000,20.708167,0.000000,3.621284
50,35.900000,12.200000,20.755833,0.000000,3.645080
51,35.900000,11.866667,20.718500,0.000000,3.578962
52,35.900000,12.033333,20.750667,0.000000,3.598615
53,35.933333,12.033333,20.712667,0.000000,3.559329
54,35.933333,12.000000,20.752500,0.000000,3.582728
55,35.933333,12.200000,20.727167,0.000000,3.610970
56,35.966667,11.733333,20.726333,0.000000,3.664507
57,35.966667,12.066667,20.780667,0.000000,3.588861
58,36.000000,12.066667,20.739167,0.000000,3.580796
59,36.000000,12.400000,20.748667,0.000000,3.637488
60,36.000000,12.000000,20.721667,0.000000,3.601686
61,36.000000,12.100000,20.658667,0.000000,3.549322
62,36.066667,11.900000,20.693000,0.000000,3.624186
63,36.066667,11.766667,20.741500,0.000000,3.588607
64,36.066667,12.066667,20.706500,0.000000,3.569526
65,36.066667,11.666667,20.638167,0.000000,3.608930
66,36.100000,12.166667,20.771167,0.000000,3.612958
67,36.100000,11.933333,20.730000,0.000000,3.630458
68,36.100000,12.033333,20.666333,0.000000,3.592514
69,36.100000,12.100000,20.706500,0.000000,3.629150
70,36.100000,11.866667,20.728000,0.000000,3.647667
71,36.100000,11.566667,20.712667,0.000000,3.644040
72,36.100000,12.000000,20.796333,0.000000,3.597556
73,36.100000,12.233333,20.719333,0.000000,3.589204
74,36.100000,11.666667,20.680500,0.000000,3.627651
75,36.100000,11.533333,20.724667,0.000000,3.594960
76,36.100000,12.133333,20.705667,0.000000,3.594922
77,36.100000,12.000000,20.782167,0.000000,3.702557
78,36.100000,11.733333,20.711833,0.000000,3.647910
79,36.100000,11.833333,20.807833,0.000000,3.620604
80,36.100000,12.166667,20.685333,0.000000,3.588277
81,36.166667,11.766667,20.785167,0.000000,3.652977
82,36.166667,11.866667,20.714667,0.000000,3.594101
83,36.166667,12.066667,20.720833,0.000000,3.601639
84,36.166667,11.833333,20.712167,0.000000,3.659834
85,36.200000,11.966667,20.743167,0.000000,3.578242
86,36.200000,11.900000,20.746833,0.000000,3.617668
87,36.200000,11.933333,20.691333,0.000000,3.616778
88,36.200000,12.000000,20.647500,0.000000,3.618245
89,36.200000,11.966667,20.756500,0.000000,3.627453
90,36.200000,12.000000,20.612500,0.000000,3.570294
91,36.200000,12.200000,20.801000,0.000000,3.576409
92,36.233333,12.266667,20.717833,0.000000,3.596819
93,36.233333,12.200000,20.750000,0.000000,3.615505
94,36.233333,12.000000,20.673500,0.000000,3.584532
95,36.233333,12.100000,20.721500,0.000000,3.632388
96,36.266667,11.833333,20.724333,0.000000,3.590990
97,36.266667,12.400000,20.770667,0.000000,3.622908
98,36.266667,12.100000,20.848500,0.000000,3.626450
99,36.300000,12.100000,20.713833,0.000000,3.558758
100,36.300000,12.000000,20.714167,0.000000,3.601599
BestSdev: 1.004134, Time: 23m28.073100215s