gen,best,worst,mean,rep,sdev
1,31.533333,11.600000,20.761833,0.000000,3.637254
2,32.300000,12.233333,20.610833,0.000000,3.609599
3,32.833333,11.700000,20.709500,0.000000,3.629156
4,33.133333,12.000000,20.750167,0.000000,3.621244
5,33.500000,11.900000,20.768333,0.000000,3.671546
6,33.600000,12.200000,20.733333,0.000000,3.606820
7,33.600000,11.966667,20.767667,0.000000,3.694812
8,33.800000,11.900000,20.805833,0.000000,3.622370
9,34.066667,12.333333,20.746333,0.000000,3.551824
10,34.266667,11.866667,20.730500,0.000000,3.621152
11,34.466667,12.233333,20.782667,0.000000,3.587042
12,34.533333,12.000000,20.710667,0.000000,3.611773
13,34.533333,11.633333,20.768167,0.000000,3.644941
14,34.666667,12.333333,20.743167,0.000000,3.572843
15,34.666667,11.833333,20.718500,0.000000,3.586575
16,34.666667,11.933333,20.659667,0.000000,3.547066
17,34.833333,12.433333,20.789333,0.000000,3.647370
18,34.866667,11.933333,20.806833,0.000000,3.643114
19,34.866667,11.800000,20.752500,0.000000,3.628159
20,34.900000,12.000000,20.753333,0.000000,3.619282
21,34.900000,11.733333,20.732333,0.000000,3.578593
22,35.166667,12.000000,20.707000,0.000000,3.655162
23,35.166667,12.233333,20.796333,0.000000,3.598801
24,35.166667,12.066667,20.744167,0.000000,3.651824
25,35.166667,12.233333,20.763333,0.000000,3.569051
26,35.166667,12.066667,20.703000,0.000000,3.565013
27,35.166667,11.966667,20.759167,0.000000,3.577814
28,35.233333,12.200000,20.742500,0.000000,3.609813
29,35.266667,11.733333,20.688833,0.000000,3.593358
30,35.266667,11.733333,20.670500,0.000000,3.596610
31,35.266667,11.766667,20.726500,0.000000,3.586196
32,35.266667,11.933333,20.616167,0.000000,3.604452
33,35.266667,11.866667,20.698167,0.000000,3.574880
34,35.333333,12.033333,20.682667,0.000000,3.617278
35,35.333333,11.800000,20.665667,0.000000,3.598116
36,35.333333,12.000000,20.657333,0.000000,3.609221
37,35.400000,11.833333,20.706000,0.000000,3.649983
38,35.433333,11.700000,20.751500,0.000000,3.598050
39,35.533333,11.900000,20.783000,0.000000,3.638848
40,35.533333,12.000000,20.788833,0.000000,3.618659
41,35.533333,12.200000,20.713000,0.000000,3.554576
42,35.533333,12.166667,20.677167,0.000000,3.637784
43,35.566667,12.200000,20.747000,0.000000,3.563477
44,35.633333,12.000000,20.731333,0.000000,3.596637
45,35.633333,12.333333,20.689500,0.000000,3.564685
46,35.700000,12.000000,20.754500,0.000000,3.607140
47,35.700000,12.133333,20.685833,0.000000,3.612211
48,35.766667,12.000000,20.807333,0.000000,3.604093
49,35.766667,12.200000,20.685500,0.000000,3.604240
50,35.766667,11.733333,20.684333,0.000000,3.632266
51,35.833333,11.933333,20.637333,0.000000,3.588469
52,35.833333,12.166667,20.658167,0.000000,3.562376
53,35.900000,11.966667,20.674000,0.000000,3.644377
54,35.900000,12.000000,20.760000,0.000000,3.649839
55,35.900000,12.000000,20.700667,0.000000,3.644318
56,35.966667,12.133333,20.668500,0.000000,3.618871
57,35.966667,11.833333,20.716833,0.000000,3.631520
58,35.966667,12.233333,20.725833,0.000000,3.568527
59,35.966667,12.033333,20.792167,0.000000,3.648060
60,35.966667,11.900000,20.664167,0.000000,3.587694
61,35.966667,12.200000,20.772000,0.000000,3.575404
62,36.066667,12.266667,20.742000,0.000000,3.610115
63,36.066667,12.033333,20.771000,0.000000,3.619809
64,36.066667,11.733333,20.631167,0.000000,3.562317
65,36.066667,12.000000,20.631333,0.000000,3.611602
66,36.133333,11.833333,20.750167,0.000000,3.632247
67,36.266667,12.166667,20.836000,0.000000,3.592015
68,36.300000,11.933333,20.688500,0.000000,3.568909
69,36.300000,12.033333,20.653667,0.000000,3.590069
70,36.300000,12.200000,20.676667,0.000000,3.543238
71,36.300000,12.133333,20.728167,0.000000,3.603298
72,36.300000,12.200000,20.763833,0.000000,3.570992
73,36.333333,12.066667,20.723500,0.000000,3.607203
74,36.366667,12.066667,20.737667,0.000000,3.573564
75,36.366667,11.800000,20.707667,0.000000,3.587988
76,36.366667,11.833333,20.695667,0.000000,3.609048
77,36.366667,11.866667,20.643667,0.000000,3.568751
78,36.366667,11.833333,20.712500,0.000000,3.608730
79,36.366667,11.933333,20.732333,0.000000,3.593385
80,36.366667,12.000000,20.774500,0.000000,3.585802
81,36.400000,12.133333,20.746333,0.000000,3.631492
82,36.400000,12.233333,20.767500,0.000000,3.589739
83,36.400000,12.266667,20.774000,0.000000,3.570295
84,36.400000,12.066667,20.717167,0.000000,3.598443
85,36.400000,12.066667,20.736167,0.000000,3.614664
86,36.400000,12.100000,20.770167,0.000000,3.662933
87,36.433333,11.966667,20.647500,0.000000,3.558506
88,36.433333,11.700000,20.737500,0.000000,3.647922
89,36.433333,12.133333,20.741167,0.000000,3.607648
90,36.433333,12.200000,20.669000,0.000000,3.564598
91,36.500000,12.166667,20.704000,0.000000,3.599490
92,36.500000,11.833333,20.714667,0.000000,3.598404
93,36.500000,12.000000,20.811500,0.000000,3.683984
94,36.500000,12.100000,20.680500,0.000000,3.552116
95,36.500000,11.900000,20.773167,0.000000,3.590120
96,36.500000,12.200000,20.773000,0.000000,3.587322
97,36.500000,11.966667,20.660333,0.000000,3.606511
98,36.500000,12.166667,20.754000,0.000000,3.643906
99,36.500000,12.500000,20.725667,0.000000,3.563229
100,36.533333,12.000000,20.725500,0.000000,3.646570
BestSdev: 0.981841, Time: 22m45.086250736s