gen,best,worst,mean,rep,sdev
1,32.466667,11.333333,20.713667,0.000000,3.572672
2,33.366667,11.433333,20.709667,0.000000,3.594445
3,33.733333,11.666667,20.723867,0.000000,3.648142
4,33.833333,11.133333,20.758000,0.000000,3.599127
5,34.200000,11.133333,20.767133,0.000000,3.638070
6,34.366667,11.100000,20.703400,0.000000,3.618963
7,34.633333,11.700000,20.722733,0.000000,3.600315
8,35.100000,11.266667,20.706000,0.000000,3.645948
9,35.133333,11.200000,20.700267,0.000000,3.561842
10,35.166667,11.466667,20.751667,0.000000,3.613529
11,35.366667,11.033333,20.710000,0.000000,3.627450
12,35.533333,11.266667,20.740133,0.000000,3.608219
13,35.600000,10.966667,20.737800,0.000000,3.653387
14,35.666667,11.633333,20.751000,0.000000,3.626703
15,35.666667,11.166667,20.726000,0.000000,3.611445
16,35.733333,11.166667,20.762467,0.000000,3.611006
17,35.866667,11.500000,20.750333,0.000000,3.576436
18,35.933333,10.833333,20.700200,0.000000,3.613756
19,35.933333,11.666667,20.678400,0.000000,3.599184
20,36.000000,11.566667,20.689400,0.000000,3.587267
21,36.033333,11.500000,20.705933,0.000000,3.641513
22,36.033333,11.100000,20.734200,0.000000,3.654965
23,36.033333,11.333333,20.709867,0.000000,3.626515
24,36.033333,11.433333,20.743400,0.000000,3.636123
25,36.066667,11.133333,20.716467,0.000000,3.605688
26,36.100000,11.300000,20.767533,0.000000,3.602458
27,36.166667,11.266667,20.723733,0.000000,3.624645
28,36.200000,11.133333,20.752667,0.000000,3.647042
29,36.233333,11.366667,20.759067,0.000000,3.600086
30,36.233333,11.333333,20.738467,0.000000,3.640302
31,36.233333,11.100000,20.745133,0.000000,3.623272
32,36.366667,11.500000,20.731733,0.000000,3.602700
33,36.366667,11.266667,20.763733,0.000000,3.599769
34,36.433333,11.333333,20.725667,0.000000,3.618338
35,36.500000,11.166667,20.704067,0.000000,3.660992
36,36.500000,11.433333,20.747533,0.000000,3.601790
37,36.533333,11.366667,20.720067,0.000000,3.603903
38,36.566667,11.566667,20.746400,0.000000,3.650331
39,36.566667,11.300000,20.759400,0.000000,3.630919
40,36.600000,11.233333,20.667067,0.000000,3.633665
41,36.600000,11.300000,20.707000,0.000000,3.607982
42,36.600000,11.500000,20.722733,0.000000,3.615260
43,36.600000,11.300000,20.729067,0.000000,3.608883
44,36.600000,11.133333,20.704933,0.000000,3.619703
45,36.600000,11.400000,20.737333,0.000000,3.636096
46,36.600000,11.400000,20.752867,0.000000,3.590897
47,36.600000,11.466667,20.758933,0.000000,3.576694
48,36.733333,11.666667,20.718333,0.000000,3.609826
49,36.766667,11.000000,20.727333,0.000000,3.652694
50,36.766667,11.266667,20.690467,0.000000,3.592834
51,36.766667,11.300000,20.709733,0.000000,3.646183
52,36.766667,11.233333,20.729467,0.000000,3.600632
53,36.800000,11.066667,20.766800,0.000000,3.620180
54,36.900000,11.233333,20.739867,0.000000,3.614656
55,36.900000,11.500000,20.759333,0.000000,3.621014
56,36.900000,11.433333,20.719933,0.000000,3.608106
57,36.900000,10.900000,20.751067,0.000000,3.606445
58,36.933333,11.466667,20.734800,0.000000,3.591146
59,36.933333,11.100000,20.748733,0.000000,3.635543
60,36.933333,11.333333,20.738533,0.000000,3.631897
61,36.966667,11.366667,20.793600,0.000000,3.624850
62,36.966667,11.266667,20.698267,0.000000,3.585203
63,37.033333,11.133333,20.747200,0.000000,3.547592
64,37.033333,11.133333,20.755467,0.000000,3.594045
65,37.066667,11.266667,20.735467,0.000000,3.648469
66,37.066667,11.166667,20.723267,0.000000,3.637166
67,37.066667,11.733333,20.789733,0.000000,3.607180
68,37.066667,11.233333,20.710667,0.000000,3.643154
69,37.066667,11.033333,20.757467,0.000000,3.619452
70,37.100000,11.333333,20.752533,0.000000,3.625033
71,37.100000,11.066667,20.753467,0.000000,3.612745
72,37.133333,11.466667,20.720867,0.000000,3.599539
73,37.166667,11.133333,20.673267,0.000000,3.584677
74,37.166667,11.366667,20.726400,0.000000,3.585961
75,37.166667,11.300000,20.709400,0.000000,3.607466
76,37.166667,11.266667,20.778000,0.000000,3.632604
77,37.200000,11.266667,20.716400,0.000000,3.610767
78,37.200000,11.166667,20.736067,0.000000,3.611162
79,37.200000,11.066667,20.783600,0.000000,3.644784
80,37.200000,11.133333,20.756733,0.000000,3.619078
81,37.200000,11.133333,20.727067,0.000000,3.614485
82,37.200000,11.333333,20.761400,0.000000,3.616158
83,37.200000,11.200000,20.746067,0.000000,3.604324
84,37.200000,11.700000,20.732267,0.000000,3.634882
85,37.200000,11.100000,20.716867,0.000000,3.642929
86,37.200000,11.200000,20.684600,0.000000,3.596573
87,37.200000,11.366667,20.723333,0.000000,3.633301
88,37.200000,11.600000,20.764267,0.000000,3.624268
89,37.200000,11.266667,20.729067,0.000000,3.647970
90,37.200000,11.200000,20.755933,0.000000,3.584624
91,37.200000,11.300000,20.728200,0.000000,3.606339
92,37.200000,11.200000,20.755667,0.000000,3.662313
93,37.200000,11.333333,20.717800,0.000000,3.611023
94,37.200000,11.166667,20.693200,0.000000,3.590587
95,37.233333,11.233333,20.736667,0.000000,3.657958
96,37.233333,11.333333,20.722933,0.000000,3.622549
97,37.233333,11.300000,20.742733,0.000000,3.617551
98,37.233333,11.433333,20.741733,0.000000,3.619106
99,37.233333,11.133333,20.749200,0.000000,3.648208
100,37.233333,11.233333,20.712333,0.000000,3.617944
BestSdev: 0.932303, Time: 56m0.213103444s