gen,best,worst,mean,rep,sdev
1,30.100000,13.266667,20.674000,0.000000,3.715215
2,30.733333,13.166667,20.703333,0.000000,3.498330
3,31.200000,13.300000,20.791333,0.000000,3.567330
4,31.266667,13.433333,20.599333,0.000000,3.459240
5,31.400000,13.066667,20.694000,0.000000,3.572148
6,31.533333,13.400000,20.806000,0.000000,3.477054
7,31.700000,13.200000,20.618000,0.000000,3.569727
8,31.833333,13.166667,20.772667,0.000000,3.638863
9,32.000000,13.600000,20.497333,0.000000,3.450185
10,32.166667,13.400000,20.600000,0.000000,3.517593
11,32.366667,13.366667,20.734000,0.000000,3.619586
12,32.500000,13.533333,20.848667,0.000000,3.498546
13,32.566667,12.833333,20.851333,0.000000,3.605054
14,32.566667,12.866667,20.616000,0.000000,3.638672
15,32.700000,12.900000,20.630000,0.000000,3.544155
16,32.700000,13.200000,20.747333,0.000000,3.590677
17,32.700000,13.466667,20.786000,0.000000,3.634595
18,32.833333,12.966667,20.690667,0.000000,3.727190
19,33.000000,13.366667,20.790000,0.000000,3.534202
20,33.033333,13.666667,20.800000,0.000000,3.596847
21,33.066667,13.233333,20.738000,0.000000,3.572740
22,33.066667,13.033333,20.772667,0.000000,3.536618
23,33.233333,13.600000,20.718000,0.000000,3.495803
24,33.333333,13.000000,20.666000,0.000000,3.578165
25,33.333333,13.500000,20.812667,0.000000,3.567634
26,33.466667,13.266667,20.733333,0.000000,3.636773
27,33.500000,13.600000,20.790667,0.000000,3.542572
28,33.533333,13.266667,20.622000,0.000000,3.598239
29,33.733333,13.166667,20.676000,0.000000,3.568582
30,33.733333,13.000000,20.572667,0.000000,3.567438
31,33.766667,13.266667,20.522000,0.000000,3.576631
32,33.766667,13.066667,20.744667,0.000000,3.688414
33,33.900000,13.333333,20.688667,0.000000,3.561799
34,34.000000,12.966667,20.682000,0.000000,3.648598
35,34.000000,13.100000,20.614000,0.000000,3.581687
36,34.000000,13.600000,20.874667,0.000000,3.561241
37,34.033333,13.333333,20.690667,0.000000,3.512732
38,34.066667,13.366667,20.672667,0.000000,3.559764
39,34.066667,13.200000,20.726667,0.000000,3.487888
40,34.233333,13.500000,20.714000,0.000000,3.601285
41,34.233333,13.500000,20.731333,0.000000,3.578405
42,34.400000,13.500000,20.630667,0.000000,3.579824
43,34.466667,13.200000,20.750000,0.000000,3.665714
44,34.466667,13.333333,20.826667,0.000000,3.528367
45,34.500000,13.133333,20.843333,0.000000,3.533673
46,34.600000,13.666667,20.676000,0.000000,3.458791
47,34.600000,13.500000,20.823333,0.000000,3.550440
48,34.600000,13.400000,20.670667,0.000000,3.400858
49,34.600000,13.333333,20.694667,0.000000,3.609686
50,34.600000,13.033333,20.720000,0.000000,3.575492
51,34.700000,13.633333,20.798667,0.000000,3.529627
52,34.733333,13.000000,20.780667,0.000000,3.680003
53,34.733333,13.266667,20.833333,0.000000,3.536388
54,34.733333,13.500000,20.796000,0.000000,3.576757
55,34.733333,13.166667,20.739333,0.000000,3.649842
56,34.733333,13.266667,20.828000,0.000000,3.639244
57,34.733333,13.300000,20.779333,0.000000,3.597555
58,34.733333,13.466667,20.761333,0.000000,3.558994
59,34.733333,13.566667,20.943333,0.000000,3.606304
60,34.800000,13.533333,20.777333,0.000000,3.661601
61,34.800000,13.466667,20.932000,0.000000,3.591061
62,34.800000,13.500000,20.702000,0.000000,3.562990
63,34.800000,13.433333,20.770667,0.000000,3.607206
64,34.800000,13.000000,20.578667,0.000000,3.469695
65,34.800000,13.266667,20.684000,0.000000,3.540385
66,34.833333,13.300000,20.562000,0.000000,3.591550
67,34.833333,14.166667,20.757333,0.000000,3.324669
68,34.900000,13.866667,20.926667,0.000000,3.584907
69,34.900000,13.500000,20.690000,0.000000,3.532083
70,34.900000,13.300000,20.673333,0.000000,3.576986
71,34.900000,12.866667,20.681333,0.000000,3.567839
72,34.900000,13.233333,20.780667,0.000000,3.588650
73,34.900000,13.433333,20.763333,0.000000,3.626954
74,34.900000,13.466667,20.857333,0.000000,3.606995
75,34.900000,13.166667,20.802667,0.000000,3.649344
76,34.900000,13.366667,20.770667,0.000000,3.628903
77,35.033333,13.633333,20.800667,0.000000,3.564496
78,35.033333,12.833333,20.611333,0.000000,3.645018
79,35.066667,13.466667,20.814667,0.000000,3.494704
80,35.066667,13.266667,20.657333,0.000000,3.626468
81,35.066667,13.533333,20.782000,0.000000,3.547837
82,35.066667,13.500000,20.744667,0.000000,3.553486
83,35.066667,13.733333,20.785333,0.000000,3.576664
84,35.066667,13.166667,20.568000,0.000000,3.557025
85,35.266667,13.400000,20.734000,0.000000,3.502984
86,35.266667,13.400000,20.652667,0.000000,3.532356
87,35.300000,13.700000,20.795333,0.000000,3.582012
88,35.300000,13.600000,20.742667,0.000000,3.587311
89,35.300000,12.933333,20.559333,0.000000,3.510438
90,35.300000,13.666667,20.711333,0.000000,3.538923
91,35.333333,13.666667,20.781333,0.000000,3.614808
92,35.333333,13.500000,20.671333,0.000000,3.497050
93,35.333333,12.900000,20.687333,0.000000,3.682502
94,35.333333,13.533333,20.739333,0.000000,3.540005
95,35.333333,12.833333,20.506667,0.000000,3.578405
96,35.333333,13.266667,20.708667,0.000000,3.613931
97,35.333333,13.466667,20.818000,0.000000,3.533972
98,35.366667,13.433333,20.581333,0.000000,3.507141
99,35.366667,13.433333,20.837333,0.000000,3.593388
100,35.366667,13.500000,20.856000,0.000000,3.670754
BestSdev: 1.220428, Time: 6m1.228247695s