gen,best,worst,mean,rep,sdev
1,15.900000,12.000000,13.831667,0.000000,1.026376
2,16.066667,12.000000,13.808333,0.000000,1.013307
3,16.200000,11.933333,13.793333,0.000000,1.024930
4,16.266667,12.166667,13.871667,0.000000,0.978850
5,16.433333,11.966667,13.853333,0.000000,1.011177
6,16.466667,11.766667,13.763333,0.000000,1.070743
7,16.533333,11.900000,13.818333,0.000000,1.044579
8,16.666667,11.900000,13.835000,0.000000,1.064071
9,16.666667,11.933333,13.811667,0.000000,1.048883
10,16.766667,11.833333,13.811667,0.000000,1.077075
11,16.766667,11.933333,13.876667,0.000000,1.064948
12,16.866667,11.866667,13.810000,0.000000,1.083903
13,16.900000,11.866667,13.718333,0.000000,1.056109
14,16.933333,11.900000,13.756667,0.000000,1.022232
15,16.933333,12.100000,13.866667,0.000000,0.999450
16,17.000000,11.733333,13.793333,0.000000,1.085251
17,17.000000,11.900000,13.753333,0.000000,1.056333
18,17.033333,11.900000,13.861667,0.000000,1.049651
19,17.033333,11.633333,13.710000,0.000000,1.102040
20,17.066667,11.866667,13.756667,0.000000,1.083206
BestSdev: 0.342357, Time: 30.711131115s