gen,best,worst,mean,rep,sdev
1,30.366667,13.133333,20.698000,0.000000,3.492399
2,31.433333,12.733333,20.874667,0.000000,3.617716
3,31.633333,12.333333,20.687000,0.000000,3.609768
4,32.066667,12.900000,20.749333,0.000000,3.503045
5,32.433333,12.633333,20.655667,0.000000,3.581448
6,32.633333,12.366667,20.746667,0.000000,3.702618
7,32.700000,12.333333,20.728667,0.000000,3.608408
8,32.933333,12.933333,20.701333,0.000000,3.554862
9,33.133333,12.566667,20.699333,0.000000,3.636708
10,33.200000,12.700000,20.693333,0.000000,3.529088
11,33.366667,12.600000,20.713667,0.000000,3.566767
12,33.433333,12.600000,20.749000,0.000000,3.580092
13,33.466667,13.033333,20.789333,0.000000,3.586167
14,33.600000,12.400000,20.681333,0.000000,3.560527
15,33.666667,12.533333,20.620000,0.000000,3.532595
16,33.700000,12.400000,20.673667,0.000000,3.709994
17,33.766667,12.633333,20.743667,0.000000,3.604166
18,33.866667,12.100000,20.619667,0.000000,3.691556
19,33.866667,12.700000,20.714333,0.000000,3.630469
20,33.933333,12.333333,20.618000,0.000000,3.540428
BestSdev: 0.935391, Time: 2m18.799799588s