gen,best,worst,mean,rep,sdev
1,17.033333,10.900000,13.801933,0.000000,1.091060
2,17.200000,10.833333,13.803067,0.000000,1.083756
3,17.400000,10.866667,13.802800,0.000000,1.092713
4,17.500000,10.900000,13.789733,0.000000,1.079815
5,17.600000,10.900000,13.790267,0.000000,1.087113
6,17.733333,10.933333,13.808800,0.000000,1.088459
7,17.800000,10.900000,13.806800,0.000000,1.090579
8,17.866667,10.933333,13.806200,0.000000,1.088499
9,17.866667,10.933333,13.813933,0.000000,1.091432
10,17.933333,10.966667,13.808800,0.000000,1.075425
11,17.966667,10.866667,13.809333,0.000000,1.086913
12,18.000000,10.900000,13.810733,0.000000,1.085460
13,18.000000,10.800000,13.803533,0.000000,1.091324
14,18.066667,10.766667,13.810800,0.000000,1.103807
15,18.066667,10.866667,13.808000,0.000000,1.094508
16,18.066667,10.933333,13.818733,0.000000,1.093583
17,18.066667,10.966667,13.822733,0.000000,1.088573
18,18.066667,10.966667,13.811333,0.000000,1.085101
19,18.066667,10.800000,13.800000,0.000000,1.081555
20,18.066667,10.933333,13.806400,0.000000,1.088946
21,18.066667,10.900000,13.808933,0.000000,1.094813
22,18.066667,10.866667,13.799000,0.000000,1.085524
23,18.133333,11.000000,13.807600,0.000000,1.090056
24,18.133333,10.900000,13.787333,0.000000,1.089844
25,18.133333,10.933333,13.798000,0.000000,1.090936
26,18.133333,11.000000,13.823267,0.000000,1.096900
27,18.133333,10.966667,13.802133,0.000000,1.084730
28,18.133333,10.966667,13.818533,0.000000,1.090822
29,18.133333,10.933333,13.802667,0.000000,1.081379
30,18.133333,10.933333,13.799133,0.000000,1.079577
31,18.166667,10.900000,13.799733,0.000000,1.085578
32,18.166667,10.800000,13.798467,0.000000,1.087187
33,18.166667,10.966667,13.812733,0.000000,1.089387
34,18.166667,10.900000,13.811533,0.000000,1.094579
35,18.200000,10.933333,13.819000,0.000000,1.090050
36,18.200000,10.866667,13.801267,0.000000,1.077510
37,18.200000,10.866667,13.790467,0.000000,1.088802
38,18.200000,10.866667,13.805467,0.000000,1.096749
39,18.200000,10.933333,13.814267,0.000000,1.093330
40,18.200000,10.900000,13.805600,0.000000,1.081227
41,18.266667,10.933333,13.825067,0.000000,1.084473
42,18.266667,10.866667,13.812933,0.000000,1.100906
43,18.266667,10.766667,13.790267,0.000000,1.083239
44,18.266667,10.800000,13.808733,0.000000,1.097397
45,18.300000,10.966667,13.806267,0.000000,1.084625
46,18.300000,10.933333,13.803000,0.000000,1.084265
47,18.300000,10.966667,13.804600,0.000000,1.090850
48,18.300000,10.800000,13.778000,0.000000,1.085843
49,18.300000,10.866667,13.784333,0.000000,1.089091
50,18.300000,10.833333,13.782400,0.000000,1.081741
51,18.333333,10.900000,13.812200,0.000000,1.087659
52,18.366667,10.900000,13.804533,0.000000,1.093671
53,18.400000,10.833333,13.807200,0.000000,1.076882
54,18.433333,10.866667,13.801400,0.000000,1.087455
55,18.433333,10.900000,13.806533,0.000000,1.086779
56,18.433333,10.900000,13.800400,0.000000,1.091827
57,18.433333,10.933333,13.818667,0.000000,1.088722
58,18.433333,10.833333,13.803733,0.000000,1.096437
59,18.433333,10.866667,13.821000,0.000000,1.091743
60,18.433333,10.833333,13.790867,0.000000,1.077515
61,18.433333,10.933333,13.805800,0.000000,1.077338
62,18.433333,10.866667,13.797667,0.000000,1.077995
63,18.433333,10.833333,13.800400,0.000000,1.082524
64,18.433333,10.833333,13.799000,0.000000,1.086846
65,18.433333,10.900000,13.800067,0.000000,1.100111
66,18.433333,10.866667,13.805533,0.000000,1.077449
67,18.433333,10.733333,13.814933,0.000000,1.078977
68,18.433333,10.933333,13.807533,0.000000,1.091508
69,18.433333,10.966667,13.806733,0.000000,1.078242
70,18.433333,10.866667,13.789600,0.000000,1.079538
71,18.500000,10.833333,13.803800,0.000000,1.089609
72,18.500000,10.966667,13.801733,0.000000,1.089524
73,18.500000,10.900000,13.811800,0.000000,1.092613
74,18.500000,10.900000,13.809467,0.000000,1.103332
75,18.500000,10.866667,13.806733,0.000000,1.087461
76,18.500000,10.800000,13.791400,0.000000,1.091889
77,18.500000,10.866667,13.798800,0.000000,1.078190
78,18.500000,10.900000,13.809600,0.000000,1.082133
79,18.500000,10.866667,13.806333,0.000000,1.084216
80,18.500000,11.000000,13.812067,0.000000,1.091941
81,18.500000,10.866667,13.803400,0.000000,1.083416
82,18.500000,10.866667,13.804067,0.000000,1.082408
83,18.500000,10.933333,13.815000,0.000000,1.089186
84,18.500000,10.933333,13.798200,0.000000,1.078288
85,18.533333,10.933333,13.801733,0.000000,1.087074
86,18.533333,10.800000,13.804467,0.000000,1.095461
87,18.533333,10.766667,13.794533,0.000000,1.090161
88,18.533333,10.933333,13.804467,0.000000,1.090243
89,18.533333,10.866667,13.806067,0.000000,1.074263
90,18.533333,10.933333,13.816600,0.000000,1.091246
91,18.533333,10.800000,13.798400,0.000000,1.092243
92,18.533333,10.900000,13.808333,0.000000,1.079585
93,18.533333,10.833333,13.800933,0.000000,1.086942
94,18.533333,10.833333,13.805600,0.000000,1.090424
95,18.533333,10.900000,13.801333,0.000000,1.094113
96,18.533333,10.900000,13.817667,0.000000,1.101608
97,18.533333,10.933333,13.790133,0.000000,1.081526
98,18.566667,10.933333,13.809400,0.000000,1.085610
99,18.566667,10.866667,13.807400,0.000000,1.084382
100,18.633333,10.800000,13.798667,0.000000,1.092935
101,18.633333,10.900000,13.809200,0.000000,1.083528
102,18.633333,10.900000,13.805200,0.000000,1.082777
103,18.633333,10.933333,13.804600,0.000000,1.093489
104,18.633333,10.866667,13.790800,0.000000,1.090759
105,18.633333,10.966667,13.815400,0.000000,1.083349
106,18.633333,10.900000,13.791400,0.000000,1.085503
107,18.666667,10.833333,13.781800,0.000000,1.088484
108,18.666667,10.900000,13.796200,0.000000,1.085643
109,18.666667,10.933333,13.822067,0.000000,1.085033
110,18.666667,10.866667,13.790867,0.000000,1.097739
111,18.666667,11.000000,13.803467,0.000000,1.099155
112,18.666667,10.833333,13.824533,0.000000,1.098430
113,18.666667,10.766667,13.805733,0.000000,1.085116
114,18.666667,10.866667,13.818333,0.000000,1.079317
115,18.666667,10.833333,13.805467,0.000000,1.099119
116,18.666667,11.000000,13.804067,0.000000,1.080831
117,18.666667,10.766667,13.795667,0.000000,1.091103
118,18.666667,10.933333,13.805200,0.000000,1.086393
119,18.666667,10.933333,13.791067,0.000000,1.087574
120,18.666667,10.800000,13.800400,0.000000,1.090129
121,18.666667,10.900000,13.805933,0.000000,1.088860
122,18.666667,10.833333,13.805133,0.000000,1.092331
123,18.666667,10.800000,13.803400,0.000000,1.081414
124,18.666667,10.833333,13.805333,0.000000,1.086979
125,18.700000,11.000000,13.805533,0.000000,1.091490
126,18.700000,10.933333,13.810133,0.000000,1.078088
127,18.700000,10.866667,13.811000,0.000000,1.084518
128,18.700000,10.866667,13.791267,0.000000,1.087182
129,18.700000,10.966667,13.824333,0.000000,1.086058
130,18.700000,10.900000,13.790800,0.000000,1.095623
131,18.700000,10.866667,13.798667,0.000000,1.083721
132,18.700000,11.000000,13.794667,0.000000,1.084880
133,18.700000,10.866667,13.796400,0.000000,1.091671
134,18.766667,10.866667,13.818267,0.000000,1.091554
135,18.766667,11.000000,13.807333,0.000000,1.077372
136,18.766667,10.866667,13.799000,0.000000,1.083895
137,18.766667,10.800000,13.813533,0.000000,1.092528
138,18.766667,10.833333,13.813733,0.000000,1.090854
139,18.766667,10.700000,13.799533,0.000000,1.100248
140,18.766667,10.833333,13.800867,0.000000,1.094983
141,18.766667,10.966667,13.806667,0.000000,1.090480
142,18.766667,10.966667,13.798733,0.000000,1.086006
143,18.766667,10.800000,13.823400,0.000000,1.095568
144,18.800000,10.900000,13.815267,0.000000,1.079181
145,18.833333,10.900000,13.803800,0.000000,1.093830
146,18.833333,10.933333,13.807600,0.000000,1.088046
147,18.833333,10.966667,13.805267,0.000000,1.081878
148,18.833333,10.900000,13.795800,0.000000,1.088853
149,18.833333,10.900000,13.809333,0.000000,1.076160
150,18.833333,10.800000,13.801800,0.000000,1.088654
151,18.833333,10.866667,13.809067,0.000000,1.091837
152,18.833333,10.900000,13.800933,0.000000,1.092618
153,18.833333,10.966667,13.803733,0.000000,1.090107
154,18.833333,10.866667,13.797333,0.000000,1.087324
155,18.833333,11.000000,13.804267,0.000000,1.096613
156,18.833333,10.900000,13.812067,0.000000,1.097475
157,18.833333,10.933333,13.827333,0.000000,1.100296
158,18.833333,10.933333,13.815267,0.000000,1.085208
159,18.833333,10.933333,13.805200,0.000000,1.083490
160,18.833333,10.933333,13.796333,0.000000,1.088078
161,18.833333,10.900000,13.820733,0.000000,1.083573
162,18.833333,10.800000,13.804933,0.000000,1.099095
163,18.833333,10.900000,13.826200,0.000000,1.083455
164,18.866667,10.933333,13.804467,0.000000,1.085639
165,18.866667,10.933333,13.781400,0.000000,1.083902
166,18.866667,10.933333,13.810533,0.000000,1.085439
167,18.866667,10.900000,13.799600,0.000000,1.090466
168,18.866667,10.833333,13.795200,0.000000,1.096247
169,18.866667,10.900000,13.789333,0.000000,1.081904
170,18.866667,10.966667,13.813200,0.000000,1.084521
171,18.866667,10.900000,13.795133,0.000000,1.074902
172,18.866667,11.000000,13.802933,0.000000,1.085082
173,18.866667,10.933333,13.805267,0.000000,1.089951
174,18.866667,10.866667,13.799267,0.000000,1.073825
175,18.866667,10.866667,13.801133,0.000000,1.082240
176,18.866667,10.966667,13.799733,0.000000,1.087442
177,18.900000,10.900000,13.793933,0.000000,1.086458
178,18.900000,10.933333,13.798067,0.000000,1.094889
179,18.900000,11.000000,13.791800,0.000000,1.085908
180,18.900000,10.933333,13.796600,0.000000,1.096648
181,18.900000,10.866667,13.806200,0.000000,1.081508
182,18.900000,10.866667,13.796067,0.000000,1.086860
183,18.900000,10.966667,13.794667,0.000000,1.094276
184,18.900000,10.933333,13.807933,0.000000,1.105264
185,18.900000,10.966667,13.792133,0.000000,1.094065
186,18.900000,10.833333,13.796867,0.000000,1.093357
187,18.900000,10.966667,13.801933,0.000000,1.087392
188,18.900000,10.800000,13.788533,0.000000,1.093091
189,18.900000,10.933333,13.803933,0.000000,1.083139
190,18.900000,11.000000,13.788000,0.000000,1.082639
191,18.900000,10.933333,13.811467,0.000000,1.081901
192,18.900000,10.800000,13.808733,0.000000,1.087421
193,18.900000,10.900000,13.811200,0.000000,1.092815
194,18.900000,10.933333,13.802000,0.000000,1.087277
195,18.900000,10.966667,13.802667,0.000000,1.075746
196,18.900000,10.866667,13.802067,0.000000,1.075567
197,18.900000,10.833333,13.802000,0.000000,1.085696
198,18.900000,10.866667,13.794067,0.000000,1.085953
199,18.900000,10.800000,13.803600,0.000000,1.089583
200,18.900000,10.933333,13.802267,0.000000,1.094365
201,18.900000,10.800000,13.803667,0.000000,1.088092
202,18.900000,10.833333,13.792600,0.000000,1.087914
203,18.900000,10.933333,13.811933,0.000000,1.096714
204,18.900000,10.800000,13.786067,0.000000,1.088457
205,18.900000,10.833333,13.815133,0.000000,1.087868
206,18.900000,10.833333,13.812467,0.000000,1.091782
207,18.900000,10.866667,13.804933,0.000000,1.089634
208,18.900000,10.766667,13.791867,0.000000,1.088258
209,18.900000,10.933333,13.828667,0.000000,1.092656
210,18.900000,10.700000,13.814533,0.000000,1.087984
211,18.900000,10.933333,13.806400,0.000000,1.099520
212,18.900000,10.766667,13.821200,0.000000,1.091218
213,18.900000,10.800000,13.798333,0.000000,1.086226
214,18.900000,10.866667,13.803600,0.000000,1.087590
215,18.900000,10.966667,13.799933,0.000000,1.089010
216,18.900000,10.766667,13.813533,0.000000,1.098594
217,18.900000,10.933333,13.800067,0.000000,1.075279
218,18.900000,10.933333,13.803667,0.000000,1.080720
219,18.900000,10.833333,13.811000,0.000000,1.096707
220,18.900000,10.933333,13.797800,0.000000,1.086446
221,18.900000,10.900000,13.800067,0.000000,1.088763
222,18.900000,10.833333,13.807200,0.000000,1.103438
223,18.900000,10.933333,13.798867,0.000000,1.083244
224,18.900000,10.900000,13.794200,0.000000,1.092123
225,18.900000,10.833333,13.803000,0.000000,1.088406
226,18.900000,10.933333,13.805867,0.000000,1.094088
227,18.900000,10.900000,13.799933,0.000000,1.081533
228,18.900000,10.900000,13.806600,0.000000,1.085801
229,18.900000,10.900000,13.808867,0.000000,1.101808
230,18.900000,10.900000,13.794800,0.000000,1.082842
231,18.900000,10.900000,13.798400,0.000000,1.088210
232,18.900000,10.766667,13.798867,0.000000,1.093524
233,18.900000,10.933333,13.790533,0.000000,1.088898
234,18.933333,10.966667,13.800667,0.000000,1.078868
235,18.933333,10.900000,13.802467,0.000000,1.083715
236,18.933333,10.966667,13.804333,0.000000,1.085980
237,18.933333,10.900000,13.810667,0.000000,1.076200
238,18.933333,10.866667,13.811933,0.000000,1.075404
239,18.933333,10.800000,13.789133,0.000000,1.091371
240,18.933333,10.966667,13.789400,0.000000,1.087045
241,18.933333,10.966667,13.818400,0.000000,1.093894
242,18.933333,10.900000,13.797067,0.000000,1.092667
243,18.933333,10.833333,13.809267,0.000000,1.092473
244,18.933333,10.866667,13.797933,0.000000,1.086533
245,18.933333,10.900000,13.798467,0.000000,1.092174
246,18.966667,10.900000,13.819133,0.000000,1.091326
247,18.966667,10.900000,13.806467,0.000000,1.094421
248,18.966667,10.933333,13.818467,0.000000,1.092661
249,18.966667,10.900000,13.808400,0.000000,1.092939
250,18.966667,10.833333,13.799267,0.000000,1.087522
251,18.966667,10.933333,13.803467,0.000000,1.084230
252,18.966667,10.900000,13.807867,0.000000,1.082798
253,18.966667,10.966667,13.815067,0.000000,1.089834
254,18.966667,10.933333,13.820867,0.000000,1.083126
255,18.966667,10.933333,13.801000,0.000000,1.089985
256,18.966667,10.966667,13.803333,0.000000,1.084105
257,18.966667,10.900000,13.787200,0.000000,1.084334
258,18.966667,10.933333,13.788933,0.000000,1.084307
259,19.000000,10.900000,13.799600,0.000000,1.093535
260,19.000000,10.866667,13.801467,0.000000,1.087490
261,19.000000,10.866667,13.805600,0.000000,1.088570
262,19.000000,10.900000,13.789467,0.000000,1.086695
263,19.000000,10.933333,13.818600,0.000000,1.089643
264,19.000000,10.966667,13.823067,0.000000,1.090464
265,19.000000,10.900000,13.794000,0.000000,1.081374
266,19.000000,10.766667,13.807533,0.000000,1.090131
267,19.000000,10.866667,13.797200,0.000000,1.090226
268,19.000000,10.833333,13.800400,0.000000,1.096318
269,19.000000,10.900000,13.816533,0.000000,1.088724
270,19.000000,11.000000,13.806600,0.000000,1.082151
271,19.000000,10.900000,13.798467,0.000000,1.082680
272,19.000000,10.833333,13.823600,0.000000,1.093405
273,19.000000,10.966667,13.803067,0.000000,1.087695
274,19.000000,10.933333,13.802267,0.000000,1.094339
275,19.000000,10.933333,13.802000,0.000000,1.088562
276,19.000000,10.966667,13.805800,0.000000,1.085994
277,19.000000,10.933333,13.803000,0.000000,1.090321
278,19.000000,10.800000,13.803133,0.000000,1.094650
279,19.000000,10.866667,13.817200,0.000000,1.074384
280,19.000000,10.800000,13.797000,0.000000,1.085358
281,19.000000,10.933333,13.819333,0.000000,1.082603
282,19.000000,10.833333,13.821867,0.000000,1.088969
283,19.000000,10.900000,13.800133,0.000000,1.092812
284,19.000000,10.933333,13.798000,0.000000,1.087015
285,19.000000,10.933333,13.807000,0.000000,1.084805
286,19.000000,10.966667,13.792667,0.000000,1.096096
287,19.000000,10.866667,13.815667,0.000000,1.100126
288,19.000000,10.900000,13.806400,0.000000,1.068290
289,19.000000,10.933333,13.788600,0.000000,1.075953
290,19.000000,10.966667,13.799333,0.000000,1.080393
291,19.000000,10.833333,13.811867,0.000000,1.096866
292,19.000000,10.866667,13.810133,0.000000,1.076912
293,19.000000,11.000000,13.795933,0.000000,1.092478
294,19.000000,10.966667,13.813333,0.000000,1.099408
295,19.000000,10.766667,13.797933,0.000000,1.086019
296,19.000000,10.833333,13.799267,0.000000,1.082235
297,19.000000,10.933333,13.795800,0.000000,1.089154
298,19.000000,11.000000,13.815267,0.000000,1.087627
299,19.000000,10.866667,13.779000,0.000000,1.091686
300,19.000000,10.933333,13.801267,0.000000,1.086009
301,19.000000,10.933333,13.813667,0.000000,1.089385
302,19.000000,10.866667,13.790867,0.000000,1.092726
303,19.000000,10.900000,13.798467,0.000000,1.080874
304,19.000000,10.933333,13.815000,0.000000,1.095251
305,19.000000,10.966667,13.807000,0.000000,1.087731
306,19.000000,10.833333,13.790400,0.000000,1.095535
307,19.000000,10.966667,13.821067,0.000000,1.084658
308,19.000000,11.000000,13.805333,0.000000,1.091705
309,19.000000,10.933333,13.799133,0.000000,1.085008
310,19.000000,10.900000,13.808000,0.000000,1.086803
311,19.000000,10.866667,13.800333,0.000000,1.091147
312,19.000000,10.900000,13.811733,0.000000,1.083066
313,19.000000,10.900000,13.796133,0.000000,1.086733
314,19.000000,10.866667,13.805667,0.000000,1.093681
315,19.000000,10.933333,13.803867,0.000000,1.079145
316,19.000000,10.866667,13.798067,0.000000,1.070999
317,19.000000,10.900000,13.801067,0.000000,1.089122
318,19.000000,10.800000,13.810667,0.000000,1.092631
319,19.000000,10.900000,13.795733,0.000000,1.094134
320,19.000000,10.966667,13.812000,0.000000,1.094116
321,19.000000,10.800000,13.817467,0.000000,1.083568
322,19.000000,11.000000,13.806533,0.000000,1.087708
323,19.000000,10.866667,13.818000,0.000000,1.093463
324,19.000000,10.866667,13.810200,0.000000,1.100167
325,19.000000,10.866667,13.799933,0.000000,1.084932
326,19.000000,10.966667,13.821000,0.000000,1.085846
327,19.033333,10.933333,13.817467,0.000000,1.085687
328,19.033333,10.966667,13.805000,0.000000,1.084583
329,19.033333,10.933333,13.807400,0.000000,1.085043
330,19.033333,10.866667,13.817267,0.000000,1.091229
331,19.033333,10.900000,13.798133,0.000000,1.077879
332,19.033333,11.000000,13.796933,0.000000,1.081646
333,19.033333,10.833333,13.804867,0.000000,1.099896
334,19.033333,10.966667,13.803867,0.000000,1.091127
335,19.033333,10.900000,13.791400,0.000000,1.091775
336,19.033333,10.966667,13.790667,0.000000,1.082230
337,19.033333,10.866667,13.789467,0.000000,1.085406
338,19.033333,10.900000,13.803400,0.000000,1.088002
339,19.066667,10.866667,13.816333,0.000000,1.092990
340,19.066667,10.866667,13.812600,0.000000,1.095044
341,19.066667,10.933333,13.807800,0.000000,1.092775
342,19.066667,10.900000,13.814200,0.000000,1.091110
343,19.066667,10.900000,13.823400,0.000000,1.087233
344,19.066667,10.900000,13.793133,0.000000,1.084322
345,19.100000,10.900000,13.815400,0.000000,1.095802
346,19.100000,10.966667,13.800400,0.000000,1.090601
347,19.100000,10.900000,13.798467,0.000000,1.085373
348,19.100000,10.966667,13.804133,0.000000,1.092524
349,19.100000,10.933333,13.806000,0.000000,1.091549
350,19.100000,10.900000,13.781333,0.000000,1.087082
351,19.100000,10.933333,13.813733,0.000000,1.093408
352,19.100000,10.900000,13.802600,0.000000,1.075534
353,19.100000,10.833333,13.811933,0.000000,1.096260
354,19.100000,10.800000,13.818467,0.000000,1.101274
355,19.100000,10.933333,13.815533,0.000000,1.090608
356,19.100000,11.000000,13.806533,0.000000,1.090991
357,19.100000,10.933333,13.801800,0.000000,1.081335
358,19.100000,10.900000,13.807600,0.000000,1.098945
359,19.100000,10.833333,13.811467,0.000000,1.104023
360,19.100000,10.966667,13.809733,0.000000,1.088372
361,19.100000,10.933333,13.793267,0.000000,1.088077
362,19.100000,10.900000,13.813600,0.000000,1.085370
363,19.100000,10.933333,13.795400,0.000000,1.085239
364,19.100000,10.833333,13.810000,0.000000,1.091277
365,19.100000,10.900000,13.797933,0.000000,1.081443
366,19.100000,10.766667,13.815267,0.000000,1.097494
367,19.100000,10.833333,13.809600,0.000000,1.091310
368,19.100000,10.900000,13.825800,0.000000,1.088787
369,19.100000,10.933333,13.804133,0.000000,1.086383
370,19.100000,10.800000,13.809867,0.000000,1.087611
371,19.133333,10.900000,13.810600,0.000000,1.094073
372,19.133333,11.000000,13.800533,0.000000,1.089623
373,19.133333,10.900000,13.801200,0.000000,1.087001
374,19.133333,10.866667,13.798733,0.000000,1.084471
375,19.133333,10.866667,13.818600,0.000000,1.090817
376,19.133333,10.933333,13.809400,0.000000,1.082857
377,19.133333,10.833333,13.802333,0.000000,1.095857
378,19.133333,10.933333,13.812200,0.000000,1.091664
379,19.133333,10.933333,13.810667,0.000000,1.092901
380,19.133333,10.833333,13.797467,0.000000,1.090934
381,19.133333,10.866667,13.810000,0.000000,1.089519
382,19.133333,10.933333,13.801533,0.000000,1.083790
383,19.133333,10.866667,13.791000,0.000000,1.083428
384,19.133333,10.766667,13.809000,0.000000,1.094284
385,19.133333,10.966667,13.814533,0.000000,1.092964
386,19.133333,10.966667,13.803800,0.000000,1.085400
387,19.133333,10.933333,13.811467,0.000000,1.090431
388,19.133333,10.966667,13.803000,0.000000,1.082950
389,19.133333,10.966667,13.807800,0.000000,1.080454
390,19.133333,10.833333,13.796733,0.000000,1.085102
391,19.133333,10.900000,13.797200,0.000000,1.081991
392,19.133333,10.866667,13.799800,0.000000,1.079972
393,19.133333,10.866667,13.805667,0.000000,1.092298
394,19.133333,10.900000,13.792467,0.000000,1.091729
395,19.133333,10.866667,13.803867,0.000000,1.094632
396,19.133333,10.933333,13.787933,0.000000,1.085627
397,19.133333,11.000000,13.815867,0.000000,1.088406
398,19.133333,10.933333,13.805000,0.000000,1.107471
399,19.133333,10.933333,13.813933,0.000000,1.102048
400,19.133333,10.933333,13.803400,0.000000,1.099085
401,19.133333,10.933333,13.801733,0.000000,1.082499
402,19.133333,10.866667,13.800200,0.000000,1.080372
403,19.133333,10.833333,13.802200,0.000000,1.081980
404,19.133333,10.800000,13.821333,0.000000,1.101686
405,19.133333,10.833333,13.818333,0.000000,1.093534
406,19.133333,10.933333,13.816800,0.000000,1.089776
407,19.133333,10.866667,13.811267,0.000000,1.093865
408,19.133333,10.900000,13.798467,0.000000,1.085117
409,19.133333,10.800000,13.802000,0.000000,1.090016
410,19.133333,10.933333,13.790533,0.000000,1.080818
411,19.133333,10.866667,13.809933,0.000000,1.088708
412,19.133333,10.866667,13.792067,0.000000,1.091954
413,19.133333,10.833333,13.798067,0.000000,1.100651
414,19.133333,10.866667,13.791800,0.000000,1.078718
415,19.133333,10.933333,13.800200,0.000000,1.085445
416,19.133333,10.833333,13.802933,0.000000,1.088080
417,19.133333,10.900000,13.812200,0.000000,1.088893
418,19.133333,10.900000,13.817133,0.000000,1.089341
419,19.133333,10.933333,13.804867,0.000000,1.087061
420,19.133333,10.900000,13.814533,0.000000,1.098449
421,19.133333,11.033333,13.800467,0.000000,1.095397
422,19.133333,10.900000,13.810267,0.000000,1.090919
423,19.133333,10.900000,13.808667,0.000000,1.091003
424,19.133333,10.800000,13.802533,0.000000,1.085584
425,19.133333,10.833333,13.815933,0.000000,1.099008
426,19.133333,10.866667,13.820133,0.000000,1.093113
427,19.133333,10.933333,13.800067,0.000000,1.084213
428,19.133333,10.933333,13.803467,0.000000,1.087953
429,19.133333,10.900000,13.793867,0.000000,1.084618
430,19.133333,10.833333,13.794933,0.000000,1.089918
431,19.133333,10.866667,13.801600,0.000000,1.090389
432,19.133333,10.866667,13.788533,0.000000,1.094053
433,19.133333,10.900000,13.803133,0.000000,1.095468
434,19.133333,10.866667,13.791333,0.000000,1.084109
435,19.133333,10.766667,13.809467,0.000000,1.083571
436,19.133333,10.933333,13.807400,0.000000,1.090262
437,19.133333,10.800000,13.802467,0.000000,1.094902
438,19.133333,10.933333,13.804933,0.000000,1.085316
439,19.133333,10.966667,13.808133,0.000000,1.090940
440,19.133333,11.000000,13.804667,0.000000,1.070437
441,19.133333,10.833333,13.798533,0.000000,1.088502
442,19.133333,10.966667,13.808000,0.000000,1.082230
443,19.133333,10.800000,13.799067,0.000000,1.088564
444,19.133333,10.900000,13.801800,0.000000,1.088160
445,19.133333,10.900000,13.811133,0.000000,1.095207
446,19.133333,10.833333,13.806533,0.000000,1.085173
447,19.133333,10.866667,13.801800,0.000000,1.101674
448,19.133333,10.900000,13.796000,0.000000,1.083336
449,19.133333,10.800000,13.810333,0.000000,1.095181
450,19.133333,10.900000,13.804333,0.000000,1.092410
451,19.133333,10.900000,13.805467,0.000000,1.074305
452,19.133333,10.966667,13.803467,0.000000,1.092756
453,19.133333,10.900000,13.802067,0.000000,1.090991
454,19.133333,10.866667,13.799067,0.000000,1.100026
455,19.133333,10.866667,13.788933,0.000000,1.081092
456,19.133333,10.866667,13.799467,0.000000,1.089376
457,19.133333,10.900000,13.804000,0.000000,1.078422
458,19.133333,10.933333,13.805867,0.000000,1.089338
459,19.133333,10.833333,13.817067,0.000000,1.089322
460,19.133333,10.900000,13.806667,0.000000,1.086550
461,19.133333,10.933333,13.806533,0.000000,1.081828
462,19.133333,10.900000,13.807733,0.000000,1.091475
463,19.133333,10.933333,13.800733,0.000000,1.080182
464,19.133333,10.866667,13.794067,0.000000,1.092774
465,19.133333,10.933333,13.799733,0.000000,1.087509
466,19.133333,10.833333,13.795067,0.000000,1.084747
467,19.133333,10.966667,13.805333,0.000000,1.095938
468,19.133333,10.800000,13.798733,0.000000,1.086736
469,19.133333,10.900000,13.802133,0.000000,1.083944
470,19.133333,10.933333,13.796400,0.000000,1.091791
471,19.133333,10.933333,13.800667,0.000000,1.081185
472,19.133333,10.966667,13.795667,0.000000,1.089222
473,19.133333,10.800000,13.801867,0.000000,1.079978
474,19.133333,10.800000,13.812333,0.000000,1.086492
475,19.133333,10.933333,13.814000,0.000000,1.089306
476,19.133333,10.933333,13.803067,0.000000,1.096454
477,19.133333,10.833333,13.822467,0.000000,1.080602
478,19.133333,10.966667,13.805800,0.000000,1.080815
479,19.133333,10.900000,13.817467,0.000000,1.091445
480,19.133333,10.866667,13.813933,0.000000,1.082868
481,19.133333,10.933333,13.827333,0.000000,1.094214
482,19.133333,10.933333,13.789133,0.000000,1.085867
483,19.133333,10.733333,13.801600,0.000000,1.088284
484,19.133333,10.933333,13.832133,0.000000,1.090722
485,19.133333,10.833333,13.820133,0.000000,1.078906
486,19.133333,10.866667,13.794667,0.000000,1.087298
487,19.133333,10.900000,13.797333,0.000000,1.079101
488,19.133333,10.833333,13.809267,0.000000,1.079713
489,19.133333,10.966667,13.799333,0.000000,1.079432
490,19.133333,10.966667,13.804467,0.000000,1.091830
491,19.133333,10.866667,13.812133,0.000000,1.089728
492,19.133333,10.900000,13.812933,0.000000,1.093536
493,19.133333,10.866667,13.799133,0.000000,1.079565
494,19.133333,10.866667,13.799000,0.000000,1.072751
495,19.133333,10.833333,13.796733,0.000000,1.090512
496,19.133333,10.900000,13.803800,0.000000,1.087371
497,19.133333,10.966667,13.801400,0.000000,1.090137
498,19.133333,10.900000,13.814867,0.000000,1.077523
499,19.133333,10.866667,13.792600,0.000000,1.091453
500,19.133333,10.933333,13.813933,0.000000,1.088606
BestSdev: 0.342870, Time: 4h53m29.041313307s