gen,best,worst,mean,rep,sdev
1,15.700000,11.766667,13.778333,0.000000,1.101307
2,16.200000,12.066667,13.910000,0.000000,1.060612
3,16.300000,11.866667,13.781667,0.000000,1.019803
4,16.333333,11.866667,13.776667,0.000000,1.054632
5,16.466667,11.933333,13.856667,0.000000,1.063636
6,16.600000,11.900000,13.856667,0.000000,1.074981
7,16.733333,11.833333,13.821667,0.000000,1.059489
8,16.733333,11.900000,13.796667,0.000000,1.048693
9,16.766667,11.933333,13.801667,0.000000,1.022117
10,16.833333,11.766667,13.776667,0.000000,1.057027
11,16.833333,11.933333,13.775000,0.000000,1.012996
12,16.866667,12.000000,13.815000,0.000000,1.065787
13,16.933333,12.033333,13.886667,0.000000,1.067617
14,16.966667,12.033333,13.838333,0.000000,1.082352
15,16.966667,11.900000,13.748333,0.000000,1.010237
16,17.000000,11.933333,13.908333,0.000000,1.016107
17,17.066667,11.866667,13.793333,0.000000,1.083938
18,17.066667,11.866667,13.786667,0.000000,1.056633
19,17.066667,11.866667,13.811667,0.000000,1.089920
20,17.100000,11.900000,13.780000,0.000000,1.054152
BestSdev: 0.354589, Time: 31.71277659s