gen,best,worst,mean,rep,sdev
1,16.200000,11.533333,13.796000,0.000000,1.062699
2,16.466667,11.566667,13.807333,0.000000,1.066365
3,16.633333,11.566667,13.802667,0.000000,1.058938
4,16.733333,11.700000,13.803333,0.000000,1.063484
5,16.900000,11.700000,13.844000,0.000000,1.068597
6,17.000000,11.666667,13.798000,0.000000,1.072653
7,17.233333,11.500000,13.781333,0.000000,1.099144
8,17.266667,11.533333,13.843333,0.000000,1.057978
9,17.300000,11.700000,13.861333,0.000000,1.066651
10,17.333333,11.633333,13.785333,0.000000,1.048892
11,17.333333,11.700000,13.790000,0.000000,1.062006
12,17.366667,11.366667,13.828000,0.000000,1.097000
13,17.366667,11.600000,13.819333,0.000000,1.060684
14,17.400000,11.400000,13.786667,0.000000,1.089211
15,17.400000,11.766667,13.840667,0.000000,1.055908
16,17.400000,11.633333,13.788667,0.000000,1.060344
17,17.400000,11.633333,13.816000,0.000000,1.033479
18,17.433333,11.533333,13.805333,0.000000,1.096212
19,17.433333,11.633333,13.774667,0.000000,1.079381
20,17.500000,11.766667,13.783333,0.000000,1.072516
21,17.533333,11.533333,13.836000,0.000000,1.082580
22,17.533333,11.533333,13.821333,0.000000,1.081672
23,17.533333,11.466667,13.840667,0.000000,1.071977
24,17.533333,11.633333,13.798000,0.000000,1.057995
25,17.533333,11.633333,13.840000,0.000000,1.080781
26,17.566667,11.566667,13.779333,0.000000,1.079104
27,17.566667,11.566667,13.842667,0.000000,1.034947
28,17.600000,11.666667,13.772667,0.000000,1.071942
29,17.633333,11.600000,13.793333,0.000000,1.083958
30,17.666667,11.533333,13.801333,0.000000,1.100665
31,17.666667,11.566667,13.822000,0.000000,1.097755
32,17.666667,11.666667,13.767333,0.000000,1.048239
33,17.666667,11.700000,13.838000,0.000000,1.051472
34,17.666667,11.733333,13.796000,0.000000,1.068557
35,17.666667,11.700000,13.828000,0.000000,1.063388
36,17.666667,11.500000,13.814000,0.000000,1.062660
37,17.666667,11.600000,13.814000,0.000000,1.087679
38,17.666667,11.733333,13.858667,0.000000,1.084564
39,17.666667,11.600000,13.840667,0.000000,1.100526
40,17.666667,11.566667,13.792667,0.000000,1.112892
41,17.666667,11.666667,13.752667,0.000000,1.050807
42,17.666667,11.566667,13.792667,0.000000,1.077973
43,17.666667,11.533333,13.803333,0.000000,1.076780
44,17.666667,11.400000,13.794000,0.000000,1.059691
45,17.666667,11.500000,13.785333,0.000000,1.047119
46,17.666667,11.833333,13.810000,0.000000,1.054443
47,17.666667,11.700000,13.829333,0.000000,1.072798
48,17.733333,11.566667,13.833333,0.000000,1.079253
49,17.733333,11.533333,13.810667,0.000000,1.088876
50,17.733333,11.500000,13.794667,0.000000,1.072356
51,17.733333,11.666667,13.814667,0.000000,1.067329
52,17.733333,11.600000,13.830667,0.000000,1.078376
53,17.733333,11.533333,13.862667,0.000000,1.109678
54,17.766667,11.566667,13.848000,0.000000,1.097464
55,17.766667,11.500000,13.770667,0.000000,1.078696
56,17.766667,11.633333,13.809333,0.000000,1.081579
57,17.766667,11.566667,13.784667,0.000000,1.087744
58,17.766667,11.600000,13.812000,0.000000,1.069467
59,17.766667,11.600000,13.794667,0.000000,1.080937
60,17.766667,11.666667,13.822667,0.000000,1.048687
61,17.766667,11.600000,13.799333,0.000000,1.100023
62,17.866667,11.633333,13.746667,0.000000,1.040735
63,17.866667,11.433333,13.833333,0.000000,1.062843
64,17.866667,11.766667,13.828000,0.000000,1.087509
65,17.866667,11.566667,13.830000,0.000000,1.071816
66,17.900000,11.466667,13.769333,0.000000,1.075889
67,17.900000,11.700000,13.848000,0.000000,1.062690
68,17.900000,11.466667,13.778667,0.000000,1.088920
69,17.933333,11.666667,13.826000,0.000000,1.086224
70,17.933333,11.633333,13.842000,0.000000,1.099575
71,17.933333,11.733333,13.794667,0.000000,1.054073
72,17.933333,11.600000,13.799333,0.000000,1.067986
73,17.933333,11.566667,13.817333,0.000000,1.074972
74,17.933333,11.600000,13.832000,0.000000,1.069728
75,17.933333,11.533333,13.822000,0.000000,1.051209
76,17.933333,11.533333,13.818000,0.000000,1.055785
77,17.933333,11.500000,13.780000,0.000000,1.072589
78,17.933333,11.566667,13.800000,0.000000,1.047100
79,17.933333,11.600000,13.766667,0.000000,1.071046
80,17.933333,11.566667,13.764667,0.000000,1.104756
81,17.966667,11.533333,13.770667,0.000000,1.075115
82,17.966667,11.633333,13.752667,0.000000,1.066591
83,17.966667,11.400000,13.849333,0.000000,1.110644
84,18.000000,11.600000,13.862000,0.000000,1.090953
85,18.000000,11.533333,13.741333,0.000000,1.063102
86,18.000000,11.600000,13.820667,0.000000,1.102994
87,18.000000,11.566667,13.789333,0.000000,1.109015
88,18.000000,11.500000,13.788667,0.000000,1.072867
89,18.000000,11.700000,13.814000,0.000000,1.067781
90,18.000000,11.566667,13.799333,0.000000,1.050870
91,18.000000,11.566667,13.765333,0.000000,1.083067
92,18.000000,11.600000,13.825333,0.000000,1.067793
93,18.000000,11.466667,13.772000,0.000000,1.079048
94,18.000000,11.466667,13.800000,0.000000,1.076252
95,18.000000,11.600000,13.798667,0.000000,1.086123
96,18.000000,11.666667,13.795333,0.000000,1.103658
97,18.000000,11.566667,13.808000,0.000000,1.095620
98,18.000000,11.666667,13.744000,0.000000,1.043739
99,18.000000,11.500000,13.807333,0.000000,1.078185
100,18.000000,11.833333,13.847333,0.000000,1.047605
101,18.000000,11.666667,13.831333,0.000000,1.094116
102,18.000000,11.666667,13.830000,0.000000,1.055548
103,18.000000,11.400000,13.776000,0.000000,1.067657
104,18.000000,11.733333,13.816667,0.000000,1.063081
105,18.000000,11.666667,13.832000,0.000000,1.106201
106,18.000000,11.600000,13.801333,0.000000,1.081586
107,18.000000,11.466667,13.834667,0.000000,1.091362
108,18.000000,11.600000,13.784667,0.000000,1.088885
109,18.000000,11.566667,13.776000,0.000000,1.066463
110,18.000000,11.633333,13.834000,0.000000,1.054863
111,18.000000,11.633333,13.831333,0.000000,1.075706
112,18.000000,11.600000,13.769333,0.000000,1.067997
113,18.000000,11.500000,13.833333,0.000000,1.066372
114,18.000000,11.700000,13.840000,0.000000,1.050493
115,18.000000,11.433333,13.806667,0.000000,1.071236
116,18.000000,11.566667,13.826667,0.000000,1.057410
117,18.000000,11.466667,13.777333,0.000000,1.064426
118,18.000000,11.666667,13.843333,0.000000,1.088158
119,18.000000,11.633333,13.827333,0.000000,1.068548
120,18.000000,11.566667,13.786000,0.000000,1.101107
121,18.000000,11.566667,13.781333,0.000000,1.068575
122,18.000000,11.500000,13.784667,0.000000,1.094152
123,18.000000,11.566667,13.797333,0.000000,1.073541
124,18.000000,11.533333,13.801333,0.000000,1.072615
125,18.033333,11.666667,13.822000,0.000000,1.083414
126,18.033333,11.633333,13.821333,0.000000,1.086581
127,18.033333,11.533333,13.762000,0.000000,1.074229
128,18.033333,11.700000,13.792667,0.000000,1.071847
129,18.033333,11.566667,13.744000,0.000000,1.048780
130,18.033333,11.666667,13.806667,0.000000,1.071648
131,18.033333,11.733333,13.825333,0.000000,1.037087
132,18.033333,11.533333,13.826000,0.000000,1.093534
133,18.033333,11.533333,13.743333,0.000000,1.056921
134,18.033333,11.700000,13.868667,0.000000,1.083121
135,18.033333,11.533333,13.858000,0.000000,1.086801
136,18.033333,11.566667,13.770667,0.000000,1.062068
137,18.033333,11.666667,13.847333,0.000000,1.054621
138,18.033333,11.633333,13.843333,0.000000,1.069008
139,18.033333,11.666667,13.772000,0.000000,1.077263
140,18.033333,11.700000,13.788667,0.000000,1.055920
141,18.033333,11.700000,13.810667,0.000000,1.068179
142,18.033333,11.533333,13.814667,0.000000,1.065673
143,18.033333,11.566667,13.810000,0.000000,1.108785
144,18.033333,11.600000,13.815333,0.000000,1.069255
145,18.033333,11.600000,13.812000,0.000000,1.065388
146,18.033333,11.700000,13.842000,0.000000,1.073584
147,18.033333,11.533333,13.786000,0.000000,1.093158
148,18.033333,11.600000,13.797333,0.000000,1.029773
149,18.066667,11.600000,13.810000,0.000000,1.069552
150,18.066667,11.566667,13.872667,0.000000,1.089614
151,18.066667,11.633333,13.845333,0.000000,1.081441
152,18.066667,11.633333,13.817333,0.000000,1.081460
153,18.066667,11.666667,13.812667,0.000000,1.071330
154,18.066667,11.633333,13.810667,0.000000,1.059796
155,18.066667,11.666667,13.802000,0.000000,1.032816
156,18.066667,11.566667,13.822667,0.000000,1.094092
157,18.066667,11.433333,13.792667,0.000000,1.104478
158,18.066667,11.533333,13.815333,0.000000,1.099377
159,18.066667,11.666667,13.784000,0.000000,1.056657
160,18.066667,11.633333,13.826667,0.000000,1.074264
161,18.066667,11.700000,13.830000,0.000000,1.080559
162,18.066667,11.700000,13.847333,0.000000,1.069398
163,18.066667,11.633333,13.768000,0.000000,1.056183
164,18.066667,11.600000,13.776667,0.000000,1.093044
165,18.066667,11.633333,13.812667,0.000000,1.062202
166,18.100000,11.533333,13.775333,0.000000,1.079998
167,18.100000,11.600000,13.796667,0.000000,1.063390
168,18.100000,11.500000,13.745333,0.000000,1.077065
169,18.100000,11.533333,13.781333,0.000000,1.057082
170,18.100000,11.500000,13.766000,0.000000,1.098973
171,18.100000,11.666667,13.755333,0.000000,1.053772
172,18.100000,11.566667,13.832000,0.000000,1.074769
173,18.100000,11.466667,13.852000,0.000000,1.090926
174,18.100000,11.700000,13.796667,0.000000,1.077853
175,18.100000,11.666667,13.796667,0.000000,1.092357
176,18.100000,11.533333,13.780667,0.000000,1.098084
177,18.100000,11.633333,13.812000,0.000000,1.056369
178,18.100000,11.500000,13.834667,0.000000,1.058582
179,18.100000,11.466667,13.861333,0.000000,1.078629
180,18.100000,11.766667,13.858000,0.000000,1.069595
181,18.100000,11.566667,13.812667,0.000000,1.080861
182,18.100000,11.566667,13.765333,0.000000,1.058647
183,18.100000,11.633333,13.792000,0.000000,1.049835
184,18.100000,11.633333,13.798667,0.000000,1.065467
185,18.100000,11.466667,13.817333,0.000000,1.086574
186,18.100000,11.500000,13.804667,0.000000,1.092268
187,18.100000,11.533333,13.839333,0.000000,1.089182
188,18.100000,11.600000,13.804667,0.000000,1.053254
189,18.100000,11.633333,13.827333,0.000000,1.072571
190,18.100000,11.600000,13.821333,0.000000,1.073520
191,18.100000,11.633333,13.836000,0.000000,1.076514
192,18.100000,11.633333,13.810667,0.000000,1.098343
193,18.100000,11.566667,13.818667,0.000000,1.108751
194,18.100000,11.700000,13.825333,0.000000,1.056167
195,18.100000,11.500000,13.788667,0.000000,1.095195
196,18.100000,11.533333,13.766000,0.000000,1.077580
197,18.100000,11.733333,13.850667,0.000000,1.058903
198,18.100000,11.666667,13.799333,0.000000,1.053894
199,18.100000,11.566667,13.809333,0.000000,1.065246
200,18.100000,11.566667,13.783333,0.000000,1.055943
BestSdev: 0.304932, Time: 18m8.121312523s