gen,best,worst,mean,rep,sdev
1,16.966667,11.133333,13.797000,0.000000,1.076557
2,17.200000,11.233333,13.831667,0.000000,1.090828
3,17.233333,10.966667,13.805333,0.000000,1.082993
4,17.333333,11.100000,13.795833,0.000000,1.087570
5,17.366667,11.066667,13.827333,0.000000,1.100679
6,17.533333,11.300000,13.805167,0.000000,1.074459
7,17.566667,11.166667,13.805833,0.000000,1.073426
8,17.700000,11.000000,13.790667,0.000000,1.093323
9,17.833333,10.966667,13.789833,0.000000,1.079124
10,17.866667,11.100000,13.807000,0.000000,1.092399
11,17.933333,11.200000,13.812500,0.000000,1.073361
12,17.966667,11.233333,13.850667,0.000000,1.087012
13,17.966667,11.133333,13.793500,0.000000,1.082699
14,17.966667,11.033333,13.796167,0.000000,1.096061
15,17.966667,11.033333,13.782000,0.000000,1.077609
16,17.966667,11.000000,13.792167,0.000000,1.090336
17,17.966667,11.000000,13.791667,0.000000,1.081161
18,18.000000,10.966667,13.799500,0.000000,1.079840
19,18.000000,11.066667,13.788167,0.000000,1.078533
20,18.000000,11.066667,13.797500,0.000000,1.080696
21,18.033333,11.133333,13.823000,0.000000,1.076741
22,18.033333,11.133333,13.814500,0.000000,1.076087
23,18.033333,11.000000,13.819667,0.000000,1.068904
24,18.066667,10.966667,13.792833,0.000000,1.089983
25,18.066667,11.200000,13.809000,0.000000,1.076301
26,18.066667,10.966667,13.828167,0.000000,1.073053
27,18.066667,11.133333,13.827667,0.000000,1.088860
28,18.066667,11.100000,13.810333,0.000000,1.081056
29,18.066667,11.000000,13.830833,0.000000,1.098110
30,18.100000,11.100000,13.788667,0.000000,1.100162
31,18.100000,11.000000,13.777667,0.000000,1.078295
32,18.100000,10.966667,13.805667,0.000000,1.094382
33,18.100000,11.266667,13.805167,0.000000,1.073568
34,18.100000,11.133333,13.807333,0.000000,1.084783
35,18.100000,11.166667,13.816000,0.000000,1.088007
36,18.100000,11.100000,13.817167,0.000000,1.068374
37,18.100000,11.066667,13.803833,0.000000,1.065255
38,18.100000,11.200000,13.797167,0.000000,1.080750
39,18.100000,11.066667,13.784167,0.000000,1.078666
40,18.100000,11.100000,13.805000,0.000000,1.091313
41,18.100000,11.200000,13.793500,0.000000,1.063010
42,18.100000,11.066667,13.793167,0.000000,1.065093
43,18.100000,11.033333,13.816500,0.000000,1.093548
44,18.100000,11.100000,13.795667,0.000000,1.083172
45,18.100000,11.000000,13.785333,0.000000,1.072509
46,18.100000,11.033333,13.829833,0.000000,1.089681
47,18.133333,11.133333,13.809333,0.000000,1.086584
48,18.133333,11.100000,13.798167,0.000000,1.087228
49,18.133333,11.066667,13.808500,0.000000,1.096040
50,18.133333,11.066667,13.806167,0.000000,1.100116
51,18.133333,11.100000,13.799333,0.000000,1.081731
52,18.133333,11.066667,13.824000,0.000000,1.099538
53,18.200000,11.033333,13.804667,0.000000,1.074365
54,18.200000,11.066667,13.803833,0.000000,1.081055
55,18.200000,11.100000,13.793333,0.000000,1.096132
56,18.200000,11.133333,13.799500,0.000000,1.071674
57,18.200000,11.100000,13.798333,0.000000,1.075256
58,18.200000,11.000000,13.789167,0.000000,1.086153
59,18.233333,10.966667,13.784833,0.000000,1.082135
60,18.233333,11.066667,13.801500,0.000000,1.088101
61,18.233333,10.966667,13.789500,0.000000,1.086192
62,18.233333,11.133333,13.810500,0.000000,1.091276
63,18.233333,10.900000,13.815500,0.000000,1.084932
64,18.233333,11.166667,13.815167,0.000000,1.089835
65,18.233333,11.233333,13.801000,0.000000,1.087173
66,18.233333,11.033333,13.820000,0.000000,1.072955
67,18.233333,11.066667,13.805833,0.000000,1.097421
68,18.233333,11.033333,13.813667,0.000000,1.091727
69,18.266667,11.100000,13.817833,0.000000,1.090196
70,18.266667,11.100000,13.819500,0.000000,1.099911
71,18.266667,11.066667,13.787833,0.000000,1.074192
72,18.266667,11.300000,13.802500,0.000000,1.075649
73,18.300000,11.066667,13.818333,0.000000,1.102867
74,18.333333,11.133333,13.801833,0.000000,1.079285
75,18.333333,10.933333,13.833333,0.000000,1.089823
76,18.333333,11.033333,13.767000,0.000000,1.085035
77,18.333333,11.100000,13.814833,0.000000,1.096055
78,18.333333,11.033333,13.804167,0.000000,1.090617
79,18.333333,10.933333,13.811667,0.000000,1.085455
80,18.333333,11.100000,13.778667,0.000000,1.079981
81,18.333333,11.133333,13.828667,0.000000,1.078601
82,18.333333,11.066667,13.797833,0.000000,1.090390
83,18.333333,11.000000,13.780167,0.000000,1.095578
84,18.333333,11.033333,13.793667,0.000000,1.091088
85,18.333333,11.033333,13.802500,0.000000,1.089962
86,18.333333,11.100000,13.822000,0.000000,1.082679
87,18.333333,11.133333,13.792500,0.000000,1.076662
88,18.333333,11.133333,13.811667,0.000000,1.091700
89,18.333333,11.166667,13.817000,0.000000,1.086776
90,18.333333,11.066667,13.824333,0.000000,1.083050
91,18.333333,11.133333,13.814667,0.000000,1.087883
92,18.366667,11.066667,13.773333,0.000000,1.090169
93,18.366667,11.166667,13.827667,0.000000,1.087155
94,18.366667,11.166667,13.799000,0.000000,1.075984
95,18.366667,11.066667,13.777333,0.000000,1.082688
96,18.366667,11.066667,13.802167,0.000000,1.066399
97,18.366667,11.133333,13.807167,0.000000,1.088242
98,18.366667,11.100000,13.821833,0.000000,1.080848
99,18.366667,10.966667,13.805500,0.000000,1.107996
100,18.366667,11.133333,13.803833,0.000000,1.093796
BestSdev: 0.265306, Time: 17m12.04324332s