gen,best,worst,mean,rep,sdev
1,30.800000,12.600000,20.765667,0.000000,3.594238
2,31.633333,12.600000,20.756000,0.000000,3.606522
3,31.800000,12.733333,20.822000,0.000000,3.559491
4,32.366667,12.733333,20.678667,0.000000,3.568342
5,32.833333,12.933333,20.757333,0.000000,3.613481
6,33.233333,13.200000,20.748333,0.000000,3.552982
7,33.400000,12.700000,20.712667,0.000000,3.564631
8,33.433333,12.666667,20.783667,0.000000,3.584874
9,33.766667,12.466667,20.710333,0.000000,3.640756
10,33.833333,12.566667,20.752000,0.000000,3.625556
11,34.133333,12.600000,20.797000,0.000000,3.681482
12,34.233333,12.833333,20.680000,0.000000,3.589311
13,34.333333,12.533333,20.700000,0.000000,3.659537
14,34.333333,12.866667,20.803333,0.000000,3.629593
15,34.433333,12.633333,20.699667,0.000000,3.579412
16,34.433333,12.866667,20.679333,0.000000,3.526511
17,34.433333,12.566667,20.745000,0.000000,3.512111
18,34.466667,12.900000,20.734000,0.000000,3.625606
19,34.500000,12.300000,20.730667,0.000000,3.592830
20,34.500000,12.500000,20.757000,0.000000,3.649991
21,34.600000,12.533333,20.623000,0.000000,3.588147
22,34.600000,12.466667,20.684667,0.000000,3.608280
23,34.633333,12.333333,20.708667,0.000000,3.736305
24,34.700000,12.800000,20.786333,0.000000,3.674567
25,34.700000,12.266667,20.754333,0.000000,3.631905
26,34.700000,12.200000,20.663333,0.000000,3.604277
27,34.733333,13.133333,20.733000,0.000000,3.534090
28,34.766667,12.866667,20.809333,0.000000,3.596876
29,34.833333,12.433333,20.756333,0.000000,3.660653
30,34.866667,12.766667,20.576333,0.000000,3.593312
31,34.866667,12.500000,20.706000,0.000000,3.597144
32,34.866667,12.366667,20.728333,0.000000,3.591769
33,34.866667,12.500000,20.596000,0.000000,3.600523
34,34.866667,12.933333,20.836000,0.000000,3.556280
35,34.966667,12.433333,20.618667,0.000000,3.574825
36,35.000000,12.766667,20.812667,0.000000,3.647986
37,35.000000,12.900000,20.777667,0.000000,3.569237
38,35.000000,12.966667,20.788000,0.000000,3.556670
39,35.133333,12.766667,20.802333,0.000000,3.524721
40,35.300000,12.233333,20.629000,0.000000,3.554048
41,35.300000,12.533333,20.750667,0.000000,3.619084
42,35.300000,12.666667,20.704000,0.000000,3.577065
43,35.366667,12.466667,20.709667,0.000000,3.672686
44,35.366667,13.000000,20.759333,0.000000,3.495567
45,35.366667,12.733333,20.729667,0.000000,3.561234
46,35.366667,12.500000,20.703667,0.000000,3.581633
47,35.433333,13.000000,20.642333,0.000000,3.473345
48,35.433333,12.566667,20.726667,0.000000,3.526640
49,35.433333,12.766667,20.715000,0.000000,3.641970
50,35.433333,12.533333,20.744000,0.000000,3.631280
BestSdev: 1.023360, Time: 5m40.003781737s