gen,best,worst,mean,rep,sdev
1,31.433333,12.133333,20.721667,0.000000,3.619463
2,32.366667,12.133333,20.790833,0.000000,3.642958
3,33.033333,11.666667,20.674667,0.000000,3.617944
4,33.233333,12.233333,20.724833,0.000000,3.543268
5,33.466667,12.200000,20.749833,0.000000,3.573404
6,33.733333,12.033333,20.749833,0.000000,3.644058
7,33.800000,12.066667,20.734167,0.000000,3.592337
8,34.000000,11.966667,20.740833,0.000000,3.529314
9,34.100000,12.066667,20.762167,0.000000,3.562249
10,34.166667,12.000000,20.727000,0.000000,3.598390
11,34.166667,12.333333,20.755333,0.000000,3.634459
12,34.333333,12.100000,20.723000,0.000000,3.599202
13,34.333333,11.966667,20.687500,0.000000,3.598980
14,34.466667,12.200000,20.783333,0.000000,3.648983
15,34.500000,12.000000,20.726833,0.000000,3.630301
16,34.500000,12.133333,20.703500,0.000000,3.611202
17,34.566667,11.866667,20.695000,0.000000,3.636874
18,34.833333,12.000000,20.746333,0.000000,3.618357
19,34.933333,12.466667,20.808000,0.000000,3.583077
20,34.933333,12.000000,20.710500,0.000000,3.605624
21,35.000000,12.433333,20.764167,0.000000,3.587322
22,35.033333,12.233333,20.749000,0.000000,3.584172
23,35.033333,11.966667,20.759833,0.000000,3.643415
24,35.033333,12.100000,20.713667,0.000000,3.595869
25,35.133333,11.933333,20.723167,0.000000,3.632278
26,35.133333,12.200000,20.689333,0.000000,3.543939
27,35.133333,11.766667,20.594833,0.000000,3.583459
28,35.200000,12.066667,20.770833,0.000000,3.649011
29,35.200000,12.066667,20.764000,0.000000,3.632308
30,35.200000,11.633333,20.691500,0.000000,3.627795
31,35.200000,12.233333,20.704500,0.000000,3.588708
32,35.200000,12.066667,20.653000,0.000000,3.578659
33,35.200000,12.133333,20.677833,0.000000,3.572704
34,35.266667,12.000000,20.659333,0.000000,3.623321
35,35.266667,12.300000,20.744167,0.000000,3.619310
36,35.266667,12.200000,20.672667,0.000000,3.588818
37,35.300000,11.566667,20.715000,0.000000,3.647814
38,35.300000,12.100000,20.745000,0.000000,3.618083
39,35.366667,12.266667,20.777333,0.000000,3.602015
40,35.433333,11.866667,20.715333,0.000000,3.594802
41,35.600000,12.366667,20.674500,0.000000,3.590533
42,35.600000,12.166667,20.703833,0.000000,3.614418
43,35.633333,12.133333,20.681000,0.000000,3.600599
44,35.833333,12.000000,20.749667,0.000000,3.627487
45,35.933333,11.966667,20.714500,0.000000,3.664657
46,35.933333,12.200000,20.749000,0.000000,3.621316
47,35.933333,11.733333,20.706667,0.000000,3.594388
48,35.933333,12.100000,20.714833,0.000000,3.571322
49,35.933333,12.133333,20.756833,0.000000,3.611715
50,35.933333,11.966667,20.732167,0.000000,3.675302
BestSdev: 0.933756, Time: 10m11.798403591s