gen,best,worst,mean,rep,sdev
1,29.066667,13.600000,20.840667,0.000000,3.582470
2,30.633333,13.733333,21.022000,0.000000,3.577782
3,31.300000,13.166667,20.653333,0.000000,3.620191
4,31.566667,13.433333,20.686000,0.000000,3.552447
5,31.966667,13.400000,20.858667,0.000000,3.609232
6,32.000000,13.700000,20.582000,0.000000,3.434317
7,32.233333,13.300000,20.830667,0.000000,3.557001
8,32.300000,13.566667,20.554667,0.000000,3.397071
9,32.366667,13.600000,20.728000,0.000000,3.593699
10,32.566667,13.333333,20.611333,0.000000,3.644056
11,32.733333,13.166667,20.764667,0.000000,3.629592
12,32.800000,13.200000,20.468667,0.000000,3.582435
13,32.966667,13.400000,20.667333,0.000000,3.497867
14,33.000000,13.100000,20.636000,0.000000,3.616423
15,33.000000,13.800000,20.721333,0.000000,3.467865
16,33.033333,13.166667,20.722667,0.000000,3.543910
17,33.200000,13.633333,20.771333,0.000000,3.566674
18,33.200000,13.833333,20.863333,0.000000,3.444797
19,33.233333,13.500000,20.624000,0.000000,3.461234
20,33.266667,13.366667,20.697333,0.000000,3.467039
21,33.333333,13.600000,20.568000,0.000000,3.518373
22,33.333333,13.666667,20.658000,0.000000,3.563085
23,33.466667,13.700000,20.876667,0.000000,3.490486
24,33.466667,13.133333,20.703333,0.000000,3.616560
25,33.600000,13.133333,20.928000,0.000000,3.676602
26,33.600000,13.700000,20.768000,0.000000,3.492538
27,33.600000,13.566667,20.810667,0.000000,3.621869
28,33.600000,13.166667,20.570667,0.000000,3.577659
29,33.666667,12.866667,20.695333,0.000000,3.668341
30,33.666667,13.633333,20.942000,0.000000,3.481410
31,33.666667,13.333333,20.820667,0.000000,3.572250
32,33.833333,13.066667,20.722667,0.000000,3.674074
33,33.900000,13.466667,20.808000,0.000000,3.658936
34,33.900000,12.866667,20.636667,0.000000,3.597041
35,33.900000,13.400000,20.809333,0.000000,3.485859
36,33.900000,13.400000,20.697333,0.000000,3.627765
37,33.966667,13.200000,20.645333,0.000000,3.539141
38,34.066667,13.566667,20.744000,0.000000,3.543668
39,34.133333,13.366667,20.710000,0.000000,3.686880
40,34.166667,13.866667,20.796667,0.000000,3.592569
41,34.200000,13.433333,20.776000,0.000000,3.647838
42,34.200000,13.500000,20.720000,0.000000,3.589500
43,34.200000,13.333333,20.756000,0.000000,3.555890
44,34.200000,13.300000,20.764000,0.000000,3.578234
45,34.200000,12.866667,20.645333,0.000000,3.550016
46,34.200000,13.300000,20.571333,0.000000,3.513165
47,34.200000,13.066667,20.600000,0.000000,3.518222
48,34.200000,13.633333,20.744667,0.000000,3.581031
49,34.200000,13.766667,20.922667,0.000000,3.405611
50,34.233333,13.200000,20.808667,0.000000,3.540402
51,34.233333,12.933333,20.638000,0.000000,3.555029
52,34.233333,13.633333,20.832000,0.000000,3.468539
53,34.233333,13.400000,20.783333,0.000000,3.658278
54,34.233333,13.233333,20.536000,0.000000,3.585430
55,34.233333,13.200000,20.635333,0.000000,3.508474
56,34.233333,13.333333,20.608000,0.000000,3.597563
57,34.266667,13.466667,20.910667,0.000000,3.601690
58,34.266667,13.000000,20.734000,0.000000,3.575047
59,34.266667,13.433333,20.773333,0.000000,3.619349
60,34.266667,13.566667,20.724667,0.000000,3.516424
61,34.266667,13.100000,20.625333,0.000000,3.593980
62,34.266667,13.300000,20.863333,0.000000,3.590659
63,34.266667,13.500000,20.608667,0.000000,3.509988
64,34.333333,13.500000,20.759333,0.000000,3.605237
65,34.333333,13.400000,20.682000,0.000000,3.530440
66,34.333333,13.300000,20.798667,0.000000,3.554171
67,34.333333,13.600000,20.788000,0.000000,3.504005
68,34.333333,13.600000,20.768667,0.000000,3.527143
69,34.333333,13.133333,20.836667,0.000000,3.631389
70,34.333333,13.533333,20.746000,0.000000,3.549989
71,34.333333,13.300000,20.735333,0.000000,3.669744
72,34.400000,13.533333,20.802667,0.000000,3.534261
73,34.466667,12.966667,20.664000,0.000000,3.617503
74,34.466667,13.600000,20.781333,0.000000,3.520610
75,34.566667,13.666667,20.562000,0.000000,3.463776
76,34.566667,13.166667,20.788667,0.000000,3.552470
77,34.566667,13.633333,20.600667,0.000000,3.523649
78,34.566667,13.533333,20.810000,0.000000,3.593286
79,34.566667,13.200000,20.658667,0.000000,3.573621
80,34.566667,13.366667,20.662000,0.000000,3.504211
81,34.566667,13.166667,20.553333,0.000000,3.534328
82,34.566667,13.500000,20.876000,0.000000,3.577274
83,34.566667,13.200000,20.624667,0.000000,3.556370
84,34.566667,13.533333,20.807333,0.000000,3.657284
85,34.566667,13.733333,20.862667,0.000000,3.487065
86,34.600000,13.500000,20.582000,0.000000,3.492147
87,34.600000,13.000000,20.801333,0.000000,3.663714
88,34.600000,13.833333,20.809333,0.000000,3.544861
89,34.633333,13.333333,20.686667,0.000000,3.559360
90,34.633333,13.300000,20.709333,0.000000,3.618286
91,34.633333,13.400000,20.810667,0.000000,3.600955
92,34.700000,13.100000,20.776000,0.000000,3.654497
93,34.700000,13.166667,20.528000,0.000000,3.594885
94,34.766667,13.833333,20.771333,0.000000,3.655004
95,34.766667,13.633333,20.826000,0.000000,3.532565
96,34.766667,13.133333,20.840000,0.000000,3.627001
97,34.766667,13.100000,20.698000,0.000000,3.719785
98,34.766667,13.266667,20.658000,0.000000,3.589786
99,34.766667,13.333333,20.822667,0.000000,3.571518
100,34.766667,13.266667,20.678667,0.000000,3.588805
BestSdev: 0.957853, Time: 5m58.781782425s