gen,best,worst,mean,rep,sdev
1,16.800000,11.066667,13.820333,0.000000,1.099131
2,17.033333,11.100000,13.819167,0.000000,1.090243
3,17.300000,11.200000,13.782000,0.000000,1.093294
4,17.433333,11.033333,13.821833,0.000000,1.112339
5,17.500000,11.100000,13.795500,0.000000,1.072343
6,17.500000,11.033333,13.812333,0.000000,1.074749
7,17.533333,11.066667,13.813667,0.000000,1.067588
8,17.566667,11.133333,13.802000,0.000000,1.093389
9,17.600000,11.166667,13.802167,0.000000,1.082127
10,18.000000,11.000000,13.798167,0.000000,1.096873
11,18.066667,11.100000,13.830000,0.000000,1.080534
12,18.066667,11.066667,13.805833,0.000000,1.085581
13,18.133333,11.166667,13.808333,0.000000,1.080857
14,18.166667,11.000000,13.809000,0.000000,1.087723
15,18.200000,11.166667,13.801667,0.000000,1.069579
16,18.233333,11.066667,13.792667,0.000000,1.089798
17,18.233333,11.166667,13.812500,0.000000,1.082932
18,18.266667,11.166667,13.795500,0.000000,1.069454
19,18.333333,11.133333,13.791333,0.000000,1.092433
20,18.333333,11.200000,13.813833,0.000000,1.089390
21,18.366667,11.033333,13.804667,0.000000,1.090954
22,18.366667,11.000000,13.802833,0.000000,1.091181
23,18.400000,11.133333,13.807500,0.000000,1.106208
24,18.400000,11.166667,13.816333,0.000000,1.092989
25,18.400000,11.100000,13.806667,0.000000,1.077351
26,18.400000,11.100000,13.806333,0.000000,1.085538
27,18.400000,10.933333,13.794333,0.000000,1.076084
28,18.400000,11.200000,13.814500,0.000000,1.085854
29,18.400000,11.033333,13.794500,0.000000,1.092106
30,18.400000,11.100000,13.815500,0.000000,1.084773
31,18.400000,11.066667,13.829667,0.000000,1.079678
32,18.433333,11.166667,13.823000,0.000000,1.076616
33,18.466667,11.000000,13.817500,0.000000,1.089356
34,18.466667,11.000000,13.796833,0.000000,1.100880
35,18.466667,11.133333,13.781667,0.000000,1.071347
36,18.466667,11.133333,13.813500,0.000000,1.093483
37,18.500000,11.100000,13.803167,0.000000,1.090215
38,18.500000,11.033333,13.810667,0.000000,1.092959
39,18.500000,11.066667,13.781833,0.000000,1.090140
40,18.500000,11.000000,13.791500,0.000000,1.089270
41,18.500000,11.133333,13.796333,0.000000,1.078371
42,18.533333,11.066667,13.795167,0.000000,1.094517
43,18.533333,11.033333,13.796833,0.000000,1.073326
44,18.533333,11.033333,13.786833,0.000000,1.099488
45,18.533333,11.200000,13.815667,0.000000,1.075828
46,18.533333,11.033333,13.796167,0.000000,1.073887
47,18.533333,11.233333,13.815333,0.000000,1.090401
48,18.533333,11.000000,13.808333,0.000000,1.084828
49,18.533333,11.100000,13.796167,0.000000,1.081124
50,18.533333,11.266667,13.830667,0.000000,1.067783
BestSdev: 0.429677, Time: 8m40.964047462s