gen,best,worst,mean,rep,sdev
1,16.366667,11.566667,13.785333,0.000000,1.088387
2,16.733333,11.533333,13.803333,0.000000,1.095665
3,16.866667,11.700000,13.826667,0.000000,1.087483
4,17.033333,11.533333,13.822000,0.000000,1.100335
5,17.166667,11.566667,13.774000,0.000000,1.063052
6,17.266667,11.500000,13.797333,0.000000,1.086959
7,17.366667,11.566667,13.774000,0.000000,1.075851
8,17.366667,11.533333,13.790667,0.000000,1.079341
9,17.366667,11.466667,13.785333,0.000000,1.083440
10,17.366667,11.633333,13.778667,0.000000,1.054339
11,17.400000,11.700000,13.822000,0.000000,1.052981
12,17.400000,11.666667,13.760667,0.000000,1.090145
13,17.433333,11.700000,13.864000,0.000000,1.078559
14,17.433333,11.533333,13.834667,0.000000,1.082274
15,17.433333,11.600000,13.812667,0.000000,1.085542
16,17.433333,11.733333,13.812000,0.000000,1.050905
17,17.466667,11.400000,13.832000,0.000000,1.132440
18,17.466667,11.700000,13.818667,0.000000,1.095815
19,17.500000,11.566667,13.845333,0.000000,1.113358
20,17.533333,11.500000,13.811333,0.000000,1.083227
21,17.533333,11.466667,13.800000,0.000000,1.077194
22,17.600000,11.566667,13.857333,0.000000,1.102333
23,17.600000,11.533333,13.814667,0.000000,1.094672
24,17.600000,11.566667,13.828667,0.000000,1.068033
25,17.600000,11.600000,13.778667,0.000000,1.055702
26,17.600000,11.633333,13.798667,0.000000,1.072091
27,17.666667,11.566667,13.842000,0.000000,1.123710
28,17.666667,11.600000,13.802667,0.000000,1.073410
29,17.766667,11.700000,13.820667,0.000000,1.085721
30,17.766667,11.500000,13.787333,0.000000,1.057974
31,17.800000,11.733333,13.789333,0.000000,1.072361
32,17.800000,11.666667,13.838000,0.000000,1.065999
33,17.800000,11.500000,13.817333,0.000000,1.098922
34,17.800000,11.533333,13.780000,0.000000,1.096800
35,17.800000,11.600000,13.780667,0.000000,1.090735
36,17.800000,11.566667,13.783333,0.000000,1.063446
37,17.800000,11.633333,13.830667,0.000000,1.072668
38,17.833333,11.500000,13.797333,0.000000,1.080346
39,17.833333,11.633333,13.846000,0.000000,1.094494
40,17.866667,11.733333,13.843333,0.000000,1.075296
41,17.866667,11.700000,13.804000,0.000000,1.050071
42,17.866667,11.500000,13.818667,0.000000,1.068971
43,17.866667,11.700000,13.811333,0.000000,1.079087
44,17.900000,11.733333,13.808667,0.000000,1.086742
45,17.900000,11.600000,13.828667,0.000000,1.087786
46,17.900000,11.600000,13.806000,0.000000,1.108118
47,17.900000,11.533333,13.796667,0.000000,1.089201
48,17.900000,11.566667,13.774000,0.000000,1.066489
49,17.900000,11.666667,13.800000,0.000000,1.045129
50,17.900000,11.666667,13.832667,0.000000,1.099026
51,17.900000,11.600000,13.819333,0.000000,1.090603
52,17.900000,11.766667,13.805333,0.000000,1.088526
53,17.900000,11.633333,13.812667,0.000000,1.078725
54,17.900000,11.666667,13.767333,0.000000,1.079242
55,17.933333,11.500000,13.831333,0.000000,1.068944
56,17.933333,11.533333,13.821333,0.000000,1.062686
57,17.966667,11.500000,13.795333,0.000000,1.085840
58,17.966667,11.500000,13.798000,0.000000,1.078833
59,17.966667,11.600000,13.826667,0.000000,1.083239
60,18.000000,11.466667,13.770000,0.000000,1.077077
61,18.000000,11.466667,13.802667,0.000000,1.115753
62,18.000000,11.500000,13.780667,0.000000,1.068667
63,18.000000,11.566667,13.811333,0.000000,1.090427
64,18.000000,11.433333,13.752000,0.000000,1.100317
65,18.000000,11.400000,13.768667,0.000000,1.068468
66,18.033333,11.600000,13.814000,0.000000,1.069388
67,18.033333,11.666667,13.850000,0.000000,1.087167
68,18.033333,11.566667,13.806000,0.000000,1.079476
69,18.033333,11.800000,13.840000,0.000000,1.059584
70,18.033333,11.766667,13.822000,0.000000,1.049716
71,18.033333,11.633333,13.787333,0.000000,1.063831
72,18.033333,11.666667,13.838000,0.000000,1.058367
73,18.033333,11.500000,13.828667,0.000000,1.080476
74,18.033333,11.533333,13.811333,0.000000,1.080208
75,18.033333,11.533333,13.790000,0.000000,1.088814
76,18.033333,11.466667,13.806667,0.000000,1.069856
77,18.033333,11.500000,13.798000,0.000000,1.092542
78,18.033333,11.666667,13.810000,0.000000,1.070220
79,18.033333,11.466667,13.844667,0.000000,1.100138
80,18.033333,11.566667,13.857333,0.000000,1.071481
81,18.033333,11.466667,13.816667,0.000000,1.108749
82,18.033333,11.666667,13.820667,0.000000,1.052754
83,18.033333,11.633333,13.866667,0.000000,1.052397
84,18.033333,11.600000,13.770000,0.000000,1.089577
85,18.033333,11.633333,13.777333,0.000000,1.039137
86,18.033333,11.500000,13.785333,0.000000,1.109289
87,18.033333,11.666667,13.822667,0.000000,1.026184
88,18.033333,11.633333,13.824667,0.000000,1.059199
89,18.033333,11.666667,13.799333,0.000000,1.081126
90,18.066667,11.566667,13.785333,0.000000,1.110329
91,18.066667,11.500000,13.802667,0.000000,1.099984
92,18.066667,11.633333,13.786000,0.000000,1.084029
93,18.066667,11.533333,13.799333,0.000000,1.066842
94,18.066667,11.633333,13.791333,0.000000,1.115228
95,18.066667,11.533333,13.812000,0.000000,1.077644
96,18.066667,11.566667,13.836000,0.000000,1.073229
97,18.066667,11.366667,13.797333,0.000000,1.074917
98,18.066667,11.533333,13.838667,0.000000,1.069343
99,18.066667,11.466667,13.789333,0.000000,1.098088
100,18.066667,11.633333,13.834667,0.000000,1.084415
101,18.066667,11.600000,13.777333,0.000000,1.065590
102,18.066667,11.566667,13.788667,0.000000,1.067756
103,18.066667,11.733333,13.831333,0.000000,1.076174
104,18.066667,11.666667,13.796667,0.000000,1.077275
105,18.066667,11.566667,13.818667,0.000000,1.095492
106,18.066667,11.700000,13.794000,0.000000,1.051390
107,18.066667,11.533333,13.800000,0.000000,1.025610
108,18.066667,11.600000,13.828000,0.000000,1.058038
109,18.066667,11.566667,13.816000,0.000000,1.093350
110,18.066667,11.400000,13.813333,0.000000,1.099144
111,18.066667,11.533333,13.810667,0.000000,1.079678
112,18.100000,11.700000,13.840000,0.000000,1.078889
113,18.100000,11.400000,13.764000,0.000000,1.095625
114,18.100000,11.666667,13.793333,0.000000,1.045289
115,18.100000,11.566667,13.781333,0.000000,1.047536
116,18.100000,11.666667,13.788667,0.000000,1.077301
117,18.100000,11.500000,13.745333,0.000000,1.037212
118,18.100000,11.700000,13.831333,0.000000,1.092368
119,18.133333,11.533333,13.820667,0.000000,1.078319
120,18.133333,11.566667,13.774667,0.000000,1.067539
121,18.133333,11.633333,13.866000,0.000000,1.108191
122,18.133333,11.533333,13.820667,0.000000,1.086353
123,18.133333,11.566667,13.790000,0.000000,1.061243
124,18.133333,11.433333,13.809333,0.000000,1.091203
125,18.133333,11.566667,13.784000,0.000000,1.074264
126,18.133333,11.766667,13.833333,0.000000,1.069343
127,18.133333,11.300000,13.818667,0.000000,1.090120
128,18.133333,11.500000,13.818000,0.000000,1.073698
129,18.133333,11.466667,13.826000,0.000000,1.074952
130,18.133333,11.700000,13.808667,0.000000,1.079723
131,18.133333,11.533333,13.786667,0.000000,1.062867
132,18.133333,11.733333,13.799333,0.000000,1.060986
133,18.133333,11.666667,13.797333,0.000000,1.073888
134,18.133333,11.833333,13.822667,0.000000,1.066819
135,18.133333,11.500000,13.738000,0.000000,1.079941
136,18.133333,11.666667,13.811333,0.000000,1.064910
137,18.133333,11.566667,13.815333,0.000000,1.093459
138,18.133333,11.600000,13.796000,0.000000,1.068385
139,18.133333,11.766667,13.786667,0.000000,1.056916
140,18.133333,11.600000,13.760667,0.000000,1.051494
141,18.133333,11.633333,13.787333,0.000000,1.083417
142,18.133333,11.566667,13.836667,0.000000,1.099543
143,18.133333,11.733333,13.845333,0.000000,1.056320
144,18.133333,11.666667,13.869333,0.000000,1.093359
145,18.133333,11.700000,13.820667,0.000000,1.096799
146,18.133333,11.433333,13.791333,0.000000,1.090284
147,18.133333,11.533333,13.826667,0.000000,1.074001
148,18.166667,11.500000,13.773333,0.000000,1.064892
149,18.166667,11.766667,13.822000,0.000000,1.077237
150,18.166667,11.600000,13.723333,0.000000,1.078562
151,18.166667,11.666667,13.858000,0.000000,1.075319
152,18.166667,11.433333,13.793333,0.000000,1.082997
153,18.166667,11.466667,13.811333,0.000000,1.096413
154,18.166667,11.600000,13.808000,0.000000,1.073765
155,18.166667,11.666667,13.821333,0.000000,1.075912
156,18.166667,11.533333,13.756000,0.000000,1.082793
157,18.166667,11.633333,13.811333,0.000000,1.092099
158,18.166667,11.633333,13.814667,0.000000,1.086913
159,18.166667,11.700000,13.803333,0.000000,1.061290
160,18.166667,11.633333,13.804000,0.000000,1.066035
161,18.166667,11.500000,13.739333,0.000000,1.081381
162,18.200000,11.700000,13.804667,0.000000,1.060459
163,18.200000,11.600000,13.824000,0.000000,1.075566
164,18.200000,11.566667,13.744667,0.000000,1.050563
165,18.200000,11.533333,13.776000,0.000000,1.076233
166,18.200000,11.600000,13.791333,0.000000,1.133296
167,18.200000,11.600000,13.850667,0.000000,1.098123
168,18.200000,11.433333,13.801333,0.000000,1.088065
169,18.200000,11.433333,13.779333,0.000000,1.105887
170,18.200000,11.500000,13.743333,0.000000,1.053005
171,18.200000,11.700000,13.812667,0.000000,1.077622
172,18.200000,11.833333,13.805333,0.000000,1.053081
173,18.200000,11.600000,13.797333,0.000000,1.056367
174,18.200000,11.766667,13.788000,0.000000,1.037038
175,18.200000,11.533333,13.769333,0.000000,1.077116
176,18.200000,11.633333,13.804000,0.000000,1.074801
177,18.200000,11.733333,13.830000,0.000000,1.052172
178,18.200000,11.733333,13.811333,0.000000,1.060938
179,18.200000,11.400000,13.806000,0.000000,1.107148
180,18.200000,11.533333,13.784000,0.000000,1.070894
181,18.200000,11.633333,13.827333,0.000000,1.074371
182,18.200000,11.600000,13.760667,0.000000,1.065276
183,18.200000,11.600000,13.809333,0.000000,1.066438
184,18.200000,11.433333,13.805333,0.000000,1.096820
185,18.200000,11.600000,13.836000,0.000000,1.092851
186,18.200000,11.566667,13.856000,0.000000,1.082779
187,18.200000,11.766667,13.776000,0.000000,1.075275
188,18.200000,11.533333,13.832667,0.000000,1.057118
189,18.200000,11.466667,13.776667,0.000000,1.064615
190,18.200000,11.433333,13.762000,0.000000,1.062881
191,18.200000,11.700000,13.856667,0.000000,1.091563
192,18.200000,11.433333,13.798667,0.000000,1.053941
193,18.200000,11.600000,13.812667,0.000000,1.060415
194,18.200000,11.666667,13.816667,0.000000,1.082926
195,18.200000,11.566667,13.878667,0.000000,1.103742
196,18.200000,11.900000,13.824667,0.000000,1.043531
197,18.200000,11.733333,13.823333,0.000000,1.084113
198,18.233333,11.600000,13.792000,0.000000,1.089466
199,18.233333,11.600000,13.821333,0.000000,1.063514
200,18.233333,11.633333,13.827333,0.000000,1.042332
BestSdev: 0.290145, Time: 19m39.392871398s