gen,best,worst,mean,rep,sdev
1,16.366667,11.500000,13.824667,0.000000,1.091018
2,16.666667,11.666667,13.832000,0.000000,1.061560
3,16.733333,11.533333,13.848667,0.000000,1.066689
4,16.766667,11.566667,13.798000,0.000000,1.065353
5,16.933333,11.533333,13.768000,0.000000,1.086663
6,17.000000,11.600000,13.780667,0.000000,1.060396
7,17.066667,11.566667,13.804667,0.000000,1.103115
8,17.066667,11.700000,13.790000,0.000000,1.026424
9,17.066667,11.466667,13.765333,0.000000,1.056620
10,17.100000,11.666667,13.790667,0.000000,1.086208
11,17.100000,11.600000,13.806000,0.000000,1.054404
12,17.100000,11.766667,13.820000,0.000000,1.038970
13,17.100000,11.633333,13.836667,0.000000,1.088809
14,17.133333,11.566667,13.785333,0.000000,1.082231
15,17.133333,11.433333,13.828000,0.000000,1.098319
16,17.133333,11.566667,13.800000,0.000000,1.051700
17,17.133333,11.600000,13.792667,0.000000,1.049459
18,17.133333,11.433333,13.779333,0.000000,1.041859
19,17.133333,11.500000,13.789333,0.000000,1.096576
20,17.166667,11.533333,13.764667,0.000000,1.076707
21,17.166667,11.466667,13.763333,0.000000,1.063297
22,17.200000,11.666667,13.822667,0.000000,1.099969
23,17.233333,11.533333,13.812667,0.000000,1.072498
24,17.233333,11.466667,13.792000,0.000000,1.086926
25,17.233333,11.600000,13.822000,0.000000,1.074868
26,17.233333,11.666667,13.863333,0.000000,1.047908
27,17.300000,11.733333,13.811333,0.000000,1.077857
28,17.300000,11.466667,13.776667,0.000000,1.066431
29,17.333333,11.633333,13.833333,0.000000,1.075525
30,17.333333,11.433333,13.780667,0.000000,1.081833
31,17.333333,11.700000,13.768667,0.000000,1.035083
32,17.333333,11.633333,13.820667,0.000000,1.060122
33,17.366667,11.600000,13.808000,0.000000,1.075935
34,17.366667,11.566667,13.757333,0.000000,1.090633
35,17.366667,11.700000,13.805333,0.000000,1.051948
36,17.400000,11.566667,13.804000,0.000000,1.108053
37,17.433333,11.533333,13.839333,0.000000,1.092567
38,17.433333,11.500000,13.812667,0.000000,1.079493
39,17.433333,11.833333,13.749333,0.000000,1.059936
40,17.533333,11.700000,13.784000,0.000000,1.093843
41,17.533333,11.566667,13.796000,0.000000,1.072239
42,17.566667,11.633333,13.872667,0.000000,1.067031
43,17.566667,11.766667,13.808000,0.000000,1.046208
44,17.566667,11.600000,13.812667,0.000000,1.055019
45,17.566667,11.633333,13.803333,0.000000,1.081787
46,17.566667,11.400000,13.768667,0.000000,1.078532
47,17.600000,11.633333,13.775333,0.000000,1.039979
48,17.633333,11.600000,13.834000,0.000000,1.082542
49,17.633333,11.466667,13.814000,0.000000,1.083198
50,17.666667,11.666667,13.796000,0.000000,1.072599
51,17.666667,11.500000,13.825333,0.000000,1.097874
52,17.666667,11.566667,13.846667,0.000000,1.080188
53,17.666667,11.633333,13.862667,0.000000,1.076064
54,17.666667,11.666667,13.889333,0.000000,1.056533
55,17.666667,11.766667,13.876667,0.000000,1.034083
56,17.666667,11.566667,13.806000,0.000000,1.069111
57,17.666667,11.566667,13.806667,0.000000,1.066874
58,17.666667,11.633333,13.806667,0.000000,1.058624
59,17.666667,11.566667,13.772667,0.000000,1.055562
60,17.666667,11.600000,13.795333,0.000000,1.092355
61,17.700000,11.466667,13.794667,0.000000,1.100757
62,17.700000,11.633333,13.850000,0.000000,1.094165
63,17.700000,11.600000,13.810667,0.000000,1.055395
64,17.733333,11.433333,13.788667,0.000000,1.095273
65,17.733333,11.566667,13.744667,0.000000,1.075659
66,17.766667,11.400000,13.770000,0.000000,1.108704
67,17.766667,11.666667,13.858667,0.000000,1.061551
68,17.766667,11.666667,13.822667,0.000000,1.093409
69,17.766667,11.500000,13.800667,0.000000,1.087343
70,17.766667,11.700000,13.814667,0.000000,1.072527
71,17.766667,11.600000,13.823333,0.000000,1.055682
72,17.800000,11.600000,13.822000,0.000000,1.060587
73,17.800000,11.500000,13.768000,0.000000,1.081594
74,17.800000,11.666667,13.790667,0.000000,1.062471
75,17.800000,11.700000,13.774667,0.000000,1.043447
76,17.833333,11.700000,13.779333,0.000000,1.078707
77,17.900000,11.366667,13.751333,0.000000,1.103550
78,17.933333,11.533333,13.791333,0.000000,1.082584
79,17.933333,11.766667,13.814667,0.000000,1.057827
80,17.933333,11.700000,13.817333,0.000000,1.089428
81,18.000000,11.700000,13.801333,0.000000,1.073054
82,18.000000,11.533333,13.781333,0.000000,1.080963
83,18.000000,11.433333,13.792667,0.000000,1.102567
84,18.000000,11.600000,13.866000,0.000000,1.078604
85,18.000000,11.666667,13.802000,0.000000,1.094596
86,18.000000,11.633333,13.817333,0.000000,1.079834
87,18.000000,11.566667,13.812000,0.000000,1.112437
88,18.000000,11.766667,13.781333,0.000000,1.087103
89,18.000000,11.733333,13.760667,0.000000,1.055156
90,18.033333,11.466667,13.811333,0.000000,1.087864
91,18.033333,11.700000,13.819333,0.000000,1.065848
92,18.033333,11.666667,13.822667,0.000000,1.108777
93,18.033333,11.600000,13.827333,0.000000,1.047776
94,18.033333,11.633333,13.795333,0.000000,1.089125
95,18.033333,11.633333,13.778000,0.000000,1.086885
96,18.033333,11.633333,13.810000,0.000000,1.034123
97,18.033333,11.766667,13.826000,0.000000,1.045655
98,18.033333,11.500000,13.785333,0.000000,1.095274
99,18.033333,11.600000,13.780667,0.000000,1.064957
100,18.033333,11.700000,13.838667,0.000000,1.090751
101,18.033333,11.666667,13.837333,0.000000,1.088552
102,18.033333,11.466667,13.764667,0.000000,1.091564
103,18.033333,11.533333,13.786000,0.000000,1.083362
104,18.033333,11.600000,13.796667,0.000000,1.057469
105,18.033333,11.533333,13.802000,0.000000,1.067452
106,18.033333,11.633333,13.795333,0.000000,1.065349
107,18.033333,11.733333,13.828000,0.000000,1.017709
108,18.033333,11.600000,13.848667,0.000000,1.092570
109,18.033333,11.733333,13.756667,0.000000,1.025848
110,18.033333,11.333333,13.756000,0.000000,1.063793
111,18.033333,11.533333,13.862000,0.000000,1.071179
112,18.033333,11.533333,13.761333,0.000000,1.072125
113,18.033333,11.466667,13.792000,0.000000,1.064590
114,18.033333,11.700000,13.828667,0.000000,1.048550
115,18.033333,11.733333,13.822667,0.000000,1.017958
116,18.033333,11.600000,13.795333,0.000000,1.112044
117,18.066667,11.600000,13.817333,0.000000,1.080801
118,18.066667,11.633333,13.821333,0.000000,1.062580
119,18.066667,11.633333,13.813333,0.000000,1.092342
120,18.066667,11.533333,13.838667,0.000000,1.070326
121,18.066667,11.700000,13.816000,0.000000,1.067391
122,18.066667,11.533333,13.876667,0.000000,1.123129
123,18.100000,11.633333,13.790667,0.000000,1.070005
124,18.100000,11.566667,13.782667,0.000000,1.064576
125,18.100000,11.566667,13.835333,0.000000,1.074749
126,18.133333,11.400000,13.806667,0.000000,1.068640
127,18.133333,11.433333,13.805333,0.000000,1.107626
128,18.133333,11.533333,13.815333,0.000000,1.080397
129,18.133333,11.400000,13.806667,0.000000,1.028638
130,18.166667,11.566667,13.787333,0.000000,1.099982
131,18.166667,11.300000,13.766667,0.000000,1.108455
132,18.166667,11.566667,13.834667,0.000000,1.070090
133,18.166667,11.633333,13.778000,0.000000,1.068530
134,18.166667,11.666667,13.764000,0.000000,1.074509
135,18.166667,11.700000,13.809333,0.000000,1.091140
136,18.166667,11.733333,13.826000,0.000000,1.055396
137,18.166667,11.566667,13.818000,0.000000,1.082524
138,18.166667,11.500000,13.755333,0.000000,1.061586
139,18.166667,11.800000,13.836667,0.000000,1.030844
140,18.166667,11.633333,13.770667,0.000000,1.025709
141,18.166667,11.633333,13.766667,0.000000,1.060202
142,18.166667,11.600000,13.850667,0.000000,1.095456
143,18.166667,11.466667,13.760667,0.000000,1.067940
144,18.166667,11.366667,13.827333,0.000000,1.100004
145,18.166667,11.500000,13.778000,0.000000,1.083806
146,18.166667,11.533333,13.792000,0.000000,1.077132
147,18.166667,11.700000,13.825333,0.000000,1.072010
148,18.166667,11.633333,13.809333,0.000000,1.059787
149,18.166667,11.500000,13.804000,0.000000,1.095407
150,18.166667,11.733333,13.841333,0.000000,1.080827
151,18.166667,11.666667,13.772667,0.000000,1.077244
152,18.166667,11.600000,13.792667,0.000000,1.039823
153,18.166667,11.666667,13.756000,0.000000,1.037060
154,18.166667,11.733333,13.824667,0.000000,1.062358
155,18.166667,11.466667,13.818000,0.000000,1.085291
156,18.166667,11.700000,13.788000,0.000000,1.065486
157,18.166667,11.633333,13.854000,0.000000,1.093800
158,18.166667,11.600000,13.806000,0.000000,1.071458
159,18.166667,11.433333,13.816000,0.000000,1.088286
160,18.166667,11.633333,13.800667,0.000000,1.074820
161,18.166667,11.666667,13.827333,0.000000,1.035379
162,18.166667,11.500000,13.798667,0.000000,1.089908
163,18.166667,11.833333,13.793333,0.000000,1.059558
164,18.166667,11.666667,13.803333,0.000000,1.068486
165,18.166667,11.400000,13.796000,0.000000,1.097702
166,18.166667,11.733333,13.801333,0.000000,1.110547
167,18.166667,11.500000,13.787333,0.000000,1.064694
168,18.166667,11.466667,13.781333,0.000000,1.060291
169,18.166667,11.733333,13.815333,0.000000,1.060603
170,18.166667,11.666667,13.820667,0.000000,1.072176
171,18.166667,11.700000,13.822000,0.000000,1.077804
172,18.200000,11.533333,13.791333,0.000000,1.074186
173,18.200000,11.800000,13.816667,0.000000,1.032345
174,18.200000,11.666667,13.776667,0.000000,1.064900
175,18.200000,11.466667,13.804000,0.000000,1.102643
176,18.200000,11.633333,13.793333,0.000000,1.057800
177,18.200000,11.500000,13.848000,0.000000,1.115891
178,18.200000,11.633333,13.815333,0.000000,1.071525
179,18.200000,11.766667,13.788000,0.000000,1.072096
180,18.200000,11.666667,13.758667,0.000000,1.061541
181,18.200000,11.700000,13.795333,0.000000,1.031408
182,18.200000,11.466667,13.791333,0.000000,1.135222
183,18.200000,11.666667,13.805333,0.000000,1.089522
184,18.200000,11.466667,13.755333,0.000000,1.091236
185,18.200000,11.533333,13.769333,0.000000,1.047118
186,18.200000,11.566667,13.776667,0.000000,1.062257
187,18.200000,11.433333,13.747333,0.000000,1.056922
188,18.200000,11.700000,13.813333,0.000000,1.072881
189,18.200000,11.533333,13.762667,0.000000,1.093726
190,18.200000,11.700000,13.820667,0.000000,1.063117
191,18.200000,11.633333,13.834667,0.000000,1.074072
192,18.200000,11.633333,13.796000,0.000000,1.053967
193,18.200000,11.400000,13.780000,0.000000,1.092513
194,18.200000,11.566667,13.781333,0.000000,1.063701
195,18.200000,11.633333,13.759333,0.000000,1.069621
196,18.200000,11.533333,13.783333,0.000000,1.068853
197,18.200000,11.533333,13.794000,0.000000,1.079693
198,18.200000,11.600000,13.780000,0.000000,1.061427
199,18.200000,11.733333,13.804667,0.000000,1.069842
200,18.200000,11.633333,13.798667,0.000000,1.077527
BestSdev: 0.398079, Time: 16m20.063699472s