gen,best,worst,mean,rep,sdev
1,31.000000,12.700000,20.860333,0.000000,3.574924
2,31.733333,12.900000,20.730000,0.000000,3.590028
3,32.233333,12.533333,20.845667,0.000000,3.688595
4,32.566667,12.566667,20.728000,0.000000,3.573395
5,32.633333,12.766667,20.677000,0.000000,3.547609
6,32.900000,12.800000,20.709333,0.000000,3.554231
7,33.200000,12.533333,20.715000,0.000000,3.554627
8,33.333333,13.133333,20.647333,0.000000,3.556152
9,33.433333,12.866667,20.719667,0.000000,3.665243
10,33.500000,12.466667,20.759667,0.000000,3.633197
11,33.500000,12.600000,20.744000,0.000000,3.607522
12,33.733333,12.633333,20.800000,0.000000,3.735491
13,33.766667,12.733333,20.748333,0.000000,3.557482
14,33.800000,12.533333,20.701000,0.000000,3.568223
15,33.833333,12.700000,20.728667,0.000000,3.603708
16,33.900000,12.633333,20.671000,0.000000,3.593942
17,33.900000,12.300000,20.723667,0.000000,3.554714
18,33.900000,12.400000,20.670333,0.000000,3.546786
19,33.966667,12.600000,20.727000,0.000000,3.661970
20,33.966667,12.566667,20.747667,0.000000,3.602306
BestSdev: 0.805302, Time: 2m20.096514366s