gen,best,worst,mean,rep,sdev
1,31.533333,12.300000,20.696833,0.000000,3.594662
2,32.166667,11.733333,20.718333,0.000000,3.555444
3,32.800000,11.933333,20.622167,0.000000,3.652680
4,33.133333,12.133333,20.687667,0.000000,3.590155
5,33.266667,12.200000,20.767333,0.000000,3.586682
6,33.500000,12.266667,20.685167,0.000000,3.600522
7,33.733333,12.333333,20.781000,0.000000,3.634516
8,33.833333,12.100000,20.724500,0.000000,3.543118
9,34.000000,12.133333,20.733500,0.000000,3.573221
10,34.133333,12.033333,20.655667,0.000000,3.574918
11,34.166667,11.800000,20.743500,0.000000,3.616706
12,34.333333,12.466667,20.701500,0.000000,3.577230
13,34.400000,11.700000,20.716000,0.000000,3.635957
14,34.400000,12.266667,20.709167,0.000000,3.549438
15,34.433333,12.000000,20.725667,0.000000,3.588589
16,34.433333,11.866667,20.680500,0.000000,3.536443
17,34.433333,12.066667,20.657833,0.000000,3.580239
18,34.433333,12.166667,20.752333,0.000000,3.601824
19,34.466667,12.366667,20.707500,0.000000,3.587573
20,34.466667,12.166667,20.770333,0.000000,3.637385
21,34.466667,11.933333,20.713000,0.000000,3.619983
22,34.500000,11.800000,20.683333,0.000000,3.639073
23,34.566667,12.300000,20.790500,0.000000,3.661582
24,34.700000,11.700000,20.661833,0.000000,3.628107
25,34.700000,12.066667,20.669500,0.000000,3.608524
26,34.800000,11.866667,20.741667,0.000000,3.597411
27,34.800000,12.300000,20.724667,0.000000,3.601809
28,34.866667,11.900000,20.657833,0.000000,3.594180
29,34.900000,11.833333,20.726667,0.000000,3.567309
30,34.900000,12.066667,20.733833,0.000000,3.592691
31,34.933333,11.700000,20.742667,0.000000,3.624469
32,34.966667,12.066667,20.723167,0.000000,3.600131
33,35.033333,12.000000,20.754000,0.000000,3.592894
34,35.033333,11.933333,20.817333,0.000000,3.621796
35,35.133333,12.266667,20.753833,0.000000,3.588976
36,35.133333,12.000000,20.681500,0.000000,3.600863
37,35.133333,12.233333,20.696333,0.000000,3.539372
38,35.133333,11.966667,20.718333,0.000000,3.641138
39,35.266667,12.066667,20.758667,0.000000,3.660344
40,35.266667,11.933333,20.764333,0.000000,3.608801
41,35.266667,12.066667,20.726500,0.000000,3.611633
42,35.266667,12.333333,20.715167,0.000000,3.593584
43,35.300000,12.100000,20.737167,0.000000,3.608829
44,35.400000,12.100000,20.809333,0.000000,3.609776
45,35.400000,12.300000,20.657167,0.000000,3.577252
46,35.400000,12.266667,20.734333,0.000000,3.598555
47,35.400000,12.233333,20.752500,0.000000,3.641292
48,35.466667,11.933333,20.841167,0.000000,3.652535
49,35.600000,11.833333,20.777167,0.000000,3.648713
50,35.600000,11.966667,20.728667,0.000000,3.622473
51,35.600000,12.000000,20.775167,0.000000,3.568388
52,35.700000,11.900000,20.814833,0.000000,3.622496
53,35.700000,12.133333,20.770833,0.000000,3.591736
54,35.700000,11.766667,20.681833,0.000000,3.554580
55,35.700000,11.866667,20.686500,0.000000,3.632564
56,35.700000,12.033333,20.730000,0.000000,3.584447
57,35.766667,11.900000,20.651667,0.000000,3.606404
58,35.766667,12.066667,20.696500,0.000000,3.602092
59,35.866667,12.133333,20.693167,0.000000,3.589983
60,35.866667,12.066667,20.658167,0.000000,3.549699
61,35.866667,12.066667,20.736667,0.000000,3.600471
62,35.866667,12.033333,20.722667,0.000000,3.592596
63,35.866667,11.833333,20.772833,0.000000,3.624432
64,35.900000,12.233333,20.807500,0.000000,3.654479
65,35.900000,11.733333,20.692167,0.000000,3.579913
66,35.933333,12.266667,20.685333,0.000000,3.568219
67,35.933333,12.100000,20.691000,0.000000,3.582799
68,36.033333,12.366667,20.741500,0.000000,3.594784
69,36.033333,11.800000,20.788667,0.000000,3.587304
70,36.033333,11.800000,20.622333,0.000000,3.634365
71,36.033333,12.300000,20.796833,0.000000,3.596041
72,36.033333,11.833333,20.738833,0.000000,3.584769
73,36.033333,12.133333,20.740333,0.000000,3.606895
74,36.033333,11.700000,20.689167,0.000000,3.637186
75,36.100000,12.133333,20.762333,0.000000,3.646170
76,36.100000,11.866667,20.720667,0.000000,3.607530
77,36.100000,11.933333,20.734667,0.000000,3.625458
78,36.100000,12.100000,20.692833,0.000000,3.612767
79,36.100000,12.033333,20.768167,0.000000,3.582281
80,36.166667,12.133333,20.716333,0.000000,3.616750
81,36.166667,12.100000,20.777667,0.000000,3.595404
82,36.166667,11.933333,20.701500,0.000000,3.610152
83,36.200000,11.900000,20.621167,0.000000,3.645145
84,36.200000,12.066667,20.734000,0.000000,3.609260
85,36.200000,11.733333,20.734167,0.000000,3.662833
86,36.200000,11.800000,20.721500,0.000000,3.627642
87,36.200000,11.733333,20.672000,0.000000,3.588617
88,36.200000,11.966667,20.730167,0.000000,3.572997
89,36.200000,12.200000,20.749833,0.000000,3.599370
90,36.300000,12.100000,20.738500,0.000000,3.571864
91,36.300000,12.100000,20.752000,0.000000,3.610790
92,36.300000,12.100000,20.682167,0.000000,3.620307
93,36.300000,11.533333,20.743500,0.000000,3.627044
94,36.300000,11.866667,20.698167,0.000000,3.625727
95,36.300000,11.866667,20.705167,0.000000,3.608976
96,36.300000,12.100000,20.732000,0.000000,3.612502
97,36.300000,12.100000,20.681167,0.000000,3.562988
98,36.333333,12.000000,20.757167,0.000000,3.590488
99,36.333333,12.200000,20.701833,0.000000,3.591360
100,36.333333,12.000000,20.725500,0.000000,3.624699
101,36.333333,12.300000,20.695833,0.000000,3.617955
102,36.333333,11.966667,20.753167,0.000000,3.633914
103,36.333333,12.100000,20.725333,0.000000,3.562755
104,36.366667,11.833333,20.772833,0.000000,3.606848
105,36.400000,11.933333,20.615500,0.000000,3.625006
106,36.400000,12.233333,20.689667,0.000000,3.591237
107,36.400000,11.900000,20.777500,0.000000,3.654649
108,36.400000,11.533333,20.682833,0.000000,3.572945
109,36.400000,12.300000,20.810833,0.000000,3.611594
110,36.400000,11.966667,20.778833,0.000000,3.622697
111,36.400000,12.466667,20.728333,0.000000,3.621628
112,36.433333,11.933333,20.756500,0.000000,3.633839
113,36.433333,12.366667,20.873667,0.000000,3.626863
114,36.433333,11.933333,20.722333,0.000000,3.569719
115,36.500000,12.033333,20.795000,0.000000,3.623256
116,36.533333,12.200000,20.778333,0.000000,3.592025
117,36.533333,12.033333,20.731667,0.000000,3.599917
118,36.533333,12.000000,20.841000,0.000000,3.576433
119,36.533333,12.300000,20.828833,0.000000,3.605335
120,36.533333,12.233333,20.760167,0.000000,3.573926
121,36.533333,11.966667,20.736000,0.000000,3.628378
122,36.533333,12.000000,20.715667,0.000000,3.559034
123,36.600000,12.366667,20.813500,0.000000,3.573217
124,36.600000,11.900000,20.708667,0.000000,3.618133
125,36.600000,11.900000,20.690000,0.000000,3.563458
126,36.600000,12.133333,20.707667,0.000000,3.599658
127,36.633333,12.066667,20.717167,0.000000,3.584547
128,36.633333,12.200000,20.797667,0.000000,3.565104
129,36.666667,11.933333,20.758000,0.000000,3.614474
130,36.666667,12.066667,20.704667,0.000000,3.570954
131,36.666667,11.866667,20.719167,0.000000,3.601366
132,36.666667,12.033333,20.733833,0.000000,3.623448
133,36.666667,11.766667,20.782500,0.000000,3.587018
134,36.666667,12.166667,20.754667,0.000000,3.694965
135,36.666667,12.033333,20.710500,0.000000,3.609323
136,36.666667,11.966667,20.768333,0.000000,3.641368
137,36.666667,11.733333,20.785833,0.000000,3.649608
138,36.700000,11.933333,20.818500,0.000000,3.594503
139,36.700000,11.966667,20.757167,0.000000,3.601521
140,36.700000,12.100000,20.777833,0.000000,3.606396
141,36.700000,11.766667,20.653833,0.000000,3.620228
142,36.700000,11.866667,20.699167,0.000000,3.592559
143,36.700000,11.933333,20.735000,0.000000,3.612546
144,36.700000,12.166667,20.766000,0.000000,3.665247
145,36.733333,11.900000,20.699333,0.000000,3.586302
146,36.733333,11.866667,20.695000,0.000000,3.618240
147,36.733333,12.000000,20.708500,0.000000,3.662523
148,36.733333,11.933333,20.776667,0.000000,3.622354
149,36.733333,11.933333,20.811167,0.000000,3.624325
150,36.733333,11.900000,20.702500,0.000000,3.581637
151,36.733333,12.100000,20.656667,0.000000,3.639816
152,36.733333,12.100000,20.676833,0.000000,3.617569
153,36.733333,11.733333,20.728833,0.000000,3.582520
154,36.733333,11.933333,20.810000,0.000000,3.609211
155,36.733333,11.933333,20.666000,0.000000,3.600299
156,36.733333,11.900000,20.725500,0.000000,3.586141
157,36.733333,11.866667,20.747500,0.000000,3.641074
158,36.733333,12.400000,20.782333,0.000000,3.598954
159,36.733333,12.200000,20.740333,0.000000,3.645521
160,36.733333,12.033333,20.708333,0.000000,3.588435
161,36.733333,12.033333,20.845833,0.000000,3.645157
162,36.733333,12.066667,20.771333,0.000000,3.630822
163,36.733333,12.566667,20.757667,0.000000,3.602679
164,36.733333,11.966667,20.766000,0.000000,3.615264
165,36.733333,11.933333,20.684333,0.000000,3.656820
166,36.733333,12.366667,20.788000,0.000000,3.638022
167,36.833333,11.500000,20.635000,0.000000,3.586941
168,36.833333,11.833333,20.673000,0.000000,3.605298
169,36.833333,11.833333,20.685833,0.000000,3.650019
170,36.866667,12.100000,20.746833,0.000000,3.625688
171,36.866667,12.066667,20.726333,0.000000,3.580258
172,36.866667,12.166667,20.793833,0.000000,3.591834
173,36.866667,11.900000,20.712000,0.000000,3.661269
174,36.866667,12.266667,20.733667,0.000000,3.535207
175,36.866667,12.133333,20.852333,0.000000,3.651989
176,36.866667,11.700000,20.673167,0.000000,3.615396
177,36.900000,12.433333,20.721167,0.000000,3.589161
178,36.900000,12.000000,20.723167,0.000000,3.568466
179,36.900000,11.933333,20.678333,0.000000,3.571478
180,36.900000,12.300000,20.689500,0.000000,3.534933
181,36.900000,12.000000,20.825000,0.000000,3.643017
182,36.900000,11.900000,20.718167,0.000000,3.611535
183,36.900000,12.366667,20.661000,0.000000,3.604011
184,36.933333,11.866667,20.670000,0.000000,3.579890
185,36.933333,11.766667,20.706500,0.000000,3.613319
186,36.933333,12.200000,20.668833,0.000000,3.596159
187,36.933333,12.033333,20.808000,0.000000,3.611064
188,36.933333,12.000000,20.734333,0.000000,3.562443
189,36.933333,12.300000,20.756333,0.000000,3.622581
190,36.933333,12.066667,20.706667,0.000000,3.634816
191,36.933333,11.966667,20.704667,0.000000,3.604835
192,36.933333,11.833333,20.730833,0.000000,3.592309
193,36.933333,11.900000,20.668667,0.000000,3.669362
194,36.933333,11.933333,20.778667,0.000000,3.601450
195,36.933333,11.866667,20.721333,0.000000,3.607549
196,36.933333,11.833333,20.704000,0.000000,3.635474
197,36.933333,11.966667,20.714500,0.000000,3.608140
198,36.933333,12.100000,20.759667,0.000000,3.555361
199,36.933333,11.666667,20.727333,0.000000,3.607314
200,36.933333,11.600000,20.675167,0.000000,3.603536
BestSdev: 0.985665, Time: 46m22.462498442s