gen,best,worst,mean,rep,sdev
1,31.166667,12.500000,20.655000,0.000000,3.709740
2,31.600000,12.766667,20.738333,0.000000,3.539484
3,32.133333,12.766667,20.788667,0.000000,3.542147
4,32.766667,12.366667,20.681000,0.000000,3.699371
5,33.100000,12.633333,20.687667,0.000000,3.657874
6,33.266667,12.633333,20.735000,0.000000,3.648563
7,33.300000,12.800000,20.745333,0.000000,3.648749
8,33.366667,12.300000,20.787333,0.000000,3.644319
9,33.533333,12.766667,20.726667,0.000000,3.570663
10,33.566667,12.633333,20.761667,0.000000,3.659615
11,33.666667,12.700000,20.831000,0.000000,3.667458
12,33.666667,12.333333,20.745333,0.000000,3.642968
13,33.766667,12.600000,20.761000,0.000000,3.640517
14,33.766667,12.333333,20.633000,0.000000,3.641562
15,33.766667,12.300000,20.811000,0.000000,3.627940
16,33.800000,12.800000,20.724333,0.000000,3.550972
17,33.800000,12.766667,20.646000,0.000000,3.551124
18,33.800000,12.366667,20.709333,0.000000,3.671712
19,33.800000,12.900000,20.728000,0.000000,3.587175
20,33.833333,12.566667,20.788333,0.000000,3.683338
21,33.866667,12.700000,20.836000,0.000000,3.598183
22,33.866667,12.633333,20.684000,0.000000,3.570846
23,33.900000,12.466667,20.745667,0.000000,3.581257
24,33.900000,12.900000,20.727667,0.000000,3.628906
25,33.933333,13.133333,20.817000,0.000000,3.552752
26,33.966667,12.733333,20.615333,0.000000,3.578186
27,34.033333,12.433333,20.734000,0.000000,3.552385
28,34.133333,12.500000,20.742000,0.000000,3.582465
29,34.166667,12.900000,20.799667,0.000000,3.657016
30,34.266667,12.266667,20.676667,0.000000,3.612051
31,34.300000,12.733333,20.688333,0.000000,3.531342
32,34.366667,12.366667,20.599000,0.000000,3.664189
33,34.366667,13.000000,20.848667,0.000000,3.560728
34,34.366667,12.666667,20.748667,0.000000,3.657981
35,34.366667,12.533333,20.606000,0.000000,3.582112
36,34.366667,12.533333,20.604000,0.000000,3.572142
37,34.366667,12.833333,20.697667,0.000000,3.539938
38,34.366667,12.700000,20.654667,0.000000,3.614630
39,34.400000,12.633333,20.845333,0.000000,3.638470
40,34.400000,12.433333,20.739667,0.000000,3.607583
41,34.466667,12.733333,20.605333,0.000000,3.562940
42,34.566667,13.000000,20.766667,0.000000,3.545079
43,34.633333,12.666667,20.732667,0.000000,3.608825
44,34.666667,12.900000,20.637333,0.000000,3.574163
45,34.766667,12.733333,20.791000,0.000000,3.544345
46,34.766667,12.466667,20.681000,0.000000,3.552739
47,34.800000,12.800000,20.862667,0.000000,3.639263
48,34.866667,12.600000,20.768333,0.000000,3.603222
49,34.866667,12.833333,20.827667,0.000000,3.637189
50,34.900000,12.566667,20.799333,0.000000,3.664209
BestSdev: 0.758995, Time: 5m39.987648396s