gen,best,worst,mean,rep,sdev
1,32.766667,11.266667,20.713400,0.000000,3.597971
2,33.600000,11.300000,20.721400,0.000000,3.633035
3,33.833333,11.233333,20.703667,0.000000,3.632093
4,33.966667,11.100000,20.760400,0.000000,3.578812
5,34.233333,11.300000,20.721800,0.000000,3.590507
6,34.400000,11.333333,20.762533,0.000000,3.638246
7,34.533333,11.300000,20.757200,0.000000,3.622119
8,34.766667,11.100000,20.754267,0.000000,3.636559
9,35.066667,11.333333,20.772733,0.000000,3.653121
10,35.100000,11.266667,20.739467,0.000000,3.620419
11,35.166667,11.266667,20.776467,0.000000,3.649039
12,35.333333,11.333333,20.726733,0.000000,3.606826
13,35.366667,11.133333,20.790200,0.000000,3.648210
14,35.400000,11.433333,20.755467,0.000000,3.604828
15,35.433333,11.166667,20.725267,0.000000,3.591513
16,35.466667,11.233333,20.727133,0.000000,3.625140
17,35.466667,11.100000,20.729067,0.000000,3.616254
18,35.500000,11.466667,20.803333,0.000000,3.624150
19,35.533333,11.466667,20.715600,0.000000,3.631018
20,35.600000,11.166667,20.748067,0.000000,3.648861
BestSdev: 0.773348, Time: 10m39.144141995s