gen,best,worst,mean,rep,sdev
1,30.233333,12.833333,20.767333,0.000000,3.570470
2,31.300000,12.500000,20.791000,0.000000,3.714253
3,31.966667,12.900000,20.829667,0.000000,3.656267
4,32.133333,12.633333,20.658667,0.000000,3.611955
5,32.600000,12.233333,20.675333,0.000000,3.611892
6,32.833333,12.766667,20.745667,0.000000,3.610109
7,32.900000,13.000000,20.802333,0.000000,3.552069
8,33.100000,12.733333,20.828000,0.000000,3.618476
9,33.266667,12.633333,20.732000,0.000000,3.550860
10,33.333333,12.566667,20.749667,0.000000,3.513226
11,33.333333,12.966667,20.714667,0.000000,3.491194
12,33.400000,12.433333,20.774667,0.000000,3.705630
13,33.433333,12.100000,20.707667,0.000000,3.601429
14,33.466667,12.700000,20.658333,0.000000,3.542119
15,33.600000,12.700000,20.873000,0.000000,3.513087
16,33.666667,12.533333,20.774000,0.000000,3.604284
17,33.700000,12.400000,20.663000,0.000000,3.600708
18,33.700000,12.366667,20.650333,0.000000,3.619751
19,33.766667,12.366667,20.636000,0.000000,3.613606
20,33.833333,12.433333,20.653000,0.000000,3.567646
BestSdev: 0.907945, Time: 2m15.782728445s