gen,best,worst,mean,rep,sdev
1,31.833333,11.666667,20.766833,0.000000,3.601626
2,32.800000,11.866667,20.796167,0.000000,3.581829
3,33.400000,12.066667,20.720167,0.000000,3.612196
4,33.466667,12.133333,20.739667,0.000000,3.601820
5,33.933333,11.900000,20.779167,0.000000,3.620874
6,34.133333,12.166667,20.765167,0.000000,3.657926
7,34.233333,11.833333,20.728333,0.000000,3.539208
8,34.433333,11.966667,20.778333,0.000000,3.615944
9,34.433333,12.200000,20.732167,0.000000,3.573753
10,34.533333,12.200000,20.729167,0.000000,3.558169
11,34.733333,12.000000,20.708333,0.000000,3.643099
12,34.733333,11.966667,20.782833,0.000000,3.602827
13,34.833333,12.000000,20.713833,0.000000,3.605045
14,34.933333,11.900000,20.755667,0.000000,3.588006
15,34.966667,12.400000,20.681500,0.000000,3.546923
16,35.133333,11.900000,20.736833,0.000000,3.591395
17,35.166667,12.233333,20.711000,0.000000,3.639473
18,35.200000,12.100000,20.784500,0.000000,3.601722
19,35.200000,11.766667,20.824333,0.000000,3.627363
20,35.233333,12.033333,20.693833,0.000000,3.620548
21,35.233333,12.100000,20.811000,0.000000,3.629854
22,35.266667,11.800000,20.713333,0.000000,3.630240
23,35.266667,11.800000,20.738167,0.000000,3.650286
24,35.266667,12.166667,20.679500,0.000000,3.610437
25,35.366667,12.266667,20.799000,0.000000,3.619507
26,35.366667,11.866667,20.732500,0.000000,3.598663
27,35.366667,12.233333,20.698000,0.000000,3.578614
28,35.400000,12.400000,20.733000,0.000000,3.632938
29,35.400000,12.433333,20.830500,0.000000,3.649270
30,35.400000,11.900000,20.721667,0.000000,3.597544
31,35.400000,12.000000,20.669833,0.000000,3.664106
32,35.400000,12.000000,20.736667,0.000000,3.620245
33,35.400000,11.666667,20.674000,0.000000,3.571574
34,35.433333,11.966667,20.695333,0.000000,3.550159
35,35.433333,11.833333,20.706833,0.000000,3.614850
36,35.433333,12.166667,20.668833,0.000000,3.623206
37,35.433333,12.066667,20.718333,0.000000,3.634931
38,35.433333,12.066667,20.741667,0.000000,3.599508
39,35.433333,12.300000,20.705667,0.000000,3.563277
40,35.433333,11.900000,20.720333,0.000000,3.618352
41,35.433333,11.966667,20.825833,0.000000,3.658268
42,35.433333,11.633333,20.755667,0.000000,3.529406
43,35.433333,12.200000,20.750000,0.000000,3.586462
44,35.466667,12.200000,20.771333,0.000000,3.608571
45,35.466667,12.066667,20.744333,0.000000,3.604259
46,35.466667,11.933333,20.742833,0.000000,3.565590
47,35.566667,11.733333,20.635333,0.000000,3.651802
48,35.566667,11.700000,20.695500,0.000000,3.591880
49,35.566667,11.600000,20.776500,0.000000,3.627872
50,35.566667,12.033333,20.669167,0.000000,3.584654
51,35.566667,12.066667,20.692667,0.000000,3.636395
52,35.566667,12.033333,20.663667,0.000000,3.568907
53,35.566667,12.100000,20.778000,0.000000,3.566325
54,35.566667,11.766667,20.675667,0.000000,3.635248
55,35.700000,11.900000,20.768333,0.000000,3.693723
56,35.700000,12.000000,20.728333,0.000000,3.606956
57,35.700000,12.133333,20.678000,0.000000,3.573187
58,35.733333,11.966667,20.623667,0.000000,3.604023
59,35.733333,12.233333,20.710833,0.000000,3.587852
60,35.733333,12.166667,20.738500,0.000000,3.542558
61,35.833333,11.900000,20.833500,0.000000,3.607434
62,35.833333,11.766667,20.651333,0.000000,3.584761
63,35.866667,12.466667,20.761000,0.000000,3.616535
64,35.900000,11.833333,20.685333,0.000000,3.670086
65,35.933333,12.133333,20.731500,0.000000,3.587799
66,35.933333,11.800000,20.769000,0.000000,3.616236
67,35.933333,12.066667,20.699833,0.000000,3.598434
68,35.933333,11.866667,20.706167,0.000000,3.674724
69,35.933333,11.966667,20.686833,0.000000,3.561746
70,35.966667,12.233333,20.676667,0.000000,3.590500
71,36.033333,12.300000,20.697833,0.000000,3.596766
72,36.033333,12.233333,20.807167,0.000000,3.666891
73,36.033333,12.000000,20.719333,0.000000,3.644798
74,36.033333,12.166667,20.740333,0.000000,3.601362
75,36.033333,12.233333,20.716833,0.000000,3.574130
76,36.066667,11.900000,20.634333,0.000000,3.613829
77,36.066667,12.066667,20.762833,0.000000,3.646488
78,36.066667,12.433333,20.754833,0.000000,3.596325
79,36.100000,12.266667,20.645667,0.000000,3.608870
80,36.100000,12.300000,20.665500,0.000000,3.535474
81,36.100000,11.766667,20.716000,0.000000,3.660777
82,36.100000,12.566667,20.873833,0.000000,3.626240
83,36.100000,12.033333,20.698500,0.000000,3.579436
84,36.100000,11.900000,20.649333,0.000000,3.615998
85,36.100000,11.866667,20.683000,0.000000,3.618531
86,36.100000,11.900000,20.701833,0.000000,3.608745
87,36.100000,11.933333,20.691333,0.000000,3.621561
88,36.133333,12.066667,20.840500,0.000000,3.584209
89,36.133333,12.166667,20.643500,0.000000,3.608910
90,36.133333,12.200000,20.683167,0.000000,3.606940
91,36.133333,12.000000,20.725833,0.000000,3.641927
92,36.133333,11.600000,20.770833,0.000000,3.604245
93,36.133333,11.800000,20.726000,0.000000,3.616585
94,36.133333,11.966667,20.798500,0.000000,3.603500
95,36.133333,12.266667,20.829833,0.000000,3.588758
96,36.133333,11.466667,20.665833,0.000000,3.606626
97,36.133333,12.133333,20.696833,0.000000,3.560309
98,36.133333,12.000000,20.700333,0.000000,3.621849
99,36.133333,11.866667,20.783667,0.000000,3.623926
100,36.133333,12.166667,20.622833,0.000000,3.584034
101,36.133333,11.966667,20.761500,0.000000,3.594017
102,36.133333,12.233333,20.732500,0.000000,3.604592
103,36.133333,12.066667,20.643333,0.000000,3.573077
104,36.133333,12.300000,20.805500,0.000000,3.634242
105,36.133333,12.100000,20.730167,0.000000,3.600883
106,36.133333,11.666667,20.708833,0.000000,3.640169
107,36.133333,12.000000,20.786333,0.000000,3.677557
108,36.133333,12.166667,20.804167,0.000000,3.620011
109,36.133333,12.000000,20.781500,0.000000,3.631778
110,36.133333,12.066667,20.741000,0.000000,3.668324
111,36.133333,12.100000,20.703667,0.000000,3.564269
112,36.133333,12.100000,20.817000,0.000000,3.601808
113,36.133333,11.700000,20.824500,0.000000,3.628036
114,36.133333,11.700000,20.623500,0.000000,3.612070
115,36.133333,11.566667,20.780333,0.000000,3.635585
116,36.233333,12.300000,20.672833,0.000000,3.600910
117,36.233333,11.966667,20.851000,0.000000,3.653362
118,36.233333,12.033333,20.750833,0.000000,3.599442
119,36.233333,12.066667,20.823500,0.000000,3.649848
120,36.233333,11.900000,20.664500,0.000000,3.652484
121,36.233333,11.966667,20.754167,0.000000,3.565041
122,36.233333,11.933333,20.701500,0.000000,3.572478
123,36.233333,11.966667,20.774667,0.000000,3.649237
124,36.233333,11.533333,20.687167,0.000000,3.628111
125,36.233333,12.033333,20.689333,0.000000,3.598161
126,36.233333,11.833333,20.776667,0.000000,3.661366
127,36.233333,11.766667,20.690500,0.000000,3.588528
128,36.233333,12.166667,20.684500,0.000000,3.631888
129,36.233333,11.700000,20.752167,0.000000,3.613735
130,36.266667,11.933333,20.725333,0.000000,3.650865
131,36.266667,11.900000,20.759667,0.000000,3.592366
132,36.266667,11.666667,20.745000,0.000000,3.599694
133,36.266667,12.200000,20.817667,0.000000,3.582869
134,36.266667,11.966667,20.696000,0.000000,3.578258
135,36.266667,12.166667,20.679833,0.000000,3.609570
136,36.266667,12.266667,20.703833,0.000000,3.551794
137,36.266667,12.266667,20.677667,0.000000,3.598072
138,36.266667,11.900000,20.766000,0.000000,3.639457
139,36.266667,11.900000,20.704833,0.000000,3.627846
140,36.366667,12.033333,20.762333,0.000000,3.606004
141,36.366667,11.766667,20.737500,0.000000,3.607560
142,36.366667,12.133333,20.690833,0.000000,3.580342
143,36.366667,11.900000,20.807167,0.000000,3.679687
144,36.366667,11.733333,20.771167,0.000000,3.615259
145,36.400000,11.966667,20.732833,0.000000,3.573930
146,36.400000,11.666667,20.724667,0.000000,3.627347
147,36.400000,12.233333,20.761500,0.000000,3.619526
148,36.400000,12.300000,20.759167,0.000000,3.595976
149,36.400000,12.000000,20.718333,0.000000,3.579755
150,36.433333,11.766667,20.661500,0.000000,3.619177
151,36.433333,11.766667,20.725500,0.000000,3.611504
152,36.433333,12.100000,20.597667,0.000000,3.595985
153,36.433333,12.066667,20.749333,0.000000,3.666610
154,36.433333,11.900000,20.745167,0.000000,3.629346
155,36.433333,12.066667,20.762000,0.000000,3.574772
156,36.433333,12.266667,20.628500,0.000000,3.630520
157,36.433333,11.933333,20.749167,0.000000,3.614888
158,36.466667,12.100000,20.697500,0.000000,3.605375
159,36.466667,12.166667,20.772833,0.000000,3.537862
160,36.466667,12.200000,20.742667,0.000000,3.563392
161,36.466667,11.933333,20.779500,0.000000,3.595757
162,36.466667,12.066667,20.716667,0.000000,3.613026
163,36.466667,11.933333,20.659333,0.000000,3.618996
164,36.466667,12.000000,20.701667,0.000000,3.643212
165,36.466667,12.433333,20.767500,0.000000,3.564313
166,36.466667,11.900000,20.806333,0.000000,3.577807
167,36.466667,11.933333,20.740333,0.000000,3.671098
168,36.500000,11.833333,20.774000,0.000000,3.623789
169,36.566667,11.966667,20.665833,0.000000,3.644297
170,36.566667,12.100000,20.694000,0.000000,3.650746
171,36.566667,12.500000,20.655333,0.000000,3.545999
172,36.566667,11.800000,20.708167,0.000000,3.625840
173,36.566667,12.100000,20.691667,0.000000,3.557501
174,36.566667,12.100000,20.719667,0.000000,3.609635
175,36.566667,12.333333,20.783833,0.000000,3.562075
176,36.566667,12.333333,20.705167,0.000000,3.638457
177,36.566667,12.200000,20.784667,0.000000,3.600948
178,36.566667,12.133333,20.652333,0.000000,3.544666
179,36.566667,12.100000,20.782000,0.000000,3.669331
180,36.566667,11.700000,20.621333,0.000000,3.571273
181,36.566667,12.033333,20.710000,0.000000,3.612930
182,36.566667,12.066667,20.763833,0.000000,3.610821
183,36.566667,12.100000,20.642000,0.000000,3.663651
184,36.566667,11.800000,20.818667,0.000000,3.606938
185,36.566667,11.866667,20.759333,0.000000,3.616458
186,36.566667,11.700000,20.729167,0.000000,3.609668
187,36.566667,11.900000,20.640833,0.000000,3.539994
188,36.566667,11.633333,20.702167,0.000000,3.633522
189,36.566667,12.133333,20.749167,0.000000,3.573614
190,36.566667,12.133333,20.740000,0.000000,3.617200
191,36.566667,12.000000,20.646833,0.000000,3.570663
192,36.566667,11.766667,20.676333,0.000000,3.654260
193,36.600000,12.100000,20.676167,0.000000,3.652198
194,36.600000,11.900000,20.762167,0.000000,3.628356
195,36.600000,12.366667,20.789167,0.000000,3.637728
196,36.600000,12.033333,20.793333,0.000000,3.591623
197,36.600000,12.066667,20.748167,0.000000,3.663734
198,36.600000,12.000000,20.784333,0.000000,3.586426
199,36.600000,11.866667,20.701333,0.000000,3.628462
200,36.600000,11.766667,20.728167,0.000000,3.642072
BestSdev: 0.699242, Time: 46m4.845245678s