gen,best,worst,mean,rep,sdev
1,29.300000,13.233333,20.641333,0.000000,3.516748
2,30.366667,13.600000,20.838000,0.000000,3.601275
3,30.833333,12.900000,20.731333,0.000000,3.598561
4,31.066667,13.433333,20.810667,0.000000,3.522856
5,31.533333,12.766667,20.726667,0.000000,3.645617
6,31.800000,13.633333,20.764000,0.000000,3.532251
7,31.966667,13.433333,20.784000,0.000000,3.528807
8,32.266667,13.033333,20.687333,0.000000,3.672532
9,32.566667,13.733333,20.886000,0.000000,3.614270
10,32.666667,13.300000,20.771333,0.000000,3.598204
11,32.733333,13.333333,20.851333,0.000000,3.583211
12,32.733333,13.633333,20.611333,0.000000,3.447914
13,32.800000,13.066667,20.578000,0.000000,3.544349
14,32.833333,13.500000,20.676667,0.000000,3.555380
15,32.866667,13.233333,20.752667,0.000000,3.531816
16,33.066667,13.500000,20.782667,0.000000,3.570952
17,33.100000,12.900000,20.511333,0.000000,3.564395
18,33.100000,13.766667,20.685333,0.000000,3.535981
19,33.166667,13.333333,20.620000,0.000000,3.495132
20,33.200000,13.533333,20.676000,0.000000,3.569368
BestSdev: 1.049258, Time: 1m11.982302342s