gen,best,worst,mean,rep,sdev
1,16.633333,11.466667,13.805333,0.000000,1.068936
2,16.866667,11.300000,13.809333,0.000000,1.088812
3,17.100000,11.366667,13.790667,0.000000,1.098559
4,17.233333,11.333333,13.783000,0.000000,1.072823
5,17.300000,11.366667,13.813333,0.000000,1.077887
6,17.333333,11.333333,13.806000,0.000000,1.081693
7,17.366667,11.333333,13.810333,0.000000,1.089996
8,17.366667,11.266667,13.799667,0.000000,1.090870
9,17.466667,11.300000,13.807000,0.000000,1.085364
10,17.466667,11.366667,13.823333,0.000000,1.104691
11,17.500000,11.333333,13.823333,0.000000,1.095158
12,17.566667,11.400000,13.797667,0.000000,1.078829
13,17.600000,11.366667,13.768667,0.000000,1.077709
14,17.600000,11.400000,13.800667,0.000000,1.056506
15,17.600000,11.333333,13.817333,0.000000,1.068635
16,17.633333,11.233333,13.821667,0.000000,1.090074
17,17.666667,11.366667,13.820667,0.000000,1.114288
18,17.666667,11.433333,13.811667,0.000000,1.087146
19,17.666667,11.200000,13.810000,0.000000,1.082877
20,17.700000,11.200000,13.818000,0.000000,1.078189
BestSdev: 0.276184, Time: 1m51.031922107s