gen,best,worst,mean,rep,sdev
1,16.266667,11.600000,13.795333,0.000000,1.063508
2,16.600000,11.666667,13.809333,0.000000,1.087015
3,16.733333,11.533333,13.784667,0.000000,1.087649
4,16.966667,11.633333,13.858667,0.000000,1.078857
5,17.066667,11.600000,13.758000,0.000000,1.076922
6,17.133333,11.833333,13.770000,0.000000,1.067654
7,17.200000,11.566667,13.790667,0.000000,1.063680
8,17.266667,11.733333,13.788000,0.000000,1.080995
9,17.300000,11.500000,13.821333,0.000000,1.060109
10,17.333333,11.533333,13.820000,0.000000,1.071970
11,17.333333,11.500000,13.744667,0.000000,1.082811
12,17.366667,11.700000,13.777333,0.000000,1.077769
13,17.366667,11.566667,13.833333,0.000000,1.063371
14,17.466667,11.500000,13.786000,0.000000,1.097301
15,17.533333,11.533333,13.779333,0.000000,1.113428
16,17.566667,11.600000,13.824667,0.000000,1.085778
17,17.600000,11.633333,13.791333,0.000000,1.071147
18,17.633333,11.733333,13.852667,0.000000,1.096609
19,17.666667,11.566667,13.790000,0.000000,1.065421
20,17.700000,11.766667,13.767333,0.000000,1.083186
21,17.700000,11.666667,13.770000,0.000000,1.053502
22,17.700000,11.500000,13.800667,0.000000,1.058968
23,17.700000,11.633333,13.832000,0.000000,1.071443
24,17.700000,11.600000,13.797333,0.000000,1.054946
25,17.733333,11.500000,13.742667,0.000000,1.107183
26,17.766667,11.633333,13.803333,0.000000,1.086410
27,17.766667,11.533333,13.810000,0.000000,1.108075
28,17.800000,11.433333,13.764667,0.000000,1.062898
29,17.800000,11.633333,13.796000,0.000000,1.054158
30,17.833333,11.633333,13.835333,0.000000,1.071843
31,17.833333,11.600000,13.838000,0.000000,1.058900
32,17.833333,11.466667,13.816667,0.000000,1.084437
33,17.833333,11.766667,13.810667,0.000000,1.016451
34,17.833333,11.566667,13.808667,0.000000,1.079530
35,17.833333,11.533333,13.758667,0.000000,1.059562
36,17.833333,11.500000,13.810667,0.000000,1.037055
37,17.833333,11.466667,13.773333,0.000000,1.076895
38,17.900000,11.633333,13.821333,0.000000,1.106116
39,17.900000,11.633333,13.761333,0.000000,1.089755
40,17.933333,11.666667,13.830000,0.000000,1.059584
41,17.966667,11.700000,13.865333,0.000000,1.062740
42,18.000000,11.600000,13.825333,0.000000,1.072550
43,18.000000,11.433333,13.787333,0.000000,1.081838
44,18.000000,11.766667,13.825333,0.000000,1.072580
45,18.000000,11.600000,13.791333,0.000000,1.050001
46,18.000000,11.600000,13.804000,0.000000,1.059423
47,18.000000,11.600000,13.784667,0.000000,1.046986
48,18.000000,11.733333,13.822667,0.000000,1.063990
49,18.000000,11.600000,13.760000,0.000000,1.057004
50,18.000000,11.733333,13.823333,0.000000,1.077869
51,18.033333,11.666667,13.786000,0.000000,1.050354
52,18.033333,11.600000,13.734000,0.000000,1.041703
53,18.066667,11.666667,13.800000,0.000000,1.045629
54,18.100000,11.600000,13.882667,0.000000,1.101468
55,18.100000,11.600000,13.864667,0.000000,1.058888
56,18.100000,11.700000,13.822000,0.000000,1.082007
57,18.100000,11.800000,13.793333,0.000000,1.066616
58,18.100000,11.600000,13.808667,0.000000,1.084100
59,18.100000,11.566667,13.808667,0.000000,1.070701
60,18.100000,11.500000,13.782667,0.000000,1.082723
61,18.100000,11.700000,13.784000,0.000000,1.051346
62,18.100000,11.566667,13.777333,0.000000,1.078109
63,18.100000,11.733333,13.769333,0.000000,1.058203
64,18.100000,11.733333,13.816000,0.000000,1.086625
65,18.100000,11.366667,13.781333,0.000000,1.085442
66,18.100000,11.566667,13.812667,0.000000,1.071768
67,18.100000,11.566667,13.808667,0.000000,1.056969
68,18.100000,11.533333,13.803333,0.000000,1.084772
69,18.100000,11.700000,13.825333,0.000000,1.099126
70,18.100000,11.733333,13.856000,0.000000,1.079422
71,18.100000,11.500000,13.770000,0.000000,1.064669
72,18.100000,11.500000,13.852667,0.000000,1.096603
73,18.100000,11.666667,13.843333,0.000000,1.045709
74,18.100000,11.800000,13.813333,0.000000,1.011361
75,18.100000,11.600000,13.796000,0.000000,1.060806
76,18.100000,11.533333,13.828000,0.000000,1.095749
77,18.100000,11.566667,13.834000,0.000000,1.097882
78,18.100000,11.700000,13.840000,0.000000,1.034180
79,18.100000,11.400000,13.774000,0.000000,1.059136
80,18.133333,11.633333,13.804000,0.000000,1.069345
81,18.133333,11.533333,13.807333,0.000000,1.054838
82,18.133333,11.600000,13.838667,0.000000,1.034214
83,18.133333,11.566667,13.821333,0.000000,1.077658
84,18.133333,11.533333,13.812667,0.000000,1.079663
85,18.133333,11.633333,13.772000,0.000000,1.056485
86,18.133333,11.566667,13.825333,0.000000,1.082936
87,18.133333,11.500000,13.775333,0.000000,1.065939
88,18.133333,11.666667,13.835333,0.000000,1.080946
89,18.133333,11.566667,13.762000,0.000000,1.053050
90,18.133333,11.766667,13.774000,0.000000,1.050561
91,18.133333,11.600000,13.800667,0.000000,1.093628
92,18.133333,11.566667,13.796000,0.000000,1.087628
93,18.133333,11.600000,13.790667,0.000000,1.066466
94,18.133333,11.666667,13.783333,0.000000,1.068733
95,18.133333,11.633333,13.832667,0.000000,1.071371
96,18.133333,11.566667,13.850000,0.000000,1.096271
97,18.133333,11.500000,13.790000,0.000000,1.078829
98,18.133333,11.566667,13.820000,0.000000,1.048961
99,18.133333,11.533333,13.759333,0.000000,1.067037
100,18.133333,11.700000,13.839333,0.000000,1.078289
101,18.133333,11.600000,13.794667,0.000000,1.070857
102,18.133333,11.766667,13.815333,0.000000,1.051007
103,18.133333,11.633333,13.779333,0.000000,1.077249
104,18.133333,11.366667,13.821333,0.000000,1.095983
105,18.133333,11.366667,13.821333,0.000000,1.136325
106,18.133333,11.566667,13.783333,0.000000,1.095003
107,18.133333,11.700000,13.779333,0.000000,1.074636
108,18.133333,11.533333,13.770000,0.000000,1.101531
109,18.133333,11.666667,13.802000,0.000000,1.103134
110,18.133333,11.733333,13.820000,0.000000,1.071052
111,18.133333,11.566667,13.740000,0.000000,1.031700
112,18.133333,11.566667,13.829333,0.000000,1.078468
113,18.133333,11.566667,13.804667,0.000000,1.058114
114,18.133333,11.633333,13.815333,0.000000,1.074371
115,18.133333,11.600000,13.802000,0.000000,1.073715
116,18.133333,11.566667,13.833333,0.000000,1.089101
117,18.133333,11.600000,13.797333,0.000000,1.065643
118,18.133333,11.533333,13.806667,0.000000,1.044273
119,18.133333,11.566667,13.832667,0.000000,1.094536
120,18.166667,11.766667,13.867333,0.000000,1.073778
121,18.166667,11.633333,13.825333,0.000000,1.053069
122,18.166667,11.633333,13.774000,0.000000,1.084734
123,18.166667,11.633333,13.756667,0.000000,1.066737
124,18.166667,11.633333,13.772667,0.000000,1.076069
125,18.166667,11.633333,13.804000,0.000000,1.046029
126,18.166667,11.566667,13.834000,0.000000,1.063186
127,18.166667,11.666667,13.816000,0.000000,1.081243
128,18.166667,11.500000,13.796667,0.000000,1.045677
129,18.166667,11.466667,13.795333,0.000000,1.059880
130,18.166667,11.566667,13.820667,0.000000,1.077302
131,18.166667,11.533333,13.813333,0.000000,1.110715
132,18.166667,11.533333,13.780000,0.000000,1.089024
133,18.166667,11.466667,13.765333,0.000000,1.075550
134,18.166667,11.500000,13.824667,0.000000,1.096283
135,18.166667,11.666667,13.777333,0.000000,1.047830
136,18.166667,11.500000,13.839333,0.000000,1.111197
137,18.166667,11.566667,13.808000,0.000000,1.049661
138,18.166667,11.733333,13.790000,0.000000,1.071315
139,18.166667,11.666667,13.831333,0.000000,1.037258
140,18.166667,11.500000,13.810000,0.000000,1.069207
141,18.166667,11.566667,13.859333,0.000000,1.093976
142,18.166667,11.633333,13.772667,0.000000,1.053766
143,18.166667,11.600000,13.770000,0.000000,1.034834
144,18.166667,11.700000,13.781333,0.000000,1.048971
145,18.166667,11.500000,13.784000,0.000000,1.042495
146,18.166667,11.666667,13.869333,0.000000,1.076090
147,18.166667,11.633333,13.808000,0.000000,1.075180
148,18.166667,11.566667,13.805333,0.000000,1.101578
149,18.166667,11.633333,13.823333,0.000000,1.108397
150,18.166667,11.633333,13.838667,0.000000,1.067140
151,18.166667,11.533333,13.818000,0.000000,1.113458
152,18.166667,11.566667,13.824667,0.000000,1.045925
153,18.166667,11.600000,13.780667,0.000000,1.074038
154,18.166667,11.666667,13.818667,0.000000,1.082473
155,18.166667,11.633333,13.784667,0.000000,1.053012
156,18.166667,11.500000,13.800000,0.000000,1.071624
157,18.166667,11.566667,13.818667,0.000000,1.113598
158,18.166667,11.400000,13.805333,0.000000,1.111074
159,18.166667,11.666667,13.758667,0.000000,1.056273
160,18.166667,11.533333,13.773333,0.000000,1.064697
161,18.166667,11.766667,13.838000,0.000000,1.060583
162,18.166667,11.633333,13.829333,0.000000,1.073104
163,18.166667,11.500000,13.786667,0.000000,1.088458
164,18.166667,11.600000,13.806000,0.000000,1.088141
165,18.166667,11.633333,13.779333,0.000000,1.098063
166,18.166667,11.633333,13.839333,0.000000,1.116325
167,18.166667,11.700000,13.880000,0.000000,1.073626
168,18.166667,11.433333,13.765333,0.000000,1.097786
169,18.166667,11.600000,13.778000,0.000000,1.039915
170,18.166667,11.733333,13.845333,0.000000,1.038576
171,18.166667,11.700000,13.856000,0.000000,1.072509
172,18.166667,11.633333,13.799333,0.000000,1.048469
173,18.166667,11.566667,13.813333,0.000000,1.103504
174,18.166667,11.533333,13.809333,0.000000,1.067379
175,18.166667,11.533333,13.771333,0.000000,1.093777
176,18.166667,11.433333,13.804667,0.000000,1.075084
177,18.166667,11.733333,13.778000,0.000000,1.046374
178,18.166667,11.766667,13.774000,0.000000,1.053930
179,18.166667,11.500000,13.828000,0.000000,1.067361
180,18.166667,11.500000,13.850000,0.000000,1.080564
181,18.166667,11.633333,13.775333,0.000000,1.060342
182,18.200000,11.666667,13.832000,0.000000,1.089823
183,18.200000,11.600000,13.779333,0.000000,1.064438
184,18.200000,11.566667,13.846667,0.000000,1.056929
185,18.200000,11.633333,13.811333,0.000000,1.055707
186,18.200000,11.633333,13.830667,0.000000,1.069988
187,18.200000,11.700000,13.794667,0.000000,1.063172
188,18.200000,11.400000,13.772000,0.000000,1.078819
189,18.200000,11.566667,13.801333,0.000000,1.103375
190,18.200000,11.700000,13.788667,0.000000,1.079188
191,18.200000,11.566667,13.800667,0.000000,1.089971
192,18.200000,11.500000,13.831333,0.000000,1.114363
193,18.233333,11.533333,13.854000,0.000000,1.098174
194,18.233333,11.600000,13.804667,0.000000,1.047984
195,18.233333,11.633333,13.804000,0.000000,1.086687
196,18.233333,11.566667,13.874000,0.000000,1.073736
197,18.233333,11.733333,13.849333,0.000000,1.053957
198,18.233333,11.700000,13.805333,0.000000,1.075693
199,18.233333,11.633333,13.784667,0.000000,1.071844
200,18.233333,11.533333,13.851333,0.000000,1.094523
201,18.233333,11.700000,13.859333,0.000000,1.063454
202,18.233333,11.600000,13.804000,0.000000,1.069834
203,18.233333,11.566667,13.776000,0.000000,1.077463
204,18.233333,11.500000,13.849333,0.000000,1.080397
205,18.233333,11.866667,13.805333,0.000000,1.051620
206,18.233333,11.566667,13.831333,0.000000,1.096522
207,18.233333,11.566667,13.799333,0.000000,1.074856
208,18.233333,11.700000,13.816667,0.000000,1.057471
209,18.233333,11.466667,13.762000,0.000000,1.081476
210,18.233333,11.400000,13.807333,0.000000,1.101795
211,18.233333,11.466667,13.790000,0.000000,1.071702
212,18.233333,11.733333,13.853333,0.000000,1.081424
213,18.233333,11.500000,13.802667,0.000000,1.090372
214,18.233333,11.466667,13.800000,0.000000,1.085125
215,18.233333,11.733333,13.825333,0.000000,1.072976
216,18.233333,11.600000,13.766667,0.000000,1.075917
217,18.233333,11.700000,13.810000,0.000000,1.075410
218,18.233333,11.566667,13.716000,0.000000,1.062054
219,18.233333,11.633333,13.816667,0.000000,1.024386
220,18.233333,11.466667,13.810000,0.000000,1.055720
221,18.233333,11.666667,13.773333,0.000000,1.071092
222,18.233333,11.700000,13.820000,0.000000,1.053155
223,18.233333,11.600000,13.819333,0.000000,1.084683
224,18.233333,11.666667,13.761333,0.000000,1.052714
225,18.233333,11.533333,13.770000,0.000000,1.095492
226,18.233333,11.666667,13.794000,0.000000,1.068958
227,18.233333,11.466667,13.779333,0.000000,1.092263
228,18.233333,11.600000,13.752667,0.000000,1.081093
229,18.233333,11.533333,13.760000,0.000000,1.028585
230,18.233333,11.633333,13.846667,0.000000,1.074918
231,18.233333,11.500000,13.832667,0.000000,1.063804
232,18.233333,11.566667,13.819333,0.000000,1.073909
233,18.233333,11.466667,13.780667,0.000000,1.086657
234,18.233333,11.600000,13.823333,0.000000,1.055282
235,18.233333,11.533333,13.791333,0.000000,1.049891
236,18.233333,11.533333,13.760667,0.000000,1.093926
237,18.233333,11.666667,13.804000,0.000000,1.053458
238,18.233333,11.533333,13.799333,0.000000,1.073483
239,18.233333,11.533333,13.858667,0.000000,1.071382
240,18.233333,11.633333,13.812667,0.000000,1.072552
241,18.266667,11.500000,13.788000,0.000000,1.114828
242,18.266667,11.600000,13.754000,0.000000,1.062150
243,18.266667,11.700000,13.814667,0.000000,1.076778
244,18.266667,11.600000,13.799333,0.000000,1.083127
245,18.266667,11.533333,13.749333,0.000000,1.069069
246,18.266667,11.500000,13.780000,0.000000,1.071367
247,18.266667,11.633333,13.798667,0.000000,1.020864
248,18.266667,11.633333,13.900000,0.000000,1.058989
249,18.266667,11.633333,13.837333,0.000000,1.059437
250,18.266667,11.600000,13.806000,0.000000,1.073681
251,18.266667,11.600000,13.796000,0.000000,1.071827
252,18.266667,11.433333,13.794000,0.000000,1.083408
253,18.266667,11.533333,13.804000,0.000000,1.063044
254,18.266667,11.733333,13.824000,0.000000,1.065485
255,18.266667,11.533333,13.819333,0.000000,1.091179
256,18.266667,11.700000,13.821333,0.000000,1.060998
257,18.266667,11.533333,13.785333,0.000000,1.077243
258,18.266667,11.633333,13.836000,0.000000,1.064559
259,18.266667,11.600000,13.801333,0.000000,1.081628
260,18.266667,11.566667,13.807333,0.000000,1.058149
261,18.266667,11.466667,13.777333,0.000000,1.088357
262,18.266667,11.800000,13.876667,0.000000,1.055469
263,18.266667,11.633333,13.798000,0.000000,1.024875
264,18.266667,11.700000,13.813333,0.000000,1.077246
265,18.266667,11.700000,13.828667,0.000000,1.061384
266,18.266667,11.466667,13.772667,0.000000,1.095724
267,18.266667,11.466667,13.781333,0.000000,1.102483
268,18.266667,11.800000,13.800667,0.000000,1.074753
269,18.266667,11.800000,13.840000,0.000000,1.068992
270,18.266667,11.666667,13.791333,0.000000,1.050565
271,18.266667,11.466667,13.808667,0.000000,1.077201
272,18.266667,11.700000,13.798667,0.000000,1.068824
273,18.266667,11.700000,13.817333,0.000000,1.104501
274,18.266667,11.700000,13.816667,0.000000,1.085547
275,18.266667,11.666667,13.791333,0.000000,1.073315
276,18.266667,11.533333,13.781333,0.000000,1.065797
277,18.266667,11.700000,13.747333,0.000000,1.095078
278,18.266667,11.666667,13.778000,0.000000,1.078339
279,18.266667,11.500000,13.786667,0.000000,1.075204
280,18.266667,11.633333,13.774000,0.000000,1.073132
281,18.266667,11.600000,13.806000,0.000000,1.068747
282,18.266667,11.433333,13.751333,0.000000,1.091249
283,18.266667,11.466667,13.788667,0.000000,1.099563
284,18.266667,11.500000,13.765333,0.000000,1.088441
285,18.266667,11.566667,13.821333,0.000000,1.079742
286,18.266667,11.700000,13.829333,0.000000,1.098445
287,18.266667,11.533333,13.839333,0.000000,1.068170
288,18.266667,11.666667,13.879333,0.000000,1.098504
289,18.266667,11.400000,13.800000,0.000000,1.106847
290,18.266667,11.633333,13.826000,0.000000,1.063304
291,18.266667,11.666667,13.778667,0.000000,1.019020
292,18.266667,11.633333,13.786667,0.000000,1.038400
293,18.266667,11.633333,13.793333,0.000000,1.039669
294,18.266667,11.400000,13.768000,0.000000,1.089367
295,18.266667,11.733333,13.864000,0.000000,1.076176
296,18.266667,11.533333,13.758667,0.000000,1.092139
297,18.266667,11.733333,13.779333,0.000000,1.081845
298,18.266667,11.533333,13.814000,0.000000,1.077136
299,18.266667,11.500000,13.814000,0.000000,1.072069
300,18.266667,11.800000,13.828667,0.000000,1.032772
301,18.266667,11.666667,13.780667,0.000000,1.072003
302,18.266667,11.600000,13.835333,0.000000,1.078559
303,18.266667,11.333333,13.763333,0.000000,1.111843
304,18.266667,11.500000,13.802000,0.000000,1.097934
305,18.266667,11.500000,13.810000,0.000000,1.071930
306,18.266667,11.500000,13.768000,0.000000,1.087486
307,18.266667,11.566667,13.797333,0.000000,1.057060
308,18.266667,11.700000,13.815333,0.000000,1.057626
309,18.266667,11.566667,13.778000,0.000000,1.088381
310,18.266667,11.600000,13.788667,0.000000,1.055226
311,18.266667,11.766667,13.799333,0.000000,1.061771
312,18.266667,11.633333,13.807333,0.000000,1.076883
313,18.266667,11.633333,13.780000,0.000000,1.026910
314,18.266667,11.700000,13.810000,0.000000,1.061307
315,18.266667,11.600000,13.777333,0.000000,1.073410
316,18.266667,11.466667,13.804667,0.000000,1.113561
317,18.266667,11.633333,13.780667,0.000000,1.061111
318,18.266667,11.566667,13.784000,0.000000,1.096271
319,18.266667,11.733333,13.805333,0.000000,1.060519
320,18.266667,11.566667,13.809333,0.000000,1.073038
321,18.266667,11.600000,13.793333,0.000000,1.080192
322,18.266667,11.700000,13.803333,0.000000,1.055378
323,18.266667,11.533333,13.818667,0.000000,1.080565
324,18.266667,11.700000,13.775333,0.000000,1.039487
325,18.266667,11.566667,13.794000,0.000000,1.076301
326,18.266667,11.700000,13.794000,0.000000,1.047544
327,18.266667,11.566667,13.802000,0.000000,1.073821
328,18.266667,11.600000,13.846667,0.000000,1.050665
329,18.266667,11.566667,13.857333,0.000000,1.065211
330,18.266667,11.566667,13.825333,0.000000,1.067054
331,18.266667,11.700000,13.816667,0.000000,1.079501
332,18.266667,11.433333,13.837333,0.000000,1.110745
333,18.266667,11.633333,13.819333,0.000000,1.082913
334,18.266667,11.533333,13.758000,0.000000,1.091818
335,18.266667,11.700000,13.838000,0.000000,1.084210
336,18.266667,11.766667,13.836667,0.000000,1.049830
337,18.266667,11.533333,13.782000,0.000000,1.057863
338,18.266667,11.666667,13.832667,0.000000,1.041595
339,18.266667,11.700000,13.791333,0.000000,1.073730
340,18.266667,11.666667,13.769333,0.000000,1.047698
341,18.266667,11.533333,13.775333,0.000000,1.083599
342,18.266667,11.600000,13.802667,0.000000,1.070860
343,18.266667,11.633333,13.781333,0.000000,1.076628
344,18.266667,11.766667,13.794000,0.000000,1.070726
345,18.266667,11.733333,13.822667,0.000000,1.075411
346,18.266667,11.533333,13.830667,0.000000,1.047391
347,18.300000,11.500000,13.785333,0.000000,1.062106
348,18.300000,11.533333,13.846000,0.000000,1.085853
349,18.300000,11.633333,13.825333,0.000000,1.073123
350,18.300000,11.733333,13.800667,0.000000,1.062763
351,18.300000,11.800000,13.834667,0.000000,1.075917
352,18.300000,11.666667,13.824667,0.000000,1.078641
353,18.300000,11.733333,13.820000,0.000000,1.065999
354,18.300000,11.566667,13.798000,0.000000,1.072641
355,18.300000,11.433333,13.778000,0.000000,1.032694
356,18.300000,11.433333,13.758000,0.000000,1.113823
357,18.300000,11.533333,13.805333,0.000000,1.068973
358,18.300000,11.600000,13.820667,0.000000,1.032621
359,18.300000,11.500000,13.795333,0.000000,1.052333
360,18.300000,11.666667,13.787333,0.000000,1.063902
361,18.300000,11.566667,13.800667,0.000000,1.080565
362,18.300000,11.533333,13.846000,0.000000,1.057834
363,18.300000,11.533333,13.784000,0.000000,1.046750
364,18.300000,11.633333,13.821333,0.000000,1.078606
365,18.300000,11.566667,13.861333,0.000000,1.055025
366,18.300000,11.666667,13.726000,0.000000,1.058971
367,18.300000,11.700000,13.788000,0.000000,1.044959
368,18.300000,11.500000,13.838667,0.000000,1.086248
369,18.300000,11.400000,13.746000,0.000000,1.075110
370,18.300000,11.600000,13.798667,0.000000,1.051885
371,18.300000,11.566667,13.820667,0.000000,1.088378
372,18.300000,11.700000,13.800667,0.000000,1.057752
373,18.300000,11.633333,13.841333,0.000000,1.064630
374,18.300000,11.566667,13.814000,0.000000,1.100499
375,18.300000,11.433333,13.768000,0.000000,1.081582
376,18.300000,11.600000,13.824667,0.000000,1.061632
377,18.300000,11.766667,13.827333,0.000000,1.086904
378,18.300000,11.700000,13.792000,0.000000,1.074601
379,18.300000,11.500000,13.808000,0.000000,1.079403
380,18.300000,11.566667,13.859333,0.000000,1.068246
381,18.300000,11.533333,13.814667,0.000000,1.060989
382,18.300000,11.733333,13.808667,0.000000,1.071541
383,18.300000,11.800000,13.810000,0.000000,1.066440
384,18.300000,11.500000,13.778667,0.000000,1.093504
385,18.300000,11.666667,13.811333,0.000000,1.058547
386,18.300000,11.500000,13.798667,0.000000,1.092721
387,18.300000,11.566667,13.808667,0.000000,1.108646
388,18.300000,11.633333,13.848000,0.000000,1.092557
389,18.300000,11.700000,13.840000,0.000000,1.096889
390,18.300000,11.500000,13.787333,0.000000,1.042395
391,18.300000,11.633333,13.852000,0.000000,1.096682
392,18.300000,11.433333,13.822000,0.000000,1.107166
393,18.300000,11.600000,13.773333,0.000000,1.064759
394,18.300000,11.633333,13.800667,0.000000,1.073459
395,18.300000,11.500000,13.788667,0.000000,1.102773
396,18.300000,11.666667,13.801333,0.000000,1.064934
397,18.300000,11.566667,13.832000,0.000000,1.101538
398,18.300000,11.666667,13.862667,0.000000,1.075367
399,18.300000,11.700000,13.803333,0.000000,1.095153
400,18.300000,11.600000,13.758000,0.000000,1.074488
401,18.300000,11.600000,13.794667,0.000000,1.080045
402,18.300000,11.766667,13.828000,0.000000,1.081092
403,18.300000,11.666667,13.854667,0.000000,1.067900
404,18.300000,11.766667,13.824667,0.000000,1.067588
405,18.300000,11.633333,13.795333,0.000000,1.066987
406,18.300000,11.600000,13.818000,0.000000,1.101891
407,18.300000,11.500000,13.822000,0.000000,1.068886
408,18.300000,11.566667,13.797333,0.000000,1.061058
409,18.300000,11.600000,13.798000,0.000000,1.100794
410,18.300000,11.666667,13.804000,0.000000,1.058428
411,18.300000,11.500000,13.749333,0.000000,1.128294
412,18.300000,11.633333,13.840667,0.000000,1.073558
413,18.300000,11.600000,13.807333,0.000000,1.079898
414,18.300000,11.633333,13.807333,0.000000,1.087246
415,18.300000,11.633333,13.792000,0.000000,1.044932
416,18.300000,11.666667,13.840000,0.000000,1.076171
417,18.300000,11.700000,13.831333,0.000000,1.060760
418,18.300000,11.700000,13.844000,0.000000,1.094913
419,18.300000,11.700000,13.788000,0.000000,1.073666
420,18.300000,11.666667,13.850000,0.000000,1.095728
421,18.300000,11.466667,13.789333,0.000000,1.032690
422,18.300000,11.633333,13.813333,0.000000,1.049909
423,18.300000,11.533333,13.813333,0.000000,1.070194
424,18.300000,11.666667,13.828000,0.000000,1.076954
425,18.300000,11.500000,13.783333,0.000000,1.088820
426,18.300000,11.766667,13.785333,0.000000,1.076539
427,18.300000,11.500000,13.823333,0.000000,1.086953
428,18.300000,11.566667,13.803333,0.000000,1.053550
429,18.300000,11.633333,13.852667,0.000000,1.093330
430,18.300000,11.633333,13.824667,0.000000,1.065377
431,18.300000,11.500000,13.796667,0.000000,1.089163
432,18.300000,11.733333,13.849333,0.000000,1.094929
433,18.300000,11.533333,13.785333,0.000000,1.063303
434,18.300000,11.466667,13.792667,0.000000,1.043776
435,18.300000,11.600000,13.794000,0.000000,1.085847
436,18.300000,11.600000,13.778667,0.000000,1.060481
437,18.300000,11.633333,13.801333,0.000000,1.065863
438,18.300000,11.600000,13.862000,0.000000,1.054555
439,18.333333,11.466667,13.778667,0.000000,1.097575
440,18.333333,11.633333,13.812667,0.000000,1.066504
441,18.333333,11.633333,13.876000,0.000000,1.044602
442,18.333333,11.533333,13.792000,0.000000,1.093209
443,18.333333,11.600000,13.706667,0.000000,1.093972
444,18.333333,11.500000,13.830667,0.000000,1.088418
445,18.333333,11.466667,13.798000,0.000000,1.072577
446,18.333333,11.666667,13.798667,0.000000,1.054847
447,18.333333,11.700000,13.836000,0.000000,1.066644
448,18.333333,11.533333,13.802667,0.000000,1.095710
449,18.333333,11.533333,13.788667,0.000000,1.052669
450,18.333333,11.733333,13.832667,0.000000,1.066502
451,18.333333,11.533333,13.815333,0.000000,1.099767
452,18.333333,11.600000,13.808000,0.000000,1.093877
453,18.333333,11.600000,13.786667,0.000000,1.067671
454,18.333333,11.633333,13.817333,0.000000,1.077085
455,18.333333,11.500000,13.784667,0.000000,1.068035
456,18.333333,11.733333,13.839333,0.000000,1.070757
457,18.333333,11.733333,13.809333,0.000000,1.075375
458,18.333333,11.600000,13.862000,0.000000,1.076605
459,18.333333,11.600000,13.752000,0.000000,1.082139
460,18.333333,11.466667,13.778000,0.000000,1.083769
461,18.333333,11.533333,13.842667,0.000000,1.097307
462,18.333333,11.433333,13.791333,0.000000,1.068412
463,18.333333,11.733333,13.782667,0.000000,1.071673
464,18.333333,11.633333,13.797333,0.000000,1.103546
465,18.333333,11.566667,13.794000,0.000000,1.104894
466,18.333333,11.533333,13.833333,0.000000,1.096640
467,18.333333,11.566667,13.799333,0.000000,1.067710
468,18.333333,11.566667,13.790667,0.000000,1.063451
469,18.333333,11.600000,13.803333,0.000000,1.073101
470,18.333333,11.666667,13.791333,0.000000,1.099130
471,18.333333,11.666667,13.827333,0.000000,1.081109
472,18.333333,11.433333,13.784000,0.000000,1.088113
473,18.333333,11.500000,13.812000,0.000000,1.061100
474,18.366667,11.566667,13.802000,0.000000,1.100722
475,18.366667,11.666667,13.867333,0.000000,1.068100
476,18.366667,11.633333,13.810667,0.000000,1.045839
477,18.366667,11.733333,13.816000,0.000000,1.063154
478,18.366667,11.566667,13.822000,0.000000,1.084776
479,18.366667,11.400000,13.808667,0.000000,1.102859
480,18.366667,11.533333,13.832000,0.000000,1.100077
481,18.366667,11.533333,13.786667,0.000000,1.087703
482,18.366667,11.666667,13.840667,0.000000,1.072864
483,18.366667,11.466667,13.772667,0.000000,1.086862
484,18.366667,11.700000,13.790000,0.000000,1.070052
485,18.366667,11.600000,13.854667,0.000000,1.087296
486,18.366667,11.633333,13.802000,0.000000,1.082477
487,18.366667,11.566667,13.805333,0.000000,1.078855
488,18.366667,11.600000,13.831333,0.000000,1.056716
489,18.400000,11.566667,13.782000,0.000000,1.083254
490,18.400000,11.500000,13.777333,0.000000,1.100169
491,18.400000,11.400000,13.810000,0.000000,1.063819
492,18.400000,11.633333,13.799333,0.000000,1.089603
493,18.400000,11.533333,13.799333,0.000000,1.041157
494,18.400000,11.400000,13.848667,0.000000,1.084326
495,18.400000,11.466667,13.852667,0.000000,1.130022
496,18.400000,11.466667,13.766000,0.000000,1.092854
497,18.433333,11.666667,13.776000,0.000000,1.089368
498,18.433333,11.566667,13.825333,0.000000,1.103131
499,18.433333,11.566667,13.818000,0.000000,1.064937
500,18.433333,11.333333,13.782667,0.000000,1.106065
BestSdev: 0.235173, Time: 23m35.343888678s