gen,best,worst,mean,rep,sdev
1,16.533333,11.233333,13.811333,0.000000,1.087276
2,17.000000,11.333333,13.816000,0.000000,1.100094
3,17.033333,11.400000,13.786333,0.000000,1.109619
4,17.233333,11.433333,13.830333,0.000000,1.106309
5,17.300000,11.200000,13.806000,0.000000,1.116142
6,17.300000,11.266667,13.808667,0.000000,1.067604
7,17.366667,11.300000,13.774667,0.000000,1.092918
8,17.400000,11.400000,13.824000,0.000000,1.082229
9,17.533333,11.500000,13.801333,0.000000,1.085733
10,17.533333,11.200000,13.792000,0.000000,1.079505
11,17.533333,11.266667,13.789667,0.000000,1.070657
12,17.533333,11.366667,13.786667,0.000000,1.095868
13,17.600000,11.233333,13.816667,0.000000,1.085858
14,17.666667,11.400000,13.799333,0.000000,1.076804
15,17.700000,11.500000,13.808000,0.000000,1.101110
16,17.700000,11.566667,13.814000,0.000000,1.072934
17,17.766667,11.233333,13.807333,0.000000,1.099829
18,17.766667,11.133333,13.800667,0.000000,1.080499
19,17.766667,11.333333,13.792000,0.000000,1.062806
20,17.766667,11.366667,13.788000,0.000000,1.090085
21,17.766667,11.233333,13.811667,0.000000,1.081483
22,17.766667,11.400000,13.806667,0.000000,1.097681
23,17.800000,11.333333,13.817333,0.000000,1.063612
24,17.800000,11.300000,13.842667,0.000000,1.094318
25,17.833333,11.233333,13.816333,0.000000,1.076582
26,17.866667,11.333333,13.812333,0.000000,1.082384
27,17.900000,11.366667,13.796333,0.000000,1.080282
28,17.900000,11.433333,13.807333,0.000000,1.038070
29,17.900000,11.466667,13.805333,0.000000,1.097611
30,17.900000,11.333333,13.786667,0.000000,1.088080
31,17.933333,11.366667,13.784000,0.000000,1.108266
32,17.933333,11.366667,13.814667,0.000000,1.094984
33,17.933333,11.566667,13.807333,0.000000,1.062776
34,17.933333,11.333333,13.815333,0.000000,1.084867
35,17.966667,11.400000,13.838333,0.000000,1.090690
36,17.966667,11.200000,13.769000,0.000000,1.085673
37,17.966667,11.366667,13.835000,0.000000,1.066749
38,17.966667,11.333333,13.783333,0.000000,1.066910
39,17.966667,11.533333,13.826333,0.000000,1.067540
40,17.966667,11.400000,13.792333,0.000000,1.059970
41,17.966667,11.333333,13.772333,0.000000,1.054787
42,17.966667,11.333333,13.843667,0.000000,1.099236
43,18.033333,11.466667,13.822000,0.000000,1.076894
44,18.033333,11.433333,13.811000,0.000000,1.067720
45,18.066667,11.433333,13.809000,0.000000,1.070945
46,18.066667,11.566667,13.774000,0.000000,1.065403
47,18.100000,11.200000,13.810333,0.000000,1.093295
48,18.100000,11.300000,13.798333,0.000000,1.088162
49,18.100000,11.466667,13.828000,0.000000,1.073194
50,18.100000,11.233333,13.804333,0.000000,1.090076
BestSdev: 0.322438, Time: 4m35.561904443s