gen,best,worst,mean,rep,sdev
1,16.666667,11.333333,13.777000,0.000000,1.084512
2,16.933333,11.200000,13.792000,0.000000,1.110127
3,17.033333,11.400000,13.786667,0.000000,1.090007
4,17.166667,11.333333,13.829000,0.000000,1.078973
5,17.266667,11.266667,13.784000,0.000000,1.069926
6,17.333333,11.266667,13.851000,0.000000,1.098115
7,17.333333,11.433333,13.795667,0.000000,1.070524
8,17.366667,11.366667,13.806667,0.000000,1.087334
9,17.400000,11.366667,13.802667,0.000000,1.080168
10,17.400000,11.400000,13.797333,0.000000,1.075913
11,17.466667,11.433333,13.778000,0.000000,1.069769
12,17.466667,11.100000,13.788667,0.000000,1.095808
13,17.466667,11.333333,13.812333,0.000000,1.093320
14,17.566667,11.433333,13.803667,0.000000,1.077764
15,17.600000,11.433333,13.803000,0.000000,1.065351
16,17.600000,11.366667,13.786667,0.000000,1.085893
17,17.600000,11.266667,13.817000,0.000000,1.096975
18,17.600000,11.233333,13.838667,0.000000,1.091526
19,17.666667,11.433333,13.775000,0.000000,1.065726
20,17.700000,11.433333,13.849667,0.000000,1.086317
21,17.733333,11.433333,13.784333,0.000000,1.078321
22,17.733333,11.200000,13.777333,0.000000,1.061818
23,17.733333,11.266667,13.822333,0.000000,1.077845
24,17.733333,11.366667,13.780667,0.000000,1.080484
25,17.800000,11.366667,13.814333,0.000000,1.072073
26,17.800000,11.333333,13.802667,0.000000,1.049899
27,17.800000,11.433333,13.792667,0.000000,1.088412
28,17.833333,11.333333,13.807333,0.000000,1.059039
29,17.833333,11.400000,13.841667,0.000000,1.073588
30,17.866667,11.100000,13.819667,0.000000,1.081422
31,17.900000,11.300000,13.827333,0.000000,1.101137
32,17.900000,11.233333,13.795667,0.000000,1.095945
33,17.900000,11.366667,13.791333,0.000000,1.083050
34,17.933333,11.266667,13.816000,0.000000,1.110288
35,17.933333,11.366667,13.762333,0.000000,1.051746
36,17.933333,11.466667,13.805667,0.000000,1.064036
37,17.933333,11.166667,13.791000,0.000000,1.092696
38,17.966667,11.366667,13.759333,0.000000,1.092205
39,17.966667,11.200000,13.788000,0.000000,1.091329
40,17.966667,11.200000,13.804333,0.000000,1.076810
41,17.966667,11.333333,13.802667,0.000000,1.069370
42,18.000000,11.300000,13.821333,0.000000,1.079823
43,18.000000,11.466667,13.808333,0.000000,1.053898
44,18.033333,11.366667,13.780333,0.000000,1.074229
45,18.033333,11.333333,13.810000,0.000000,1.104115
46,18.100000,11.233333,13.800000,0.000000,1.074954
47,18.100000,11.233333,13.789333,0.000000,1.063895
48,18.100000,11.200000,13.770333,0.000000,1.107659
49,18.100000,11.366667,13.790333,0.000000,1.092076
50,18.100000,11.333333,13.779333,0.000000,1.072278
BestSdev: 0.324776, Time: 4m34.600756411s