gen,best,worst,mean,rep,sdev
1,31.566667,12.066667,20.694667,0.000000,3.643321
2,32.500000,12.200000,20.800667,0.000000,3.648248
3,32.633333,11.700000,20.735333,0.000000,3.582325
4,33.100000,11.833333,20.822000,0.000000,3.657734
5,33.266667,12.200000,20.730167,0.000000,3.572342
6,33.433333,12.066667,20.720667,0.000000,3.603286
7,33.600000,11.566667,20.700833,0.000000,3.600674
8,33.866667,11.866667,20.691167,0.000000,3.580600
9,33.866667,12.400000,20.764167,0.000000,3.599895
10,33.933333,12.066667,20.802500,0.000000,3.593698
11,34.100000,12.100000,20.762833,0.000000,3.631974
12,34.300000,12.500000,20.657000,0.000000,3.554486
13,34.400000,12.100000,20.651333,0.000000,3.624459
14,34.433333,11.533333,20.759500,0.000000,3.668131
15,34.566667,12.000000,20.641000,0.000000,3.581649
16,34.600000,11.933333,20.606333,0.000000,3.536918
17,34.633333,12.166667,20.814667,0.000000,3.589042
18,34.733333,11.800000,20.718000,0.000000,3.583521
19,34.733333,11.966667,20.748833,0.000000,3.616915
20,34.966667,11.933333,20.672167,0.000000,3.632325
BestSdev: 0.867901, Time: 4m13.816995925s