gen,best,worst,mean,rep,sdev
1,27.633333,14.533333,20.961667,0.000000,3.473672
2,29.366667,14.600000,20.890000,0.000000,3.622830
3,30.200000,14.600000,20.828333,0.000000,3.572527
4,30.700000,14.466667,20.975000,0.000000,3.540950
5,30.733333,13.966667,20.555000,0.000000,3.551550
6,30.866667,14.733333,20.683333,0.000000,3.448085
7,30.900000,15.100000,20.841667,0.000000,3.437836
8,31.100000,14.166667,20.703333,0.000000,3.666100
9,31.133333,14.733333,20.730000,0.000000,3.367015
10,31.266667,14.966667,20.815000,0.000000,3.366559
11,31.566667,14.666667,20.766667,0.000000,3.610553
12,31.600000,14.200000,20.675000,0.000000,3.563896
13,31.700000,14.466667,21.016667,0.000000,3.601559
14,31.866667,14.333333,20.756667,0.000000,3.449929
15,31.933333,14.633333,20.805000,0.000000,3.435225
16,32.033333,14.700000,20.620000,0.000000,3.379625
17,32.033333,14.400000,20.455000,0.000000,3.517080
18,32.033333,14.333333,20.403333,0.000000,3.483520
19,32.033333,14.533333,20.770000,0.000000,3.438658
20,32.233333,14.400000,20.938333,0.000000,3.655966
21,32.233333,14.500000,20.528333,0.000000,3.455877
22,32.266667,14.600000,20.710000,0.000000,3.508246
23,32.300000,14.233333,20.816667,0.000000,3.446864
24,32.500000,14.366667,20.568333,0.000000,3.508391
25,32.500000,14.333333,20.691667,0.000000,3.424737
26,32.500000,14.266667,20.518333,0.000000,3.293117
27,32.566667,14.433333,20.708333,0.000000,3.423315
28,32.600000,14.600000,20.826667,0.000000,3.495813
29,32.666667,14.800000,20.841667,0.000000,3.531905
30,32.700000,14.566667,20.516667,0.000000,3.605044
31,32.800000,14.833333,20.860000,0.000000,3.460741
32,32.833333,14.666667,20.895000,0.000000,3.620834
33,32.833333,14.633333,20.625000,0.000000,3.375738
34,32.833333,14.200000,20.570000,0.000000,3.381336
35,32.900000,14.700000,20.713333,0.000000,3.453485
36,32.900000,14.766667,20.608333,0.000000,3.379883
37,32.966667,14.400000,20.778333,0.000000,3.499748
38,32.966667,14.433333,20.796667,0.000000,3.647094
39,32.966667,14.366667,20.863333,0.000000,3.521910
40,33.200000,14.500000,20.660000,0.000000,3.482142
41,33.333333,14.033333,20.600000,0.000000,3.513350
42,33.366667,14.033333,20.783333,0.000000,3.571579
43,33.366667,13.966667,20.513333,0.000000,3.570169
44,33.533333,14.433333,20.700000,0.000000,3.580592
45,33.600000,14.700000,20.506667,0.000000,3.358784
46,33.600000,14.300000,20.790000,0.000000,3.589787
47,33.600000,14.533333,20.803333,0.000000,3.596924
48,33.600000,14.833333,20.743333,0.000000,3.445579
49,33.600000,14.300000,20.803333,0.000000,3.513667
50,33.600000,14.533333,20.611667,0.000000,3.276055
51,33.600000,14.400000,20.646667,0.000000,3.350987
52,33.600000,14.300000,20.666667,0.000000,3.480781
53,33.600000,14.633333,20.520000,0.000000,3.329896
54,33.633333,14.666667,20.886667,0.000000,3.503262
55,33.633333,14.766667,20.926667,0.000000,3.467644
56,33.766667,14.400000,21.038333,0.000000,3.574253
57,33.766667,14.500000,20.908333,0.000000,3.640176
58,33.766667,14.766667,20.750000,0.000000,3.352767
59,33.766667,14.700000,20.608333,0.000000,3.370566
60,33.766667,14.566667,21.006667,0.000000,3.558089
61,33.866667,14.666667,20.650000,0.000000,3.512048
62,33.866667,14.200000,20.721667,0.000000,3.421149
63,33.866667,14.433333,20.746667,0.000000,3.499391
64,33.866667,14.666667,20.853333,0.000000,3.577956
65,33.933333,14.800000,20.831667,0.000000,3.492461
66,33.933333,14.500000,20.765000,0.000000,3.509197
67,33.966667,14.300000,20.560000,0.000000,3.524210
68,33.966667,14.066667,20.598333,0.000000,3.467088
69,34.000000,14.433333,20.760000,0.000000,3.616422
70,34.000000,14.833333,20.838333,0.000000,3.362643
71,34.000000,14.800000,20.850000,0.000000,3.475647
72,34.000000,14.600000,20.683333,0.000000,3.563576
73,34.033333,14.900000,20.798333,0.000000,3.476538
74,34.033333,14.400000,20.798333,0.000000,3.701817
75,34.033333,14.866667,20.871667,0.000000,3.471547
76,34.033333,14.466667,20.928333,0.000000,3.545674
77,34.033333,14.666667,20.831667,0.000000,3.505782
78,34.033333,14.700000,20.753333,0.000000,3.545103
79,34.033333,13.933333,20.595000,0.000000,3.481616
80,34.033333,14.366667,20.740000,0.000000,3.399588
81,34.066667,14.400000,20.698333,0.000000,3.585358
82,34.066667,14.333333,20.633333,0.000000,3.331434
83,34.066667,14.633333,20.795000,0.000000,3.620031
84,34.066667,14.466667,20.815000,0.000000,3.516933
85,34.066667,14.400000,20.936667,0.000000,3.426038
86,34.100000,13.866667,20.508333,0.000000,3.505847
87,34.100000,14.200000,20.856667,0.000000,3.564719
88,34.100000,14.400000,20.563333,0.000000,3.483451
89,34.100000,14.466667,20.946667,0.000000,3.544240
90,34.166667,14.466667,20.605000,0.000000,3.440068
91,34.166667,14.600000,20.861667,0.000000,3.459590
92,34.166667,14.400000,20.748333,0.000000,3.583921
93,34.166667,14.400000,20.640000,0.000000,3.584171
94,34.166667,14.266667,20.910000,0.000000,3.606836
95,34.166667,14.366667,20.683333,0.000000,3.519914
96,34.166667,14.366667,20.603333,0.000000,3.493287
97,34.166667,14.366667,20.686667,0.000000,3.723755
98,34.166667,14.166667,20.751667,0.000000,3.650651
99,34.166667,14.433333,20.750000,0.000000,3.517590
100,34.166667,14.800000,20.710000,0.000000,3.301923
BestSdev: 1.208060, Time: 2m49.839191465s