gen,best,worst,mean,rep,sdev
1,29.166667,13.233333,20.592667,0.000000,3.493246
2,31.166667,13.466667,20.787333,0.000000,3.595488
3,31.566667,13.500000,20.719333,0.000000,3.501125
4,31.733333,13.433333,20.700000,0.000000,3.507364
5,31.833333,13.000000,20.870000,0.000000,3.567983
6,32.133333,13.166667,20.614667,0.000000,3.608526
7,32.233333,13.400000,20.814667,0.000000,3.580062
8,32.433333,14.000000,20.872000,0.000000,3.501499
9,32.633333,14.033333,20.793333,0.000000,3.579743
10,32.700000,13.133333,20.775333,0.000000,3.588823
11,32.800000,13.533333,20.846000,0.000000,3.537936
12,32.933333,13.600000,20.652667,0.000000,3.550399
13,32.933333,13.266667,20.672667,0.000000,3.605532
14,33.033333,13.266667,20.887333,0.000000,3.649100
15,33.100000,13.266667,20.706667,0.000000,3.622334
16,33.266667,12.700000,20.556000,0.000000,3.670528
17,33.266667,13.633333,20.623333,0.000000,3.569592
18,33.266667,13.533333,20.832000,0.000000,3.465399
19,33.300000,13.233333,20.617333,0.000000,3.494026
20,33.366667,13.100000,20.686667,0.000000,3.622073
21,33.433333,12.800000,20.648667,0.000000,3.736818
22,33.466667,13.533333,20.894667,0.000000,3.599818
23,33.566667,13.566667,20.734000,0.000000,3.506716
24,33.566667,13.033333,20.722000,0.000000,3.559180
25,33.566667,12.966667,20.510000,0.000000,3.558650
26,33.666667,13.600000,20.740667,0.000000,3.497198
27,33.700000,13.533333,20.832667,0.000000,3.656268
28,33.700000,13.100000,20.623333,0.000000,3.564267
29,33.800000,13.600000,20.826667,0.000000,3.565559
30,33.800000,13.300000,20.700667,0.000000,3.550956
31,33.800000,13.200000,20.786667,0.000000,3.637123
32,33.833333,13.066667,20.570000,0.000000,3.673592
33,33.866667,13.000000,20.622667,0.000000,3.590463
34,33.866667,13.633333,20.847333,0.000000,3.633249
35,33.866667,13.966667,20.799333,0.000000,3.440875
36,33.933333,13.166667,20.684000,0.000000,3.551557
37,33.933333,13.466667,20.715333,0.000000,3.594339
38,33.933333,13.533333,20.560667,0.000000,3.495609
39,34.000000,12.866667,20.560000,0.000000,3.626399
40,34.000000,13.166667,20.759333,0.000000,3.557425
41,34.000000,13.800000,20.760667,0.000000,3.479872
42,34.000000,13.100000,20.670667,0.000000,3.593450
43,34.033333,13.166667,20.780667,0.000000,3.591655
44,34.033333,13.733333,20.843333,0.000000,3.538055
45,34.033333,13.266667,20.652667,0.000000,3.467583
46,34.200000,13.166667,20.798667,0.000000,3.610241
47,34.200000,13.433333,20.770667,0.000000,3.563588
48,34.200000,13.333333,20.680667,0.000000,3.574479
49,34.233333,13.200000,20.836000,0.000000,3.640216
50,34.233333,13.100000,20.674000,0.000000,3.559677
BestSdev: 0.954940, Time: 3m0.423234286s