gen,best,worst,mean,rep,sdev
1,27.400000,14.533333,20.916667,0.000000,3.436084
2,28.933333,14.333333,20.716667,0.000000,3.490834
3,29.600000,14.633333,20.545000,0.000000,3.372455
4,30.066667,14.600000,20.556667,0.000000,3.291907
5,30.766667,14.700000,20.791667,0.000000,3.592085
6,31.200000,14.233333,20.626667,0.000000,3.557503
7,31.433333,15.000000,20.778333,0.000000,3.400501
8,31.666667,14.533333,20.768333,0.000000,3.436992
9,31.833333,14.200000,20.681667,0.000000,3.477266
10,31.900000,14.400000,20.776667,0.000000,3.367236
11,31.966667,14.300000,20.670000,0.000000,3.375070
12,32.000000,14.533333,20.628333,0.000000,3.419413
13,32.100000,14.633333,20.748333,0.000000,3.518989
14,32.133333,14.466667,20.660000,0.000000,3.519635
15,32.166667,14.866667,20.885000,0.000000,3.515788
16,32.200000,14.733333,21.090000,0.000000,3.425089
17,32.233333,14.300000,20.716667,0.000000,3.377638
18,32.333333,14.233333,20.715000,0.000000,3.611232
19,32.400000,14.366667,20.710000,0.000000,3.517163
20,32.433333,14.533333,20.706667,0.000000,3.507845
21,32.466667,14.466667,20.630000,0.000000,3.500941
22,32.500000,14.766667,20.735000,0.000000,3.379902
23,32.566667,14.500000,20.775000,0.000000,3.408729
24,32.566667,14.300000,20.580000,0.000000,3.660887
25,32.700000,14.700000,20.836667,0.000000,3.726405
26,32.733333,14.266667,20.643333,0.000000,3.461443
27,32.833333,14.433333,20.765000,0.000000,3.675361
28,32.833333,14.600000,20.895000,0.000000,3.560039
29,32.866667,14.700000,20.765000,0.000000,3.463570
30,32.866667,14.200000,20.691667,0.000000,3.459747
31,32.866667,14.300000,20.758333,0.000000,3.540375
32,32.866667,14.700000,20.811667,0.000000,3.362628
33,32.866667,14.500000,20.818333,0.000000,3.562982
34,32.900000,14.700000,20.890000,0.000000,3.449172
35,32.933333,14.166667,20.513333,0.000000,3.461622
36,32.933333,14.700000,20.946667,0.000000,3.481412
37,33.066667,14.766667,20.618333,0.000000,3.493442
38,33.066667,14.166667,20.775000,0.000000,3.560322
39,33.066667,14.466667,20.715000,0.000000,3.370996
40,33.166667,14.766667,20.663333,0.000000,3.369726
41,33.166667,14.466667,20.976667,0.000000,3.539168
42,33.300000,14.433333,20.951667,0.000000,3.559658
43,33.300000,14.233333,20.848333,0.000000,3.595286
44,33.300000,14.433333,20.798333,0.000000,3.458864
45,33.300000,14.533333,20.728333,0.000000,3.575113
46,33.300000,14.400000,21.020000,0.000000,3.614618
47,33.300000,14.133333,20.650000,0.000000,3.678137
48,33.333333,14.366667,20.795000,0.000000,3.571332
49,33.433333,14.200000,20.665000,0.000000,3.469799
50,33.466667,14.900000,20.888333,0.000000,3.315877
BestSdev: 1.182060, Time: 1m30.528672906s