gen,best,worst,mean,rep,sdev
1,16.233333,11.633333,13.816667,0.000000,1.069102
2,16.600000,11.733333,13.841333,0.000000,1.059945
3,16.766667,11.533333,13.840000,0.000000,1.070725
4,17.000000,11.666667,13.815333,0.000000,1.076375
5,17.066667,11.633333,13.812667,0.000000,1.088674
6,17.100000,11.633333,13.824000,0.000000,1.092170
7,17.233333,11.666667,13.804667,0.000000,1.075570
8,17.233333,11.766667,13.840000,0.000000,1.075120
9,17.333333,11.466667,13.754000,0.000000,1.089750
10,17.366667,11.666667,13.768667,0.000000,1.052317
11,17.366667,11.733333,13.801333,0.000000,1.036870
12,17.400000,11.533333,13.839333,0.000000,1.072071
13,17.466667,11.566667,13.825333,0.000000,1.083817
14,17.466667,11.533333,13.798000,0.000000,1.060765
15,17.466667,11.300000,13.771333,0.000000,1.083033
16,17.466667,11.433333,13.808000,0.000000,1.104155
17,17.500000,11.700000,13.794667,0.000000,1.044449
18,17.566667,11.600000,13.814000,0.000000,1.075612
19,17.566667,11.633333,13.775333,0.000000,1.053195
20,17.566667,11.500000,13.783333,0.000000,1.087972
BestSdev: 0.347415, Time: 1m50.870304936s