gen,best,worst,mean,rep,sdev
1,16.800000,11.100000,13.781333,0.000000,1.069741
2,17.333333,11.133333,13.797167,0.000000,1.090850
3,17.466667,11.133333,13.829167,0.000000,1.068300
4,17.533333,11.000000,13.793833,0.000000,1.086855
5,17.600000,11.233333,13.804667,0.000000,1.075608
6,17.666667,11.100000,13.799000,0.000000,1.076875
7,17.700000,11.100000,13.798000,0.000000,1.084965
8,17.733333,10.966667,13.806667,0.000000,1.100648
9,17.733333,11.033333,13.790833,0.000000,1.077428
10,17.733333,11.200000,13.822833,0.000000,1.077894
11,17.766667,11.200000,13.825000,0.000000,1.093884
12,17.800000,11.100000,13.817500,0.000000,1.091580
13,17.833333,11.133333,13.822667,0.000000,1.096180
14,17.866667,11.233333,13.813333,0.000000,1.071206
15,17.900000,11.033333,13.841500,0.000000,1.081452
16,17.966667,11.166667,13.772500,0.000000,1.077875
17,17.966667,11.033333,13.815667,0.000000,1.083088
18,18.000000,11.100000,13.806833,0.000000,1.081637
19,18.033333,10.966667,13.830500,0.000000,1.078449
20,18.033333,11.033333,13.796000,0.000000,1.083899
21,18.033333,10.966667,13.793500,0.000000,1.080414
22,18.033333,11.166667,13.810333,0.000000,1.083248
23,18.033333,11.133333,13.813000,0.000000,1.071669
24,18.066667,11.100000,13.811167,0.000000,1.067549
25,18.066667,11.266667,13.834167,0.000000,1.066483
26,18.066667,11.066667,13.801000,0.000000,1.080222
27,18.066667,11.100000,13.810000,0.000000,1.081056
28,18.066667,11.200000,13.825667,0.000000,1.079433
29,18.100000,11.066667,13.791500,0.000000,1.078229
30,18.100000,11.066667,13.832333,0.000000,1.087175
31,18.100000,10.933333,13.811333,0.000000,1.108943
32,18.100000,11.033333,13.807333,0.000000,1.085939
33,18.100000,11.100000,13.815333,0.000000,1.087529
34,18.133333,11.133333,13.802667,0.000000,1.071387
35,18.133333,11.033333,13.781000,0.000000,1.080736
36,18.133333,11.100000,13.817833,0.000000,1.079395
37,18.133333,11.066667,13.796833,0.000000,1.087213
38,18.133333,11.066667,13.793167,0.000000,1.084307
39,18.133333,11.133333,13.798667,0.000000,1.094413
40,18.133333,10.966667,13.796667,0.000000,1.098148
41,18.133333,11.033333,13.821500,0.000000,1.091231
42,18.133333,11.100000,13.846667,0.000000,1.094333
43,18.166667,11.200000,13.810167,0.000000,1.086093
44,18.166667,11.000000,13.785667,0.000000,1.076221
45,18.166667,11.000000,13.825000,0.000000,1.095185
46,18.166667,11.033333,13.787500,0.000000,1.096391
47,18.200000,11.166667,13.808667,0.000000,1.075427
48,18.200000,11.133333,13.819833,0.000000,1.107505
49,18.200000,11.033333,13.815500,0.000000,1.080904
50,18.200000,11.133333,13.806500,0.000000,1.091073
51,18.233333,11.100000,13.806667,0.000000,1.071870
52,18.233333,11.000000,13.785667,0.000000,1.081153
53,18.233333,11.100000,13.811833,0.000000,1.079520
54,18.233333,11.100000,13.791333,0.000000,1.085724
55,18.266667,11.066667,13.797000,0.000000,1.084797
56,18.266667,11.033333,13.801667,0.000000,1.087907
57,18.300000,11.133333,13.801667,0.000000,1.079449
58,18.333333,11.200000,13.799000,0.000000,1.086265
59,18.333333,11.133333,13.794000,0.000000,1.087844
60,18.333333,11.100000,13.791167,0.000000,1.068614
61,18.333333,11.033333,13.802667,0.000000,1.076342
62,18.333333,11.133333,13.794667,0.000000,1.081014
63,18.333333,11.100000,13.825000,0.000000,1.084825
64,18.333333,11.100000,13.786167,0.000000,1.081553
65,18.333333,11.033333,13.785500,0.000000,1.078395
66,18.333333,11.166667,13.801667,0.000000,1.086146
67,18.333333,11.033333,13.808500,0.000000,1.096943
68,18.333333,11.166667,13.796333,0.000000,1.074649
69,18.333333,11.166667,13.793167,0.000000,1.082909
70,18.333333,11.066667,13.802833,0.000000,1.095556
71,18.333333,11.200000,13.816167,0.000000,1.094754
72,18.333333,11.133333,13.798333,0.000000,1.070360
73,18.333333,11.166667,13.808833,0.000000,1.077735
74,18.333333,11.166667,13.818500,0.000000,1.087447
75,18.333333,11.000000,13.793667,0.000000,1.082310
76,18.333333,11.100000,13.787500,0.000000,1.087103
77,18.333333,11.066667,13.787500,0.000000,1.077555
78,18.333333,11.100000,13.805667,0.000000,1.102948
79,18.333333,10.933333,13.811000,0.000000,1.092092
80,18.333333,11.133333,13.830500,0.000000,1.065991
81,18.333333,10.966667,13.808667,0.000000,1.110483
82,18.333333,11.166667,13.816500,0.000000,1.081453
83,18.333333,11.133333,13.820833,0.000000,1.076514
84,18.333333,11.066667,13.795500,0.000000,1.103974
85,18.333333,11.133333,13.783500,0.000000,1.078560
86,18.366667,11.200000,13.802500,0.000000,1.091352
87,18.366667,11.133333,13.799167,0.000000,1.087218
88,18.366667,11.266667,13.819500,0.000000,1.068521
89,18.366667,11.166667,13.804000,0.000000,1.091516
90,18.366667,11.066667,13.787667,0.000000,1.093101
91,18.366667,10.933333,13.815167,0.000000,1.083914
92,18.366667,11.033333,13.810167,0.000000,1.076329
93,18.366667,11.066667,13.802833,0.000000,1.094266
94,18.366667,11.133333,13.818000,0.000000,1.090318
95,18.366667,11.133333,13.807000,0.000000,1.071001
96,18.366667,11.100000,13.782833,0.000000,1.071459
97,18.366667,11.133333,13.785333,0.000000,1.085067
98,18.366667,11.133333,13.815000,0.000000,1.068706
99,18.366667,11.000000,13.801333,0.000000,1.098268
100,18.366667,11.066667,13.826167,0.000000,1.079999
101,18.400000,11.066667,13.789167,0.000000,1.077921
102,18.400000,11.133333,13.810000,0.000000,1.091972
103,18.400000,11.166667,13.804333,0.000000,1.064666
104,18.400000,11.133333,13.804000,0.000000,1.108959
105,18.400000,11.133333,13.810667,0.000000,1.079938
106,18.400000,11.100000,13.787833,0.000000,1.093318
107,18.400000,11.000000,13.817500,0.000000,1.088244
108,18.400000,10.966667,13.802333,0.000000,1.097003
109,18.400000,11.200000,13.839833,0.000000,1.090977
110,18.400000,11.166667,13.798667,0.000000,1.085028
111,18.400000,11.033333,13.823667,0.000000,1.087983
112,18.400000,11.000000,13.810333,0.000000,1.092846
113,18.400000,11.033333,13.835167,0.000000,1.082807
114,18.400000,11.200000,13.841667,0.000000,1.092687
115,18.400000,11.033333,13.804667,0.000000,1.082855
116,18.400000,11.133333,13.811833,0.000000,1.094668
117,18.400000,11.100000,13.789000,0.000000,1.098446
118,18.400000,11.166667,13.804167,0.000000,1.081831
119,18.433333,11.066667,13.806000,0.000000,1.075276
120,18.433333,11.066667,13.825333,0.000000,1.080647
121,18.433333,11.066667,13.798167,0.000000,1.089250
122,18.500000,11.033333,13.794500,0.000000,1.097281
123,18.500000,11.033333,13.801667,0.000000,1.098285
124,18.500000,11.100000,13.801000,0.000000,1.081405
125,18.500000,11.033333,13.795167,0.000000,1.100431
126,18.500000,11.166667,13.824333,0.000000,1.089080
127,18.500000,11.033333,13.830667,0.000000,1.069416
128,18.500000,10.866667,13.785833,0.000000,1.089939
129,18.500000,11.033333,13.796333,0.000000,1.089321
130,18.500000,11.033333,13.799000,0.000000,1.086583
131,18.500000,11.200000,13.807167,0.000000,1.080321
132,18.500000,11.233333,13.801000,0.000000,1.087857
133,18.500000,11.100000,13.813000,0.000000,1.082000
134,18.500000,11.000000,13.787667,0.000000,1.088601
135,18.500000,11.133333,13.811500,0.000000,1.078559
136,18.500000,11.066667,13.821000,0.000000,1.082340
137,18.500000,11.066667,13.796000,0.000000,1.094242
138,18.500000,11.166667,13.804833,0.000000,1.088231
139,18.500000,11.000000,13.839667,0.000000,1.092530
140,18.500000,11.200000,13.792167,0.000000,1.066240
141,18.500000,11.033333,13.816167,0.000000,1.091578
142,18.500000,11.033333,13.820167,0.000000,1.090980
143,18.500000,11.166667,13.788167,0.000000,1.081690
144,18.500000,11.166667,13.840333,0.000000,1.096205
145,18.500000,11.066667,13.801833,0.000000,1.094014
146,18.500000,11.100000,13.810000,0.000000,1.074314
147,18.500000,10.966667,13.847000,0.000000,1.098813
148,18.500000,10.966667,13.791833,0.000000,1.083386
149,18.500000,11.033333,13.805833,0.000000,1.074821
150,18.500000,11.000000,13.809500,0.000000,1.087347
151,18.500000,11.100000,13.800500,0.000000,1.084195
152,18.500000,11.133333,13.826833,0.000000,1.080308
153,18.500000,11.033333,13.772833,0.000000,1.076179
154,18.500000,11.066667,13.808333,0.000000,1.073377
155,18.500000,11.133333,13.808667,0.000000,1.099790
156,18.500000,11.066667,13.798833,0.000000,1.086854
157,18.500000,11.133333,13.816500,0.000000,1.080182
158,18.500000,11.133333,13.790000,0.000000,1.078099
159,18.500000,11.100000,13.820167,0.000000,1.098342
160,18.500000,10.966667,13.777500,0.000000,1.107775
161,18.500000,11.033333,13.825667,0.000000,1.087857
162,18.500000,11.033333,13.785167,0.000000,1.094891
163,18.500000,11.033333,13.788833,0.000000,1.093680
164,18.500000,11.100000,13.817333,0.000000,1.088125
165,18.500000,11.200000,13.801833,0.000000,1.086841
166,18.500000,11.133333,13.798333,0.000000,1.092675
167,18.500000,11.000000,13.810333,0.000000,1.080338
168,18.500000,11.000000,13.799667,0.000000,1.076713
169,18.500000,11.133333,13.819333,0.000000,1.095902
170,18.500000,11.033333,13.804167,0.000000,1.076935
171,18.500000,11.066667,13.798500,0.000000,1.098756
172,18.500000,11.033333,13.794500,0.000000,1.084439
173,18.500000,11.100000,13.825500,0.000000,1.103333
174,18.500000,11.166667,13.794500,0.000000,1.093793
175,18.500000,11.000000,13.775667,0.000000,1.085600
176,18.500000,11.000000,13.786833,0.000000,1.095051
177,18.500000,11.133333,13.805333,0.000000,1.095177
178,18.500000,11.133333,13.804833,0.000000,1.095601
179,18.500000,11.300000,13.816000,0.000000,1.075704
180,18.500000,11.066667,13.797833,0.000000,1.091382
181,18.500000,11.200000,13.815333,0.000000,1.077228
182,18.500000,11.133333,13.802333,0.000000,1.071408
183,18.500000,11.100000,13.811167,0.000000,1.077025
184,18.500000,11.000000,13.824167,0.000000,1.094169
185,18.500000,11.100000,13.802500,0.000000,1.089275
186,18.500000,11.033333,13.837667,0.000000,1.111251
187,18.500000,11.000000,13.810667,0.000000,1.084669
188,18.500000,11.066667,13.788167,0.000000,1.074105
189,18.500000,11.133333,13.803167,0.000000,1.089182
190,18.500000,11.033333,13.839167,0.000000,1.094351
191,18.500000,11.133333,13.816667,0.000000,1.083744
192,18.500000,11.100000,13.800333,0.000000,1.104525
193,18.500000,10.900000,13.783667,0.000000,1.103086
194,18.500000,11.133333,13.796333,0.000000,1.072605
195,18.500000,11.133333,13.804833,0.000000,1.086107
196,18.533333,11.133333,13.795000,0.000000,1.074935
197,18.533333,11.033333,13.792833,0.000000,1.104140
198,18.533333,11.066667,13.819167,0.000000,1.097203
199,18.533333,11.066667,13.795333,0.000000,1.086291
200,18.533333,11.033333,13.829833,0.000000,1.097845
201,18.566667,11.133333,13.786167,0.000000,1.085641
202,18.566667,11.266667,13.804167,0.000000,1.078015
203,18.566667,11.133333,13.802667,0.000000,1.091987
204,18.566667,11.233333,13.805833,0.000000,1.087226
205,18.566667,11.100000,13.821167,0.000000,1.080164
206,18.566667,11.133333,13.816667,0.000000,1.075621
207,18.600000,11.133333,13.800167,0.000000,1.085896
208,18.600000,11.066667,13.803167,0.000000,1.071008
209,18.600000,11.033333,13.805000,0.000000,1.099660
210,18.600000,11.200000,13.825833,0.000000,1.095094
211,18.600000,11.066667,13.790333,0.000000,1.098948
212,18.633333,11.100000,13.805167,0.000000,1.086968
213,18.633333,11.066667,13.794833,0.000000,1.084647
214,18.633333,11.100000,13.814500,0.000000,1.086028
215,18.633333,11.100000,13.794500,0.000000,1.084843
216,18.633333,11.066667,13.777167,0.000000,1.082198
217,18.633333,11.066667,13.827667,0.000000,1.102338
218,18.633333,11.200000,13.802167,0.000000,1.074093
219,18.633333,11.033333,13.780500,0.000000,1.097486
220,18.633333,11.000000,13.787667,0.000000,1.080934
221,18.633333,11.133333,13.811167,0.000000,1.086677
222,18.633333,10.966667,13.801833,0.000000,1.093333
223,18.633333,11.000000,13.794667,0.000000,1.081696
224,18.633333,11.166667,13.836167,0.000000,1.087512
225,18.633333,11.166667,13.801833,0.000000,1.076563
226,18.633333,11.166667,13.801833,0.000000,1.081702
227,18.633333,11.033333,13.803167,0.000000,1.085233
228,18.633333,11.166667,13.792167,0.000000,1.071967
229,18.633333,10.966667,13.813000,0.000000,1.101602
230,18.633333,11.000000,13.782833,0.000000,1.096177
231,18.666667,11.033333,13.807667,0.000000,1.068486
232,18.666667,11.066667,13.783667,0.000000,1.091359
233,18.666667,11.066667,13.810667,0.000000,1.090957
234,18.666667,11.200000,13.782333,0.000000,1.081174
235,18.666667,10.966667,13.815333,0.000000,1.085760
236,18.666667,11.133333,13.820000,0.000000,1.076900
237,18.766667,11.133333,13.814167,0.000000,1.087867
238,18.766667,11.333333,13.802167,0.000000,1.057643
239,18.766667,10.966667,13.808500,0.000000,1.087196
240,18.766667,11.066667,13.820167,0.000000,1.075751
241,18.766667,11.100000,13.850833,0.000000,1.103413
242,18.800000,11.166667,13.849500,0.000000,1.083650
243,18.800000,11.100000,13.826500,0.000000,1.089391
244,18.800000,11.000000,13.793833,0.000000,1.081572
245,18.800000,11.100000,13.803167,0.000000,1.094222
246,18.800000,11.133333,13.817333,0.000000,1.075756
247,18.800000,11.066667,13.787500,0.000000,1.079310
248,18.800000,11.166667,13.787667,0.000000,1.091090
249,18.800000,11.100000,13.807667,0.000000,1.094209
250,18.800000,11.100000,13.820167,0.000000,1.090698
251,18.800000,11.133333,13.784000,0.000000,1.071245
252,18.800000,11.100000,13.811833,0.000000,1.082182
253,18.800000,11.233333,13.805167,0.000000,1.078874
254,18.800000,11.166667,13.807667,0.000000,1.090882
255,18.800000,11.033333,13.797833,0.000000,1.112339
256,18.800000,11.066667,13.814667,0.000000,1.070545
257,18.800000,11.000000,13.806667,0.000000,1.084389
258,18.833333,11.100000,13.792167,0.000000,1.080476
259,18.833333,11.100000,13.791833,0.000000,1.094023
260,18.833333,11.066667,13.788833,0.000000,1.076711
261,18.833333,11.000000,13.781667,0.000000,1.088133
262,18.833333,11.066667,13.822333,0.000000,1.081394
263,18.833333,11.233333,13.802833,0.000000,1.081364
264,18.833333,11.133333,13.795500,0.000000,1.090022
265,18.866667,11.133333,13.814500,0.000000,1.083569
266,18.866667,11.033333,13.809333,0.000000,1.083296
267,18.866667,10.966667,13.835333,0.000000,1.086965
268,18.866667,11.133333,13.800000,0.000000,1.085230
269,18.866667,11.100000,13.821500,0.000000,1.080446
270,18.866667,11.133333,13.805667,0.000000,1.082984
271,18.866667,11.066667,13.784000,0.000000,1.106401
272,18.866667,11.166667,13.811500,0.000000,1.084976
273,18.866667,11.200000,13.822333,0.000000,1.075808
274,18.866667,10.966667,13.802500,0.000000,1.094279
275,18.866667,11.000000,13.805500,0.000000,1.079139
276,18.866667,11.166667,13.803500,0.000000,1.091862
277,18.866667,10.900000,13.811167,0.000000,1.103359
278,18.866667,11.000000,13.782667,0.000000,1.093924
279,18.866667,11.166667,13.820667,0.000000,1.096410
280,18.866667,10.966667,13.819167,0.000000,1.098878
281,18.866667,11.200000,13.818667,0.000000,1.091733
282,18.866667,11.000000,13.777000,0.000000,1.077484
283,18.866667,10.900000,13.792667,0.000000,1.090491
284,18.866667,11.200000,13.806500,0.000000,1.090916
285,18.900000,11.066667,13.800000,0.000000,1.083121
286,18.933333,11.033333,13.821833,0.000000,1.081188
287,18.933333,11.266667,13.821333,0.000000,1.069977
288,18.933333,11.000000,13.785000,0.000000,1.077607
289,18.933333,11.133333,13.811333,0.000000,1.073241
290,18.933333,11.066667,13.787833,0.000000,1.075146
291,18.933333,11.166667,13.791333,0.000000,1.082673
292,18.933333,11.100000,13.800667,0.000000,1.088572
293,18.933333,11.000000,13.829833,0.000000,1.078430
294,18.933333,11.033333,13.804833,0.000000,1.077796
295,18.933333,11.100000,13.817000,0.000000,1.103423
296,18.933333,11.000000,13.805833,0.000000,1.084269
297,18.933333,11.133333,13.801000,0.000000,1.078189
298,18.933333,11.066667,13.810333,0.000000,1.067605
299,18.933333,11.100000,13.805667,0.000000,1.074043
300,18.933333,10.966667,13.797167,0.000000,1.089676
301,18.933333,11.066667,13.796667,0.000000,1.054691
302,18.933333,11.133333,13.821000,0.000000,1.096096
303,18.933333,11.133333,13.818667,0.000000,1.076006
304,18.933333,11.133333,13.806000,0.000000,1.093430
305,18.933333,11.033333,13.803667,0.000000,1.062009
306,18.933333,11.033333,13.793167,0.000000,1.088789
307,18.933333,11.133333,13.792167,0.000000,1.076543
308,18.933333,11.100000,13.822667,0.000000,1.085763
309,18.933333,11.066667,13.786333,0.000000,1.085199
310,18.933333,11.033333,13.799667,0.000000,1.085728
311,18.933333,11.233333,13.833500,0.000000,1.091411
312,18.933333,11.100000,13.823667,0.000000,1.071568
313,18.933333,11.066667,13.820167,0.000000,1.078725
314,18.933333,11.066667,13.816000,0.000000,1.073327
315,18.933333,11.100000,13.815667,0.000000,1.091328
316,18.933333,11.033333,13.816667,0.000000,1.086718
317,18.933333,11.100000,13.815667,0.000000,1.092356
318,18.933333,11.133333,13.806167,0.000000,1.057780
319,18.933333,11.200000,13.817333,0.000000,1.069934
320,18.933333,11.100000,13.783500,0.000000,1.087090
321,18.933333,11.133333,13.812500,0.000000,1.083303
322,18.933333,11.100000,13.811333,0.000000,1.088286
323,18.933333,11.033333,13.795167,0.000000,1.107476
324,18.933333,11.200000,13.805667,0.000000,1.071907
325,18.933333,11.100000,13.824167,0.000000,1.092405
326,18.933333,11.000000,13.804167,0.000000,1.092225
327,18.933333,10.933333,13.809167,0.000000,1.090255
328,18.933333,11.166667,13.809000,0.000000,1.089905
329,18.933333,11.066667,13.807667,0.000000,1.091285
330,18.933333,11.200000,13.821667,0.000000,1.081928
331,18.933333,11.166667,13.790500,0.000000,1.083137
332,18.933333,11.133333,13.802333,0.000000,1.081765
333,18.933333,11.133333,13.802000,0.000000,1.101324
334,18.933333,11.166667,13.807333,0.000000,1.083313
335,18.933333,11.033333,13.782333,0.000000,1.092136
336,18.933333,11.266667,13.810000,0.000000,1.068559
337,18.933333,10.900000,13.809000,0.000000,1.101563
338,18.933333,10.966667,13.796500,0.000000,1.099798
339,18.933333,11.100000,13.799500,0.000000,1.092665
340,18.933333,10.966667,13.804667,0.000000,1.094328
341,18.933333,11.133333,13.828167,0.000000,1.089800
342,18.933333,11.133333,13.793833,0.000000,1.078720
343,18.933333,11.166667,13.830000,0.000000,1.081380
344,18.933333,11.100000,13.821833,0.000000,1.094548
345,18.933333,11.133333,13.801167,0.000000,1.090059
346,18.933333,11.033333,13.830333,0.000000,1.078705
347,18.933333,11.133333,13.829000,0.000000,1.076105
348,18.933333,11.266667,13.817167,0.000000,1.078467
349,18.933333,11.100000,13.779167,0.000000,1.081103
350,18.933333,11.100000,13.796667,0.000000,1.070988
351,18.933333,11.100000,13.801333,0.000000,1.089708
352,18.933333,11.100000,13.799667,0.000000,1.093710
353,18.933333,11.166667,13.804167,0.000000,1.080725
354,18.933333,11.266667,13.812833,0.000000,1.077160
355,18.933333,11.033333,13.775333,0.000000,1.077245
356,18.933333,11.066667,13.785333,0.000000,1.082151
357,18.933333,11.033333,13.809833,0.000000,1.083798
358,18.933333,11.033333,13.801167,0.000000,1.083752
359,18.933333,11.000000,13.808167,0.000000,1.085902
360,18.933333,11.000000,13.829500,0.000000,1.109572
361,18.933333,11.233333,13.794167,0.000000,1.084242
362,18.933333,11.166667,13.804333,0.000000,1.075277
363,18.933333,11.000000,13.794500,0.000000,1.081269
364,18.933333,11.100000,13.805333,0.000000,1.092980
365,18.933333,11.000000,13.792167,0.000000,1.075504
366,18.933333,11.100000,13.830000,0.000000,1.087546
367,18.933333,11.066667,13.803167,0.000000,1.071198
368,18.933333,11.033333,13.802000,0.000000,1.078672
369,18.933333,11.166667,13.804500,0.000000,1.095238
370,18.933333,11.000000,13.811167,0.000000,1.099198
371,18.933333,11.100000,13.815167,0.000000,1.075497
372,18.933333,11.066667,13.794000,0.000000,1.080012
373,18.933333,11.033333,13.824000,0.000000,1.105384
374,18.933333,11.200000,13.816667,0.000000,1.097623
375,18.966667,11.133333,13.812167,0.000000,1.093099
376,18.966667,11.100000,13.810500,0.000000,1.086746
377,18.966667,11.000000,13.819667,0.000000,1.080879
378,18.966667,11.066667,13.794500,0.000000,1.090185
379,18.966667,11.133333,13.788167,0.000000,1.092613
380,18.966667,11.166667,13.830500,0.000000,1.077463
381,18.966667,11.066667,13.797833,0.000000,1.080524
382,18.966667,11.133333,13.795667,0.000000,1.064873
383,18.966667,11.033333,13.789167,0.000000,1.096924
384,18.966667,11.100000,13.788667,0.000000,1.084382
385,18.966667,11.166667,13.791500,0.000000,1.063051
386,18.966667,11.100000,13.808667,0.000000,1.085523
387,18.966667,11.233333,13.805000,0.000000,1.093615
388,18.966667,11.000000,13.806167,0.000000,1.073494
389,18.966667,11.200000,13.811500,0.000000,1.091137
390,18.966667,10.966667,13.812500,0.000000,1.086073
391,18.966667,11.033333,13.814667,0.000000,1.087657
392,18.966667,11.066667,13.815000,0.000000,1.082193
393,18.966667,11.033333,13.809667,0.000000,1.097756
394,18.966667,11.133333,13.802167,0.000000,1.073615
395,18.966667,11.266667,13.804167,0.000000,1.093348
396,18.966667,11.066667,13.783000,0.000000,1.076579
397,18.966667,10.966667,13.796833,0.000000,1.091432
398,18.966667,11.100000,13.824667,0.000000,1.112706
399,18.966667,11.033333,13.802500,0.000000,1.083465
400,18.966667,11.266667,13.835833,0.000000,1.073754
401,18.966667,11.166667,13.820833,0.000000,1.084157
402,18.966667,11.000000,13.820000,0.000000,1.081608
403,18.966667,11.000000,13.814500,0.000000,1.096181
404,18.966667,11.100000,13.809000,0.000000,1.084818
405,18.966667,11.100000,13.805333,0.000000,1.083652
406,18.966667,11.133333,13.799500,0.000000,1.069788
407,18.966667,11.100000,13.799000,0.000000,1.086562
408,18.966667,11.100000,13.794000,0.000000,1.078758
409,18.966667,11.133333,13.822333,0.000000,1.086262
410,18.966667,11.000000,13.796833,0.000000,1.079505
411,18.966667,11.133333,13.812000,0.000000,1.079387
412,18.966667,11.100000,13.803167,0.000000,1.077194
413,18.966667,11.066667,13.820667,0.000000,1.089141
414,18.966667,11.133333,13.800500,0.000000,1.080783
415,18.966667,11.100000,13.811000,0.000000,1.069414
416,18.966667,11.133333,13.818333,0.000000,1.076520
417,18.966667,11.100000,13.776167,0.000000,1.090147
418,18.966667,11.033333,13.797333,0.000000,1.080265
419,18.966667,11.133333,13.792667,0.000000,1.095924
420,18.966667,11.000000,13.776667,0.000000,1.074831
421,18.966667,11.000000,13.818833,0.000000,1.117379
422,18.966667,11.100000,13.800000,0.000000,1.076235
423,18.966667,10.966667,13.824167,0.000000,1.093631
424,18.966667,11.066667,13.816667,0.000000,1.082731
425,18.966667,11.100000,13.821333,0.000000,1.096665
426,18.966667,11.000000,13.790000,0.000000,1.077007
427,18.966667,11.033333,13.789833,0.000000,1.097715
428,18.966667,11.033333,13.787167,0.000000,1.085247
429,18.966667,11.100000,13.809667,0.000000,1.096529
430,18.966667,11.066667,13.803833,0.000000,1.077753
431,18.966667,11.133333,13.804667,0.000000,1.075695
432,18.966667,11.200000,13.813500,0.000000,1.090744
433,18.966667,11.100000,13.821667,0.000000,1.086718
434,18.966667,11.066667,13.822000,0.000000,1.093394
435,18.966667,11.133333,13.803333,0.000000,1.085859
436,18.966667,11.033333,13.804667,0.000000,1.098001
437,18.966667,11.100000,13.802167,0.000000,1.070099
438,18.966667,11.166667,13.807000,0.000000,1.083205
439,18.966667,11.000000,13.804000,0.000000,1.092050
440,18.966667,11.000000,13.802833,0.000000,1.089083
441,18.966667,11.033333,13.786833,0.000000,1.093762
442,18.966667,11.166667,13.823000,0.000000,1.090268
443,18.966667,11.166667,13.815667,0.000000,1.083912
444,18.966667,11.066667,13.798167,0.000000,1.095091
445,18.966667,11.100000,13.795000,0.000000,1.083502
446,18.966667,11.066667,13.784500,0.000000,1.095735
447,18.966667,11.300000,13.820167,0.000000,1.081715
448,18.966667,11.000000,13.805667,0.000000,1.090409
449,18.966667,11.233333,13.828000,0.000000,1.083211
450,18.966667,11.066667,13.814667,0.000000,1.092920
451,18.966667,11.066667,13.816333,0.000000,1.085597
452,18.966667,11.033333,13.808667,0.000000,1.075132
453,18.966667,11.033333,13.791500,0.000000,1.095821
454,18.966667,10.966667,13.827667,0.000000,1.108080
455,18.966667,11.166667,13.797167,0.000000,1.085241
456,18.966667,11.066667,13.801833,0.000000,1.082306
457,18.966667,11.166667,13.819333,0.000000,1.092987
458,18.966667,11.066667,13.819500,0.000000,1.090476
459,18.966667,11.066667,13.827000,0.000000,1.105441
460,18.966667,11.033333,13.792833,0.000000,1.094865
461,18.966667,11.100000,13.799333,0.000000,1.079249
462,18.966667,11.033333,13.808000,0.000000,1.100247
463,18.966667,11.066667,13.811000,0.000000,1.090959
464,18.966667,11.133333,13.809833,0.000000,1.080616
465,18.966667,11.100000,13.797667,0.000000,1.063214
466,18.966667,11.100000,13.770500,0.000000,1.075703
467,18.966667,10.933333,13.820000,0.000000,1.090781
468,18.966667,11.166667,13.827500,0.000000,1.060338
469,18.966667,11.066667,13.841000,0.000000,1.077764
470,18.966667,11.066667,13.782000,0.000000,1.099227
471,18.966667,11.000000,13.817833,0.000000,1.093508
472,18.966667,11.033333,13.804333,0.000000,1.080071
473,18.966667,11.100000,13.810000,0.000000,1.085603
474,18.966667,11.066667,13.821000,0.000000,1.107103
475,18.966667,11.066667,13.795000,0.000000,1.094901
476,18.966667,11.100000,13.818833,0.000000,1.080588
477,18.966667,10.966667,13.807500,0.000000,1.085919
478,18.966667,11.133333,13.841333,0.000000,1.080210
479,18.966667,11.200000,13.808667,0.000000,1.079339
480,18.966667,11.066667,13.808667,0.000000,1.113385
481,18.966667,11.066667,13.821333,0.000000,1.094580
482,18.966667,11.166667,13.802667,0.000000,1.098874
483,18.966667,11.133333,13.803333,0.000000,1.095415
484,18.966667,11.033333,13.797500,0.000000,1.093308
485,18.966667,11.000000,13.806667,0.000000,1.103013
486,18.966667,11.033333,13.785500,0.000000,1.079591
487,18.966667,11.066667,13.786833,0.000000,1.090570
488,18.966667,11.200000,13.818333,0.000000,1.088622
489,18.966667,11.100000,13.792833,0.000000,1.080753
490,18.966667,11.166667,13.833500,0.000000,1.086174
491,18.966667,10.966667,13.794667,0.000000,1.076818
492,18.966667,11.133333,13.814167,0.000000,1.090229
493,18.966667,11.200000,13.803167,0.000000,1.093389
494,18.966667,11.233333,13.810000,0.000000,1.064436
495,18.966667,11.000000,13.822667,0.000000,1.084179
496,18.966667,11.066667,13.802333,0.000000,1.105386
497,18.966667,11.033333,13.833667,0.000000,1.094866
498,18.966667,11.166667,13.792167,0.000000,1.093877
499,18.966667,11.066667,13.800667,0.000000,1.090180
500,18.966667,11.200000,13.816500,0.000000,1.086572
BestSdev: 0.337105, Time: 1h21m10.914167204s