gen,best,worst,mean,rep,sdev
1,16.400000,11.233333,13.778333,0.000000,1.084569
2,16.900000,11.366667,13.793667,0.000000,1.081229
3,17.066667,11.366667,13.796000,0.000000,1.093593
4,17.133333,11.400000,13.806667,0.000000,1.077378
5,17.200000,11.433333,13.826000,0.000000,1.081303
6,17.300000,11.200000,13.793667,0.000000,1.113579
7,17.433333,11.333333,13.795667,0.000000,1.094952
8,17.433333,11.466667,13.806667,0.000000,1.064699
9,17.466667,11.366667,13.785000,0.000000,1.084331
10,17.500000,11.300000,13.796000,0.000000,1.088352
11,17.600000,11.300000,13.797000,0.000000,1.075174
12,17.666667,11.233333,13.783000,0.000000,1.090284
13,17.666667,11.433333,13.780000,0.000000,1.077030
14,17.700000,11.366667,13.784667,0.000000,1.090361
15,17.700000,11.366667,13.786000,0.000000,1.100786
16,17.700000,11.400000,13.795667,0.000000,1.064588
17,17.700000,11.500000,13.801000,0.000000,1.067139
18,17.733333,11.333333,13.798333,0.000000,1.073405
19,17.733333,11.433333,13.802667,0.000000,1.063445
20,17.733333,11.433333,13.828000,0.000000,1.082876
21,17.733333,11.300000,13.814000,0.000000,1.085285
22,17.733333,11.300000,13.829333,0.000000,1.102986
23,17.766667,11.466667,13.835333,0.000000,1.104754
24,17.800000,11.333333,13.752000,0.000000,1.080502
25,17.800000,11.333333,13.824000,0.000000,1.079971
26,17.800000,11.266667,13.813000,0.000000,1.074737
27,17.833333,11.300000,13.818333,0.000000,1.103310
28,17.866667,11.233333,13.790000,0.000000,1.067377
29,17.866667,11.366667,13.794333,0.000000,1.086808
30,17.866667,11.600000,13.786000,0.000000,1.087768
31,17.866667,11.233333,13.788000,0.000000,1.085112
32,17.900000,11.133333,13.794000,0.000000,1.097999
33,17.900000,11.466667,13.827000,0.000000,1.067294
34,17.900000,11.300000,13.803333,0.000000,1.075148
35,17.900000,11.300000,13.791333,0.000000,1.078817
36,17.900000,11.333333,13.826000,0.000000,1.080858
37,17.900000,11.433333,13.799000,0.000000,1.067981
38,17.900000,11.233333,13.851333,0.000000,1.087824
39,17.900000,11.333333,13.811000,0.000000,1.075789
40,17.900000,11.333333,13.769667,0.000000,1.088768
41,17.900000,11.333333,13.794000,0.000000,1.086645
42,17.933333,11.400000,13.823333,0.000000,1.072883
43,17.933333,11.233333,13.809333,0.000000,1.086422
44,18.000000,11.466667,13.830667,0.000000,1.072871
45,18.000000,11.333333,13.820333,0.000000,1.068992
46,18.033333,11.200000,13.803333,0.000000,1.089994
47,18.033333,11.233333,13.777000,0.000000,1.089837
48,18.033333,11.400000,13.790333,0.000000,1.066176
49,18.033333,11.466667,13.797667,0.000000,1.081967
50,18.033333,11.133333,13.816333,0.000000,1.082533
51,18.033333,11.433333,13.840000,0.000000,1.087606
52,18.033333,11.366667,13.835000,0.000000,1.099080
53,18.066667,11.366667,13.819333,0.000000,1.073330
54,18.066667,11.266667,13.802000,0.000000,1.080738
55,18.100000,11.333333,13.828333,0.000000,1.104474
56,18.100000,11.300000,13.808000,0.000000,1.088681
57,18.100000,11.266667,13.808000,0.000000,1.103757
58,18.100000,11.300000,13.789000,0.000000,1.101859
59,18.100000,11.300000,13.780000,0.000000,1.067281
60,18.100000,11.133333,13.791000,0.000000,1.079707
61,18.100000,11.233333,13.815667,0.000000,1.083883
62,18.100000,11.333333,13.831333,0.000000,1.093079
63,18.100000,11.366667,13.794000,0.000000,1.060423
64,18.100000,11.266667,13.797667,0.000000,1.091022
65,18.100000,11.200000,13.803333,0.000000,1.062241
66,18.100000,11.533333,13.787000,0.000000,1.085403
67,18.100000,11.233333,13.789000,0.000000,1.086938
68,18.100000,11.300000,13.769667,0.000000,1.069150
69,18.100000,11.233333,13.776667,0.000000,1.080425
70,18.100000,11.366667,13.809667,0.000000,1.080364
71,18.100000,11.233333,13.817667,0.000000,1.115151
72,18.100000,11.366667,13.799667,0.000000,1.072639
73,18.100000,11.200000,13.776333,0.000000,1.071684
74,18.133333,11.233333,13.802667,0.000000,1.090738
75,18.133333,11.433333,13.812667,0.000000,1.058424
76,18.133333,11.366667,13.821667,0.000000,1.083293
77,18.133333,11.533333,13.806000,0.000000,1.067819
78,18.133333,11.300000,13.769000,0.000000,1.079433
79,18.133333,11.233333,13.800333,0.000000,1.085275
80,18.133333,11.466667,13.820333,0.000000,1.076987
81,18.133333,11.266667,13.797000,0.000000,1.077475
82,18.200000,11.133333,13.776000,0.000000,1.083414
83,18.200000,11.366667,13.834000,0.000000,1.085876
84,18.200000,11.366667,13.825333,0.000000,1.081818
85,18.200000,11.400000,13.827667,0.000000,1.061182
86,18.200000,11.366667,13.777000,0.000000,1.080175
87,18.200000,11.100000,13.800667,0.000000,1.108250
88,18.200000,11.266667,13.831333,0.000000,1.100317
89,18.200000,11.300000,13.786667,0.000000,1.071446
90,18.200000,11.466667,13.797333,0.000000,1.073136
91,18.200000,11.400000,13.818333,0.000000,1.121662
92,18.200000,11.233333,13.794333,0.000000,1.082981
93,18.200000,11.533333,13.798000,0.000000,1.078746
94,18.200000,11.400000,13.800000,0.000000,1.095714
95,18.200000,11.200000,13.767667,0.000000,1.083213
96,18.200000,11.300000,13.808667,0.000000,1.068785
97,18.200000,11.233333,13.799333,0.000000,1.092318
98,18.200000,11.566667,13.816000,0.000000,1.055113
99,18.200000,11.500000,13.800667,0.000000,1.075141
100,18.200000,11.400000,13.797667,0.000000,1.061847
BestSdev: 0.312328, Time: 9m4.799628119s