gen,best,worst,mean,rep,sdev
1,16.500000,11.400000,13.811333,0.000000,1.079471
2,16.733333,11.366667,13.771667,0.000000,1.081686
3,17.000000,11.300000,13.782667,0.000000,1.061739
4,17.066667,11.266667,13.803667,0.000000,1.081929
5,17.100000,11.233333,13.784333,0.000000,1.102564
6,17.133333,11.466667,13.816333,0.000000,1.068331
7,17.233333,11.433333,13.803333,0.000000,1.068193
8,17.233333,11.266667,13.817333,0.000000,1.087981
9,17.233333,11.333333,13.824333,0.000000,1.078997
10,17.333333,11.266667,13.792000,0.000000,1.083738
11,17.400000,11.433333,13.791333,0.000000,1.075647
12,17.433333,11.466667,13.817333,0.000000,1.106967
13,17.466667,11.366667,13.799000,0.000000,1.081590
14,17.500000,11.300000,13.788333,0.000000,1.074612
15,17.533333,11.333333,13.803000,0.000000,1.076423
16,17.633333,11.233333,13.793000,0.000000,1.079721
17,17.633333,11.133333,13.809000,0.000000,1.090517
18,17.666667,11.366667,13.769000,0.000000,1.061089
19,17.700000,11.266667,13.817333,0.000000,1.070889
20,17.733333,11.333333,13.787000,0.000000,1.070915
21,17.800000,11.300000,13.833667,0.000000,1.098267
22,17.800000,11.466667,13.818333,0.000000,1.070884
23,17.800000,11.300000,13.814667,0.000000,1.062774
24,17.866667,11.366667,13.772333,0.000000,1.084039
25,17.900000,11.300000,13.794000,0.000000,1.065240
26,17.900000,11.166667,13.794000,0.000000,1.088534
27,17.966667,11.233333,13.763333,0.000000,1.090960
28,18.033333,11.300000,13.788333,0.000000,1.093738
29,18.033333,11.266667,13.783333,0.000000,1.073031
30,18.066667,11.433333,13.792667,0.000000,1.093761
31,18.066667,11.300000,13.778667,0.000000,1.080222
32,18.066667,11.266667,13.783667,0.000000,1.087444
33,18.100000,11.200000,13.804333,0.000000,1.085026
34,18.100000,11.433333,13.776333,0.000000,1.073100
35,18.100000,11.433333,13.792333,0.000000,1.072347
36,18.100000,11.333333,13.800000,0.000000,1.095594
37,18.100000,11.500000,13.841667,0.000000,1.067802
38,18.100000,11.366667,13.798667,0.000000,1.086288
39,18.100000,11.366667,13.801667,0.000000,1.083086
40,18.100000,11.433333,13.805333,0.000000,1.059328
41,18.100000,11.433333,13.825000,0.000000,1.070901
42,18.100000,11.266667,13.773333,0.000000,1.071980
43,18.100000,11.300000,13.824333,0.000000,1.081144
44,18.100000,11.400000,13.812667,0.000000,1.090743
45,18.100000,11.333333,13.865667,0.000000,1.091230
46,18.100000,11.433333,13.816667,0.000000,1.079266
47,18.100000,11.266667,13.793333,0.000000,1.053139
48,18.100000,11.400000,13.803000,0.000000,1.092774
49,18.100000,11.433333,13.809000,0.000000,1.069406
50,18.100000,11.400000,13.838333,0.000000,1.077651
51,18.100000,11.266667,13.808000,0.000000,1.069919
52,18.100000,11.333333,13.818667,0.000000,1.098596
53,18.100000,11.366667,13.813333,0.000000,1.087478
54,18.100000,11.400000,13.827000,0.000000,1.088186
55,18.100000,11.400000,13.798333,0.000000,1.082727
56,18.100000,11.400000,13.803000,0.000000,1.080655
57,18.100000,11.233333,13.802333,0.000000,1.082817
58,18.100000,11.266667,13.767667,0.000000,1.099680
59,18.100000,11.300000,13.818000,0.000000,1.092226
60,18.100000,11.466667,13.777667,0.000000,1.082009
61,18.100000,11.233333,13.767667,0.000000,1.066250
62,18.100000,11.333333,13.794667,0.000000,1.064853
63,18.100000,11.233333,13.799000,0.000000,1.105673
64,18.100000,11.233333,13.780667,0.000000,1.082008
65,18.100000,11.333333,13.821000,0.000000,1.099101
66,18.100000,11.233333,13.787000,0.000000,1.085248
67,18.100000,11.300000,13.791333,0.000000,1.102391
68,18.100000,11.466667,13.814000,0.000000,1.074114
69,18.100000,11.333333,13.798333,0.000000,1.091428
70,18.100000,11.200000,13.787000,0.000000,1.084110
71,18.100000,11.100000,13.787667,0.000000,1.103985
72,18.100000,11.266667,13.800667,0.000000,1.099779
73,18.133333,11.466667,13.847000,0.000000,1.068071
74,18.133333,11.300000,13.818667,0.000000,1.104889
75,18.133333,11.466667,13.784333,0.000000,1.084910
76,18.133333,11.233333,13.798667,0.000000,1.103391
77,18.133333,11.433333,13.823333,0.000000,1.089917
78,18.133333,11.333333,13.811000,0.000000,1.096643
79,18.133333,11.366667,13.812333,0.000000,1.082019
80,18.133333,11.266667,13.846667,0.000000,1.104809
81,18.133333,11.300000,13.803667,0.000000,1.072694
82,18.133333,11.366667,13.829000,0.000000,1.084827
83,18.133333,11.533333,13.800000,0.000000,1.072603
84,18.133333,11.400000,13.828667,0.000000,1.077195
85,18.133333,11.433333,13.819667,0.000000,1.084638
86,18.133333,11.466667,13.814000,0.000000,1.085199
87,18.133333,11.300000,13.799333,0.000000,1.080050
88,18.133333,11.400000,13.836667,0.000000,1.095731
89,18.166667,11.466667,13.814667,0.000000,1.068157
90,18.233333,11.200000,13.795000,0.000000,1.075709
91,18.233333,11.200000,13.785667,0.000000,1.085326
92,18.233333,11.433333,13.804000,0.000000,1.051957
93,18.233333,11.300000,13.777000,0.000000,1.072019
94,18.233333,11.333333,13.819667,0.000000,1.063717
95,18.233333,11.333333,13.828333,0.000000,1.099142
96,18.233333,11.466667,13.828000,0.000000,1.059712
97,18.233333,11.233333,13.856667,0.000000,1.121745
98,18.233333,11.400000,13.795333,0.000000,1.064368
99,18.233333,11.233333,13.775000,0.000000,1.067971
100,18.233333,11.166667,13.806667,0.000000,1.096436
BestSdev: 0.355592, Time: 9m4.00276469s