gen,best,worst,mean,rep,sdev
1,16.633333,11.233333,13.810333,0.000000,1.074115
2,16.966667,11.333333,13.784333,0.000000,1.068924
3,17.100000,11.466667,13.819333,0.000000,1.076087
4,17.233333,11.366667,13.783000,0.000000,1.093342
5,17.300000,11.366667,13.813667,0.000000,1.059752
6,17.366667,11.333333,13.811333,0.000000,1.078381
7,17.400000,11.333333,13.810333,0.000000,1.074845
8,17.400000,11.466667,13.788333,0.000000,1.066697
9,17.466667,11.200000,13.812667,0.000000,1.101099
10,17.500000,11.366667,13.801667,0.000000,1.092817
11,17.533333,11.300000,13.811667,0.000000,1.095434
12,17.566667,11.500000,13.796000,0.000000,1.055931
13,17.566667,11.333333,13.782000,0.000000,1.088612
14,17.566667,11.400000,13.816333,0.000000,1.064900
15,17.600000,11.166667,13.814333,0.000000,1.102090
16,17.600000,11.433333,13.798333,0.000000,1.077146
17,17.600000,11.333333,13.821333,0.000000,1.080803
18,17.633333,11.266667,13.798333,0.000000,1.074417
19,17.666667,11.266667,13.762333,0.000000,1.087583
20,17.666667,11.333333,13.809333,0.000000,1.097872
21,17.666667,11.366667,13.793333,0.000000,1.099191
22,17.733333,11.133333,13.820333,0.000000,1.121029
23,17.733333,11.400000,13.830000,0.000000,1.089062
24,17.733333,11.400000,13.788333,0.000000,1.099363
25,17.733333,11.300000,13.835000,0.000000,1.113006
26,17.766667,11.366667,13.803000,0.000000,1.092882
27,17.766667,11.366667,13.784333,0.000000,1.076908
28,17.766667,11.300000,13.797333,0.000000,1.080262
29,17.833333,11.433333,13.805667,0.000000,1.076648
30,17.833333,11.300000,13.811667,0.000000,1.090394
31,17.833333,11.433333,13.781000,0.000000,1.060110
32,17.866667,11.200000,13.783667,0.000000,1.105235
33,17.900000,11.366667,13.802000,0.000000,1.084744
34,17.900000,11.366667,13.773000,0.000000,1.092668
35,17.900000,11.433333,13.802667,0.000000,1.092069
36,17.900000,11.433333,13.841000,0.000000,1.077729
37,17.900000,11.300000,13.806667,0.000000,1.078017
38,17.933333,11.500000,13.820000,0.000000,1.089444
39,17.933333,11.333333,13.806000,0.000000,1.086851
40,17.933333,11.366667,13.788333,0.000000,1.067395
41,17.933333,11.200000,13.826667,0.000000,1.092248
42,17.966667,11.366667,13.784667,0.000000,1.094431
43,17.966667,11.200000,13.818667,0.000000,1.091090
44,17.966667,11.300000,13.764333,0.000000,1.080745
45,17.966667,11.266667,13.848000,0.000000,1.090402
46,17.966667,11.233333,13.791333,0.000000,1.090734
47,18.000000,11.333333,13.771333,0.000000,1.069544
48,18.000000,11.333333,13.820667,0.000000,1.080103
49,18.033333,11.333333,13.770333,0.000000,1.083326
50,18.066667,11.333333,13.805333,0.000000,1.079639
51,18.066667,11.300000,13.800667,0.000000,1.052725
52,18.066667,11.300000,13.795667,0.000000,1.102351
53,18.066667,11.333333,13.843333,0.000000,1.076256
54,18.066667,11.400000,13.816667,0.000000,1.056709
55,18.066667,11.433333,13.829000,0.000000,1.084411
56,18.066667,11.266667,13.796000,0.000000,1.096930
57,18.066667,11.366667,13.779667,0.000000,1.083844
58,18.066667,11.500000,13.823333,0.000000,1.066128
59,18.066667,11.400000,13.845667,0.000000,1.093439
60,18.066667,11.266667,13.811333,0.000000,1.089353
61,18.066667,11.366667,13.816333,0.000000,1.084460
62,18.100000,11.433333,13.830667,0.000000,1.092261
63,18.100000,11.400000,13.798667,0.000000,1.097394
64,18.100000,11.266667,13.816667,0.000000,1.095283
65,18.100000,11.300000,13.791667,0.000000,1.076217
66,18.100000,11.300000,13.821000,0.000000,1.092317
67,18.100000,11.366667,13.798000,0.000000,1.096273
68,18.100000,11.366667,13.825333,0.000000,1.090931
69,18.100000,11.333333,13.800333,0.000000,1.102209
70,18.100000,11.366667,13.801667,0.000000,1.080199
71,18.100000,11.433333,13.836333,0.000000,1.063617
72,18.100000,11.533333,13.816333,0.000000,1.091549
73,18.100000,11.366667,13.780000,0.000000,1.070813
74,18.100000,11.366667,13.810333,0.000000,1.058121
75,18.100000,11.466667,13.804667,0.000000,1.074305
76,18.100000,11.466667,13.810333,0.000000,1.084025
77,18.100000,11.300000,13.829333,0.000000,1.084481
78,18.100000,11.366667,13.802667,0.000000,1.065857
79,18.133333,11.266667,13.809333,0.000000,1.090519
80,18.133333,11.366667,13.790667,0.000000,1.062610
81,18.133333,11.233333,13.795667,0.000000,1.102166
82,18.133333,11.166667,13.825000,0.000000,1.106543
83,18.133333,11.400000,13.788333,0.000000,1.093291
84,18.166667,11.200000,13.810667,0.000000,1.107753
85,18.166667,11.433333,13.836333,0.000000,1.097524
86,18.166667,11.366667,13.802000,0.000000,1.066588
87,18.166667,11.333333,13.808333,0.000000,1.070490
88,18.166667,11.433333,13.830000,0.000000,1.092335
89,18.166667,11.233333,13.828333,0.000000,1.108020
90,18.166667,11.366667,13.830000,0.000000,1.073420
91,18.166667,11.233333,13.806667,0.000000,1.104443
92,18.166667,11.300000,13.841000,0.000000,1.086280
93,18.166667,11.200000,13.810333,0.000000,1.090911
94,18.166667,11.200000,13.767333,0.000000,1.060204
95,18.166667,11.366667,13.814000,0.000000,1.101175
96,18.166667,11.433333,13.828333,0.000000,1.058288
97,18.166667,11.500000,13.774667,0.000000,1.090862
98,18.166667,11.333333,13.799667,0.000000,1.072090
99,18.166667,11.233333,13.853000,0.000000,1.090883
100,18.200000,11.300000,13.788333,0.000000,1.086173
101,18.200000,11.266667,13.794333,0.000000,1.067055
102,18.200000,11.200000,13.815000,0.000000,1.101112
103,18.200000,11.433333,13.783000,0.000000,1.093212
104,18.200000,11.200000,13.794333,0.000000,1.110015
105,18.200000,11.366667,13.806333,0.000000,1.082343
106,18.200000,11.366667,13.810333,0.000000,1.073050
107,18.200000,11.500000,13.818333,0.000000,1.078979
108,18.200000,11.233333,13.779000,0.000000,1.104225
109,18.200000,11.400000,13.842667,0.000000,1.081364
110,18.200000,11.200000,13.798333,0.000000,1.100458
111,18.200000,11.333333,13.785667,0.000000,1.103015
112,18.200000,11.200000,13.796000,0.000000,1.078514
113,18.200000,11.300000,13.797333,0.000000,1.077719
114,18.200000,11.300000,13.791667,0.000000,1.076476
115,18.200000,11.333333,13.823667,0.000000,1.091270
116,18.200000,11.300000,13.798333,0.000000,1.091914
117,18.200000,11.433333,13.810667,0.000000,1.068994
118,18.200000,11.466667,13.805000,0.000000,1.084531
119,18.233333,11.266667,13.794667,0.000000,1.093671
120,18.266667,11.300000,13.836333,0.000000,1.110789
121,18.266667,11.466667,13.807667,0.000000,1.067341
122,18.266667,11.400000,13.797000,0.000000,1.086543
123,18.266667,11.333333,13.815333,0.000000,1.084747
124,18.266667,11.200000,13.833000,0.000000,1.084639
125,18.266667,11.266667,13.846000,0.000000,1.090654
126,18.266667,11.433333,13.826000,0.000000,1.092794
127,18.266667,11.133333,13.781667,0.000000,1.108679
128,18.266667,11.300000,13.768667,0.000000,1.073256
129,18.266667,11.466667,13.814000,0.000000,1.076380
130,18.266667,11.500000,13.817667,0.000000,1.076458
131,18.266667,11.366667,13.805333,0.000000,1.090641
132,18.266667,11.433333,13.782667,0.000000,1.081889
133,18.266667,11.233333,13.786333,0.000000,1.106368
134,18.266667,11.333333,13.814333,0.000000,1.087448
135,18.266667,11.233333,13.799000,0.000000,1.100634
136,18.266667,11.266667,13.800000,0.000000,1.127640
137,18.266667,11.333333,13.805333,0.000000,1.067956
138,18.266667,11.400000,13.832333,0.000000,1.102453
139,18.266667,11.400000,13.820000,0.000000,1.091407
140,18.266667,11.566667,13.822000,0.000000,1.073066
141,18.266667,11.366667,13.810333,0.000000,1.090420
142,18.266667,11.533333,13.811667,0.000000,1.059784
143,18.266667,11.400000,13.804333,0.000000,1.095774
144,18.266667,11.166667,13.790667,0.000000,1.106412
145,18.266667,11.366667,13.781667,0.000000,1.113073
146,18.266667,11.366667,13.801667,0.000000,1.101005
147,18.266667,11.433333,13.813333,0.000000,1.056921
148,18.266667,11.466667,13.830333,0.000000,1.070088
149,18.266667,11.333333,13.787000,0.000000,1.082903
150,18.266667,11.466667,13.816000,0.000000,1.073302
151,18.266667,11.400000,13.770000,0.000000,1.056542
152,18.266667,11.200000,13.805667,0.000000,1.087697
153,18.266667,11.466667,13.796000,0.000000,1.088074
154,18.266667,11.466667,13.821333,0.000000,1.086551
155,18.266667,11.466667,13.790000,0.000000,1.068807
156,18.266667,11.266667,13.799000,0.000000,1.079491
157,18.266667,11.133333,13.793000,0.000000,1.083028
158,18.266667,11.366667,13.801333,0.000000,1.105398
159,18.266667,11.400000,13.839667,0.000000,1.075818
160,18.266667,11.233333,13.768667,0.000000,1.092976
161,18.266667,11.266667,13.783667,0.000000,1.082060
162,18.266667,11.466667,13.816667,0.000000,1.080320
163,18.266667,11.300000,13.807667,0.000000,1.071593
164,18.266667,11.466667,13.845333,0.000000,1.053923
165,18.266667,11.366667,13.793000,0.000000,1.087467
166,18.266667,11.266667,13.818667,0.000000,1.090053
167,18.266667,11.366667,13.778333,0.000000,1.077268
168,18.266667,11.400000,13.833333,0.000000,1.093261
169,18.300000,11.233333,13.793667,0.000000,1.088543
170,18.300000,11.233333,13.777667,0.000000,1.080282
171,18.300000,11.400000,13.806667,0.000000,1.066408
172,18.300000,11.166667,13.806333,0.000000,1.083778
173,18.300000,11.333333,13.814333,0.000000,1.090198
174,18.300000,11.233333,13.787333,0.000000,1.085239
175,18.300000,11.266667,13.784333,0.000000,1.073848
176,18.333333,11.300000,13.800667,0.000000,1.082505
177,18.333333,11.200000,13.838000,0.000000,1.094139
178,18.333333,11.300000,13.791667,0.000000,1.094893
179,18.333333,11.366667,13.796667,0.000000,1.073567
180,18.333333,11.366667,13.812667,0.000000,1.108799
181,18.333333,11.266667,13.779000,0.000000,1.094260
182,18.333333,11.466667,13.780000,0.000000,1.064296
183,18.333333,11.333333,13.791333,0.000000,1.094812
184,18.333333,11.233333,13.818000,0.000000,1.097596
185,18.333333,11.233333,13.778667,0.000000,1.081813
186,18.333333,11.300000,13.806333,0.000000,1.087600
187,18.333333,11.266667,13.809333,0.000000,1.092413
188,18.333333,11.333333,13.817667,0.000000,1.112475
189,18.333333,11.500000,13.810667,0.000000,1.085349
190,18.333333,11.300000,13.788333,0.000000,1.054256
191,18.333333,11.300000,13.807000,0.000000,1.083215
192,18.333333,11.366667,13.774667,0.000000,1.079973
193,18.333333,11.333333,13.815667,0.000000,1.079638
194,18.333333,11.333333,13.805667,0.000000,1.070409
195,18.333333,11.633333,13.870667,0.000000,1.066889
196,18.333333,11.266667,13.772000,0.000000,1.079829
197,18.333333,11.300000,13.793000,0.000000,1.089733
198,18.333333,11.466667,13.802667,0.000000,1.086934
199,18.333333,11.366667,13.816333,0.000000,1.085636
200,18.333333,11.266667,13.804333,0.000000,1.068778
201,18.333333,11.200000,13.826000,0.000000,1.103473
202,18.333333,11.466667,13.808333,0.000000,1.088916
203,18.333333,11.400000,13.820333,0.000000,1.082263
204,18.333333,11.233333,13.807000,0.000000,1.076135
205,18.333333,11.533333,13.794667,0.000000,1.087252
206,18.333333,11.333333,13.825333,0.000000,1.083188
207,18.333333,11.266667,13.791667,0.000000,1.068317
208,18.333333,11.400000,13.825333,0.000000,1.089422
209,18.333333,11.233333,13.804333,0.000000,1.092106
210,18.333333,11.300000,13.808333,0.000000,1.091841
211,18.366667,11.333333,13.781000,0.000000,1.077500
212,18.366667,11.300000,13.824667,0.000000,1.081004
213,18.366667,11.233333,13.803667,0.000000,1.072511
214,18.366667,11.466667,13.819333,0.000000,1.084299
215,18.366667,11.266667,13.786333,0.000000,1.095710
216,18.366667,11.366667,13.812000,0.000000,1.071456
217,18.366667,11.400000,13.805667,0.000000,1.066913
218,18.366667,11.166667,13.820333,0.000000,1.100743
219,18.400000,11.300000,13.789667,0.000000,1.092910
220,18.400000,11.300000,13.799333,0.000000,1.076544
221,18.400000,11.366667,13.802667,0.000000,1.056437
222,18.400000,11.300000,13.826667,0.000000,1.107600
223,18.400000,11.300000,13.767000,0.000000,1.084105
224,18.400000,11.266667,13.814000,0.000000,1.084082
225,18.400000,11.466667,13.820000,0.000000,1.072042
226,18.400000,11.400000,13.820667,0.000000,1.078478
227,18.400000,11.266667,13.773333,0.000000,1.076557
228,18.400000,11.433333,13.814333,0.000000,1.065676
229,18.400000,11.433333,13.808667,0.000000,1.090733
230,18.400000,11.400000,13.770667,0.000000,1.062841
231,18.400000,11.433333,13.829667,0.000000,1.057008
232,18.400000,11.300000,13.793333,0.000000,1.064293
233,18.400000,11.466667,13.842667,0.000000,1.083077
234,18.400000,11.266667,13.799667,0.000000,1.062020
235,18.400000,11.200000,13.763333,0.000000,1.090190
236,18.400000,11.400000,13.830000,0.000000,1.068040
237,18.400000,11.500000,13.818000,0.000000,1.095413
238,18.400000,11.400000,13.832333,0.000000,1.078255
239,18.400000,11.366667,13.778000,0.000000,1.069825
240,18.400000,11.366667,13.793000,0.000000,1.070377
241,18.400000,11.333333,13.788667,0.000000,1.067518
242,18.400000,11.300000,13.803333,0.000000,1.072129
243,18.400000,11.300000,13.814667,0.000000,1.089485
244,18.400000,11.366667,13.787000,0.000000,1.068938
245,18.400000,11.500000,13.783000,0.000000,1.062383
246,18.400000,11.433333,13.814667,0.000000,1.081606
247,18.400000,11.033333,13.793667,0.000000,1.112869
248,18.400000,11.300000,13.779667,0.000000,1.094148
249,18.400000,11.466667,13.796667,0.000000,1.064510
250,18.400000,11.400000,13.834000,0.000000,1.077331
251,18.400000,11.366667,13.811667,0.000000,1.072744
252,18.400000,11.466667,13.757667,0.000000,1.093496
253,18.400000,11.300000,13.840667,0.000000,1.078121
254,18.400000,11.366667,13.824667,0.000000,1.080583
255,18.400000,11.400000,13.804667,0.000000,1.075088
256,18.400000,11.266667,13.800333,0.000000,1.116311
257,18.400000,11.300000,13.770333,0.000000,1.076878
258,18.433333,11.366667,13.822667,0.000000,1.091543
259,18.433333,11.366667,13.811000,0.000000,1.078597
260,18.433333,11.566667,13.830000,0.000000,1.062632
261,18.433333,11.233333,13.797000,0.000000,1.076940
262,18.433333,11.133333,13.807667,0.000000,1.091505
263,18.433333,11.433333,13.805333,0.000000,1.101864
264,18.433333,11.233333,13.841000,0.000000,1.099899
265,18.433333,11.300000,13.806333,0.000000,1.078213
266,18.433333,11.233333,13.826000,0.000000,1.096723
267,18.433333,11.300000,13.835333,0.000000,1.109119
268,18.433333,11.433333,13.808000,0.000000,1.057877
269,18.433333,11.333333,13.834000,0.000000,1.058100
270,18.433333,11.400000,13.765333,0.000000,1.073803
271,18.433333,11.366667,13.805000,0.000000,1.079180
272,18.433333,11.333333,13.811667,0.000000,1.084324
273,18.433333,11.066667,13.810333,0.000000,1.073084
274,18.433333,11.500000,13.826333,0.000000,1.081150
275,18.433333,11.233333,13.776000,0.000000,1.091266
276,18.433333,11.400000,13.834667,0.000000,1.071858
277,18.433333,11.200000,13.784000,0.000000,1.074072
278,18.433333,11.433333,13.812667,0.000000,1.091541
279,18.433333,11.400000,13.820667,0.000000,1.094937
280,18.433333,11.266667,13.836000,0.000000,1.100155
281,18.433333,11.333333,13.804667,0.000000,1.087090
282,18.433333,11.100000,13.797667,0.000000,1.081161
283,18.433333,11.333333,13.790667,0.000000,1.097037
284,18.433333,11.400000,13.773667,0.000000,1.067209
285,18.433333,11.400000,13.823000,0.000000,1.078093
286,18.433333,11.400000,13.797667,0.000000,1.054982
287,18.433333,11.466667,13.818000,0.000000,1.071436
288,18.433333,11.333333,13.799667,0.000000,1.082915
289,18.433333,11.400000,13.800000,0.000000,1.093975
290,18.433333,11.266667,13.817000,0.000000,1.072482
291,18.433333,11.433333,13.788667,0.000000,1.099129
292,18.433333,11.200000,13.766667,0.000000,1.079971
293,18.433333,11.433333,13.810000,0.000000,1.067550
294,18.433333,11.466667,13.789000,0.000000,1.096048
295,18.433333,11.400000,13.808333,0.000000,1.075194
296,18.433333,11.366667,13.849667,0.000000,1.083597
297,18.433333,11.333333,13.791667,0.000000,1.062004
298,18.433333,11.200000,13.815667,0.000000,1.090055
299,18.433333,11.333333,13.810333,0.000000,1.088086
300,18.433333,11.200000,13.788667,0.000000,1.072472
301,18.433333,11.333333,13.813333,0.000000,1.093493
302,18.433333,11.266667,13.813000,0.000000,1.102276
303,18.433333,11.600000,13.767333,0.000000,1.069669
304,18.433333,11.366667,13.802667,0.000000,1.077162
305,18.433333,11.500000,13.804333,0.000000,1.068699
306,18.433333,11.133333,13.785667,0.000000,1.130165
307,18.433333,11.433333,13.811000,0.000000,1.068218
308,18.433333,11.366667,13.810667,0.000000,1.079769
309,18.433333,11.400000,13.814000,0.000000,1.066225
310,18.433333,11.500000,13.806000,0.000000,1.090912
311,18.433333,11.333333,13.806667,0.000000,1.090429
312,18.433333,11.200000,13.787333,0.000000,1.054386
313,18.433333,11.366667,13.807667,0.000000,1.058247
314,18.433333,11.200000,13.816667,0.000000,1.103674
315,18.433333,11.366667,13.816333,0.000000,1.099735
316,18.433333,11.533333,13.814333,0.000000,1.074123
317,18.433333,11.166667,13.776000,0.000000,1.072522
318,18.433333,11.466667,13.769333,0.000000,1.077839
319,18.433333,11.366667,13.815000,0.000000,1.078869
320,18.433333,11.300000,13.787000,0.000000,1.079543
321,18.433333,11.166667,13.776333,0.000000,1.098194
322,18.433333,11.200000,13.820667,0.000000,1.081459
323,18.433333,11.433333,13.823000,0.000000,1.071078
324,18.433333,11.433333,13.812667,0.000000,1.100839
325,18.433333,11.433333,13.825667,0.000000,1.076524
326,18.433333,11.300000,13.775667,0.000000,1.065956
327,18.433333,11.300000,13.834000,0.000000,1.100452
328,18.433333,11.366667,13.795333,0.000000,1.065891
329,18.433333,11.400000,13.804667,0.000000,1.091686
330,18.433333,11.333333,13.815000,0.000000,1.082576
331,18.433333,11.100000,13.801000,0.000000,1.112666
332,18.433333,11.366667,13.824333,0.000000,1.078591
333,18.433333,11.233333,13.824667,0.000000,1.093037
334,18.433333,11.266667,13.791667,0.000000,1.097446
335,18.433333,11.333333,13.775000,0.000000,1.085255
336,18.433333,11.333333,13.773000,0.000000,1.069373
337,18.433333,11.333333,13.777000,0.000000,1.087785
338,18.433333,11.200000,13.811667,0.000000,1.089117
339,18.433333,11.433333,13.808000,0.000000,1.063620
340,18.433333,11.266667,13.791667,0.000000,1.067398
341,18.433333,11.366667,13.811333,0.000000,1.087653
342,18.433333,11.233333,13.810000,0.000000,1.078962
343,18.433333,11.600000,13.822667,0.000000,1.085040
344,18.433333,11.233333,13.831333,0.000000,1.070465
345,18.433333,11.266667,13.816667,0.000000,1.078124
346,18.433333,11.433333,13.812667,0.000000,1.099796
347,18.433333,11.466667,13.813333,0.000000,1.086310
348,18.433333,11.166667,13.801333,0.000000,1.082146
349,18.433333,11.266667,13.809667,0.000000,1.078352
350,18.433333,11.466667,13.815333,0.000000,1.077520
351,18.433333,11.400000,13.759333,0.000000,1.108109
352,18.433333,11.400000,13.803667,0.000000,1.083890
353,18.433333,11.433333,13.835333,0.000000,1.077959
354,18.433333,11.366667,13.797333,0.000000,1.066863
355,18.433333,11.366667,13.791667,0.000000,1.085410
356,18.433333,11.466667,13.796667,0.000000,1.070999
357,18.433333,11.466667,13.805667,0.000000,1.034810
358,18.466667,11.300000,13.804667,0.000000,1.082118
359,18.466667,11.366667,13.793333,0.000000,1.074753
360,18.466667,11.133333,13.766667,0.000000,1.081474
361,18.466667,11.266667,13.814000,0.000000,1.070799
362,18.466667,11.433333,13.785333,0.000000,1.081478
363,18.466667,11.233333,13.795000,0.000000,1.084726
364,18.500000,11.400000,13.809000,0.000000,1.072733
365,18.500000,11.200000,13.821667,0.000000,1.103275
366,18.500000,11.200000,13.819667,0.000000,1.108594
367,18.500000,11.433333,13.789333,0.000000,1.058538
368,18.500000,11.433333,13.803000,0.000000,1.104966
369,18.500000,11.200000,13.803000,0.000000,1.085843
370,18.500000,11.533333,13.808667,0.000000,1.082025
371,18.500000,11.400000,13.808333,0.000000,1.083486
372,18.500000,11.166667,13.778333,0.000000,1.077695
373,18.500000,11.333333,13.786667,0.000000,1.075010
374,18.500000,11.366667,13.783333,0.000000,1.109214
375,18.500000,11.400000,13.796667,0.000000,1.098954
376,18.500000,11.333333,13.845667,0.000000,1.080056
377,18.533333,11.366667,13.805667,0.000000,1.097329
378,18.533333,11.200000,13.812667,0.000000,1.104917
379,18.533333,11.400000,13.812667,0.000000,1.078412
380,18.533333,11.400000,13.824667,0.000000,1.062170
381,18.533333,11.233333,13.790333,0.000000,1.086305
382,18.533333,11.366667,13.764333,0.000000,1.057102
383,18.533333,11.233333,13.840667,0.000000,1.108796
384,18.533333,11.300000,13.801000,0.000000,1.079000
385,18.533333,11.366667,13.831000,0.000000,1.086567
386,18.533333,11.266667,13.828667,0.000000,1.063186
387,18.533333,11.333333,13.802333,0.000000,1.086241
388,18.533333,11.300000,13.811000,0.000000,1.085242
389,18.533333,11.366667,13.791667,0.000000,1.089267
390,18.533333,11.400000,13.825000,0.000000,1.048047
391,18.533333,11.200000,13.822667,0.000000,1.082813
392,18.533333,11.400000,13.794667,0.000000,1.076273
393,18.533333,11.266667,13.772000,0.000000,1.092635
394,18.533333,11.166667,13.820333,0.000000,1.112798
395,18.533333,11.300000,13.814667,0.000000,1.088765
396,18.533333,11.333333,13.832667,0.000000,1.066063
397,18.533333,11.566667,13.845667,0.000000,1.063240
398,18.533333,11.100000,13.817667,0.000000,1.098902
399,18.533333,11.466667,13.803667,0.000000,1.084136
400,18.600000,11.400000,13.832333,0.000000,1.095936
401,18.600000,11.500000,13.841333,0.000000,1.094871
402,18.600000,11.433333,13.802333,0.000000,1.073966
403,18.600000,11.300000,13.833333,0.000000,1.096543
404,18.600000,11.366667,13.826333,0.000000,1.064612
405,18.600000,11.300000,13.809000,0.000000,1.110911
406,18.600000,11.266667,13.828667,0.000000,1.087713
407,18.600000,11.366667,13.829000,0.000000,1.091264
408,18.600000,11.366667,13.777000,0.000000,1.104752
409,18.600000,11.566667,13.819000,0.000000,1.083483
410,18.600000,11.433333,13.834667,0.000000,1.078203
411,18.600000,11.433333,13.812667,0.000000,1.089281
412,18.600000,11.400000,13.803000,0.000000,1.074942
413,18.600000,11.600000,13.786667,0.000000,1.080266
414,18.600000,11.233333,13.780667,0.000000,1.092249
415,18.600000,11.366667,13.806333,0.000000,1.079510
416,18.600000,11.366667,13.831000,0.000000,1.076685
417,18.600000,11.400000,13.805000,0.000000,1.088992
418,18.600000,11.200000,13.845667,0.000000,1.099317
419,18.600000,11.366667,13.799667,0.000000,1.076500
420,18.633333,11.266667,13.777000,0.000000,1.094408
421,18.633333,11.200000,13.776667,0.000000,1.079473
422,18.666667,11.233333,13.785333,0.000000,1.073668
423,18.666667,11.366667,13.815667,0.000000,1.070619
424,18.666667,11.333333,13.730333,0.000000,1.054112
425,18.666667,11.466667,13.792000,0.000000,1.063751
426,18.666667,11.333333,13.838667,0.000000,1.105427
427,18.666667,11.233333,13.808000,0.000000,1.069093
428,18.666667,11.366667,13.803333,0.000000,1.096766
429,18.666667,11.600000,13.782667,0.000000,1.060703
430,18.666667,11.500000,13.843667,0.000000,1.059406
431,18.666667,11.300000,13.786000,0.000000,1.093765
432,18.666667,11.266667,13.819333,0.000000,1.101871
433,18.666667,11.233333,13.808333,0.000000,1.108429
434,18.666667,11.300000,13.780667,0.000000,1.069844
435,18.666667,11.366667,13.816000,0.000000,1.068237
436,18.666667,11.300000,13.781667,0.000000,1.060686
437,18.666667,11.300000,13.804667,0.000000,1.092538
438,18.666667,11.166667,13.773000,0.000000,1.097100
439,18.666667,11.300000,13.788333,0.000000,1.089223
440,18.666667,11.400000,13.820000,0.000000,1.069123
441,18.666667,11.433333,13.811667,0.000000,1.063883
442,18.666667,11.400000,13.826667,0.000000,1.080760
443,18.666667,11.333333,13.823333,0.000000,1.072956
444,18.666667,11.400000,13.837333,0.000000,1.072935
445,18.666667,11.433333,13.807333,0.000000,1.092776
446,18.700000,11.366667,13.846000,0.000000,1.074176
447,18.700000,11.366667,13.835333,0.000000,1.090615
448,18.700000,11.266667,13.782000,0.000000,1.052182
449,18.700000,11.266667,13.808667,0.000000,1.115016
450,18.700000,11.400000,13.773000,0.000000,1.066742
451,18.700000,11.333333,13.813000,0.000000,1.074138
452,18.700000,11.266667,13.843667,0.000000,1.091064
453,18.700000,11.233333,13.834000,0.000000,1.080108
454,18.700000,11.333333,13.814667,0.000000,1.094356
455,18.700000,11.233333,13.763333,0.000000,1.099243
456,18.700000,11.266667,13.802333,0.000000,1.063950
457,18.700000,11.533333,13.814667,0.000000,1.056278
458,18.700000,11.533333,13.840000,0.000000,1.096970
459,18.700000,11.533333,13.826667,0.000000,1.070799
460,18.700000,11.166667,13.781667,0.000000,1.104891
461,18.733333,11.400000,13.854333,0.000000,1.043733
462,18.733333,11.433333,13.810333,0.000000,1.082693
463,18.733333,11.333333,13.801333,0.000000,1.072548
464,18.733333,11.100000,13.781333,0.000000,1.098937
465,18.733333,11.400000,13.801667,0.000000,1.069056
466,18.733333,11.133333,13.780000,0.000000,1.062893
467,18.733333,11.300000,13.818000,0.000000,1.095092
468,18.733333,11.366667,13.830667,0.000000,1.080181
469,18.733333,11.300000,13.812667,0.000000,1.072816
470,18.733333,11.433333,13.795333,0.000000,1.086833
471,18.733333,11.266667,13.784333,0.000000,1.091877
472,18.733333,11.300000,13.784333,0.000000,1.086615
473,18.733333,11.200000,13.794667,0.000000,1.100923
474,18.733333,11.233333,13.813333,0.000000,1.091657
475,18.733333,11.366667,13.806333,0.000000,1.089898
476,18.733333,11.300000,13.815000,0.000000,1.110312
477,18.733333,11.300000,13.789333,0.000000,1.084069
478,18.733333,11.333333,13.784667,0.000000,1.087820
479,18.733333,11.300000,13.819333,0.000000,1.069218
480,18.733333,11.366667,13.857000,0.000000,1.068537
481,18.733333,11.233333,13.810667,0.000000,1.098674
482,18.733333,11.233333,13.796333,0.000000,1.102494
483,18.733333,11.366667,13.858000,0.000000,1.091440
484,18.733333,11.466667,13.847667,0.000000,1.084082
485,18.733333,11.333333,13.808667,0.000000,1.098197
486,18.733333,11.300000,13.799000,0.000000,1.083417
487,18.733333,11.400000,13.802333,0.000000,1.076195
488,18.733333,11.333333,13.796333,0.000000,1.066395
489,18.733333,11.366667,13.796333,0.000000,1.096354
490,18.733333,11.366667,13.802000,0.000000,1.082284
491,18.733333,11.133333,13.795667,0.000000,1.092164
492,18.733333,11.200000,13.791333,0.000000,1.092690
493,18.733333,11.433333,13.821333,0.000000,1.073745
494,18.733333,11.366667,13.813667,0.000000,1.078009
495,18.733333,11.333333,13.796333,0.000000,1.085011
496,18.733333,11.266667,13.802000,0.000000,1.075810
497,18.733333,11.366667,13.773000,0.000000,1.076183
498,18.733333,11.433333,13.807667,0.000000,1.082211
499,18.733333,11.533333,13.785667,0.000000,1.067595
500,18.733333,11.333333,13.801000,0.000000,1.086809
BestSdev: 0.291887, Time: 43m3.051338591s