gen,best,worst,mean,rep,sdev
1,29.166667,13.366667,20.599333,0.000000,3.524758
2,30.266667,13.400000,20.867333,0.000000,3.620273
3,30.966667,13.666667,20.753333,0.000000,3.577946
4,31.166667,13.100000,20.812000,0.000000,3.614596
5,31.333333,13.400000,20.742667,0.000000,3.512131
6,31.533333,13.566667,20.872000,0.000000,3.596132
7,31.700000,13.500000,20.797333,0.000000,3.606575
8,31.733333,13.166667,20.606000,0.000000,3.543523
9,32.000000,13.600000,20.716667,0.000000,3.438862
10,32.233333,13.533333,20.862667,0.000000,3.669342
11,32.366667,12.933333,20.693333,0.000000,3.521313
12,32.533333,13.033333,20.757333,0.000000,3.616225
13,32.633333,13.100000,20.690667,0.000000,3.613491
14,32.733333,13.466667,20.666000,0.000000,3.568388
15,32.933333,13.500000,20.630667,0.000000,3.568165
16,32.933333,13.866667,20.760667,0.000000,3.402385
17,32.966667,13.433333,20.795333,0.000000,3.567200
18,33.066667,13.500000,20.798667,0.000000,3.548013
19,33.066667,13.466667,20.618667,0.000000,3.460084
20,33.166667,13.366667,20.681333,0.000000,3.625952
21,33.166667,13.133333,20.770667,0.000000,3.552091
22,33.433333,13.133333,20.709333,0.000000,3.650552
23,33.433333,13.666667,20.696667,0.000000,3.548006
24,33.433333,13.300000,20.728000,0.000000,3.541502
25,33.433333,13.066667,20.688000,0.000000,3.516409
26,33.433333,13.600000,20.790667,0.000000,3.531919
27,33.433333,13.433333,20.549333,0.000000,3.568152
28,33.566667,13.266667,20.708000,0.000000,3.558268
29,33.566667,13.333333,20.634000,0.000000,3.595029
30,33.600000,13.900000,20.741333,0.000000,3.523337
31,33.600000,13.766667,20.812667,0.000000,3.612038
32,33.633333,13.600000,20.714667,0.000000,3.513388
33,33.666667,13.600000,20.917333,0.000000,3.685938
34,33.666667,13.400000,20.832667,0.000000,3.600860
35,33.666667,12.766667,20.644667,0.000000,3.673190
36,33.666667,13.333333,20.900667,0.000000,3.429750
37,33.666667,13.500000,20.578000,0.000000,3.419084
38,33.666667,12.900000,20.564667,0.000000,3.528696
39,33.700000,13.166667,20.652667,0.000000,3.595559
40,33.700000,13.200000,20.720000,0.000000,3.553189
41,33.700000,13.266667,20.647333,0.000000,3.537887
42,33.700000,13.566667,20.614000,0.000000,3.446599
43,33.700000,13.566667,20.702667,0.000000,3.529989
44,33.766667,13.000000,20.618667,0.000000,3.576829
45,33.833333,13.266667,20.516667,0.000000,3.568575
46,33.833333,13.766667,20.724667,0.000000,3.583103
47,33.833333,13.300000,20.656000,0.000000,3.437145
48,33.866667,13.133333,20.821333,0.000000,3.573776
49,33.966667,13.600000,20.671333,0.000000,3.591656
50,34.200000,13.633333,20.884667,0.000000,3.588939
51,34.200000,13.666667,20.599333,0.000000,3.596811
52,34.266667,13.266667,20.718667,0.000000,3.505630
53,34.266667,13.033333,20.763333,0.000000,3.634918
54,34.266667,13.400000,20.882000,0.000000,3.577322
55,34.266667,13.500000,20.799333,0.000000,3.541149
56,34.266667,13.233333,20.520000,0.000000,3.410633
57,34.333333,13.100000,20.802667,0.000000,3.600590
58,34.333333,13.533333,20.656667,0.000000,3.486467
59,34.333333,13.600000,20.885333,0.000000,3.578076
60,34.333333,13.600000,20.809333,0.000000,3.463274
61,34.333333,13.466667,20.823333,0.000000,3.572652
62,34.333333,13.366667,20.719333,0.000000,3.582340
63,34.333333,12.900000,20.794667,0.000000,3.585872
64,34.333333,13.300000,20.674000,0.000000,3.483345
65,34.333333,13.466667,20.723333,0.000000,3.538550
66,34.366667,13.000000,20.800000,0.000000,3.645027
67,34.366667,13.566667,20.608667,0.000000,3.551595
68,34.366667,13.500000,20.809333,0.000000,3.584655
69,34.433333,13.466667,20.804000,0.000000,3.524104
70,34.433333,13.633333,20.890667,0.000000,3.593261
71,34.433333,13.200000,20.781333,0.000000,3.568765
72,34.433333,13.033333,20.760000,0.000000,3.656431
73,34.433333,13.133333,20.632000,0.000000,3.632432
74,34.433333,13.500000,20.765333,0.000000,3.481964
75,34.433333,13.900000,20.658667,0.000000,3.505621
76,34.433333,13.733333,20.792000,0.000000,3.556156
77,34.433333,13.266667,20.855333,0.000000,3.540851
78,34.433333,13.433333,20.757333,0.000000,3.485219
79,34.433333,13.600000,20.764667,0.000000,3.576844
80,34.433333,12.733333,20.830000,0.000000,3.603187
81,34.533333,13.700000,20.714667,0.000000,3.557778
82,34.633333,13.300000,20.806667,0.000000,3.635621
83,34.633333,13.200000,20.757333,0.000000,3.637515
84,34.633333,13.266667,20.567333,0.000000,3.548379
85,34.633333,13.333333,20.658000,0.000000,3.638613
86,34.633333,13.466667,20.753333,0.000000,3.518209
87,34.633333,13.566667,20.780000,0.000000,3.615476
88,34.633333,13.133333,20.537333,0.000000,3.500011
89,34.633333,13.300000,20.679333,0.000000,3.506232
90,34.633333,13.133333,20.595333,0.000000,3.407584
91,34.666667,13.100000,20.619333,0.000000,3.600905
92,34.700000,13.666667,20.884667,0.000000,3.547952
93,34.833333,13.333333,20.748000,0.000000,3.603700
94,34.833333,13.233333,20.798000,0.000000,3.573511
95,34.833333,13.000000,20.696000,0.000000,3.532556
96,34.833333,13.600000,20.732667,0.000000,3.638134
97,34.833333,13.200000,20.570667,0.000000,3.562808
98,34.833333,12.700000,20.764000,0.000000,3.631422
99,34.833333,13.766667,20.776000,0.000000,3.596898
100,34.833333,13.666667,20.782667,0.000000,3.444566
101,34.833333,13.500000,20.625333,0.000000,3.573736
102,34.833333,13.666667,20.773333,0.000000,3.628444
103,34.833333,13.433333,20.792000,0.000000,3.559633
104,34.833333,13.133333,20.618667,0.000000,3.546323
105,34.933333,13.166667,20.814667,0.000000,3.616625
106,34.933333,13.500000,20.877333,0.000000,3.565369
107,34.966667,13.066667,20.730000,0.000000,3.589759
108,34.966667,13.533333,20.790000,0.000000,3.513508
109,34.966667,13.133333,20.655333,0.000000,3.519742
110,34.966667,13.600000,20.782667,0.000000,3.532712
111,34.966667,13.466667,20.745333,0.000000,3.566037
112,34.966667,13.433333,20.630667,0.000000,3.634717
113,34.966667,13.366667,20.713333,0.000000,3.567275
114,34.966667,13.433333,20.714000,0.000000,3.610376
115,34.966667,12.966667,20.592667,0.000000,3.585262
116,34.966667,13.633333,20.860000,0.000000,3.552640
117,34.966667,13.366667,20.835333,0.000000,3.608223
118,34.966667,13.466667,20.668000,0.000000,3.492169
119,34.966667,13.233333,20.674000,0.000000,3.559811
120,35.000000,13.266667,20.929333,0.000000,3.651564
121,35.000000,13.333333,20.758667,0.000000,3.687399
122,35.000000,13.033333,20.620667,0.000000,3.671380
123,35.000000,13.800000,20.756000,0.000000,3.487801
124,35.000000,13.566667,20.820000,0.000000,3.558322
125,35.000000,13.400000,20.650000,0.000000,3.495395
126,35.033333,13.633333,20.776667,0.000000,3.512595
127,35.033333,13.166667,20.703333,0.000000,3.640928
128,35.100000,13.600000,20.679333,0.000000,3.503796
129,35.133333,13.200000,20.612667,0.000000,3.567364
130,35.133333,13.666667,20.746000,0.000000,3.555641
131,35.133333,13.400000,20.799333,0.000000,3.569506
132,35.133333,13.266667,20.662667,0.000000,3.555349
133,35.133333,13.200000,20.639333,0.000000,3.653895
134,35.133333,13.333333,20.698000,0.000000,3.547225
135,35.133333,13.366667,20.762000,0.000000,3.629763
136,35.133333,13.333333,20.694000,0.000000,3.606501
137,35.133333,12.966667,20.749333,0.000000,3.683018
138,35.133333,13.900000,20.778667,0.000000,3.579105
139,35.133333,13.400000,20.638667,0.000000,3.585062
140,35.133333,13.400000,20.680667,0.000000,3.572669
141,35.133333,13.500000,20.835333,0.000000,3.540486
142,35.166667,13.200000,20.858000,0.000000,3.697229
143,35.166667,13.566667,20.672000,0.000000,3.407369
144,35.233333,13.333333,20.688667,0.000000,3.526205
145,35.300000,13.233333,20.789333,0.000000,3.517063
146,35.366667,13.700000,20.798667,0.000000,3.538829
147,35.366667,13.200000,20.756667,0.000000,3.558910
148,35.366667,13.400000,20.701333,0.000000,3.492518
149,35.366667,13.300000,20.747333,0.000000,3.553194
150,35.366667,13.200000,20.528667,0.000000,3.535878
151,35.366667,13.600000,20.692667,0.000000,3.509407
152,35.366667,13.500000,20.755333,0.000000,3.519205
153,35.366667,13.366667,20.712667,0.000000,3.610333
154,35.400000,13.033333,20.650667,0.000000,3.684397
155,35.400000,13.100000,20.538667,0.000000,3.662879
156,35.400000,13.066667,20.706000,0.000000,3.558940
157,35.400000,13.400000,20.536000,0.000000,3.409695
158,35.400000,13.233333,20.737333,0.000000,3.559931
159,35.400000,13.466667,20.772667,0.000000,3.649184
160,35.400000,13.433333,20.709333,0.000000,3.582059
161,35.400000,13.333333,20.782000,0.000000,3.576532
162,35.400000,12.900000,20.813333,0.000000,3.721641
163,35.400000,13.466667,20.685333,0.000000,3.558927
164,35.400000,13.400000,20.492667,0.000000,3.476031
165,35.400000,13.400000,20.844667,0.000000,3.514629
166,35.400000,13.566667,20.772000,0.000000,3.471004
167,35.400000,13.133333,20.733333,0.000000,3.581241
168,35.400000,13.500000,20.773333,0.000000,3.581311
169,35.400000,13.333333,20.636000,0.000000,3.512334
170,35.400000,13.466667,20.943333,0.000000,3.530808
171,35.400000,13.366667,20.786000,0.000000,3.547416
172,35.400000,13.233333,20.709333,0.000000,3.587918
173,35.400000,12.866667,20.626667,0.000000,3.650756
174,35.400000,13.366667,20.660000,0.000000,3.464057
175,35.400000,13.500000,20.680667,0.000000,3.519645
176,35.400000,13.466667,20.759333,0.000000,3.530464
177,35.400000,13.133333,20.678000,0.000000,3.591146
178,35.400000,13.400000,20.800667,0.000000,3.590724
179,35.533333,13.433333,20.836000,0.000000,3.684306
180,35.533333,13.500000,20.776000,0.000000,3.570977
181,35.533333,13.266667,20.763333,0.000000,3.621995
182,35.533333,13.033333,20.677333,0.000000,3.701785
183,35.533333,13.600000,20.644667,0.000000,3.466389
184,35.533333,13.566667,20.907333,0.000000,3.604322
185,35.533333,13.300000,20.698000,0.000000,3.510454
186,35.533333,13.133333,20.709333,0.000000,3.446309
187,35.533333,13.733333,20.722667,0.000000,3.527036
188,35.533333,12.866667,20.689333,0.000000,3.586410
189,35.533333,13.133333,20.682000,0.000000,3.602134
190,35.533333,13.433333,20.736667,0.000000,3.565080
191,35.533333,13.200000,20.654667,0.000000,3.676298
192,35.533333,13.466667,20.768000,0.000000,3.656068
193,35.533333,13.033333,20.701333,0.000000,3.654256
194,35.533333,13.633333,20.750667,0.000000,3.465664
195,35.533333,13.600000,20.802667,0.000000,3.574520
196,35.533333,13.533333,20.720667,0.000000,3.422665
197,35.600000,13.666667,20.774000,0.000000,3.564239
198,35.600000,13.300000,20.578000,0.000000,3.508170
199,35.600000,13.033333,20.834000,0.000000,3.665011
200,35.600000,13.233333,20.831333,0.000000,3.500527
201,35.600000,13.366667,20.777333,0.000000,3.578100
202,35.600000,13.366667,20.826667,0.000000,3.521522
203,35.600000,13.100000,20.727333,0.000000,3.615960
204,35.600000,13.266667,20.756667,0.000000,3.588778
205,35.600000,13.600000,20.811333,0.000000,3.511801
206,35.633333,13.300000,20.808667,0.000000,3.530103
207,35.633333,13.166667,20.742667,0.000000,3.691400
208,35.633333,13.033333,20.922667,0.000000,3.712555
209,35.633333,13.700000,20.810000,0.000000,3.587625
210,35.633333,13.766667,20.769333,0.000000,3.501213
211,35.633333,13.466667,20.720000,0.000000,3.608830
212,35.633333,13.466667,20.619333,0.000000,3.596075
213,35.666667,13.400000,20.682667,0.000000,3.528475
214,35.666667,13.333333,20.792000,0.000000,3.575103
215,35.666667,13.400000,20.853333,0.000000,3.545853
216,35.666667,13.733333,20.644000,0.000000,3.564105
217,35.666667,12.800000,20.784000,0.000000,3.613397
218,35.666667,12.966667,20.710667,0.000000,3.533503
219,35.666667,13.533333,20.819333,0.000000,3.636543
220,35.666667,13.400000,20.720000,0.000000,3.584741
221,35.666667,13.533333,20.705333,0.000000,3.557359
222,35.666667,13.133333,20.678000,0.000000,3.655309
223,35.666667,13.833333,20.724000,0.000000,3.503721
224,35.666667,12.533333,20.426667,0.000000,3.560797
225,35.666667,13.833333,20.751333,0.000000,3.498183
226,35.666667,13.333333,20.753333,0.000000,3.547847
227,35.666667,12.800000,20.743333,0.000000,3.587391
228,35.666667,13.233333,20.734000,0.000000,3.584197
229,35.666667,13.366667,20.798000,0.000000,3.568824
230,35.666667,13.266667,20.928667,0.000000,3.634151
231,35.666667,13.466667,20.982000,0.000000,3.531735
232,35.666667,13.266667,20.634000,0.000000,3.595981
233,35.666667,13.166667,20.888000,0.000000,3.690237
234,35.666667,13.600000,20.750000,0.000000,3.609852
235,35.700000,13.333333,20.840667,0.000000,3.609792
236,35.700000,13.366667,20.681333,0.000000,3.603115
237,35.700000,13.500000,20.756667,0.000000,3.565553
238,35.700000,12.933333,20.644667,0.000000,3.582274
239,35.700000,13.400000,20.859333,0.000000,3.522860
240,35.700000,13.366667,20.692667,0.000000,3.642515
241,35.700000,13.700000,20.600000,0.000000,3.449153
242,35.700000,13.466667,20.788667,0.000000,3.519216
243,35.700000,13.233333,20.762667,0.000000,3.593343
244,35.700000,13.633333,20.692000,0.000000,3.504208
245,35.700000,13.033333,20.713333,0.000000,3.485495
246,35.700000,13.866667,20.910667,0.000000,3.509715
247,35.700000,13.500000,20.706667,0.000000,3.574768
248,35.700000,13.366667,20.817333,0.000000,3.553299
249,35.700000,13.600000,20.842667,0.000000,3.576726
250,35.700000,13.266667,20.838000,0.000000,3.663138
251,35.700000,13.066667,20.762000,0.000000,3.616301
252,35.700000,12.900000,20.728667,0.000000,3.610970
253,35.700000,13.300000,20.572000,0.000000,3.638066
254,35.700000,13.266667,20.823333,0.000000,3.637268
255,35.700000,13.133333,20.679333,0.000000,3.543860
256,35.700000,13.833333,20.875333,0.000000,3.605574
257,35.700000,13.700000,20.731333,0.000000,3.550575
258,35.700000,13.266667,20.798667,0.000000,3.556365
259,35.733333,12.933333,20.770000,0.000000,3.698120
260,35.733333,13.333333,20.607333,0.000000,3.425923
261,35.733333,13.533333,20.694000,0.000000,3.572731
262,35.733333,13.300000,20.772667,0.000000,3.557677
263,35.733333,13.566667,20.892000,0.000000,3.568218
264,35.733333,12.900000,20.433333,0.000000,3.605588
265,35.733333,13.366667,20.774000,0.000000,3.627326
266,35.733333,13.566667,20.709333,0.000000,3.482923
267,35.733333,13.433333,20.781333,0.000000,3.598690
268,35.733333,13.266667,20.781333,0.000000,3.635194
269,35.733333,13.100000,20.789333,0.000000,3.647789
270,35.733333,13.200000,20.570667,0.000000,3.676693
271,35.733333,13.200000,20.616000,0.000000,3.544967
272,35.733333,13.300000,20.605333,0.000000,3.617971
273,35.733333,13.300000,20.654667,0.000000,3.543647
274,35.733333,13.166667,20.836000,0.000000,3.630859
275,35.733333,13.133333,20.665333,0.000000,3.626485
276,35.733333,13.500000,20.678667,0.000000,3.493352
277,35.733333,13.433333,20.688667,0.000000,3.586471
278,35.766667,13.266667,20.646667,0.000000,3.581119
279,35.766667,13.366667,20.852000,0.000000,3.605887
280,35.766667,13.300000,20.541333,0.000000,3.484550
281,35.766667,13.433333,20.580667,0.000000,3.475620
282,35.766667,13.400000,20.761333,0.000000,3.409714
283,35.766667,13.400000,20.606000,0.000000,3.623607
284,35.766667,13.133333,20.802667,0.000000,3.512681
285,35.766667,13.533333,20.848000,0.000000,3.582844
286,35.766667,13.466667,20.756000,0.000000,3.511088
287,35.800000,12.833333,20.653333,0.000000,3.701355
288,35.800000,13.000000,20.810000,0.000000,3.779130
289,35.800000,13.100000,20.678667,0.000000,3.676510
290,35.800000,13.166667,20.702667,0.000000,3.528204
291,35.800000,13.166667,20.627333,0.000000,3.653732
292,35.800000,13.366667,20.583333,0.000000,3.500508
293,35.800000,13.366667,20.810000,0.000000,3.536412
294,35.800000,13.533333,20.647333,0.000000,3.492741
295,35.800000,13.566667,20.729333,0.000000,3.501039
296,35.800000,13.466667,20.837333,0.000000,3.525862
297,35.800000,13.200000,20.754667,0.000000,3.466543
298,35.800000,13.633333,20.806000,0.000000,3.622052
299,35.800000,13.166667,20.594000,0.000000,3.477909
300,35.800000,13.000000,20.579333,0.000000,3.457863
301,35.800000,13.166667,20.669333,0.000000,3.647817
302,35.800000,13.500000,20.662000,0.000000,3.544237
303,35.800000,13.200000,20.772000,0.000000,3.581726
304,35.800000,13.000000,20.558667,0.000000,3.525393
305,35.800000,13.333333,20.841333,0.000000,3.566517
306,35.800000,13.333333,20.676667,0.000000,3.486284
307,35.800000,13.266667,20.702000,0.000000,3.637514
308,35.800000,12.833333,20.678000,0.000000,3.528941
309,35.800000,13.400000,20.694667,0.000000,3.564616
310,35.800000,13.833333,20.894667,0.000000,3.529248
311,35.800000,13.400000,20.794000,0.000000,3.579348
312,35.800000,12.933333,20.634000,0.000000,3.547389
313,35.833333,13.466667,20.673333,0.000000,3.560161
314,35.833333,13.333333,20.732000,0.000000,3.476256
315,35.866667,12.966667,20.696667,0.000000,3.544957
316,35.866667,13.500000,20.590667,0.000000,3.516064
317,35.866667,13.666667,20.658667,0.000000,3.465041
318,35.866667,13.400000,20.740667,0.000000,3.539972
319,35.866667,13.633333,20.744667,0.000000,3.462234
320,35.866667,13.433333,20.656667,0.000000,3.578377
321,35.900000,13.200000,20.644667,0.000000,3.607208
322,35.900000,13.566667,20.607333,0.000000,3.581571
323,35.900000,13.400000,20.788667,0.000000,3.659303
324,35.933333,13.100000,20.836667,0.000000,3.620968
325,35.933333,13.400000,20.666667,0.000000,3.516447
326,35.933333,13.066667,20.725333,0.000000,3.562755
327,35.933333,13.933333,20.817333,0.000000,3.559325
328,35.933333,13.333333,20.711333,0.000000,3.585754
329,35.933333,13.066667,20.656000,0.000000,3.633812
330,35.933333,12.800000,20.661333,0.000000,3.656311
331,35.933333,13.100000,20.737333,0.000000,3.679201
332,35.933333,13.400000,20.815333,0.000000,3.598877
333,35.933333,13.200000,20.716000,0.000000,3.679436
334,35.933333,13.533333,20.618667,0.000000,3.639794
335,35.933333,13.333333,20.740000,0.000000,3.503020
336,35.933333,13.500000,20.822000,0.000000,3.577790
337,35.933333,13.266667,20.942000,0.000000,3.625462
338,35.933333,13.566667,20.838000,0.000000,3.582804
339,35.966667,13.633333,20.752000,0.000000,3.611516
340,35.966667,13.166667,20.629333,0.000000,3.449314
341,35.966667,13.100000,20.763333,0.000000,3.675410
342,35.966667,13.166667,20.684000,0.000000,3.488713
343,35.966667,13.100000,20.658000,0.000000,3.578242
344,35.966667,13.433333,20.854667,0.000000,3.491940
345,35.966667,13.633333,20.742667,0.000000,3.497858
346,35.966667,13.500000,20.817333,0.000000,3.558963
347,35.966667,13.633333,20.658667,0.000000,3.484216
348,35.966667,13.100000,20.774000,0.000000,3.642048
349,35.966667,13.300000,20.764000,0.000000,3.614238
350,35.966667,12.733333,20.582667,0.000000,3.561896
351,35.966667,13.233333,20.626667,0.000000,3.510972
352,35.966667,13.466667,20.668000,0.000000,3.537789
353,35.966667,13.033333,20.765333,0.000000,3.518339
354,35.966667,13.466667,20.731333,0.000000,3.534696
355,35.966667,13.166667,20.805333,0.000000,3.615228
356,35.966667,12.833333,20.732667,0.000000,3.617817
357,35.966667,13.366667,20.908000,0.000000,3.676862
358,35.966667,12.966667,20.682667,0.000000,3.592276
359,36.000000,13.100000,20.467333,0.000000,3.648857
360,36.000000,13.600000,20.730667,0.000000,3.492849
361,36.000000,13.600000,20.764667,0.000000,3.532246
362,36.033333,13.766667,20.769333,0.000000,3.573820
363,36.033333,13.200000,20.608667,0.000000,3.566740
364,36.033333,13.433333,20.714667,0.000000,3.639464
365,36.033333,13.433333,20.909333,0.000000,3.438354
366,36.033333,13.733333,20.792667,0.000000,3.538448
367,36.033333,13.600000,20.803333,0.000000,3.547480
368,36.033333,13.233333,20.732667,0.000000,3.603512
369,36.033333,13.166667,20.752000,0.000000,3.549346
370,36.033333,13.266667,20.792667,0.000000,3.588756
371,36.033333,13.266667,20.846667,0.000000,3.595381
372,36.033333,13.466667,20.790667,0.000000,3.522281
373,36.033333,13.233333,20.710667,0.000000,3.544134
374,36.033333,13.833333,20.790000,0.000000,3.465433
375,36.033333,13.800000,20.718000,0.000000,3.545043
376,36.033333,13.366667,20.598667,0.000000,3.478914
377,36.033333,13.500000,20.768000,0.000000,3.559784
378,36.033333,13.700000,20.871333,0.000000,3.534616
379,36.033333,13.666667,20.730667,0.000000,3.498076
380,36.033333,13.200000,20.710000,0.000000,3.608273
381,36.033333,13.033333,20.662000,0.000000,3.620635
382,36.033333,13.566667,20.661333,0.000000,3.579215
383,36.033333,12.966667,20.730000,0.000000,3.699041
384,36.033333,13.266667,20.786667,0.000000,3.515143
385,36.033333,13.833333,20.836667,0.000000,3.586632
386,36.033333,12.933333,20.714667,0.000000,3.646155
387,36.100000,13.166667,20.700000,0.000000,3.550197
388,36.100000,13.433333,20.629333,0.000000,3.587547
389,36.100000,12.833333,20.590667,0.000000,3.647152
390,36.133333,13.600000,20.692000,0.000000,3.555534
391,36.133333,13.333333,20.926000,0.000000,3.596265
392,36.133333,13.633333,20.922667,0.000000,3.637226
393,36.133333,13.100000,20.662000,0.000000,3.651338
394,36.133333,13.566667,20.740667,0.000000,3.522892
395,36.133333,13.433333,20.751333,0.000000,3.613080
396,36.133333,13.500000,20.902000,0.000000,3.664780
397,36.133333,13.100000,20.690000,0.000000,3.498497
398,36.133333,12.833333,20.663333,0.000000,3.706010
399,36.133333,13.400000,20.623333,0.000000,3.562558
400,36.133333,13.166667,20.580000,0.000000,3.578656
401,36.133333,13.800000,20.778667,0.000000,3.584604
402,36.133333,13.300000,20.690000,0.000000,3.581240
403,36.133333,13.600000,20.674000,0.000000,3.506198
404,36.133333,13.400000,20.810000,0.000000,3.646783
405,36.133333,13.400000,20.650000,0.000000,3.479956
406,36.166667,13.233333,20.661333,0.000000,3.621623
407,36.166667,13.433333,20.788667,0.000000,3.573357
408,36.166667,13.333333,20.762000,0.000000,3.614154
409,36.166667,13.700000,20.896000,0.000000,3.440019
410,36.166667,13.166667,20.572000,0.000000,3.570099
411,36.166667,13.400000,20.571333,0.000000,3.516426
412,36.166667,13.366667,20.894000,0.000000,3.653534
413,36.166667,13.566667,20.822000,0.000000,3.564409
414,36.233333,13.733333,20.621333,0.000000,3.545451
415,36.233333,13.266667,20.744667,0.000000,3.584450
416,36.233333,13.300000,20.670667,0.000000,3.592182
417,36.233333,13.500000,20.700000,0.000000,3.498706
418,36.233333,12.866667,20.802000,0.000000,3.649631
419,36.233333,13.333333,20.677333,0.000000,3.541656
420,36.233333,13.200000,20.712000,0.000000,3.576517
421,36.233333,13.300000,20.709333,0.000000,3.532579
422,36.233333,13.200000,20.697333,0.000000,3.509686
423,36.233333,13.366667,20.526667,0.000000,3.487600
424,36.233333,13.266667,20.742000,0.000000,3.647518
425,36.233333,13.500000,20.575333,0.000000,3.433145
426,36.233333,12.900000,20.735333,0.000000,3.641180
427,36.233333,13.466667,20.831333,0.000000,3.616396
428,36.233333,13.400000,20.546000,0.000000,3.520390
429,36.233333,13.233333,20.736000,0.000000,3.591828
430,36.233333,13.200000,20.790000,0.000000,3.713781
431,36.233333,13.433333,20.707333,0.000000,3.494449
432,36.233333,13.133333,20.458000,0.000000,3.569938
433,36.233333,13.066667,20.574000,0.000000,3.580039
434,36.233333,13.233333,20.744000,0.000000,3.549905
435,36.233333,13.500000,20.700667,0.000000,3.501018
436,36.233333,13.266667,20.828667,0.000000,3.605020
437,36.233333,13.100000,20.684667,0.000000,3.634581
438,36.233333,13.033333,20.686667,0.000000,3.530966
439,36.233333,13.600000,20.826000,0.000000,3.608289
440,36.233333,13.433333,20.617333,0.000000,3.554617
441,36.233333,13.100000,20.750000,0.000000,3.529228
442,36.233333,13.700000,20.785333,0.000000,3.418673
443,36.233333,12.933333,20.844667,0.000000,3.637359
444,36.300000,13.266667,20.730667,0.000000,3.653561
445,36.300000,13.400000,20.707333,0.000000,3.563629
446,36.300000,12.800000,20.801333,0.000000,3.647978
447,36.300000,13.033333,20.555333,0.000000,3.575319
448,36.300000,13.366667,20.677333,0.000000,3.541494
449,36.300000,13.433333,20.813333,0.000000,3.445668
450,36.300000,13.333333,20.802000,0.000000,3.511964
451,36.300000,13.200000,20.614000,0.000000,3.591072
452,36.300000,13.133333,20.656000,0.000000,3.556051
453,36.300000,13.733333,20.892667,0.000000,3.441949
454,36.300000,13.400000,20.770667,0.000000,3.702897
455,36.300000,12.600000,20.536000,0.000000,3.529584
456,36.300000,13.466667,20.629333,0.000000,3.560123
457,36.300000,13.533333,20.756667,0.000000,3.452549
458,36.300000,13.566667,20.972000,0.000000,3.626691
459,36.300000,13.366667,20.810000,0.000000,3.565741
460,36.300000,13.333333,20.762667,0.000000,3.561633
461,36.300000,13.066667,20.760667,0.000000,3.693054
462,36.300000,13.400000,20.776667,0.000000,3.616870
463,36.300000,13.633333,20.727333,0.000000,3.503878
464,36.300000,13.033333,20.565333,0.000000,3.579847
465,36.300000,13.133333,20.619333,0.000000,3.668070
466,36.300000,13.266667,20.458000,0.000000,3.547888
467,36.300000,13.133333,20.894000,0.000000,3.583173
468,36.300000,13.233333,20.644667,0.000000,3.561620
469,36.300000,13.333333,20.739333,0.000000,3.534890
470,36.300000,13.800000,20.872667,0.000000,3.567767
471,36.300000,13.066667,20.734667,0.000000,3.577184
472,36.300000,13.533333,20.767333,0.000000,3.527191
473,36.300000,13.066667,20.735333,0.000000,3.581979
474,36.300000,13.300000,20.874000,0.000000,3.629972
475,36.300000,13.633333,20.730000,0.000000,3.497925
476,36.300000,13.300000,20.647333,0.000000,3.604247
477,36.300000,13.733333,20.718667,0.000000,3.524417
478,36.300000,13.566667,20.898667,0.000000,3.631843
479,36.300000,13.566667,20.693333,0.000000,3.502555
480,36.300000,13.433333,20.667333,0.000000,3.560074
481,36.300000,13.166667,20.469333,0.000000,3.496350
482,36.300000,13.000000,20.616667,0.000000,3.597457
483,36.300000,13.733333,20.846667,0.000000,3.567208
484,36.300000,13.600000,20.830667,0.000000,3.568682
485,36.300000,13.666667,20.739333,0.000000,3.550238
486,36.300000,13.600000,20.813333,0.000000,3.583935
487,36.300000,13.566667,20.761333,0.000000,3.542550
488,36.300000,13.633333,20.665333,0.000000,3.504169
489,36.300000,13.433333,20.911333,0.000000,3.546273
490,36.300000,13.166667,20.742667,0.000000,3.509368
491,36.300000,12.933333,20.580000,0.000000,3.607547
492,36.300000,13.166667,20.697333,0.000000,3.508019
493,36.300000,13.666667,20.856000,0.000000,3.479927
494,36.300000,13.733333,20.768667,0.000000,3.413714
495,36.300000,14.033333,20.937333,0.000000,3.462867
496,36.300000,13.766667,20.787333,0.000000,3.457998
497,36.300000,13.066667,20.628000,0.000000,3.579659
498,36.300000,13.233333,20.640667,0.000000,3.630012
499,36.300000,13.633333,20.710000,0.000000,3.437012
500,36.300000,13.533333,20.650000,0.000000,3.502417
BestSdev: 1.008930, Time: 30m35.7409605s