gen,best,worst,mean,rep,sdev
1,16.566667,11.433333,13.838000,0.000000,1.133095
2,16.666667,11.600000,13.857333,0.000000,1.078133
3,16.733333,11.700000,13.808667,0.000000,1.036226
4,16.800000,11.666667,13.796667,0.000000,1.073496
5,16.966667,11.666667,13.787333,0.000000,1.080131
6,17.000000,11.666667,13.836000,0.000000,1.055241
7,17.033333,11.600000,13.838000,0.000000,1.073408
8,17.100000,11.400000,13.782667,0.000000,1.094042
9,17.100000,11.633333,13.770000,0.000000,1.030685
10,17.133333,11.466667,13.764667,0.000000,1.079905
11,17.166667,11.566667,13.738667,0.000000,1.067537
12,17.233333,11.466667,13.863333,0.000000,1.097286
13,17.233333,11.566667,13.799333,0.000000,1.076588
14,17.233333,11.633333,13.777333,0.000000,1.043369
15,17.333333,11.466667,13.772000,0.000000,1.089399
16,17.366667,11.500000,13.820667,0.000000,1.112141
17,17.433333,11.733333,13.836000,0.000000,1.070305
18,17.433333,11.566667,13.769333,0.000000,1.075882
19,17.466667,11.600000,13.821333,0.000000,1.109979
20,17.466667,11.766667,13.834667,0.000000,1.080398
21,17.466667,11.466667,13.783333,0.000000,1.088987
22,17.500000,11.700000,13.842000,0.000000,1.075876
23,17.533333,11.700000,13.794667,0.000000,1.068489
24,17.533333,11.566667,13.772667,0.000000,1.065158
25,17.533333,11.433333,13.780667,0.000000,1.110273
26,17.533333,11.500000,13.773333,0.000000,1.056137
27,17.533333,11.700000,13.801333,0.000000,1.053641
28,17.566667,11.566667,13.822667,0.000000,1.055453
29,17.566667,11.700000,13.768000,0.000000,1.077217
30,17.633333,11.600000,13.842667,0.000000,1.093349
31,17.633333,11.333333,13.775333,0.000000,1.110246
32,17.633333,11.666667,13.878667,0.000000,1.082153
33,17.633333,11.666667,13.780000,0.000000,1.059810
34,17.633333,11.566667,13.774000,0.000000,1.050532
35,17.633333,11.666667,13.800667,0.000000,1.041401
36,17.633333,11.566667,13.785333,0.000000,1.046171
37,17.633333,11.433333,13.794000,0.000000,1.063392
38,17.633333,11.533333,13.817333,0.000000,1.081426
39,17.633333,11.733333,13.761333,0.000000,1.073069
40,17.633333,11.700000,13.776667,0.000000,1.071622
41,17.633333,11.633333,13.823333,0.000000,1.098782
42,17.666667,11.666667,13.800667,0.000000,1.069298
43,17.666667,11.666667,13.853333,0.000000,1.076367
44,17.666667,11.533333,13.768000,0.000000,1.078179
45,17.666667,11.600000,13.806000,0.000000,1.066529
46,17.666667,11.600000,13.778000,0.000000,1.073695
47,17.666667,11.700000,13.861333,0.000000,1.046940
48,17.666667,11.600000,13.777333,0.000000,1.051859
49,17.666667,11.566667,13.792000,0.000000,1.074109
50,17.666667,11.466667,13.790667,0.000000,1.054178
51,17.666667,11.666667,13.766000,0.000000,1.072033
52,17.666667,11.600000,13.786667,0.000000,1.093911
53,17.700000,11.566667,13.796667,0.000000,1.101863
54,17.700000,11.366667,13.788000,0.000000,1.067633
55,17.700000,11.666667,13.810000,0.000000,1.049764
56,17.700000,11.400000,13.786667,0.000000,1.076653
57,17.700000,11.633333,13.814000,0.000000,1.062485
58,17.700000,11.666667,13.790667,0.000000,1.037613
59,17.700000,11.700000,13.865333,0.000000,1.076901
60,17.700000,11.766667,13.807333,0.000000,1.048306
61,17.733333,11.566667,13.813333,0.000000,1.112210
62,17.733333,11.700000,13.832000,0.000000,1.066431
63,17.766667,11.633333,13.882000,0.000000,1.091644
64,17.766667,11.566667,13.808000,0.000000,1.082539
65,17.800000,11.666667,13.814667,0.000000,1.078113
66,17.833333,11.700000,13.818000,0.000000,1.066863
67,17.833333,11.666667,13.865333,0.000000,1.082343
68,17.833333,11.566667,13.838667,0.000000,1.054155
69,17.833333,11.700000,13.858000,0.000000,1.072652
70,17.833333,11.566667,13.858000,0.000000,1.070503
71,17.833333,11.666667,13.810667,0.000000,1.047203
72,17.833333,11.566667,13.769333,0.000000,1.065814
73,17.933333,11.566667,13.832000,0.000000,1.078911
74,17.933333,11.633333,13.768667,0.000000,1.073515
75,17.933333,11.500000,13.832000,0.000000,1.101897
76,17.966667,11.666667,13.775333,0.000000,1.066091
77,17.966667,11.600000,13.817333,0.000000,1.083389
78,17.966667,11.766667,13.837333,0.000000,1.071961
79,17.966667,11.466667,13.797333,0.000000,1.086467
80,17.966667,11.466667,13.772000,0.000000,1.064111
81,17.966667,11.466667,13.817333,0.000000,1.072324
82,18.000000,11.700000,13.864000,0.000000,1.067766
83,18.000000,11.666667,13.815333,0.000000,1.078060
84,18.066667,11.500000,13.846000,0.000000,1.089726
85,18.066667,11.500000,13.802667,0.000000,1.087099
86,18.066667,11.666667,13.796667,0.000000,1.059665
87,18.066667,11.533333,13.839333,0.000000,1.079018
88,18.066667,11.666667,13.800667,0.000000,1.066291
89,18.066667,11.533333,13.801333,0.000000,1.074801
90,18.066667,11.566667,13.792667,0.000000,1.109179
91,18.100000,11.500000,13.750667,0.000000,1.072283
92,18.100000,11.633333,13.760667,0.000000,1.054143
93,18.100000,11.566667,13.810000,0.000000,1.086088
94,18.100000,11.633333,13.760667,0.000000,1.057260
95,18.100000,11.566667,13.808667,0.000000,1.061712
96,18.100000,11.533333,13.799333,0.000000,1.079284
97,18.100000,11.700000,13.824667,0.000000,1.080040
98,18.100000,11.200000,13.736667,0.000000,1.089074
99,18.100000,11.566667,13.837333,0.000000,1.066686
100,18.100000,11.600000,13.798000,0.000000,1.063683
BestSdev: 0.342209, Time: 7m38.452408869s