gen,best,worst,mean,rep,sdev
1,32.466667,11.166667,20.740667,0.000000,3.637177
2,32.933333,11.133333,20.735067,0.000000,3.599540
3,33.766667,11.366667,20.745267,0.000000,3.631049
4,33.866667,10.833333,20.734333,0.000000,3.632718
5,34.266667,11.433333,20.685467,0.000000,3.586565
6,34.533333,11.133333,20.727867,0.000000,3.609399
7,34.633333,11.066667,20.757600,0.000000,3.612017
8,34.866667,11.200000,20.757267,0.000000,3.613728
9,34.966667,11.433333,20.740867,0.000000,3.644518
10,35.266667,11.433333,20.669400,0.000000,3.584941
11,35.300000,11.466667,20.697867,0.000000,3.603605
12,35.333333,11.366667,20.730267,0.000000,3.603927
13,35.333333,11.366667,20.753467,0.000000,3.591556
14,35.333333,11.400000,20.741067,0.000000,3.630487
15,35.333333,11.133333,20.754667,0.000000,3.591565
16,35.366667,11.200000,20.737133,0.000000,3.610653
17,35.400000,11.633333,20.765533,0.000000,3.593115
18,35.500000,11.333333,20.695667,0.000000,3.610609
19,35.533333,11.366667,20.720867,0.000000,3.571327
20,35.633333,11.433333,20.681400,0.000000,3.613071
21,35.633333,11.133333,20.682467,0.000000,3.628181
22,35.666667,10.966667,20.755933,0.000000,3.647935
23,35.700000,10.966667,20.677333,0.000000,3.619160
24,35.700000,11.366667,20.767400,0.000000,3.589047
25,35.733333,11.233333,20.728067,0.000000,3.591996
26,35.733333,11.466667,20.721533,0.000000,3.639173
27,35.766667,11.600000,20.771333,0.000000,3.595501
28,35.766667,11.233333,20.776467,0.000000,3.637999
29,35.766667,11.266667,20.735200,0.000000,3.628268
30,35.900000,11.200000,20.698200,0.000000,3.618006
31,35.900000,11.033333,20.715867,0.000000,3.609037
32,36.033333,11.300000,20.677800,0.000000,3.619796
33,36.066667,11.166667,20.719600,0.000000,3.627551
34,36.066667,11.400000,20.745200,0.000000,3.601677
35,36.100000,11.233333,20.774400,0.000000,3.634987
36,36.100000,11.066667,20.693067,0.000000,3.624321
37,36.100000,11.033333,20.725933,0.000000,3.597149
38,36.100000,11.433333,20.751733,0.000000,3.599873
39,36.100000,11.333333,20.738333,0.000000,3.650615
40,36.100000,11.166667,20.723667,0.000000,3.619475
41,36.166667,11.300000,20.755333,0.000000,3.618511
42,36.233333,11.300000,20.718867,0.000000,3.599586
43,36.233333,11.266667,20.710733,0.000000,3.586054
44,36.233333,11.233333,20.690200,0.000000,3.628650
45,36.233333,11.233333,20.675000,0.000000,3.579769
46,36.233333,11.200000,20.713333,0.000000,3.593347
47,36.233333,11.333333,20.690533,0.000000,3.591095
48,36.266667,11.300000,20.737867,0.000000,3.626996
49,36.266667,11.333333,20.747000,0.000000,3.616206
50,36.333333,11.466667,20.729667,0.000000,3.596079
51,36.333333,11.100000,20.759267,0.000000,3.613990
52,36.333333,11.500000,20.789667,0.000000,3.596748
53,36.333333,11.166667,20.714933,0.000000,3.591985
54,36.333333,11.266667,20.670400,0.000000,3.632594
55,36.333333,11.400000,20.770267,0.000000,3.641543
56,36.400000,11.166667,20.758600,0.000000,3.652330
57,36.400000,11.100000,20.690667,0.000000,3.611062
58,36.400000,11.233333,20.740467,0.000000,3.590505
59,36.433333,11.500000,20.714333,0.000000,3.608342
60,36.433333,11.300000,20.740467,0.000000,3.635042
61,36.433333,11.533333,20.712200,0.000000,3.592441
62,36.433333,11.266667,20.714133,0.000000,3.616773
63,36.500000,11.033333,20.731133,0.000000,3.655325
64,36.500000,11.133333,20.737133,0.000000,3.618318
65,36.500000,11.366667,20.736000,0.000000,3.630245
66,36.500000,11.100000,20.767533,0.000000,3.645568
67,36.500000,11.166667,20.706867,0.000000,3.603828
68,36.500000,11.533333,20.696467,0.000000,3.636286
69,36.500000,11.166667,20.710067,0.000000,3.619497
70,36.533333,11.533333,20.747267,0.000000,3.607398
71,36.533333,11.266667,20.722200,0.000000,3.612942
72,36.600000,11.133333,20.759333,0.000000,3.604685
73,36.633333,10.933333,20.713333,0.000000,3.622763
74,36.633333,11.300000,20.750933,0.000000,3.628471
75,36.700000,11.600000,20.689133,0.000000,3.607246
76,36.700000,11.133333,20.756933,0.000000,3.649533
77,36.700000,11.266667,20.704733,0.000000,3.610839
78,36.700000,11.333333,20.804333,0.000000,3.650465
79,36.733333,10.966667,20.752333,0.000000,3.648319
80,36.733333,11.400000,20.747933,0.000000,3.582606
81,36.800000,11.266667,20.714400,0.000000,3.581920
82,36.800000,11.666667,20.710467,0.000000,3.639957
83,36.800000,11.433333,20.713133,0.000000,3.648505
84,36.800000,11.500000,20.719000,0.000000,3.620475
85,36.800000,11.600000,20.778333,0.000000,3.633211
86,36.833333,11.033333,20.680267,0.000000,3.625034
87,36.833333,11.200000,20.725533,0.000000,3.597621
88,36.833333,11.233333,20.731067,0.000000,3.621530
89,36.833333,11.566667,20.742733,0.000000,3.574095
90,36.833333,11.366667,20.753200,0.000000,3.643553
91,36.833333,11.033333,20.776867,0.000000,3.632076
92,36.833333,11.200000,20.652533,0.000000,3.622158
93,36.833333,11.266667,20.755600,0.000000,3.602175
94,36.966667,11.266667,20.700400,0.000000,3.599586
95,36.966667,11.466667,20.671067,0.000000,3.620562
96,36.966667,11.133333,20.706133,0.000000,3.612554
97,36.966667,11.133333,20.737133,0.000000,3.657387
98,36.966667,11.000000,20.721200,0.000000,3.598762
99,36.966667,11.266667,20.748200,0.000000,3.608110
100,37.000000,11.000000,20.701400,0.000000,3.612176
101,37.000000,11.033333,20.725467,0.000000,3.640639
102,37.000000,11.200000,20.682133,0.000000,3.620626
103,37.000000,11.366667,20.737467,0.000000,3.616674
104,37.000000,11.333333,20.686267,0.000000,3.611924
105,37.000000,11.333333,20.744933,0.000000,3.636854
106,37.000000,11.400000,20.737400,0.000000,3.601793
107,37.000000,11.300000,20.764533,0.000000,3.633090
108,37.000000,11.733333,20.765200,0.000000,3.587915
109,37.033333,11.266667,20.707867,0.000000,3.599811
110,37.033333,11.166667,20.678867,0.000000,3.609133
111,37.033333,11.466667,20.794867,0.000000,3.664172
112,37.066667,11.633333,20.731267,0.000000,3.601331
113,37.066667,11.366667,20.741000,0.000000,3.613056
114,37.133333,11.166667,20.713800,0.000000,3.602892
115,37.166667,11.266667,20.801867,0.000000,3.652395
116,37.166667,11.400000,20.732200,0.000000,3.602826
117,37.200000,11.066667,20.755267,0.000000,3.641697
118,37.200000,11.033333,20.729400,0.000000,3.637475
119,37.200000,11.200000,20.711800,0.000000,3.600921
120,37.200000,11.100000,20.728933,0.000000,3.618006
121,37.200000,11.200000,20.740200,0.000000,3.641855
122,37.200000,11.200000,20.717600,0.000000,3.631243
123,37.200000,11.200000,20.753200,0.000000,3.590898
124,37.200000,11.500000,20.766800,0.000000,3.597298
125,37.200000,11.300000,20.770267,0.000000,3.620575
126,37.200000,11.433333,20.699533,0.000000,3.623762
127,37.200000,11.133333,20.713467,0.000000,3.618356
128,37.200000,11.500000,20.695267,0.000000,3.605618
129,37.200000,11.133333,20.746467,0.000000,3.597880
130,37.200000,11.000000,20.703867,0.000000,3.586485
131,37.200000,11.300000,20.746333,0.000000,3.589254
132,37.200000,11.533333,20.747400,0.000000,3.624938
133,37.200000,11.133333,20.790133,0.000000,3.621645
134,37.200000,11.033333,20.729933,0.000000,3.646891
135,37.200000,10.966667,20.681067,0.000000,3.635811
136,37.200000,11.700000,20.786267,0.000000,3.649402
137,37.200000,11.000000,20.735867,0.000000,3.610708
138,37.233333,11.133333,20.716267,0.000000,3.651611
139,37.233333,11.100000,20.736067,0.000000,3.634758
140,37.233333,11.400000,20.725733,0.000000,3.629065
141,37.233333,11.266667,20.729533,0.000000,3.603008
142,37.233333,11.366667,20.780667,0.000000,3.649538
143,37.233333,11.333333,20.715667,0.000000,3.590210
144,37.233333,11.300000,20.738733,0.000000,3.628974
145,37.233333,11.300000,20.750667,0.000000,3.634537
146,37.233333,11.300000,20.730133,0.000000,3.600779
147,37.233333,11.300000,20.830933,0.000000,3.635078
148,37.233333,11.333333,20.769867,0.000000,3.614283
149,37.233333,11.333333,20.681467,0.000000,3.611472
150,37.233333,11.333333,20.735333,0.000000,3.609136
151,37.233333,11.533333,20.700667,0.000000,3.613237
152,37.233333,11.266667,20.713333,0.000000,3.619233
153,37.233333,11.500000,20.739533,0.000000,3.610869
154,37.233333,11.300000,20.745800,0.000000,3.625638
155,37.266667,11.433333,20.705733,0.000000,3.584133
156,37.266667,11.266667,20.697000,0.000000,3.650700
157,37.300000,11.300000,20.770200,0.000000,3.625774
158,37.400000,11.366667,20.743267,0.000000,3.628842
159,37.400000,11.200000,20.718333,0.000000,3.583954
160,37.400000,11.400000,20.712933,0.000000,3.610689
161,37.400000,11.300000,20.716667,0.000000,3.578320
162,37.500000,11.500000,20.753867,0.000000,3.596577
163,37.500000,11.566667,20.778400,0.000000,3.604818
164,37.500000,11.233333,20.706933,0.000000,3.609298
165,37.500000,11.500000,20.753533,0.000000,3.623884
166,37.500000,11.000000,20.709867,0.000000,3.616392
167,37.533333,11.233333,20.671400,0.000000,3.613694
168,37.533333,11.266667,20.797667,0.000000,3.647818
169,37.533333,11.333333,20.716200,0.000000,3.588588
170,37.533333,11.366667,20.746267,0.000000,3.629599
171,37.533333,11.166667,20.783867,0.000000,3.619116
172,37.533333,11.500000,20.692600,0.000000,3.647296
173,37.533333,11.166667,20.722600,0.000000,3.623519
174,37.533333,11.500000,20.794133,0.000000,3.580582
175,37.533333,11.233333,20.711600,0.000000,3.641685
176,37.533333,11.000000,20.683867,0.000000,3.619670
177,37.533333,11.166667,20.761133,0.000000,3.615264
178,37.533333,11.166667,20.714333,0.000000,3.593216
179,37.533333,11.366667,20.689733,0.000000,3.604526
180,37.533333,11.400000,20.767333,0.000000,3.624757
181,37.533333,11.233333,20.766067,0.000000,3.631142
182,37.533333,11.166667,20.692867,0.000000,3.605034
183,37.533333,11.200000,20.706733,0.000000,3.582607
184,37.533333,11.233333,20.778000,0.000000,3.633869
185,37.533333,11.333333,20.699467,0.000000,3.618606
186,37.533333,10.900000,20.669000,0.000000,3.612333
187,37.533333,11.400000,20.763933,0.000000,3.636689
188,37.533333,11.166667,20.722867,0.000000,3.633605
189,37.600000,11.433333,20.771800,0.000000,3.641483
190,37.600000,11.133333,20.727933,0.000000,3.592728
191,37.600000,11.200000,20.780333,0.000000,3.631678
192,37.600000,11.233333,20.753800,0.000000,3.606641
193,37.633333,11.400000,20.707000,0.000000,3.601057
194,37.633333,11.200000,20.721533,0.000000,3.615924
195,37.633333,11.200000,20.694600,0.000000,3.613924
196,37.633333,11.333333,20.756467,0.000000,3.613590
197,37.633333,11.366667,20.708333,0.000000,3.634529
198,37.666667,11.133333,20.732400,0.000000,3.635787
199,37.666667,11.233333,20.697800,0.000000,3.584204
200,37.666667,11.266667,20.688467,0.000000,3.627058
201,37.666667,10.900000,20.722667,0.000000,3.614232
202,37.666667,11.000000,20.721867,0.000000,3.644383
203,37.666667,11.333333,20.707333,0.000000,3.636710
204,37.666667,11.366667,20.763867,0.000000,3.591886
205,37.666667,11.266667,20.700733,0.000000,3.626475
206,37.666667,11.333333,20.710667,0.000000,3.597998
207,37.666667,11.033333,20.699867,0.000000,3.647788
208,37.700000,11.666667,20.689267,0.000000,3.589397
209,37.766667,11.333333,20.707400,0.000000,3.614463
210,37.766667,11.566667,20.715733,0.000000,3.631589
211,37.766667,11.233333,20.731200,0.000000,3.623024
212,37.766667,11.400000,20.741467,0.000000,3.609766
213,37.766667,11.500000,20.726200,0.000000,3.621342
214,37.900000,11.300000,20.779667,0.000000,3.607264
215,37.900000,11.233333,20.740133,0.000000,3.603113
216,37.900000,11.333333,20.708267,0.000000,3.655742
217,37.900000,11.500000,20.727200,0.000000,3.627096
218,37.900000,11.333333,20.733067,0.000000,3.614858
219,37.900000,11.133333,20.670533,0.000000,3.601765
220,37.900000,11.133333,20.739133,0.000000,3.613678
221,37.900000,11.200000,20.714733,0.000000,3.636574
222,37.900000,11.333333,20.760667,0.000000,3.624602
223,37.900000,11.333333,20.760133,0.000000,3.606257
224,37.900000,11.333333,20.760600,0.000000,3.629633
225,37.900000,11.166667,20.745333,0.000000,3.618083
226,37.900000,11.133333,20.705667,0.000000,3.594567
227,37.900000,11.366667,20.708933,0.000000,3.621399
228,37.900000,11.466667,20.677400,0.000000,3.590612
229,37.900000,11.366667,20.734000,0.000000,3.604201
230,37.900000,11.066667,20.785533,0.000000,3.636876
231,37.900000,11.033333,20.689600,0.000000,3.654571
232,37.900000,11.200000,20.765600,0.000000,3.599623
233,37.900000,11.500000,20.760933,0.000000,3.627055
234,37.900000,11.233333,20.755600,0.000000,3.632743
235,37.900000,11.200000,20.710133,0.000000,3.597189
236,37.900000,11.033333,20.757267,0.000000,3.602592
237,37.900000,10.900000,20.717933,0.000000,3.630648
238,37.966667,11.200000,20.755667,0.000000,3.594713
239,37.966667,11.100000,20.728600,0.000000,3.621352
240,37.966667,11.100000,20.766933,0.000000,3.623581
241,37.966667,11.033333,20.738600,0.000000,3.614982
242,37.966667,11.400000,20.739600,0.000000,3.617691
243,37.966667,11.400000,20.701600,0.000000,3.621393
244,37.966667,11.366667,20.757933,0.000000,3.668768
245,37.966667,11.400000,20.718133,0.000000,3.655167
246,37.966667,11.466667,20.732800,0.000000,3.640517
247,37.966667,11.300000,20.715200,0.000000,3.629375
248,37.966667,11.233333,20.722133,0.000000,3.606105
249,37.966667,11.166667,20.757867,0.000000,3.634456
250,37.966667,11.433333,20.755133,0.000000,3.601831
251,37.966667,11.233333,20.750600,0.000000,3.644361
252,37.966667,10.966667,20.746733,0.000000,3.557715
253,37.966667,11.266667,20.723000,0.000000,3.613447
254,37.966667,11.233333,20.726067,0.000000,3.625391
255,37.966667,11.400000,20.744667,0.000000,3.626033
256,38.000000,11.533333,20.733333,0.000000,3.637828
257,38.000000,11.033333,20.705667,0.000000,3.645771
258,38.033333,11.066667,20.746200,0.000000,3.639559
259,38.033333,10.933333,20.751667,0.000000,3.646431
260,38.066667,11.333333,20.743133,0.000000,3.659250
261,38.066667,11.066667,20.734467,0.000000,3.627556
262,38.066667,11.200000,20.695867,0.000000,3.635037
263,38.066667,11.033333,20.710133,0.000000,3.630047
264,38.066667,11.366667,20.761000,0.000000,3.623825
265,38.066667,11.133333,20.715733,0.000000,3.621680
266,38.066667,11.133333,20.725867,0.000000,3.645587
267,38.066667,10.900000,20.755067,0.000000,3.655437
268,38.066667,11.500000,20.692467,0.000000,3.598773
269,38.066667,11.333333,20.704533,0.000000,3.622599
270,38.133333,11.266667,20.754333,0.000000,3.639642
271,38.133333,11.600000,20.803000,0.000000,3.635791
272,38.133333,11.333333,20.697333,0.000000,3.604013
273,38.133333,11.233333,20.728733,0.000000,3.629100
274,38.133333,11.033333,20.729933,0.000000,3.626715
275,38.133333,11.600000,20.737267,0.000000,3.605658
276,38.133333,11.333333,20.771067,0.000000,3.622768
277,38.133333,11.533333,20.686333,0.000000,3.590116
278,38.133333,11.066667,20.698400,0.000000,3.612433
279,38.133333,11.166667,20.719200,0.000000,3.628349
280,38.133333,11.466667,20.736467,0.000000,3.605014
281,38.133333,11.233333,20.754067,0.000000,3.644391
282,38.133333,11.500000,20.716400,0.000000,3.602521
283,38.133333,11.200000,20.747467,0.000000,3.641173
284,38.133333,10.966667,20.715600,0.000000,3.610415
285,38.133333,11.033333,20.734333,0.000000,3.628040
286,38.133333,11.200000,20.773867,0.000000,3.633064
287,38.133333,11.500000,20.691867,0.000000,3.586302
288,38.133333,11.066667,20.716067,0.000000,3.589108
289,38.133333,11.266667,20.756067,0.000000,3.630292
290,38.133333,11.233333,20.738333,0.000000,3.611847
291,38.133333,11.433333,20.723333,0.000000,3.602061
292,38.133333,11.366667,20.717600,0.000000,3.618709
293,38.133333,11.433333,20.752000,0.000000,3.656052
294,38.166667,11.233333,20.733533,0.000000,3.618171
295,38.166667,11.166667,20.719333,0.000000,3.615042
296,38.166667,11.133333,20.724000,0.000000,3.626444
297,38.166667,11.233333,20.715067,0.000000,3.627039
298,38.166667,11.366667,20.769933,0.000000,3.607945
299,38.166667,11.366667,20.741133,0.000000,3.622712
300,38.166667,11.333333,20.678867,0.000000,3.606172
301,38.166667,11.000000,20.717267,0.000000,3.619674
302,38.166667,10.900000,20.724133,0.000000,3.618259
303,38.166667,11.100000,20.720800,0.000000,3.628545
304,38.166667,11.133333,20.744533,0.000000,3.617149
305,38.166667,11.300000,20.704067,0.000000,3.635232
306,38.166667,11.366667,20.736600,0.000000,3.606303
307,38.166667,11.366667,20.775800,0.000000,3.623650
308,38.166667,11.400000,20.793600,0.000000,3.626601
309,38.166667,11.433333,20.728400,0.000000,3.582374
310,38.166667,11.533333,20.748267,0.000000,3.585657
311,38.166667,11.233333,20.726867,0.000000,3.597463
312,38.166667,11.233333,20.703267,0.000000,3.586703
313,38.166667,11.300000,20.753067,0.000000,3.618761
314,38.166667,11.200000,20.761333,0.000000,3.602155
315,38.166667,11.333333,20.668800,0.000000,3.618543
316,38.166667,11.266667,20.748333,0.000000,3.610208
317,38.166667,11.433333,20.699800,0.000000,3.625212
318,38.166667,11.133333,20.753133,0.000000,3.633806
319,38.166667,11.433333,20.780133,0.000000,3.611419
320,38.166667,11.133333,20.702533,0.000000,3.595733
321,38.166667,11.200000,20.756600,0.000000,3.610196
322,38.166667,11.066667,20.711667,0.000000,3.605054
323,38.166667,11.466667,20.770800,0.000000,3.609138
324,38.200000,11.333333,20.739533,0.000000,3.653622
325,38.200000,11.333333,20.741067,0.000000,3.616740
326,38.200000,11.700000,20.700467,0.000000,3.600137
327,38.200000,11.366667,20.769067,0.000000,3.649978
328,38.200000,11.300000,20.770867,0.000000,3.640487
329,38.200000,11.533333,20.750800,0.000000,3.603348
330,38.200000,11.400000,20.741467,0.000000,3.596757
331,38.200000,11.366667,20.750600,0.000000,3.563445
332,38.200000,11.166667,20.752067,0.000000,3.609163
333,38.200000,11.200000,20.759267,0.000000,3.605556
334,38.200000,11.166667,20.713267,0.000000,3.592032
335,38.200000,11.000000,20.741667,0.000000,3.633127
336,38.200000,11.400000,20.723400,0.000000,3.606850
337,38.200000,11.100000,20.724933,0.000000,3.625539
338,38.200000,11.100000,20.762667,0.000000,3.587232
339,38.200000,10.866667,20.739067,0.000000,3.586488
340,38.200000,11.033333,20.776400,0.000000,3.593008
341,38.200000,11.133333,20.731200,0.000000,3.645331
342,38.200000,11.433333,20.732000,0.000000,3.589090
343,38.200000,11.333333,20.740867,0.000000,3.652042
344,38.200000,11.400000,20.760400,0.000000,3.620367
345,38.200000,11.266667,20.750800,0.000000,3.614193
346,38.200000,11.366667,20.712333,0.000000,3.597857
347,38.200000,11.433333,20.745933,0.000000,3.602734
348,38.200000,11.200000,20.680267,0.000000,3.657637
349,38.200000,11.400000,20.683267,0.000000,3.595705
350,38.200000,11.533333,20.689667,0.000000,3.624447
351,38.200000,11.400000,20.802133,0.000000,3.604060
352,38.200000,11.533333,20.725867,0.000000,3.606283
353,38.200000,11.533333,20.756400,0.000000,3.604108
354,38.200000,11.366667,20.767133,0.000000,3.631431
355,38.200000,11.300000,20.752400,0.000000,3.622375
356,38.200000,11.266667,20.698933,0.000000,3.631615
357,38.200000,11.300000,20.669600,0.000000,3.610283
358,38.200000,10.933333,20.721200,0.000000,3.621337
359,38.200000,11.566667,20.738067,0.000000,3.578562
360,38.200000,11.500000,20.720400,0.000000,3.601136
361,38.200000,11.233333,20.783067,0.000000,3.665827
362,38.200000,11.266667,20.664267,0.000000,3.619356
363,38.200000,11.033333,20.728600,0.000000,3.633656
364,38.200000,11.266667,20.696600,0.000000,3.657976
365,38.200000,11.333333,20.690133,0.000000,3.604296
366,38.200000,11.100000,20.725000,0.000000,3.598719
367,38.200000,11.200000,20.757400,0.000000,3.632920
368,38.200000,11.433333,20.758000,0.000000,3.624594
369,38.200000,11.233333,20.704867,0.000000,3.599787
370,38.200000,11.200000,20.706533,0.000000,3.619473
371,38.200000,11.400000,20.732800,0.000000,3.624687
372,38.200000,11.433333,20.742533,0.000000,3.637514
373,38.200000,11.500000,20.720267,0.000000,3.565125
374,38.200000,10.966667,20.741200,0.000000,3.635764
375,38.200000,11.566667,20.719267,0.000000,3.601281
376,38.200000,11.400000,20.765867,0.000000,3.590735
377,38.200000,11.333333,20.747667,0.000000,3.635775
378,38.200000,11.133333,20.775400,0.000000,3.607703
379,38.233333,11.366667,20.733133,0.000000,3.612629
380,38.233333,11.233333,20.739267,0.000000,3.621988
381,38.233333,11.366667,20.755067,0.000000,3.629901
382,38.233333,11.133333,20.724600,0.000000,3.615112
383,38.233333,11.033333,20.736600,0.000000,3.632030
384,38.233333,11.366667,20.740467,0.000000,3.608589
385,38.233333,11.366667,20.778333,0.000000,3.614654
386,38.233333,11.166667,20.749133,0.000000,3.640029
387,38.233333,11.233333,20.705533,0.000000,3.623800
388,38.233333,11.266667,20.685200,0.000000,3.622404
389,38.233333,11.433333,20.815600,0.000000,3.626194
390,38.233333,11.200000,20.725533,0.000000,3.612056
391,38.233333,11.233333,20.715000,0.000000,3.611561
392,38.233333,11.266667,20.718267,0.000000,3.585591
393,38.233333,11.133333,20.721467,0.000000,3.629146
394,38.233333,11.400000,20.715600,0.000000,3.593130
395,38.233333,11.400000,20.724467,0.000000,3.619308
396,38.233333,11.366667,20.734200,0.000000,3.618516
397,38.233333,11.266667,20.700400,0.000000,3.622449
398,38.233333,11.433333,20.721400,0.000000,3.619281
399,38.233333,11.300000,20.725133,0.000000,3.586912
400,38.233333,11.066667,20.722067,0.000000,3.636321
401,38.233333,11.666667,20.759067,0.000000,3.574952
402,38.233333,11.466667,20.683933,0.000000,3.622009
403,38.233333,11.100000,20.755333,0.000000,3.636499
404,38.233333,10.933333,20.757133,0.000000,3.647923
405,38.266667,11.233333,20.769133,0.000000,3.612953
406,38.266667,11.166667,20.720533,0.000000,3.616151
407,38.266667,11.233333,20.698933,0.000000,3.590948
408,38.266667,11.000000,20.730933,0.000000,3.611288
409,38.266667,11.200000,20.725867,0.000000,3.609636
410,38.266667,11.533333,20.766667,0.000000,3.592391
411,38.266667,11.633333,20.703933,0.000000,3.619522
412,38.266667,11.266667,20.695067,0.000000,3.619825
413,38.266667,11.300000,20.703933,0.000000,3.613510
414,38.266667,11.266667,20.730133,0.000000,3.593621
415,38.266667,11.500000,20.755467,0.000000,3.613962
416,38.266667,11.333333,20.724733,0.000000,3.645063
417,38.266667,11.400000,20.751333,0.000000,3.640232
418,38.266667,11.500000,20.718933,0.000000,3.620146
419,38.266667,11.400000,20.801467,0.000000,3.624285
420,38.266667,11.400000,20.786067,0.000000,3.603293
421,38.266667,10.966667,20.726533,0.000000,3.630765
422,38.266667,11.100000,20.760600,0.000000,3.622235
423,38.266667,11.166667,20.724667,0.000000,3.629024
424,38.266667,11.066667,20.732600,0.000000,3.599189
425,38.266667,11.200000,20.741067,0.000000,3.628831
426,38.266667,11.266667,20.719800,0.000000,3.552494
427,38.266667,11.266667,20.703600,0.000000,3.586711
428,38.266667,10.933333,20.687333,0.000000,3.635616
429,38.266667,11.400000,20.654000,0.000000,3.606821
430,38.266667,11.266667,20.760133,0.000000,3.628123
431,38.266667,11.100000,20.729067,0.000000,3.601161
432,38.266667,10.966667,20.751733,0.000000,3.619730
433,38.266667,11.066667,20.724533,0.000000,3.649208
434,38.266667,11.366667,20.736067,0.000000,3.642523
435,38.266667,11.300000,20.703533,0.000000,3.608447
436,38.266667,11.133333,20.706800,0.000000,3.624132
437,38.266667,11.466667,20.706800,0.000000,3.634899
438,38.266667,11.500000,20.741800,0.000000,3.606453
439,38.266667,11.366667,20.719200,0.000000,3.608777
440,38.266667,11.133333,20.727133,0.000000,3.629175
441,38.266667,11.066667,20.766133,0.000000,3.602276
442,38.266667,11.300000,20.755533,0.000000,3.644986
443,38.300000,11.433333,20.712800,0.000000,3.615227
444,38.300000,11.133333,20.674667,0.000000,3.606568
445,38.300000,11.333333,20.755533,0.000000,3.628872
446,38.300000,11.166667,20.755267,0.000000,3.627771
447,38.300000,11.266667,20.708333,0.000000,3.622692
448,38.300000,11.400000,20.793933,0.000000,3.643314
449,38.300000,11.166667,20.700867,0.000000,3.602524
450,38.300000,11.300000,20.701733,0.000000,3.601474
451,38.300000,11.133333,20.715067,0.000000,3.607709
452,38.300000,11.033333,20.674400,0.000000,3.616784
453,38.300000,11.266667,20.736933,0.000000,3.637270
454,38.300000,10.966667,20.731133,0.000000,3.632676
455,38.300000,11.133333,20.794467,0.000000,3.623391
456,38.300000,11.533333,20.738400,0.000000,3.627141
457,38.300000,11.300000,20.761200,0.000000,3.631077
458,38.300000,11.233333,20.693800,0.000000,3.598229
459,38.300000,11.333333,20.754467,0.000000,3.597432
460,38.300000,11.366667,20.702800,0.000000,3.633488
461,38.300000,11.066667,20.684467,0.000000,3.593261
462,38.300000,11.500000,20.739933,0.000000,3.606693
463,38.300000,11.233333,20.728333,0.000000,3.624627
464,38.300000,11.100000,20.786533,0.000000,3.626776
465,38.300000,11.433333,20.721533,0.000000,3.612854
466,38.300000,11.066667,20.753867,0.000000,3.634474
467,38.300000,11.600000,20.743400,0.000000,3.642769
468,38.300000,11.466667,20.759400,0.000000,3.602892
469,38.300000,11.500000,20.689733,0.000000,3.597546
470,38.300000,11.566667,20.762200,0.000000,3.672433
471,38.300000,11.500000,20.693400,0.000000,3.595877
472,38.300000,11.233333,20.690133,0.000000,3.639118
473,38.300000,11.433333,20.728333,0.000000,3.605500
474,38.300000,11.266667,20.712667,0.000000,3.581750
475,38.300000,11.266667,20.737533,0.000000,3.587171
476,38.300000,11.000000,20.712400,0.000000,3.670431
477,38.300000,11.400000,20.712333,0.000000,3.610364
478,38.300000,11.200000,20.763000,0.000000,3.617819
479,38.300000,11.233333,20.741733,0.000000,3.619567
480,38.300000,11.266667,20.706467,0.000000,3.626717
481,38.300000,11.033333,20.710200,0.000000,3.649335
482,38.300000,10.900000,20.733933,0.000000,3.636093
483,38.300000,11.000000,20.696533,0.000000,3.628994
484,38.300000,11.266667,20.759600,0.000000,3.602354
485,38.300000,11.400000,20.732733,0.000000,3.624043
486,38.300000,11.200000,20.729800,0.000000,3.668858
487,38.300000,11.200000,20.729800,0.000000,3.645337
488,38.300000,11.100000,20.722867,0.000000,3.614078
489,38.300000,11.000000,20.733867,0.000000,3.651734
490,38.300000,11.466667,20.743733,0.000000,3.615820
491,38.300000,11.500000,20.761667,0.000000,3.615417
492,38.300000,11.133333,20.738467,0.000000,3.638829
493,38.300000,11.266667,20.720867,0.000000,3.629434
494,38.300000,11.200000,20.739400,0.000000,3.583996
495,38.300000,11.266667,20.737933,0.000000,3.636132
496,38.300000,11.333333,20.703867,0.000000,3.623404
497,38.300000,11.333333,20.739000,0.000000,3.653886
498,38.400000,11.166667,20.676867,0.000000,3.647519
499,38.400000,11.300000,20.748667,0.000000,3.604646
500,38.400000,11.366667,20.717267,0.000000,3.648060
BestSdev: 0.904237, Time: 4h35m32.382245063s