gen,best,worst,mean,rep,sdev
1,32.400000,11.300000,20.702933,0.000000,3.633547
2,33.600000,11.366667,20.735733,0.000000,3.625900
3,33.933333,11.266667,20.731800,0.000000,3.604490
4,34.333333,11.033333,20.730267,0.000000,3.649605
5,34.433333,11.233333,20.712667,0.000000,3.598799
6,34.566667,11.300000,20.723400,0.000000,3.641885
7,34.766667,11.133333,20.711800,0.000000,3.620823
8,34.866667,11.200000,20.671333,0.000000,3.597975
9,35.066667,11.266667,20.740000,0.000000,3.639053
10,35.266667,11.333333,20.758133,0.000000,3.631803
11,35.266667,11.033333,20.735200,0.000000,3.597929
12,35.333333,11.566667,20.706467,0.000000,3.616054
13,35.333333,11.433333,20.744000,0.000000,3.629554
14,35.433333,11.400000,20.708400,0.000000,3.622054
15,35.433333,11.500000,20.742133,0.000000,3.631501
16,35.633333,11.666667,20.753133,0.000000,3.603742
17,35.700000,10.833333,20.698933,0.000000,3.611095
18,35.766667,11.300000,20.775200,0.000000,3.626340
19,35.833333,11.433333,20.721200,0.000000,3.609595
20,35.866667,11.366667,20.720933,0.000000,3.620221
BestSdev: 0.851004, Time: 11m0.149642977s