gen,best,worst,mean,rep,sdev
1,31.600000,11.866667,20.765667,0.000000,3.683852
2,32.466667,12.100000,20.667500,0.000000,3.645924
3,32.966667,12.166667,20.699000,0.000000,3.623500
4,33.066667,12.033333,20.737500,0.000000,3.634415
5,33.333333,12.133333,20.701333,0.000000,3.590796
6,33.633333,11.833333,20.748667,0.000000,3.634581
7,34.100000,11.933333,20.772500,0.000000,3.626311
8,34.300000,11.733333,20.760667,0.000000,3.586732
9,34.466667,12.033333,20.781167,0.000000,3.606378
10,34.500000,11.933333,20.676833,0.000000,3.596530
11,34.600000,11.866667,20.680167,0.000000,3.641760
12,34.766667,12.233333,20.693167,0.000000,3.656375
13,34.800000,11.766667,20.726333,0.000000,3.649142
14,34.800000,11.733333,20.722333,0.000000,3.628039
15,34.866667,12.133333,20.741167,0.000000,3.615451
16,34.866667,12.300000,20.746667,0.000000,3.580570
17,34.866667,12.266667,20.741167,0.000000,3.581153
18,34.866667,12.000000,20.676000,0.000000,3.596165
19,34.866667,12.166667,20.730500,0.000000,3.641873
20,34.866667,11.733333,20.684000,0.000000,3.559210
21,34.866667,12.266667,20.714833,0.000000,3.589334
22,34.900000,12.066667,20.673833,0.000000,3.619047
23,35.000000,12.066667,20.771833,0.000000,3.627946
24,35.033333,12.100000,20.754667,0.000000,3.649004
25,35.033333,12.033333,20.726167,0.000000,3.645122
26,35.066667,11.866667,20.711000,0.000000,3.594303
27,35.066667,11.900000,20.754500,0.000000,3.609099
28,35.100000,11.666667,20.667667,0.000000,3.606844
29,35.100000,11.700000,20.702333,0.000000,3.581497
30,35.100000,12.000000,20.729500,0.000000,3.636271
31,35.133333,12.100000,20.778167,0.000000,3.578855
32,35.266667,12.233333,20.745833,0.000000,3.615182
33,35.266667,12.300000,20.779167,0.000000,3.640184
34,35.333333,11.666667,20.704000,0.000000,3.618459
35,35.400000,12.233333,20.751667,0.000000,3.638973
36,35.400000,11.933333,20.691667,0.000000,3.667502
37,35.433333,11.966667,20.714333,0.000000,3.603837
38,35.433333,12.433333,20.724167,0.000000,3.544832
39,35.433333,11.900000,20.671667,0.000000,3.584415
40,35.433333,12.000000,20.855500,0.000000,3.690693
41,35.433333,12.033333,20.704167,0.000000,3.591141
42,35.433333,11.833333,20.735667,0.000000,3.590913
43,35.466667,12.100000,20.715667,0.000000,3.615696
44,35.600000,11.800000,20.657000,0.000000,3.647449
45,35.600000,12.166667,20.765333,0.000000,3.624012
46,35.600000,11.866667,20.818167,0.000000,3.595502
47,35.600000,11.933333,20.750833,0.000000,3.616985
48,35.633333,11.866667,20.764333,0.000000,3.612084
49,35.633333,11.966667,20.774167,0.000000,3.600535
50,35.633333,12.066667,20.812000,0.000000,3.576958
BestSdev: 0.849818, Time: 11m10.393695235s