gen,best,worst,mean,rep,sdev
1,27.933333,14.366667,20.860000,0.000000,3.590404
2,28.866667,14.566667,20.708333,0.000000,3.275956
3,29.733333,14.133333,20.700000,0.000000,3.623932
4,30.033333,14.733333,20.828333,0.000000,3.416338
5,30.266667,14.633333,20.875000,0.000000,3.435155
6,30.433333,14.233333,20.790000,0.000000,3.516656
7,30.733333,14.700000,20.741667,0.000000,3.486731
8,30.733333,14.600000,20.528333,0.000000,3.348266
9,30.933333,14.533333,20.596667,0.000000,3.369815
10,31.033333,14.333333,20.545000,0.000000,3.503596
11,31.033333,14.166667,20.545000,0.000000,3.494540
12,31.233333,14.600000,20.625000,0.000000,3.476045
13,31.333333,14.200000,20.641667,0.000000,3.458089
14,31.400000,14.966667,20.710000,0.000000,3.471675
15,31.533333,14.466667,20.908333,0.000000,3.431454
16,31.566667,14.666667,20.766667,0.000000,3.330987
17,31.733333,14.466667,20.958333,0.000000,3.519400
18,31.766667,14.500000,20.513333,0.000000,3.287323
19,31.866667,14.400000,20.515000,0.000000,3.396370
20,32.000000,14.566667,20.776667,0.000000,3.472719
21,32.133333,14.233333,20.656667,0.000000,3.475550
22,32.133333,15.000000,20.696667,0.000000,3.267440
23,32.200000,14.966667,21.145000,0.000000,3.501620
24,32.233333,14.600000,20.800000,0.000000,3.523731
25,32.333333,14.466667,20.801667,0.000000,3.485093
26,32.333333,15.033333,20.590000,0.000000,3.310503
27,32.533333,14.733333,20.988333,0.000000,3.555522
28,32.533333,14.333333,20.356667,0.000000,3.436174
29,32.533333,14.266667,20.580000,0.000000,3.563769
30,32.533333,14.133333,20.513333,0.000000,3.480573
31,32.633333,15.066667,20.818333,0.000000,3.397067
32,32.666667,14.533333,20.795000,0.000000,3.519390
33,32.666667,14.433333,20.705000,0.000000,3.514218
34,32.733333,14.366667,20.821667,0.000000,3.559340
35,32.800000,13.833333,20.845000,0.000000,3.661791
36,32.800000,14.000000,20.736667,0.000000,3.424238
37,32.833333,14.300000,20.778333,0.000000,3.633414
38,32.833333,14.766667,20.835000,0.000000,3.475935
39,32.833333,14.933333,20.703333,0.000000,3.432142
40,32.866667,14.533333,20.731667,0.000000,3.511859
41,32.866667,15.133333,20.720000,0.000000,3.296963
42,32.933333,14.566667,20.840000,0.000000,3.539412
43,32.933333,14.433333,20.691667,0.000000,3.555407
44,32.933333,14.266667,20.655000,0.000000,3.422600
45,33.033333,14.200000,20.691667,0.000000,3.442350
46,33.100000,14.066667,20.886667,0.000000,3.529885
47,33.166667,14.200000,20.750000,0.000000,3.615290
48,33.166667,14.766667,20.670000,0.000000,3.354380
49,33.166667,14.533333,20.636667,0.000000,3.366582
50,33.233333,14.100000,20.755000,0.000000,3.616026
BestSdev: 1.162450, Time: 1m27.133379531s