gen,best,worst,mean,rep,sdev
1,17.100000,11.066667,13.790833,0.000000,1.078672
2,17.266667,11.033333,13.823000,0.000000,1.086049
3,17.400000,11.033333,13.790500,0.000000,1.081542
4,17.533333,11.066667,13.836167,0.000000,1.091897
5,17.566667,11.100000,13.783000,0.000000,1.068959
6,17.700000,11.100000,13.827667,0.000000,1.091692
7,17.733333,11.133333,13.818833,0.000000,1.098702
8,17.766667,11.166667,13.813667,0.000000,1.086762
9,17.800000,11.066667,13.826500,0.000000,1.101627
10,17.833333,11.066667,13.785667,0.000000,1.078585
11,17.933333,11.100000,13.793500,0.000000,1.086232
12,17.933333,11.100000,13.787667,0.000000,1.091694
13,17.966667,11.100000,13.809500,0.000000,1.071199
14,17.966667,11.166667,13.809667,0.000000,1.088049
15,18.000000,11.066667,13.818833,0.000000,1.076359
16,18.033333,11.000000,13.809000,0.000000,1.100175
17,18.033333,11.100000,13.809833,0.000000,1.068498
18,18.033333,11.300000,13.813333,0.000000,1.077927
19,18.033333,11.000000,13.760000,0.000000,1.087266
20,18.033333,11.166667,13.813667,0.000000,1.093657
21,18.066667,10.966667,13.786667,0.000000,1.088245
22,18.066667,11.100000,13.801667,0.000000,1.087763
23,18.066667,11.100000,13.827000,0.000000,1.077302
24,18.066667,11.100000,13.793833,0.000000,1.100458
25,18.066667,10.933333,13.797500,0.000000,1.076932
26,18.066667,11.166667,13.804833,0.000000,1.098572
27,18.066667,11.000000,13.781000,0.000000,1.072721
28,18.133333,11.066667,13.819167,0.000000,1.094684
29,18.133333,11.066667,13.802667,0.000000,1.083000
30,18.133333,11.133333,13.819500,0.000000,1.079376
31,18.133333,11.166667,13.802833,0.000000,1.084659
32,18.133333,11.033333,13.796000,0.000000,1.094059
33,18.133333,11.133333,13.805167,0.000000,1.090334
34,18.133333,11.033333,13.811500,0.000000,1.103567
35,18.166667,11.100000,13.814167,0.000000,1.099367
36,18.200000,11.100000,13.804000,0.000000,1.089688
37,18.200000,11.066667,13.808167,0.000000,1.083317
38,18.200000,11.066667,13.824500,0.000000,1.079016
39,18.200000,11.166667,13.806500,0.000000,1.080541
40,18.200000,11.166667,13.839333,0.000000,1.088677
41,18.200000,11.100000,13.803333,0.000000,1.082253
42,18.200000,11.066667,13.786500,0.000000,1.088491
43,18.200000,11.100000,13.827833,0.000000,1.088919
44,18.200000,11.000000,13.801333,0.000000,1.096526
45,18.200000,11.000000,13.776667,0.000000,1.074686
46,18.233333,11.266667,13.805333,0.000000,1.067840
47,18.233333,11.100000,13.808833,0.000000,1.083149
48,18.233333,11.033333,13.801667,0.000000,1.073294
49,18.233333,11.066667,13.785000,0.000000,1.073188
50,18.300000,11.100000,13.812667,0.000000,1.102687
51,18.300000,11.000000,13.823500,0.000000,1.101337
52,18.300000,11.200000,13.817000,0.000000,1.081597
53,18.300000,11.066667,13.785833,0.000000,1.088746
54,18.300000,11.000000,13.806333,0.000000,1.086885
55,18.300000,11.166667,13.804500,0.000000,1.085391
56,18.300000,11.033333,13.788667,0.000000,1.096616
57,18.300000,11.033333,13.794000,0.000000,1.093970
58,18.300000,11.100000,13.797000,0.000000,1.082254
59,18.300000,11.100000,13.805333,0.000000,1.083707
60,18.300000,11.000000,13.818333,0.000000,1.085115
61,18.300000,10.966667,13.801667,0.000000,1.088096
62,18.300000,11.100000,13.823333,0.000000,1.094396
63,18.300000,11.133333,13.807000,0.000000,1.075802
64,18.300000,11.233333,13.809667,0.000000,1.072314
65,18.300000,10.966667,13.838167,0.000000,1.098528
66,18.300000,11.033333,13.835167,0.000000,1.086790
67,18.300000,11.333333,13.839333,0.000000,1.056338
68,18.300000,11.133333,13.817500,0.000000,1.070609
69,18.300000,11.066667,13.824500,0.000000,1.082912
70,18.300000,11.000000,13.782500,0.000000,1.081807
71,18.300000,11.066667,13.833500,0.000000,1.090455
72,18.300000,11.066667,13.788667,0.000000,1.066517
73,18.300000,11.033333,13.798167,0.000000,1.077322
74,18.300000,11.066667,13.841000,0.000000,1.084395
75,18.300000,11.200000,13.806167,0.000000,1.083588
76,18.300000,11.066667,13.809833,0.000000,1.099182
77,18.300000,10.933333,13.803333,0.000000,1.096695
78,18.300000,11.033333,13.792500,0.000000,1.077734
79,18.300000,11.033333,13.795500,0.000000,1.096157
80,18.300000,11.133333,13.791500,0.000000,1.091956
81,18.300000,11.200000,13.820000,0.000000,1.075879
82,18.300000,11.133333,13.787000,0.000000,1.082549
83,18.300000,11.166667,13.797167,0.000000,1.074876
84,18.300000,11.166667,13.803000,0.000000,1.081287
85,18.300000,11.200000,13.814833,0.000000,1.092897
86,18.300000,11.033333,13.799333,0.000000,1.093256
87,18.300000,11.066667,13.795500,0.000000,1.083194
88,18.300000,11.000000,13.800000,0.000000,1.078083
89,18.300000,11.066667,13.828500,0.000000,1.104451
90,18.300000,11.066667,13.782667,0.000000,1.079461
91,18.300000,10.866667,13.809833,0.000000,1.092400
92,18.300000,11.066667,13.803833,0.000000,1.097130
93,18.300000,10.966667,13.819167,0.000000,1.094030
94,18.300000,10.966667,13.823000,0.000000,1.078270
95,18.300000,11.100000,13.801333,0.000000,1.091966
96,18.300000,11.033333,13.803500,0.000000,1.099162
97,18.300000,11.166667,13.806667,0.000000,1.068589
98,18.300000,11.100000,13.799833,0.000000,1.075136
99,18.300000,11.066667,13.802833,0.000000,1.067372
100,18.300000,11.100000,13.798000,0.000000,1.083865
101,18.300000,11.100000,13.776167,0.000000,1.074399
102,18.333333,11.000000,13.785500,0.000000,1.079594
103,18.333333,11.133333,13.803000,0.000000,1.074092
104,18.333333,11.100000,13.827833,0.000000,1.094370
105,18.333333,11.166667,13.833000,0.000000,1.103000
106,18.366667,11.200000,13.816833,0.000000,1.078398
107,18.366667,11.000000,13.795833,0.000000,1.074298
108,18.366667,11.000000,13.817333,0.000000,1.113582
109,18.366667,11.000000,13.822333,0.000000,1.082372
110,18.366667,11.200000,13.805667,0.000000,1.082593
111,18.366667,11.000000,13.785833,0.000000,1.087476
112,18.366667,11.100000,13.792667,0.000000,1.081979
113,18.366667,11.100000,13.804833,0.000000,1.070576
114,18.366667,11.000000,13.810833,0.000000,1.088094
115,18.366667,11.066667,13.817333,0.000000,1.087045
116,18.366667,11.200000,13.817500,0.000000,1.092984
117,18.400000,11.066667,13.814500,0.000000,1.071736
118,18.400000,11.200000,13.815333,0.000000,1.083391
119,18.400000,11.100000,13.824833,0.000000,1.060773
120,18.400000,11.033333,13.813500,0.000000,1.099357
121,18.400000,11.033333,13.802333,0.000000,1.088880
122,18.433333,11.133333,13.794833,0.000000,1.081115
123,18.433333,11.133333,13.791167,0.000000,1.095553
124,18.433333,11.066667,13.798500,0.000000,1.096188
125,18.433333,11.100000,13.789833,0.000000,1.083025
126,18.433333,11.033333,13.781833,0.000000,1.086681
127,18.433333,10.933333,13.777000,0.000000,1.098477
128,18.433333,11.133333,13.819167,0.000000,1.090543
129,18.433333,11.133333,13.792500,0.000000,1.083806
130,18.433333,11.133333,13.801667,0.000000,1.063966
131,18.433333,11.100000,13.815833,0.000000,1.092047
132,18.433333,11.033333,13.780167,0.000000,1.079911
133,18.433333,11.166667,13.803833,0.000000,1.085213
134,18.433333,11.100000,13.798333,0.000000,1.083647
135,18.433333,11.133333,13.799500,0.000000,1.083494
136,18.433333,11.233333,13.808667,0.000000,1.076109
137,18.433333,11.133333,13.823333,0.000000,1.076563
138,18.433333,11.200000,13.792167,0.000000,1.075227
139,18.433333,11.033333,13.820000,0.000000,1.085736
140,18.433333,11.066667,13.817167,0.000000,1.103995
141,18.433333,11.033333,13.781167,0.000000,1.096998
142,18.433333,11.233333,13.805333,0.000000,1.076779
143,18.433333,11.033333,13.795667,0.000000,1.085608
144,18.433333,11.233333,13.809000,0.000000,1.104786
145,18.433333,11.133333,13.807667,0.000000,1.069401
146,18.433333,11.066667,13.769500,0.000000,1.081976
147,18.433333,11.133333,13.814667,0.000000,1.085359
148,18.433333,11.133333,13.818000,0.000000,1.097037
149,18.433333,11.100000,13.803833,0.000000,1.081776
150,18.433333,11.100000,13.801833,0.000000,1.073236
151,18.433333,11.033333,13.823833,0.000000,1.076687
152,18.433333,11.133333,13.796167,0.000000,1.089713
153,18.433333,11.133333,13.820333,0.000000,1.079004
154,18.433333,11.233333,13.808667,0.000000,1.076504
155,18.433333,11.200000,13.794000,0.000000,1.086497
156,18.433333,11.133333,13.785000,0.000000,1.072984
157,18.433333,11.033333,13.809500,0.000000,1.078892
158,18.433333,11.033333,13.817167,0.000000,1.078051
159,18.433333,11.066667,13.814667,0.000000,1.089166
160,18.433333,11.200000,13.826167,0.000000,1.088458
161,18.466667,11.000000,13.838000,0.000000,1.105050
162,18.466667,11.100000,13.807833,0.000000,1.095917
163,18.500000,11.100000,13.809833,0.000000,1.089556
164,18.500000,11.133333,13.815167,0.000000,1.073248
165,18.500000,11.066667,13.785833,0.000000,1.104416
166,18.500000,11.200000,13.829333,0.000000,1.088642
167,18.500000,11.100000,13.801833,0.000000,1.076269
168,18.500000,11.066667,13.790000,0.000000,1.105386
169,18.500000,11.000000,13.805500,0.000000,1.074597
170,18.500000,11.166667,13.797667,0.000000,1.072694
171,18.500000,11.000000,13.801333,0.000000,1.072522
172,18.533333,11.200000,13.811667,0.000000,1.086759
173,18.533333,11.200000,13.808167,0.000000,1.073167
174,18.533333,11.100000,13.800500,0.000000,1.097747
175,18.533333,11.066667,13.829833,0.000000,1.095195
176,18.533333,11.133333,13.818000,0.000000,1.093999
177,18.533333,11.100000,13.822333,0.000000,1.093148
178,18.533333,11.066667,13.839833,0.000000,1.098535
179,18.533333,11.133333,13.820000,0.000000,1.085369
180,18.533333,11.200000,13.816833,0.000000,1.095341
181,18.533333,11.000000,13.823167,0.000000,1.086390
182,18.533333,11.166667,13.806667,0.000000,1.075081
183,18.533333,11.133333,13.820000,0.000000,1.092805
184,18.533333,11.033333,13.801167,0.000000,1.090659
185,18.533333,11.100000,13.800000,0.000000,1.102944
186,18.533333,11.000000,13.805000,0.000000,1.082951
187,18.533333,11.100000,13.799333,0.000000,1.079729
188,18.533333,11.166667,13.788167,0.000000,1.087658
189,18.533333,11.066667,13.788833,0.000000,1.082695
190,18.533333,11.033333,13.795167,0.000000,1.087605
191,18.533333,11.166667,13.796333,0.000000,1.079318
192,18.533333,11.100000,13.790000,0.000000,1.078014
193,18.533333,11.066667,13.811500,0.000000,1.090746
194,18.533333,10.966667,13.778500,0.000000,1.087819
195,18.533333,11.066667,13.786167,0.000000,1.095692
196,18.533333,11.100000,13.818167,0.000000,1.077129
197,18.533333,11.100000,13.798500,0.000000,1.098260
198,18.533333,11.100000,13.797667,0.000000,1.087231
199,18.533333,11.100000,13.797333,0.000000,1.083223
200,18.533333,11.166667,13.825167,0.000000,1.089545
BestSdev: 0.227059, Time: 34m25.915433305s