gen,best,worst,mean,rep,sdev
1,15.700000,11.833333,13.773333,0.000000,1.035179
2,16.133333,11.900000,13.718333,0.000000,1.014431
3,16.166667,11.800000,13.828333,0.000000,1.024603
4,16.333333,11.833333,13.801667,0.000000,1.030358
5,16.433333,11.933333,13.786667,0.000000,1.019874
6,16.533333,11.733333,13.743333,0.000000,1.073025
7,16.533333,11.800000,13.770000,0.000000,1.051066
8,16.566667,11.966667,13.770000,0.000000,1.014451
9,16.666667,11.933333,13.825000,0.000000,1.050471
10,16.666667,11.966667,13.778333,0.000000,1.058593
11,16.666667,12.033333,13.856667,0.000000,1.023340
12,16.766667,11.966667,13.846667,0.000000,1.061470
13,16.800000,12.133333,13.921667,0.000000,0.993786
14,16.800000,11.833333,13.763333,0.000000,1.010477
15,16.900000,11.933333,13.770000,0.000000,1.029928
16,16.933333,11.900000,13.801667,0.000000,1.031143
17,16.933333,12.033333,13.838333,0.000000,1.023162
18,16.966667,11.833333,13.790000,0.000000,1.064166
19,16.966667,11.833333,13.786667,0.000000,1.066463
20,16.966667,11.800000,13.791667,0.000000,1.072037
21,17.033333,12.033333,13.838333,0.000000,1.022878
22,17.066667,11.966667,13.833333,0.000000,1.039027
23,17.100000,12.000000,13.718333,0.000000,1.033354
24,17.133333,11.866667,13.740000,0.000000,1.102197
25,17.166667,11.866667,13.785000,0.000000,1.060099
26,17.166667,11.766667,13.810000,0.000000,1.062225
27,17.200000,11.900000,13.830000,0.000000,1.029799
28,17.266667,11.900000,13.798333,0.000000,1.018342
29,17.266667,11.833333,13.746667,0.000000,1.107340
30,17.266667,11.766667,13.745000,0.000000,1.071146
31,17.266667,12.033333,13.881667,0.000000,1.058373
32,17.266667,11.800000,13.745000,0.000000,1.029952
33,17.266667,11.966667,13.820000,0.000000,1.041018
34,17.266667,11.933333,13.763333,0.000000,1.030960
35,17.266667,11.900000,13.811667,0.000000,1.072559
36,17.266667,12.066667,13.843333,0.000000,1.078284
37,17.266667,11.966667,13.773333,0.000000,1.059904
38,17.266667,11.933333,13.796667,0.000000,1.067248
39,17.266667,11.866667,13.765000,0.000000,1.043392
40,17.266667,11.900000,13.805000,0.000000,1.072065
41,17.266667,11.733333,13.696667,0.000000,1.071753
42,17.266667,11.833333,13.705000,0.000000,1.035090
43,17.266667,11.700000,13.780000,0.000000,1.073696
44,17.266667,12.033333,13.918333,0.000000,1.039651
45,17.300000,11.833333,13.860000,0.000000,1.047246
46,17.300000,11.833333,13.773333,0.000000,1.051820
47,17.300000,11.833333,13.793333,0.000000,1.088963
48,17.300000,11.966667,13.860000,0.000000,1.106942
49,17.300000,11.966667,13.865000,0.000000,1.042276
50,17.300000,11.866667,13.780000,0.000000,1.047919
BestSdev: 0.371202, Time: 1m17.841338773s