gen,best,worst,mean,rep,sdev
1,15.733333,11.700000,13.771667,0.000000,1.071309
2,16.033333,12.033333,13.743333,0.000000,1.011122
3,16.233333,11.766667,13.810000,0.000000,1.058736
4,16.333333,11.900000,13.791667,0.000000,1.049293
5,16.400000,11.933333,13.861667,0.000000,1.036846
6,16.500000,12.033333,13.763333,0.000000,1.008022
7,16.566667,11.966667,13.850000,0.000000,1.025888
8,16.566667,11.733333,13.770000,0.000000,1.041563
9,16.600000,11.866667,13.771667,0.000000,0.997927
10,16.633333,11.800000,13.770000,0.000000,1.107214
11,16.666667,11.866667,13.758333,0.000000,1.003348
12,16.766667,11.900000,13.865000,0.000000,1.069043
13,16.800000,11.900000,13.881667,0.000000,1.086134
14,16.966667,11.933333,13.863333,0.000000,1.147942
15,17.000000,11.933333,13.780000,0.000000,1.028771
16,17.033333,12.033333,13.766667,0.000000,0.978307
17,17.066667,11.966667,13.790000,0.000000,1.043153
18,17.066667,11.833333,13.766667,0.000000,1.068167
19,17.066667,11.766667,13.740000,0.000000,1.051173
20,17.066667,11.900000,13.781667,0.000000,1.025406
21,17.066667,12.033333,13.786667,0.000000,1.056462
22,17.100000,11.933333,13.806667,0.000000,1.055690
23,17.100000,11.900000,13.775000,0.000000,1.002503
24,17.133333,11.900000,13.840000,0.000000,1.072717
25,17.133333,11.933333,13.726667,0.000000,1.015795
26,17.200000,11.900000,13.855000,0.000000,1.058425
27,17.200000,12.000000,13.783333,0.000000,1.023838
28,17.200000,11.933333,13.765000,0.000000,1.082881
29,17.200000,11.766667,13.756667,0.000000,1.081411
30,17.200000,11.966667,13.778333,0.000000,1.028787
31,17.200000,12.000000,13.850000,0.000000,1.054265
32,17.233333,11.900000,13.780000,0.000000,1.062426
33,17.233333,11.933333,13.825000,0.000000,1.001221
34,17.233333,11.900000,13.768333,0.000000,1.054043
35,17.233333,11.933333,13.831667,0.000000,1.080910
36,17.266667,11.900000,13.800000,0.000000,1.084649
37,17.266667,11.866667,13.810000,0.000000,1.071088
38,17.300000,11.933333,13.851667,0.000000,1.088496
39,17.300000,11.966667,13.733333,0.000000,1.031607
40,17.300000,11.966667,13.873333,0.000000,1.046680
41,17.300000,12.033333,13.810000,0.000000,1.041931
42,17.300000,11.933333,13.803333,0.000000,1.096707
43,17.333333,11.900000,13.858333,0.000000,1.082444
44,17.333333,11.800000,13.768333,0.000000,1.031202
45,17.333333,11.966667,13.826667,0.000000,1.033962
46,17.333333,11.800000,13.821667,0.000000,1.071805
47,17.333333,11.933333,13.696667,0.000000,1.034991
48,17.366667,11.766667,13.811667,0.000000,1.077627
49,17.366667,11.900000,13.825000,0.000000,1.114517
50,17.366667,11.900000,13.800000,0.000000,1.063299
51,17.366667,12.000000,13.798333,0.000000,1.055504
52,17.366667,11.766667,13.798333,0.000000,1.098643
53,17.366667,11.900000,13.740000,0.000000,1.042488
54,17.366667,11.900000,13.770000,0.000000,1.104254
55,17.366667,12.066667,13.861667,0.000000,1.053136
56,17.366667,11.900000,13.830000,0.000000,1.031267
57,17.366667,11.833333,13.746667,0.000000,1.077010
58,17.366667,11.800000,13.778333,0.000000,1.027720
59,17.366667,11.933333,13.851667,0.000000,1.071852
60,17.366667,11.833333,13.711667,0.000000,1.066790
61,17.366667,11.800000,13.793333,0.000000,1.022520
62,17.366667,12.066667,13.843333,0.000000,0.992928
63,17.366667,11.966667,13.823333,0.000000,1.021406
64,17.366667,11.933333,13.800000,0.000000,1.033083
65,17.366667,11.833333,13.818333,0.000000,1.071588
66,17.366667,11.833333,13.891667,0.000000,1.071498
67,17.366667,12.000000,13.825000,0.000000,1.036835
68,17.366667,11.933333,13.746667,0.000000,1.006575
69,17.366667,11.966667,13.808333,0.000000,1.075104
70,17.366667,11.666667,13.866667,0.000000,1.081902
71,17.400000,11.966667,13.860000,0.000000,1.082682
72,17.400000,11.800000,13.760000,0.000000,1.070591
73,17.433333,11.866667,13.861667,0.000000,1.085044
74,17.433333,11.933333,13.716667,0.000000,1.039446
75,17.433333,11.966667,13.796667,0.000000,1.019097
76,17.433333,11.933333,13.790000,0.000000,1.038802
77,17.433333,11.900000,13.753333,0.000000,1.004981
78,17.433333,12.033333,13.741667,0.000000,1.025213
79,17.433333,12.033333,13.810000,0.000000,1.004249
80,17.433333,11.833333,13.740000,0.000000,1.074684
81,17.433333,11.833333,13.746667,0.000000,1.061081
82,17.466667,12.000000,13.828333,0.000000,1.077161
83,17.466667,11.700000,13.815000,0.000000,1.050397
84,17.466667,11.766667,13.706667,0.000000,1.032910
85,17.466667,12.033333,13.835000,0.000000,1.053466
86,17.466667,11.900000,13.743333,0.000000,1.025712
87,17.466667,12.133333,13.811667,0.000000,0.959775
88,17.466667,11.900000,13.828333,0.000000,1.125026
89,17.466667,12.033333,13.841667,0.000000,1.052994
90,17.466667,11.966667,13.771667,0.000000,1.066543
91,17.466667,11.966667,13.866667,0.000000,1.036554
92,17.466667,11.966667,13.775000,0.000000,1.002765
93,17.466667,12.000000,13.843333,0.000000,1.019572
94,17.466667,12.133333,13.841667,0.000000,1.015362
95,17.500000,11.866667,13.711667,0.000000,1.027216
96,17.533333,11.833333,13.776667,0.000000,1.055577
97,17.533333,11.800000,13.788333,0.000000,1.059336
98,17.533333,11.933333,13.761667,0.000000,1.042691
99,17.533333,11.866667,13.750000,0.000000,1.028755
100,17.533333,12.033333,13.838333,0.000000,1.054373
BestSdev: 0.340306, Time: 4m26.176718286s