gen,best,worst,mean,rep,sdev
1,27.866667,14.666667,20.878333,0.000000,3.397010
2,29.033333,14.433333,20.630000,0.000000,3.536327
3,29.733333,14.800000,20.678333,0.000000,3.447521
4,30.166667,14.400000,20.681667,0.000000,3.494341
5,30.333333,14.133333,20.706667,0.000000,3.557451
6,30.600000,13.833333,20.543333,0.000000,3.504318
7,30.766667,14.533333,20.843333,0.000000,3.403227
8,31.200000,14.700000,20.530000,0.000000,3.438488
9,31.533333,14.866667,20.853333,0.000000,3.588652
10,31.666667,14.433333,20.891667,0.000000,3.568903
11,31.733333,14.433333,20.818333,0.000000,3.676299
12,31.800000,14.033333,20.616667,0.000000,3.597903
13,31.800000,14.766667,20.980000,0.000000,3.463752
14,31.866667,13.966667,20.848333,0.000000,3.644050
15,32.000000,14.800000,20.945000,0.000000,3.399538
16,32.000000,14.433333,20.645000,0.000000,3.149548
17,32.000000,14.500000,20.738333,0.000000,3.536919
18,32.366667,14.766667,20.746667,0.000000,3.464132
19,32.400000,14.500000,20.668333,0.000000,3.378499
20,32.400000,14.400000,20.675000,0.000000,3.300216
BestSdev: 1.188178, Time: 38.735432617s