gen,best,worst,mean,rep,sdev
1,16.400000,11.633333,13.878000,0.000000,1.098324
2,16.633333,11.500000,13.783333,0.000000,1.101211
3,16.833333,11.566667,13.796000,0.000000,1.075585
4,16.933333,11.700000,13.824667,0.000000,1.089142
5,16.966667,11.633333,13.782000,0.000000,1.042702
6,16.966667,11.533333,13.747333,0.000000,1.051861
7,17.033333,11.700000,13.808667,0.000000,1.043307
8,17.066667,11.666667,13.768667,0.000000,1.059047
9,17.100000,11.533333,13.784000,0.000000,1.066127
10,17.133333,11.700000,13.791333,0.000000,1.048788
11,17.133333,11.566667,13.808000,0.000000,1.066256
12,17.133333,11.633333,13.760667,0.000000,1.057689
13,17.133333,11.566667,13.787333,0.000000,1.060043
14,17.133333,11.633333,13.786667,0.000000,1.046870
15,17.133333,11.633333,13.807333,0.000000,1.049218
16,17.133333,11.700000,13.804667,0.000000,1.066628
17,17.166667,11.766667,13.814667,0.000000,1.079518
18,17.200000,11.600000,13.836667,0.000000,1.098008
19,17.200000,11.666667,13.870667,0.000000,1.081381
20,17.200000,11.733333,13.747333,0.000000,1.083552
21,17.200000,11.600000,13.804667,0.000000,1.044550
22,17.200000,11.733333,13.836000,0.000000,1.055132
23,17.233333,11.666667,13.792000,0.000000,1.084635
24,17.300000,11.566667,13.859333,0.000000,1.106046
25,17.300000,11.666667,13.802667,0.000000,1.067705
26,17.300000,11.466667,13.783333,0.000000,1.094087
27,17.366667,11.466667,13.773333,0.000000,1.079887
28,17.366667,11.700000,13.846000,0.000000,1.060171
29,17.366667,11.566667,13.768667,0.000000,1.073010
30,17.400000,11.800000,13.845333,0.000000,1.052980
31,17.400000,11.533333,13.816667,0.000000,1.086403
32,17.400000,11.500000,13.776000,0.000000,1.100668
33,17.400000,11.466667,13.744000,0.000000,1.050680
34,17.400000,11.633333,13.830000,0.000000,1.075521
35,17.400000,11.500000,13.792667,0.000000,1.062888
36,17.400000,11.700000,13.834000,0.000000,1.042042
37,17.433333,11.633333,13.804667,0.000000,1.060612
38,17.433333,11.566667,13.813333,0.000000,1.069731
39,17.466667,11.700000,13.809333,0.000000,1.063169
40,17.466667,11.566667,13.835333,0.000000,1.083801
41,17.533333,11.566667,13.781333,0.000000,1.044513
42,17.533333,11.800000,13.787333,0.000000,1.085528
43,17.566667,11.600000,13.786000,0.000000,1.041312
44,17.566667,11.766667,13.848000,0.000000,1.038840
45,17.566667,11.566667,13.802000,0.000000,1.113705
46,17.566667,11.700000,13.764667,0.000000,1.042252
47,17.633333,11.500000,13.780000,0.000000,1.108830
48,17.633333,11.633333,13.805333,0.000000,1.085419
49,17.633333,11.566667,13.780000,0.000000,1.082453
50,17.633333,11.733333,13.824667,0.000000,1.047139
BestSdev: 0.254607, Time: 3m4.531117111s