gen,best,worst,mean,rep,sdev
1,32.633333,11.333333,20.753333,0.000000,3.603081
2,33.366667,11.233333,20.750200,0.000000,3.605957
3,33.700000,11.533333,20.740800,0.000000,3.591083
4,34.033333,11.366667,20.727933,0.000000,3.615584
5,34.333333,11.400000,20.769133,0.000000,3.602041
6,34.500000,11.133333,20.708933,0.000000,3.644189
7,34.933333,11.333333,20.761867,0.000000,3.620381
8,35.066667,11.066667,20.759467,0.000000,3.651953
9,35.200000,11.066667,20.718667,0.000000,3.613230
10,35.300000,10.933333,20.743533,0.000000,3.609329
11,35.400000,11.366667,20.739000,0.000000,3.596069
12,35.466667,11.100000,20.717533,0.000000,3.653234
13,35.466667,11.333333,20.709200,0.000000,3.610669
14,35.533333,11.566667,20.736200,0.000000,3.640013
15,35.700000,11.333333,20.701400,0.000000,3.587284
16,35.700000,11.266667,20.730267,0.000000,3.622939
17,35.800000,11.400000,20.723200,0.000000,3.583443
18,35.800000,11.300000,20.714933,0.000000,3.604131
19,35.800000,11.366667,20.703667,0.000000,3.604188
20,35.900000,11.166667,20.728067,0.000000,3.657229
21,35.900000,11.166667,20.729067,0.000000,3.642572
22,35.900000,11.366667,20.704667,0.000000,3.622987
23,35.900000,11.400000,20.733533,0.000000,3.600171
24,35.966667,11.366667,20.703067,0.000000,3.599504
25,35.966667,11.166667,20.737133,0.000000,3.637227
26,35.966667,11.366667,20.736933,0.000000,3.588515
27,35.966667,11.466667,20.677267,0.000000,3.611457
28,35.966667,11.133333,20.709667,0.000000,3.601050
29,35.966667,11.200000,20.787067,0.000000,3.629372
30,35.966667,11.466667,20.712733,0.000000,3.563171
31,36.000000,11.333333,20.704933,0.000000,3.631793
32,36.000000,11.633333,20.752667,0.000000,3.615864
33,36.000000,11.433333,20.734267,0.000000,3.605633
34,36.066667,11.433333,20.715533,0.000000,3.613214
35,36.066667,11.133333,20.793400,0.000000,3.620588
36,36.066667,11.233333,20.734867,0.000000,3.635384
37,36.066667,11.366667,20.677600,0.000000,3.626129
38,36.100000,11.033333,20.702000,0.000000,3.618656
39,36.100000,11.366667,20.712333,0.000000,3.638632
40,36.100000,11.366667,20.734667,0.000000,3.617710
41,36.133333,11.400000,20.749000,0.000000,3.611109
42,36.266667,11.333333,20.729467,0.000000,3.605464
43,36.266667,11.200000,20.713800,0.000000,3.632940
44,36.266667,11.300000,20.731200,0.000000,3.619773
45,36.266667,11.333333,20.732400,0.000000,3.627504
46,36.266667,11.366667,20.700133,0.000000,3.613461
47,36.266667,11.500000,20.686533,0.000000,3.595112
48,36.266667,11.366667,20.701533,0.000000,3.593519
49,36.266667,11.300000,20.740133,0.000000,3.653825
50,36.266667,11.233333,20.757200,0.000000,3.598478
BestSdev: 0.793178, Time: 25m9.480596842s