gen,best,worst,mean,rep,sdev
1,29.233333,13.366667,20.744667,0.000000,3.592869
2,30.100000,13.200000,20.711333,0.000000,3.534269
3,30.633333,13.166667,20.752667,0.000000,3.559070
4,30.866667,13.566667,20.718667,0.000000,3.585291
5,31.066667,13.266667,20.584000,0.000000,3.468343
6,31.366667,13.266667,20.673333,0.000000,3.581797
7,31.500000,13.633333,20.740000,0.000000,3.553166
8,31.833333,13.833333,20.902667,0.000000,3.628142
9,31.966667,13.233333,20.756667,0.000000,3.595558
10,32.166667,13.433333,20.805333,0.000000,3.618850
11,32.300000,13.766667,20.804667,0.000000,3.533270
12,32.400000,13.433333,20.609333,0.000000,3.549470
13,32.466667,13.866667,20.625333,0.000000,3.521984
14,32.833333,13.266667,20.831333,0.000000,3.617481
15,32.933333,13.900000,20.684667,0.000000,3.475471
16,32.933333,13.200000,20.654667,0.000000,3.522402
17,33.000000,13.200000,20.790000,0.000000,3.587829
18,33.033333,12.866667,20.586000,0.000000,3.672784
19,33.066667,13.266667,20.679333,0.000000,3.704086
20,33.166667,13.200000,20.586000,0.000000,3.534220
21,33.200000,13.433333,20.722667,0.000000,3.619825
22,33.300000,13.033333,20.716000,0.000000,3.490875
23,33.433333,13.266667,20.642667,0.000000,3.699085
24,33.433333,13.233333,20.700667,0.000000,3.536137
25,33.566667,13.333333,20.817333,0.000000,3.565770
26,33.566667,13.433333,20.826000,0.000000,3.469931
27,33.600000,13.700000,20.670667,0.000000,3.495725
28,33.800000,13.566667,20.762667,0.000000,3.451318
29,33.833333,13.266667,20.724000,0.000000,3.706582
30,33.933333,13.266667,20.724000,0.000000,3.744493
31,33.966667,13.533333,20.736667,0.000000,3.670926
32,34.000000,13.600000,20.812000,0.000000,3.618777
33,34.000000,13.400000,20.805333,0.000000,3.484688
34,34.000000,13.200000,20.500000,0.000000,3.638862
35,34.000000,13.266667,20.832000,0.000000,3.623304
36,34.066667,13.500000,20.818000,0.000000,3.646770
37,34.066667,13.633333,20.851333,0.000000,3.581512
38,34.066667,13.000000,20.777333,0.000000,3.550676
39,34.066667,12.600000,20.675333,0.000000,3.500374
40,34.066667,13.233333,20.806667,0.000000,3.603834
41,34.133333,13.466667,20.876667,0.000000,3.590958
42,34.133333,13.400000,20.640000,0.000000,3.506518
43,34.133333,13.466667,20.826667,0.000000,3.612673
44,34.133333,13.266667,20.692000,0.000000,3.585125
45,34.133333,13.100000,20.782000,0.000000,3.541404
46,34.133333,13.566667,20.530000,0.000000,3.437191
47,34.166667,13.033333,20.703333,0.000000,3.650376
48,34.166667,13.466667,20.968000,0.000000,3.690306
49,34.166667,12.900000,20.700000,0.000000,3.537793
50,34.166667,13.000000,20.614000,0.000000,3.554810
51,34.266667,13.200000,20.691333,0.000000,3.668281
52,34.266667,13.400000,20.644667,0.000000,3.649974
53,34.300000,13.133333,20.624667,0.000000,3.572616
54,34.300000,13.033333,20.600667,0.000000,3.500412
55,34.300000,13.666667,20.874667,0.000000,3.533792
56,34.333333,13.600000,20.923333,0.000000,3.627966
57,34.433333,13.466667,20.621333,0.000000,3.511078
58,34.433333,13.433333,20.763333,0.000000,3.576591
59,34.466667,13.233333,20.728667,0.000000,3.528145
60,34.466667,13.500000,20.885333,0.000000,3.678484
61,34.766667,13.466667,20.800000,0.000000,3.565991
62,34.800000,13.366667,20.758000,0.000000,3.541587
63,34.866667,13.066667,20.737333,0.000000,3.537526
64,34.866667,13.200000,20.792000,0.000000,3.545898
65,35.000000,13.433333,20.726667,0.000000,3.559799
66,35.000000,13.233333,20.600000,0.000000,3.507519
67,35.000000,13.233333,20.806667,0.000000,3.612236
68,35.000000,13.633333,20.734667,0.000000,3.604096
69,35.000000,13.000000,20.712000,0.000000,3.490920
70,35.000000,13.566667,20.787333,0.000000,3.528153
71,35.033333,13.366667,20.651333,0.000000,3.601172
72,35.033333,13.166667,20.612667,0.000000,3.535698
73,35.033333,13.600000,20.818000,0.000000,3.531538
74,35.100000,13.433333,21.018667,0.000000,3.633688
75,35.100000,13.700000,20.703333,0.000000,3.542866
76,35.100000,13.700000,21.035333,0.000000,3.525113
77,35.133333,13.366667,20.606667,0.000000,3.535399
78,35.166667,13.333333,20.764667,0.000000,3.506214
79,35.166667,13.266667,20.762000,0.000000,3.635132
80,35.233333,13.600000,20.731333,0.000000,3.488994
81,35.233333,13.133333,20.641333,0.000000,3.630299
82,35.266667,13.133333,20.714667,0.000000,3.599173
83,35.266667,13.200000,20.682667,0.000000,3.544876
84,35.266667,13.366667,20.628667,0.000000,3.529717
85,35.266667,13.600000,20.638667,0.000000,3.418564
86,35.266667,13.233333,20.494667,0.000000,3.517345
87,35.300000,13.533333,20.835333,0.000000,3.544961
88,35.300000,13.033333,20.540667,0.000000,3.576456
89,35.366667,13.400000,20.838667,0.000000,3.574830
90,35.433333,13.300000,20.634000,0.000000,3.504265
91,35.433333,13.233333,20.727333,0.000000,3.619597
92,35.433333,13.233333,20.702667,0.000000,3.492285
93,35.433333,13.100000,20.585333,0.000000,3.585293
94,35.433333,13.600000,20.860667,0.000000,3.594714
95,35.433333,13.266667,20.678000,0.000000,3.617445
96,35.433333,12.966667,20.526667,0.000000,3.521799
97,35.466667,13.566667,20.835333,0.000000,3.486250
98,35.466667,13.333333,20.539333,0.000000,3.520049
99,35.533333,13.866667,20.874000,0.000000,3.536073
100,35.533333,13.366667,20.832667,0.000000,3.622513
101,35.533333,13.533333,20.754000,0.000000,3.526945
102,35.533333,13.233333,20.670000,0.000000,3.520634
103,35.533333,13.100000,20.790667,0.000000,3.570265
104,35.533333,13.266667,20.678667,0.000000,3.561920
105,35.533333,13.633333,20.645333,0.000000,3.433631
106,35.533333,13.466667,20.636000,0.000000,3.545149
107,35.533333,13.466667,20.698667,0.000000,3.510987
108,35.533333,13.333333,20.831333,0.000000,3.683447
109,35.533333,13.600000,20.877333,0.000000,3.603737
110,35.533333,13.633333,20.706667,0.000000,3.466252
111,35.533333,13.066667,20.674667,0.000000,3.597816
112,35.533333,13.133333,20.921333,0.000000,3.616182
113,35.533333,13.133333,20.686000,0.000000,3.624206
114,35.533333,12.966667,20.692000,0.000000,3.719526
115,35.533333,13.466667,20.805333,0.000000,3.565363
116,35.533333,13.400000,20.858000,0.000000,3.684066
117,35.533333,13.433333,20.801333,0.000000,3.599042
118,35.533333,13.533333,20.762000,0.000000,3.682723
119,35.533333,12.766667,20.648667,0.000000,3.643264
120,35.533333,13.500000,20.781333,0.000000,3.475040
121,35.600000,13.500000,20.675333,0.000000,3.534194
122,35.600000,13.633333,20.736000,0.000000,3.537362
123,35.600000,13.533333,20.888667,0.000000,3.660885
124,35.600000,13.433333,20.793333,0.000000,3.670612
125,35.600000,13.133333,20.747333,0.000000,3.519730
126,35.600000,13.300000,20.629333,0.000000,3.494075
127,35.600000,13.466667,20.828000,0.000000,3.538393
128,35.600000,13.733333,20.710667,0.000000,3.504011
129,35.600000,13.000000,20.646000,0.000000,3.531987
130,35.600000,13.433333,20.826667,0.000000,3.561814
131,35.600000,13.100000,20.686000,0.000000,3.615545
132,35.633333,13.400000,20.803333,0.000000,3.607210
133,35.633333,13.166667,20.751333,0.000000,3.654429
134,35.666667,13.333333,20.814667,0.000000,3.495212
135,35.666667,13.200000,20.721333,0.000000,3.525966
136,35.666667,13.200000,20.806667,0.000000,3.575067
137,35.666667,13.133333,20.654000,0.000000,3.600343
138,35.666667,13.800000,20.786000,0.000000,3.466287
139,35.666667,13.266667,20.667333,0.000000,3.594960
140,35.666667,13.600000,20.688000,0.000000,3.510081
141,35.666667,13.200000,20.784000,0.000000,3.599587
142,35.700000,13.100000,20.569333,0.000000,3.629476
143,35.700000,13.566667,20.772667,0.000000,3.593211
144,35.700000,13.400000,20.717333,0.000000,3.557951
145,35.700000,13.966667,20.796000,0.000000,3.550768
146,35.700000,13.466667,20.676000,0.000000,3.515834
147,35.700000,13.200000,20.620000,0.000000,3.616519
148,35.700000,13.466667,20.728667,0.000000,3.528963
149,35.700000,13.166667,20.935333,0.000000,3.623739
150,35.700000,13.600000,20.733333,0.000000,3.539809
151,35.800000,13.100000,20.806000,0.000000,3.595273
152,35.800000,13.400000,20.660667,0.000000,3.588919
153,35.800000,13.333333,20.720667,0.000000,3.642590
154,35.900000,13.633333,20.875333,0.000000,3.610927
155,35.900000,13.433333,20.652667,0.000000,3.558491
156,35.900000,13.233333,20.673333,0.000000,3.580068
157,35.900000,13.400000,20.751333,0.000000,3.507377
158,35.900000,13.400000,20.694000,0.000000,3.594446
159,35.900000,13.566667,20.831333,0.000000,3.604681
160,35.900000,13.666667,20.807333,0.000000,3.440747
161,35.900000,13.300000,20.762667,0.000000,3.588405
162,35.933333,13.033333,20.518000,0.000000,3.612417
163,35.933333,13.133333,20.696000,0.000000,3.602981
164,35.933333,13.500000,20.761333,0.000000,3.557749
165,35.933333,12.966667,20.640000,0.000000,3.540710
166,35.933333,12.633333,20.694000,0.000000,3.555680
167,35.933333,13.233333,20.616667,0.000000,3.537503
168,35.933333,13.400000,20.753333,0.000000,3.571562
169,35.933333,13.366667,20.755333,0.000000,3.527074
170,35.933333,13.266667,20.839333,0.000000,3.602643
171,36.000000,13.433333,20.784667,0.000000,3.506970
172,36.000000,13.400000,20.797333,0.000000,3.555202
173,36.000000,13.300000,20.620000,0.000000,3.549795
174,36.000000,13.733333,20.700667,0.000000,3.480413
175,36.000000,13.100000,20.548000,0.000000,3.593653
176,36.000000,13.233333,20.676667,0.000000,3.620314
177,36.033333,13.500000,20.774667,0.000000,3.536882
178,36.033333,13.433333,20.801333,0.000000,3.701877
179,36.033333,13.400000,20.730000,0.000000,3.524731
180,36.033333,13.000000,20.774667,0.000000,3.641186
181,36.033333,13.900000,20.682667,0.000000,3.528520
182,36.033333,12.766667,20.701333,0.000000,3.613011
183,36.033333,14.033333,20.699333,0.000000,3.393668
184,36.033333,13.366667,20.827333,0.000000,3.528560
185,36.033333,13.033333,20.686000,0.000000,3.567700
186,36.033333,13.100000,20.669333,0.000000,3.598064
187,36.033333,13.433333,20.638000,0.000000,3.496755
188,36.033333,13.700000,20.968667,0.000000,3.553326
189,36.033333,13.700000,20.793333,0.000000,3.483929
190,36.033333,13.333333,20.538000,0.000000,3.595051
191,36.033333,13.266667,20.809333,0.000000,3.536547
192,36.033333,13.200000,20.794667,0.000000,3.557980
193,36.033333,13.233333,20.607333,0.000000,3.642020
194,36.033333,13.633333,20.815333,0.000000,3.554802
195,36.033333,13.433333,20.750667,0.000000,3.463310
196,36.033333,13.233333,20.666000,0.000000,3.616743
197,36.033333,13.566667,20.714667,0.000000,3.496872
198,36.033333,13.533333,20.740667,0.000000,3.489265
199,36.033333,12.800000,20.662667,0.000000,3.664667
200,36.033333,13.766667,20.805333,0.000000,3.469672
BestSdev: 1.266824, Time: 12m5.84907835s