gen,best,worst,mean,rep,sdev
1,30.900000,12.733333,20.820333,0.000000,3.666087
2,31.366667,12.500000,20.707667,0.000000,3.653096
3,31.933333,12.700000,20.715667,0.000000,3.599282
4,32.366667,12.733333,20.533333,0.000000,3.552318
5,32.733333,12.600000,20.724333,0.000000,3.615242
6,33.000000,12.633333,20.704667,0.000000,3.599803
7,33.066667,12.466667,20.731333,0.000000,3.591367
8,33.266667,12.400000,20.702333,0.000000,3.568940
9,33.300000,12.433333,20.691667,0.000000,3.616243
10,33.400000,12.566667,20.737000,0.000000,3.617561
11,33.400000,12.633333,20.778667,0.000000,3.662075
12,33.733333,12.966667,20.729000,0.000000,3.574917
13,33.800000,12.633333,20.761333,0.000000,3.525317
14,33.866667,12.633333,20.751667,0.000000,3.570676
15,33.866667,12.933333,20.757667,0.000000,3.547315
16,33.933333,12.833333,20.752667,0.000000,3.602918
17,33.933333,12.566667,20.711333,0.000000,3.536802
18,34.333333,12.633333,20.744333,0.000000,3.641026
19,34.433333,12.433333,20.701333,0.000000,3.582134
20,34.533333,12.433333,20.736333,0.000000,3.616550
21,34.566667,12.766667,20.814333,0.000000,3.630166
22,34.566667,12.966667,20.816333,0.000000,3.643519
23,34.700000,12.133333,20.594000,0.000000,3.643408
24,34.866667,12.800000,20.732667,0.000000,3.605945
25,34.966667,12.466667,20.777333,0.000000,3.631854
26,35.066667,12.633333,20.832333,0.000000,3.653595
27,35.066667,12.566667,20.722667,0.000000,3.600565
28,35.066667,12.833333,20.772667,0.000000,3.524111
29,35.066667,12.833333,20.756667,0.000000,3.645429
30,35.066667,12.833333,20.807333,0.000000,3.563267
31,35.066667,12.633333,20.702667,0.000000,3.566596
32,35.066667,12.366667,20.787667,0.000000,3.609770
33,35.066667,12.766667,20.799000,0.000000,3.648038
34,35.133333,12.533333,20.852333,0.000000,3.637726
35,35.166667,12.566667,20.751000,0.000000,3.629936
36,35.200000,12.933333,20.709000,0.000000,3.599019
37,35.200000,12.366667,20.658333,0.000000,3.620514
38,35.233333,12.600000,20.700667,0.000000,3.625970
39,35.233333,13.133333,20.743000,0.000000,3.561505
40,35.333333,12.600000,20.659000,0.000000,3.562521
41,35.333333,12.666667,20.752000,0.000000,3.681889
42,35.333333,12.466667,20.858333,0.000000,3.585904
43,35.333333,12.600000,20.664667,0.000000,3.551050
44,35.333333,12.633333,20.794333,0.000000,3.620470
45,35.333333,12.666667,20.679667,0.000000,3.570856
46,35.333333,12.566667,20.628667,0.000000,3.624058
47,35.333333,12.466667,20.610000,0.000000,3.541690
48,35.333333,12.933333,20.723000,0.000000,3.516703
49,35.400000,12.200000,20.682333,0.000000,3.590211
50,35.400000,12.500000,20.629333,0.000000,3.657851
51,35.400000,12.766667,20.836333,0.000000,3.619920
52,35.400000,12.566667,20.807000,0.000000,3.622069
53,35.400000,12.666667,20.663333,0.000000,3.498707
54,35.400000,12.433333,20.664667,0.000000,3.574364
55,35.400000,12.733333,20.706667,0.000000,3.610919
56,35.400000,12.866667,20.686333,0.000000,3.626083
57,35.400000,12.333333,20.774667,0.000000,3.589624
58,35.466667,12.566667,20.695667,0.000000,3.558622
59,35.466667,12.566667,20.715667,0.000000,3.555265
60,35.466667,12.666667,20.779667,0.000000,3.555549
61,35.466667,12.700000,20.706000,0.000000,3.622010
62,35.466667,12.300000,20.741333,0.000000,3.595029
63,35.466667,12.233333,20.702000,0.000000,3.566889
64,35.500000,12.566667,20.751000,0.000000,3.648307
65,35.533333,12.333333,20.675667,0.000000,3.643108
66,35.600000,12.433333,20.729333,0.000000,3.640988
67,35.600000,12.966667,20.694000,0.000000,3.486109
68,35.666667,12.533333,20.702667,0.000000,3.652667
69,35.666667,12.666667,20.738667,0.000000,3.599974
70,35.666667,12.900000,20.782667,0.000000,3.656724
71,35.666667,12.633333,20.715667,0.000000,3.635399
72,35.700000,12.566667,20.735000,0.000000,3.640564
73,35.733333,12.700000,20.693333,0.000000,3.554702
74,35.733333,12.633333,20.743000,0.000000,3.621459
75,35.800000,12.766667,20.629333,0.000000,3.582541
76,35.800000,12.766667,20.700667,0.000000,3.558114
77,35.800000,13.200000,20.778667,0.000000,3.520198
78,35.800000,12.733333,20.712667,0.000000,3.653413
79,35.833333,12.333333,20.730000,0.000000,3.664367
80,35.833333,12.433333,20.778667,0.000000,3.629666
81,35.933333,12.500000,20.821667,0.000000,3.620118
82,35.933333,12.700000,20.730333,0.000000,3.544040
83,35.933333,12.333333,20.852000,0.000000,3.634067
84,35.933333,12.733333,20.856667,0.000000,3.580161
85,35.966667,12.866667,20.704000,0.000000,3.656687
86,35.966667,12.600000,20.673333,0.000000,3.601789
87,35.966667,12.500000,20.786000,0.000000,3.540657
88,35.966667,12.466667,20.827333,0.000000,3.641137
89,36.000000,12.766667,20.665000,0.000000,3.579176
90,36.000000,12.600000,20.547333,0.000000,3.645501
91,36.000000,12.666667,20.698000,0.000000,3.637548
92,36.000000,12.200000,20.673000,0.000000,3.582247
93,36.000000,12.800000,20.666333,0.000000,3.573670
94,36.066667,12.766667,20.812000,0.000000,3.654370
95,36.066667,12.533333,20.734000,0.000000,3.594734
96,36.066667,12.466667,20.709667,0.000000,3.530782
97,36.066667,12.666667,20.729333,0.000000,3.591379
98,36.133333,12.166667,20.715333,0.000000,3.636228
99,36.133333,12.866667,20.639000,0.000000,3.513528
100,36.133333,12.333333,20.683000,0.000000,3.586312
101,36.133333,12.666667,20.748333,0.000000,3.638505
102,36.133333,13.133333,20.735667,0.000000,3.531763
103,36.133333,12.400000,20.615333,0.000000,3.540939
104,36.133333,12.933333,20.786000,0.000000,3.584496
105,36.166667,12.700000,20.775000,0.000000,3.627909
106,36.166667,12.200000,20.720000,0.000000,3.694186
107,36.166667,12.533333,20.572000,0.000000,3.577212
108,36.166667,12.533333,20.775333,0.000000,3.652943
109,36.166667,12.433333,20.701000,0.000000,3.581468
110,36.166667,12.900000,20.826667,0.000000,3.583519
111,36.166667,12.400000,20.754667,0.000000,3.635288
112,36.166667,12.533333,20.686333,0.000000,3.627445
113,36.166667,12.700000,20.654000,0.000000,3.596022
114,36.233333,12.700000,20.809333,0.000000,3.587378
115,36.300000,12.500000,20.659000,0.000000,3.605603
116,36.300000,12.433333,20.689667,0.000000,3.624686
117,36.300000,12.766667,20.797000,0.000000,3.593985
118,36.300000,12.700000,20.791667,0.000000,3.629328
119,36.300000,12.333333,20.579000,0.000000,3.541019
120,36.300000,12.866667,20.699333,0.000000,3.525049
121,36.300000,12.400000,20.610000,0.000000,3.572273
122,36.300000,12.333333,20.750000,0.000000,3.577072
123,36.300000,12.666667,20.812333,0.000000,3.573006
124,36.300000,12.700000,20.580000,0.000000,3.501774
125,36.366667,12.400000,20.690333,0.000000,3.672085
126,36.433333,13.033333,20.718667,0.000000,3.554479
127,36.466667,12.733333,20.722000,0.000000,3.639947
128,36.466667,12.300000,20.615000,0.000000,3.564375
129,36.466667,12.500000,20.726333,0.000000,3.649124
130,36.466667,12.733333,20.713333,0.000000,3.549733
131,36.466667,12.600000,20.632000,0.000000,3.660955
132,36.466667,12.466667,20.829667,0.000000,3.638684
133,36.466667,12.833333,20.680667,0.000000,3.488144
134,36.466667,12.700000,20.793333,0.000000,3.571070
135,36.466667,12.800000,20.727667,0.000000,3.608807
136,36.466667,12.900000,20.759333,0.000000,3.579218
137,36.466667,12.766667,20.843333,0.000000,3.642232
138,36.566667,12.866667,20.724000,0.000000,3.672187
139,36.633333,12.433333,20.680667,0.000000,3.618326
140,36.633333,13.100000,20.696667,0.000000,3.543333
141,36.633333,12.300000,20.739000,0.000000,3.623969
142,36.633333,12.766667,20.766333,0.000000,3.647811
143,36.633333,12.500000,20.671000,0.000000,3.653783
144,36.633333,12.866667,20.703000,0.000000,3.473848
145,36.633333,12.866667,20.787000,0.000000,3.578711
146,36.633333,12.600000,20.700333,0.000000,3.622614
147,36.633333,12.566667,20.841667,0.000000,3.626747
148,36.633333,12.600000,20.757000,0.000000,3.541875
149,36.633333,12.633333,20.618333,0.000000,3.628247
150,36.633333,12.933333,20.751333,0.000000,3.541037
151,36.633333,12.733333,20.754667,0.000000,3.588300
152,36.633333,12.666667,20.649000,0.000000,3.619458
153,36.633333,12.366667,20.760667,0.000000,3.675825
154,36.633333,12.633333,20.832667,0.000000,3.566524
155,36.633333,12.866667,20.773667,0.000000,3.595736
156,36.700000,12.433333,20.632000,0.000000,3.599031
157,36.700000,12.833333,20.608333,0.000000,3.620004
158,36.700000,12.466667,20.767000,0.000000,3.581348
159,36.733333,12.200000,20.745667,0.000000,3.634981
160,36.733333,12.666667,20.778000,0.000000,3.584184
161,36.733333,12.900000,20.880000,0.000000,3.578400
162,36.733333,12.566667,20.632333,0.000000,3.517572
163,36.733333,12.633333,20.755000,0.000000,3.476309
164,36.733333,12.800000,20.754000,0.000000,3.632671
165,36.733333,12.900000,20.781333,0.000000,3.623027
166,36.733333,12.600000,20.694667,0.000000,3.588492
167,36.733333,12.733333,20.709667,0.000000,3.568361
168,36.733333,13.133333,20.710333,0.000000,3.539092
169,36.733333,12.633333,20.742333,0.000000,3.605780
170,36.733333,12.566667,20.768000,0.000000,3.657912
171,36.733333,12.700000,20.692000,0.000000,3.601599
172,36.733333,12.966667,20.762667,0.000000,3.571487
173,36.733333,12.366667,20.692000,0.000000,3.609724
174,36.733333,12.833333,20.699333,0.000000,3.572852
175,36.733333,12.633333,20.687333,0.000000,3.682766
176,36.733333,12.633333,20.733667,0.000000,3.598566
177,36.733333,13.000000,20.759000,0.000000,3.572963
178,36.733333,12.566667,20.730667,0.000000,3.669009
179,36.766667,12.766667,20.770000,0.000000,3.608906
180,36.766667,12.833333,20.747333,0.000000,3.635946
181,36.766667,12.533333,20.772333,0.000000,3.626410
182,36.766667,12.833333,20.688667,0.000000,3.534874
183,36.766667,12.600000,20.755667,0.000000,3.498226
184,36.766667,12.800000,20.740667,0.000000,3.614186
185,36.766667,12.566667,20.708667,0.000000,3.569678
186,36.766667,12.766667,20.789667,0.000000,3.653119
187,36.766667,12.200000,20.721333,0.000000,3.565978
188,36.766667,12.600000,20.708333,0.000000,3.546418
189,36.833333,12.700000,20.724333,0.000000,3.644430
190,36.833333,13.233333,20.644000,0.000000,3.513286
191,36.833333,12.666667,20.844333,0.000000,3.640968
192,36.833333,12.233333,20.755000,0.000000,3.656764
193,36.833333,12.433333,20.697000,0.000000,3.653386
194,36.833333,12.633333,20.669667,0.000000,3.601115
195,36.833333,12.800000,20.768000,0.000000,3.636795
196,36.833333,12.733333,20.717000,0.000000,3.511015
197,36.833333,12.433333,20.717000,0.000000,3.496676
198,36.833333,12.666667,20.621000,0.000000,3.583723
199,36.833333,12.766667,20.713333,0.000000,3.575632
200,36.833333,12.733333,20.641333,0.000000,3.523846
201,36.833333,12.600000,20.777000,0.000000,3.583549
202,36.833333,12.800000,20.698000,0.000000,3.600953
203,36.833333,12.833333,20.715333,0.000000,3.584064
204,36.833333,12.700000,20.588000,0.000000,3.565782
205,36.833333,12.966667,20.747333,0.000000,3.545916
206,36.833333,12.633333,20.743333,0.000000,3.600819
207,36.833333,12.700000,20.615000,0.000000,3.523421
208,36.833333,12.600000,20.682000,0.000000,3.549517
209,36.866667,12.766667,20.619000,0.000000,3.561804
210,36.866667,12.433333,20.674333,0.000000,3.617131
211,36.933333,12.466667,20.755667,0.000000,3.673738
212,36.933333,12.600000,20.736667,0.000000,3.551452
213,36.933333,12.800000,20.738667,0.000000,3.611667
214,36.933333,12.600000,20.661333,0.000000,3.555458
215,36.933333,12.433333,20.772667,0.000000,3.605860
216,36.933333,12.666667,20.691667,0.000000,3.624190
217,36.933333,12.733333,20.691333,0.000000,3.646620
218,36.933333,12.833333,20.688000,0.000000,3.578957
219,36.933333,12.700000,20.757333,0.000000,3.535938
220,36.933333,12.733333,20.694333,0.000000,3.645078
221,36.933333,12.966667,20.709333,0.000000,3.606235
222,36.933333,12.766667,20.687000,0.000000,3.533380
223,36.933333,13.033333,20.698667,0.000000,3.553449
224,36.933333,12.566667,20.691333,0.000000,3.580098
225,36.933333,12.400000,20.751667,0.000000,3.625774
226,36.933333,12.566667,20.808667,0.000000,3.557309
227,36.933333,12.566667,20.777333,0.000000,3.540180
228,37.000000,12.333333,20.674667,0.000000,3.628506
229,37.000000,12.333333,20.691333,0.000000,3.577809
230,37.033333,12.933333,20.750333,0.000000,3.660456
231,37.033333,12.833333,20.661000,0.000000,3.543807
232,37.033333,12.600000,20.713667,0.000000,3.512834
233,37.033333,12.800000,20.686000,0.000000,3.553198
234,37.033333,12.933333,20.784333,0.000000,3.497708
235,37.133333,13.033333,20.896000,0.000000,3.631195
236,37.133333,12.600000,20.709667,0.000000,3.592332
237,37.133333,12.800000,20.670000,0.000000,3.616658
238,37.133333,12.766667,20.784333,0.000000,3.666060
239,37.133333,12.866667,20.657000,0.000000,3.538544
240,37.133333,12.900000,20.720667,0.000000,3.497454
241,37.133333,12.900000,20.716000,0.000000,3.662244
242,37.133333,12.800000,20.738000,0.000000,3.586974
243,37.133333,12.700000,20.783000,0.000000,3.629977
244,37.133333,12.733333,20.692333,0.000000,3.560985
245,37.133333,12.700000,20.698333,0.000000,3.551338
246,37.166667,12.366667,20.649333,0.000000,3.626923
247,37.166667,12.833333,20.753333,0.000000,3.560113
248,37.166667,12.733333,20.741667,0.000000,3.604743
249,37.166667,12.633333,20.755000,0.000000,3.571737
250,37.166667,12.466667,20.697667,0.000000,3.592781
251,37.166667,12.533333,20.698333,0.000000,3.668503
252,37.166667,12.766667,20.694667,0.000000,3.600054
253,37.166667,12.566667,20.691000,0.000000,3.614232
254,37.166667,12.566667,20.636000,0.000000,3.565293
255,37.166667,12.333333,20.697667,0.000000,3.614599
256,37.166667,12.866667,20.782333,0.000000,3.598737
257,37.166667,13.000000,20.765000,0.000000,3.531944
258,37.166667,12.633333,20.779333,0.000000,3.619723
259,37.166667,12.800000,20.646333,0.000000,3.540727
260,37.166667,12.366667,20.767667,0.000000,3.637387
261,37.166667,12.433333,20.751667,0.000000,3.613389
262,37.166667,12.633333,20.685667,0.000000,3.615115
263,37.166667,12.666667,20.806000,0.000000,3.560316
264,37.166667,12.433333,20.706333,0.000000,3.696050
265,37.233333,12.600000,20.681000,0.000000,3.605408
266,37.266667,12.300000,20.789000,0.000000,3.578515
267,37.266667,12.833333,20.605000,0.000000,3.598958
268,37.266667,12.500000,20.791000,0.000000,3.617995
269,37.266667,12.733333,20.761667,0.000000,3.489357
270,37.266667,12.566667,20.778667,0.000000,3.592869
271,37.266667,12.833333,20.614667,0.000000,3.573715
272,37.266667,12.500000,20.703000,0.000000,3.633813
273,37.266667,12.700000,20.721000,0.000000,3.561579
274,37.266667,12.500000,20.714000,0.000000,3.522614
275,37.266667,12.666667,20.661000,0.000000,3.626708
276,37.266667,13.000000,20.654333,0.000000,3.529589
277,37.266667,12.266667,20.697333,0.000000,3.551571
278,37.266667,12.666667,20.702000,0.000000,3.624288
279,37.266667,12.466667,20.745333,0.000000,3.691292
280,37.266667,12.333333,20.676333,0.000000,3.598744
281,37.266667,12.700000,20.697000,0.000000,3.477940
282,37.266667,12.633333,20.800667,0.000000,3.614331
283,37.266667,12.300000,20.736667,0.000000,3.648094
284,37.266667,12.733333,20.657333,0.000000,3.551071
285,37.266667,12.600000,20.717000,0.000000,3.607857
286,37.266667,12.700000,20.551667,0.000000,3.626586
287,37.266667,12.333333,20.825667,0.000000,3.760360
288,37.266667,12.500000,20.733333,0.000000,3.612194
289,37.266667,12.633333,20.780333,0.000000,3.594956
290,37.266667,12.700000,20.774000,0.000000,3.629275
291,37.266667,12.966667,20.743667,0.000000,3.559344
292,37.266667,12.766667,20.763000,0.000000,3.642724
293,37.266667,12.833333,20.711000,0.000000,3.537343
294,37.266667,12.866667,20.650000,0.000000,3.585947
295,37.266667,12.333333,20.637667,0.000000,3.610677
296,37.266667,12.466667,20.738333,0.000000,3.661929
297,37.266667,12.933333,20.762667,0.000000,3.591682
298,37.266667,12.900000,20.741333,0.000000,3.557222
299,37.266667,13.100000,20.748667,0.000000,3.633367
300,37.266667,12.833333,20.780667,0.000000,3.582263
301,37.266667,12.233333,20.679000,0.000000,3.677490
302,37.266667,12.500000,20.592667,0.000000,3.599355
303,37.266667,12.800000,20.655000,0.000000,3.552148
304,37.266667,12.666667,20.762333,0.000000,3.542505
305,37.266667,12.600000,20.665333,0.000000,3.612863
306,37.266667,12.800000,20.817333,0.000000,3.567698
307,37.266667,12.633333,20.582667,0.000000,3.547061
308,37.266667,12.300000,20.729000,0.000000,3.608148
309,37.266667,12.666667,20.711000,0.000000,3.523328
310,37.266667,12.633333,20.717333,0.000000,3.622004
311,37.266667,12.533333,20.743000,0.000000,3.589727
312,37.266667,13.000000,20.685333,0.000000,3.605597
313,37.266667,12.833333,20.822000,0.000000,3.618062
314,37.266667,12.166667,20.568000,0.000000,3.580608
315,37.300000,12.533333,20.721667,0.000000,3.707401
316,37.333333,12.433333,20.677667,0.000000,3.590893
317,37.333333,12.800000,20.788000,0.000000,3.614627
318,37.333333,12.666667,20.694000,0.000000,3.599074
319,37.333333,12.766667,20.786667,0.000000,3.553066
320,37.333333,12.600000,20.714000,0.000000,3.605744
321,37.333333,12.633333,20.712667,0.000000,3.586938
322,37.333333,12.300000,20.749333,0.000000,3.584228
323,37.333333,12.600000,20.745667,0.000000,3.632302
324,37.333333,12.666667,20.754667,0.000000,3.590154
325,37.333333,12.266667,20.718000,0.000000,3.657980
326,37.333333,12.833333,20.649333,0.000000,3.494019
327,37.333333,12.466667,20.766000,0.000000,3.578027
328,37.333333,12.466667,20.769667,0.000000,3.548993
329,37.333333,13.100000,20.857000,0.000000,3.480804
330,37.333333,12.933333,20.736000,0.000000,3.591962
331,37.333333,12.400000,20.806333,0.000000,3.622494
332,37.333333,12.333333,20.663333,0.000000,3.653011
333,37.333333,12.500000,20.779000,0.000000,3.594233
334,37.333333,12.666667,20.778000,0.000000,3.567239
335,37.333333,12.333333,20.677000,0.000000,3.625297
336,37.333333,12.500000,20.789667,0.000000,3.618926
337,37.333333,12.800000,20.702667,0.000000,3.611338
338,37.333333,12.666667,20.765333,0.000000,3.558177
339,37.366667,12.866667,20.722667,0.000000,3.658124
340,37.433333,12.566667,20.750333,0.000000,3.587910
341,37.433333,12.600000,20.684667,0.000000,3.599429
342,37.433333,12.400000,20.696000,0.000000,3.600811
343,37.433333,12.600000,20.675333,0.000000,3.615317
344,37.466667,12.966667,20.769000,0.000000,3.565048
345,37.466667,12.566667,20.751000,0.000000,3.703581
346,37.466667,12.533333,20.588000,0.000000,3.582996
347,37.466667,12.733333,20.798333,0.000000,3.616016
348,37.466667,12.633333,20.744667,0.000000,3.652152
349,37.466667,12.500000,20.594000,0.000000,3.591704
350,37.466667,12.766667,20.737000,0.000000,3.591566
351,37.466667,12.633333,20.715000,0.000000,3.552290
352,37.466667,12.500000,20.578667,0.000000,3.587054
353,37.466667,12.600000,20.616667,0.000000,3.622343
354,37.466667,12.800000,20.718667,0.000000,3.625831
355,37.466667,13.000000,20.689667,0.000000,3.532974
356,37.466667,12.400000,20.633000,0.000000,3.572930
357,37.466667,12.700000,20.681667,0.000000,3.544737
358,37.466667,12.666667,20.822333,0.000000,3.596593
359,37.466667,12.766667,20.827333,0.000000,3.682695
360,37.466667,12.500000,20.706667,0.000000,3.545057
361,37.466667,12.733333,20.612333,0.000000,3.592292
362,37.500000,12.633333,20.702667,0.000000,3.554488
363,37.500000,12.566667,20.619667,0.000000,3.543194
364,37.500000,12.833333,20.784000,0.000000,3.624629
365,37.500000,12.533333,20.683000,0.000000,3.627271
366,37.500000,12.200000,20.644000,0.000000,3.650101
367,37.500000,12.566667,20.699667,0.000000,3.619394
368,37.500000,12.633333,20.722333,0.000000,3.642258
369,37.500000,12.800000,20.620667,0.000000,3.527660
370,37.500000,12.633333,20.707000,0.000000,3.618842
371,37.500000,12.833333,20.715333,0.000000,3.631486
372,37.500000,12.433333,20.675333,0.000000,3.659431
373,37.500000,12.600000,20.686000,0.000000,3.596407
374,37.500000,12.333333,20.655667,0.000000,3.628757
375,37.500000,12.600000,20.665000,0.000000,3.540822
376,37.500000,13.200000,20.776667,0.000000,3.475347
377,37.500000,12.833333,20.726333,0.000000,3.679812
378,37.500000,12.066667,20.591000,0.000000,3.661956
379,37.500000,12.600000,20.710000,0.000000,3.585607
380,37.500000,12.933333,20.701667,0.000000,3.604579
381,37.500000,12.866667,20.734333,0.000000,3.558104
382,37.500000,12.633333,20.846333,0.000000,3.651218
383,37.500000,13.133333,20.740000,0.000000,3.525109
384,37.500000,12.500000,20.767333,0.000000,3.534520
385,37.500000,12.900000,20.798000,0.000000,3.651464
386,37.500000,12.733333,20.849333,0.000000,3.601648
387,37.500000,12.566667,20.779333,0.000000,3.593424
388,37.500000,12.200000,20.675667,0.000000,3.577675
389,37.500000,12.600000,20.728000,0.000000,3.645307
390,37.500000,12.700000,20.754667,0.000000,3.574935
391,37.500000,12.866667,20.688333,0.000000,3.595978
392,37.500000,12.733333,20.722333,0.000000,3.493893
393,37.500000,12.866667,20.737333,0.000000,3.614827
394,37.500000,12.766667,20.694333,0.000000,3.620069
395,37.500000,12.700000,20.718333,0.000000,3.618364
396,37.500000,12.566667,20.663667,0.000000,3.701381
397,37.500000,12.700000,20.604667,0.000000,3.633336
398,37.500000,12.700000,20.742000,0.000000,3.579316
399,37.500000,12.600000,20.659333,0.000000,3.627377
400,37.500000,12.733333,20.692333,0.000000,3.570139
401,37.500000,12.533333,20.805667,0.000000,3.544711
402,37.500000,13.000000,20.874333,0.000000,3.555718
403,37.500000,12.233333,20.711000,0.000000,3.608633
404,37.500000,12.633333,20.712333,0.000000,3.679012
405,37.500000,12.766667,20.682667,0.000000,3.621057
406,37.533333,12.800000,20.708667,0.000000,3.554881
407,37.533333,12.400000,20.684000,0.000000,3.579286
408,37.533333,12.700000,20.595667,0.000000,3.536412
409,37.533333,12.766667,20.792333,0.000000,3.619881
410,37.533333,13.033333,20.706667,0.000000,3.485483
411,37.533333,12.566667,20.737333,0.000000,3.626012
412,37.533333,12.433333,20.708667,0.000000,3.654470
413,37.533333,12.500000,20.701333,0.000000,3.618934
414,37.533333,12.733333,20.749667,0.000000,3.577842
415,37.533333,12.400000,20.707333,0.000000,3.702285
416,37.533333,12.833333,20.856667,0.000000,3.582600
417,37.533333,12.533333,20.655667,0.000000,3.482758
418,37.533333,12.400000,20.764667,0.000000,3.611989
419,37.533333,12.700000,20.655667,0.000000,3.600337
420,37.533333,12.600000,20.706000,0.000000,3.549365
421,37.533333,12.633333,20.718333,0.000000,3.588658
422,37.533333,12.400000,20.774667,0.000000,3.628288
423,37.533333,12.466667,20.621333,0.000000,3.586620
424,37.533333,12.300000,20.792667,0.000000,3.585089
425,37.533333,12.900000,20.699333,0.000000,3.573438
426,37.533333,12.400000,20.696000,0.000000,3.690282
427,37.533333,12.366667,20.674333,0.000000,3.503768
428,37.533333,12.700000,20.842667,0.000000,3.528443
429,37.533333,12.833333,20.750333,0.000000,3.525970
430,37.533333,12.466667,20.679333,0.000000,3.596241
431,37.533333,12.666667,20.777000,0.000000,3.610719
432,37.533333,12.966667,20.757333,0.000000,3.598383
433,37.533333,12.333333,20.739333,0.000000,3.627554
434,37.533333,12.733333,20.751333,0.000000,3.575886
435,37.533333,12.566667,20.746333,0.000000,3.577791
436,37.533333,12.400000,20.683667,0.000000,3.673512
437,37.533333,12.433333,20.662000,0.000000,3.612316
438,37.533333,12.466667,20.613000,0.000000,3.621640
439,37.533333,12.733333,20.718667,0.000000,3.575566
440,37.533333,12.700000,20.722333,0.000000,3.607583
441,37.533333,12.433333,20.632000,0.000000,3.607584
442,37.533333,12.800000,20.749667,0.000000,3.578385
443,37.533333,12.433333,20.752667,0.000000,3.571682
444,37.533333,13.066667,20.707333,0.000000,3.500167
445,37.533333,12.600000,20.746333,0.000000,3.587355
446,37.533333,12.700000,20.857667,0.000000,3.666858
447,37.533333,12.333333,20.637667,0.000000,3.600774
448,37.533333,12.500000,20.773000,0.000000,3.531944
449,37.533333,12.333333,20.728333,0.000000,3.634099
450,37.533333,13.066667,20.762667,0.000000,3.561083
451,37.533333,12.500000,20.820667,0.000000,3.647388
452,37.533333,12.633333,20.758333,0.000000,3.586731
453,37.533333,12.733333,20.640667,0.000000,3.579466
454,37.533333,12.300000,20.680667,0.000000,3.648826
455,37.533333,12.900000,20.710667,0.000000,3.510130
456,37.533333,12.400000,20.705333,0.000000,3.641777
457,37.533333,12.933333,20.809667,0.000000,3.577742
458,37.533333,12.966667,20.753000,0.000000,3.532737
459,37.533333,12.700000,20.705333,0.000000,3.586309
460,37.533333,12.900000,20.776667,0.000000,3.633942
461,37.533333,12.900000,20.701333,0.000000,3.526027
462,37.533333,12.666667,20.635667,0.000000,3.620134
463,37.533333,13.000000,20.805000,0.000000,3.567198
464,37.533333,12.800000,20.736667,0.000000,3.556120
465,37.533333,12.433333,20.665000,0.000000,3.590140
466,37.533333,12.866667,20.821333,0.000000,3.598897
467,37.533333,12.233333,20.740333,0.000000,3.593511
468,37.533333,12.433333,20.635667,0.000000,3.656560
469,37.533333,12.366667,20.634333,0.000000,3.578847
470,37.566667,12.600000,20.737000,0.000000,3.552582
471,37.566667,12.666667,20.614000,0.000000,3.566146
472,37.566667,12.866667,20.719333,0.000000,3.585201
473,37.566667,13.033333,20.791333,0.000000,3.587833
474,37.566667,12.533333,20.826333,0.000000,3.653299
475,37.566667,12.633333,20.701000,0.000000,3.642078
476,37.566667,12.666667,20.712333,0.000000,3.591551
477,37.566667,13.066667,20.759000,0.000000,3.590007
478,37.566667,12.466667,20.710667,0.000000,3.638829
479,37.566667,12.833333,20.760667,0.000000,3.585192
480,37.566667,12.500000,20.755000,0.000000,3.628896
481,37.566667,12.666667,20.530000,0.000000,3.570247
482,37.566667,12.900000,20.809000,0.000000,3.643670
483,37.566667,12.700000,20.839333,0.000000,3.605429
484,37.566667,12.666667,20.776333,0.000000,3.607674
485,37.566667,12.833333,20.852667,0.000000,3.609996
486,37.566667,12.533333,20.803667,0.000000,3.603367
487,37.566667,12.566667,20.724667,0.000000,3.654608
488,37.566667,12.766667,20.736000,0.000000,3.598026
489,37.566667,12.766667,20.720333,0.000000,3.603897
490,37.566667,12.700000,20.669333,0.000000,3.590115
491,37.566667,12.566667,20.771333,0.000000,3.722877
492,37.566667,12.533333,20.706667,0.000000,3.631992
493,37.566667,12.666667,20.661000,0.000000,3.560588
494,37.566667,13.000000,20.765667,0.000000,3.567661
495,37.566667,12.666667,20.820000,0.000000,3.576407
496,37.566667,12.833333,20.666667,0.000000,3.584691
497,37.600000,12.500000,20.838000,0.000000,3.611756
498,37.600000,12.533333,20.711333,0.000000,3.620205
499,37.600000,12.866667,20.729333,0.000000,3.635622
500,37.600000,12.566667,20.789333,0.000000,3.538144
BestSdev: 1.026030, Time: 1h2m48.301382087s