gen,best,worst,mean,rep,sdev
1,31.733333,11.700000,20.760667,0.000000,3.644689
2,32.733333,12.033333,20.831500,0.000000,3.642516
3,33.000000,12.066667,20.704167,0.000000,3.567398
4,33.600000,11.866667,20.779000,0.000000,3.626509
5,33.733333,11.966667,20.770667,0.000000,3.608054
6,33.933333,11.866667,20.736333,0.000000,3.620104
7,34.133333,12.066667,20.817833,0.000000,3.624757
8,34.333333,11.800000,20.710833,0.000000,3.573714
9,34.366667,12.333333,20.774833,0.000000,3.595600
10,34.600000,11.966667,20.781500,0.000000,3.622252
11,34.600000,12.100000,20.682833,0.000000,3.573001
12,34.600000,11.800000,20.639667,0.000000,3.585856
13,34.833333,12.333333,20.695667,0.000000,3.630652
14,34.866667,12.200000,20.744667,0.000000,3.618639
15,35.033333,11.966667,20.703500,0.000000,3.667259
16,35.033333,12.000000,20.674167,0.000000,3.596591
17,35.133333,11.633333,20.693667,0.000000,3.617020
18,35.133333,11.900000,20.674833,0.000000,3.600400
19,35.300000,11.900000,20.692333,0.000000,3.575019
20,35.300000,11.700000,20.750000,0.000000,3.601413
21,35.400000,12.100000,20.713333,0.000000,3.660786
22,35.400000,12.033333,20.719167,0.000000,3.588062
23,35.400000,12.066667,20.792167,0.000000,3.625895
24,35.433333,12.333333,20.730500,0.000000,3.608311
25,35.466667,12.200000,20.762167,0.000000,3.615072
26,35.466667,11.566667,20.690333,0.000000,3.568196
27,35.533333,12.066667,20.821333,0.000000,3.614746
28,35.533333,12.166667,20.713500,0.000000,3.612648
29,35.633333,11.766667,20.734667,0.000000,3.674732
30,35.633333,11.800000,20.669167,0.000000,3.638809
31,35.633333,12.000000,20.810500,0.000000,3.633893
32,35.633333,12.133333,20.694000,0.000000,3.635463
33,35.633333,12.166667,20.712500,0.000000,3.620729
34,35.633333,12.100000,20.743667,0.000000,3.601480
35,35.633333,11.866667,20.710833,0.000000,3.599336
36,35.633333,12.266667,20.773667,0.000000,3.595622
37,35.666667,12.166667,20.736833,0.000000,3.626668
38,35.700000,12.100000,20.645167,0.000000,3.603067
39,35.700000,12.133333,20.698167,0.000000,3.598987
40,35.800000,12.100000,20.802500,0.000000,3.662937
41,35.833333,11.966667,20.678167,0.000000,3.604857
42,35.833333,12.366667,20.814167,0.000000,3.591124
43,35.866667,11.933333,20.714833,0.000000,3.604768
44,35.966667,12.166667,20.782667,0.000000,3.647562
45,36.000000,12.333333,20.715500,0.000000,3.600401
46,36.000000,12.066667,20.716333,0.000000,3.630720
47,36.033333,11.766667,20.776667,0.000000,3.581343
48,36.033333,12.300000,20.759667,0.000000,3.651243
49,36.033333,11.800000,20.706500,0.000000,3.632299
50,36.033333,11.500000,20.720000,0.000000,3.631163
51,36.033333,11.766667,20.693667,0.000000,3.570294
52,36.033333,12.033333,20.761667,0.000000,3.611594
53,36.033333,12.300000,20.762500,0.000000,3.558759
54,36.033333,11.933333,20.635000,0.000000,3.575697
55,36.033333,12.033333,20.741167,0.000000,3.629308
56,36.033333,11.866667,20.694333,0.000000,3.615986
57,36.033333,12.100000,20.767333,0.000000,3.604471
58,36.033333,11.900000,20.781333,0.000000,3.567537
59,36.066667,11.900000,20.875000,0.000000,3.613261
60,36.066667,12.000000,20.732000,0.000000,3.615172
61,36.066667,11.666667,20.787667,0.000000,3.719753
62,36.066667,11.833333,20.671833,0.000000,3.653688
63,36.100000,12.266667,20.731000,0.000000,3.595602
64,36.100000,12.066667,20.731000,0.000000,3.571683
65,36.100000,11.600000,20.729167,0.000000,3.663877
66,36.100000,11.966667,20.655500,0.000000,3.571387
67,36.133333,12.033333,20.845667,0.000000,3.623686
68,36.133333,12.433333,20.704000,0.000000,3.574804
69,36.133333,11.566667,20.829500,0.000000,3.590390
70,36.133333,11.700000,20.768333,0.000000,3.635572
71,36.133333,11.933333,20.687667,0.000000,3.575365
72,36.133333,12.166667,20.748167,0.000000,3.566201
73,36.200000,12.066667,20.807500,0.000000,3.615909
74,36.200000,11.966667,20.754833,0.000000,3.622222
75,36.200000,11.766667,20.698167,0.000000,3.616673
76,36.200000,12.200000,20.769333,0.000000,3.576726
77,36.200000,12.000000,20.759500,0.000000,3.638679
78,36.200000,12.300000,20.710000,0.000000,3.543761
79,36.200000,11.733333,20.673000,0.000000,3.681894
80,36.200000,12.000000,20.758333,0.000000,3.587970
81,36.200000,11.900000,20.622500,0.000000,3.567965
82,36.200000,12.200000,20.717167,0.000000,3.602210
83,36.233333,11.866667,20.786333,0.000000,3.574254
84,36.266667,12.100000,20.813667,0.000000,3.606181
85,36.266667,12.200000,20.606500,0.000000,3.583027
86,36.266667,11.933333,20.780667,0.000000,3.590658
87,36.266667,11.966667,20.757333,0.000000,3.650419
88,36.300000,11.566667,20.724000,0.000000,3.628827
89,36.300000,12.133333,20.709000,0.000000,3.603859
90,36.300000,12.066667,20.694167,0.000000,3.565924
91,36.300000,11.500000,20.784667,0.000000,3.647101
92,36.300000,12.333333,20.674667,0.000000,3.606987
93,36.300000,11.633333,20.748167,0.000000,3.577720
94,36.300000,12.333333,20.814500,0.000000,3.656054
95,36.300000,12.000000,20.682667,0.000000,3.646201
96,36.300000,12.033333,20.749000,0.000000,3.596166
97,36.366667,12.233333,20.765000,0.000000,3.570262
98,36.366667,12.033333,20.675167,0.000000,3.611329
99,36.366667,11.766667,20.717333,0.000000,3.597062
100,36.366667,11.800000,20.785500,0.000000,3.699496
101,36.366667,12.133333,20.754167,0.000000,3.592485
102,36.366667,12.300000,20.732333,0.000000,3.552676
103,36.366667,11.966667,20.696667,0.000000,3.609551
104,36.366667,12.100000,20.689500,0.000000,3.596926
105,36.366667,12.100000,20.669000,0.000000,3.598550
106,36.366667,12.166667,20.659833,0.000000,3.551311
107,36.366667,12.133333,20.749167,0.000000,3.665532
108,36.366667,12.033333,20.645667,0.000000,3.568731
109,36.366667,12.400000,20.700167,0.000000,3.590282
110,36.366667,12.166667,20.707500,0.000000,3.577884
111,36.400000,11.900000,20.703000,0.000000,3.625669
112,36.400000,11.966667,20.680167,0.000000,3.612883
113,36.400000,12.133333,20.687667,0.000000,3.596962
114,36.400000,12.266667,20.733167,0.000000,3.666858
115,36.400000,12.233333,20.854667,0.000000,3.607207
116,36.400000,12.233333,20.726333,0.000000,3.608481
117,36.400000,11.633333,20.735500,0.000000,3.598011
118,36.400000,12.066667,20.691167,0.000000,3.616654
119,36.400000,12.133333,20.699000,0.000000,3.574069
120,36.400000,11.866667,20.770833,0.000000,3.576187
121,36.400000,11.966667,20.691333,0.000000,3.597232
122,36.400000,11.933333,20.723500,0.000000,3.633171
123,36.400000,12.366667,20.664333,0.000000,3.555583
124,36.400000,12.433333,20.708333,0.000000,3.555550
125,36.400000,12.166667,20.653833,0.000000,3.596860
126,36.400000,11.966667,20.710333,0.000000,3.620332
127,36.400000,12.000000,20.719833,0.000000,3.614718
128,36.400000,11.866667,20.756000,0.000000,3.593410
129,36.400000,11.833333,20.676167,0.000000,3.563360
130,36.400000,12.100000,20.769667,0.000000,3.632835
131,36.400000,11.733333,20.693833,0.000000,3.594869
132,36.400000,11.866667,20.706167,0.000000,3.594009
133,36.400000,12.233333,20.785167,0.000000,3.626547
134,36.400000,11.633333,20.816000,0.000000,3.637532
135,36.400000,12.100000,20.733000,0.000000,3.593961
136,36.400000,11.900000,20.753167,0.000000,3.601206
137,36.433333,11.866667,20.742833,0.000000,3.594203
138,36.433333,11.633333,20.741833,0.000000,3.603475
139,36.433333,11.966667,20.841333,0.000000,3.631652
140,36.433333,12.033333,20.811500,0.000000,3.586008
141,36.466667,12.066667,20.722833,0.000000,3.604905
142,36.466667,12.033333,20.743833,0.000000,3.611623
143,36.466667,12.033333,20.764167,0.000000,3.566733
144,36.466667,12.000000,20.702333,0.000000,3.598186
145,36.466667,12.133333,20.737667,0.000000,3.582172
146,36.466667,11.800000,20.782000,0.000000,3.655588
147,36.466667,11.700000,20.716000,0.000000,3.565714
148,36.466667,12.000000,20.767000,0.000000,3.655606
149,36.500000,12.200000,20.633000,0.000000,3.570092
150,36.500000,11.900000,20.782000,0.000000,3.599361
151,36.500000,12.166667,20.764667,0.000000,3.559603
152,36.500000,11.566667,20.740167,0.000000,3.706947
153,36.500000,12.133333,20.714000,0.000000,3.642566
154,36.500000,12.266667,20.719000,0.000000,3.628874
155,36.500000,11.833333,20.738000,0.000000,3.651065
156,36.500000,11.466667,20.732500,0.000000,3.613743
157,36.500000,12.266667,20.734167,0.000000,3.639453
158,36.500000,11.633333,20.705500,0.000000,3.684922
159,36.500000,11.866667,20.728500,0.000000,3.691724
160,36.500000,12.166667,20.656333,0.000000,3.613203
161,36.500000,11.900000,20.772167,0.000000,3.607973
162,36.500000,11.866667,20.790667,0.000000,3.628260
163,36.533333,12.033333,20.791500,0.000000,3.629187
164,36.533333,12.166667,20.687667,0.000000,3.547955
165,36.533333,11.800000,20.738167,0.000000,3.611302
166,36.533333,11.966667,20.695167,0.000000,3.573483
167,36.533333,12.166667,20.749167,0.000000,3.645169
168,36.533333,12.133333,20.696000,0.000000,3.615218
169,36.566667,12.233333,20.810333,0.000000,3.645769
170,36.566667,12.066667,20.658833,0.000000,3.596869
171,36.600000,12.200000,20.771500,0.000000,3.595928
172,36.600000,12.100000,20.696667,0.000000,3.623158
173,36.600000,12.400000,20.742667,0.000000,3.574232
174,36.600000,12.133333,20.775333,0.000000,3.579272
175,36.600000,11.833333,20.749333,0.000000,3.608077
176,36.600000,11.800000,20.677500,0.000000,3.623295
177,36.633333,12.133333,20.748833,0.000000,3.660496
178,36.633333,11.600000,20.718500,0.000000,3.630278
179,36.633333,12.000000,20.866667,0.000000,3.626528
180,36.633333,11.666667,20.707833,0.000000,3.559707
181,36.633333,12.066667,20.689500,0.000000,3.556071
182,36.633333,11.966667,20.757667,0.000000,3.623621
183,36.633333,12.333333,20.664500,0.000000,3.597459
184,36.633333,12.100000,20.673333,0.000000,3.648191
185,36.633333,11.933333,20.793333,0.000000,3.651501
186,36.700000,11.800000,20.699667,0.000000,3.603735
187,36.700000,12.133333,20.674000,0.000000,3.630779
188,36.700000,12.000000,20.767333,0.000000,3.587579
189,36.700000,11.933333,20.700167,0.000000,3.602274
190,36.700000,12.066667,20.755333,0.000000,3.607029
191,36.700000,12.133333,20.738667,0.000000,3.645219
192,36.700000,12.200000,20.750167,0.000000,3.568844
193,36.700000,12.066667,20.721500,0.000000,3.626704
194,36.700000,11.766667,20.702000,0.000000,3.609319
195,36.900000,11.733333,20.736000,0.000000,3.697930
196,36.900000,11.666667,20.734500,0.000000,3.677113
197,36.900000,12.466667,20.708167,0.000000,3.608181
198,36.933333,11.800000,20.743000,0.000000,3.660566
199,36.933333,12.100000,20.612833,0.000000,3.602871
200,36.933333,12.300000,20.736667,0.000000,3.597710
201,36.933333,12.033333,20.702833,0.000000,3.635193
202,36.933333,11.966667,20.625333,0.000000,3.645011
203,36.933333,12.233333,20.678167,0.000000,3.587410
204,36.966667,11.833333,20.650333,0.000000,3.597289
205,36.966667,12.000000,20.748500,0.000000,3.584102
206,36.966667,11.800000,20.732667,0.000000,3.564282
207,37.000000,11.966667,20.742833,0.000000,3.610129
208,37.000000,12.033333,20.676667,0.000000,3.654077
209,37.000000,11.600000,20.714167,0.000000,3.606495
210,37.000000,12.166667,20.707833,0.000000,3.607535
211,37.000000,11.700000,20.703333,0.000000,3.623240
212,37.000000,12.266667,20.747167,0.000000,3.621802
213,37.000000,11.766667,20.779833,0.000000,3.620372
214,37.000000,12.066667,20.762333,0.000000,3.546052
215,37.033333,11.733333,20.712167,0.000000,3.625795
216,37.033333,11.900000,20.681500,0.000000,3.600632
217,37.033333,11.833333,20.747667,0.000000,3.652889
218,37.033333,11.866667,20.650333,0.000000,3.534278
219,37.033333,12.133333,20.770667,0.000000,3.576687
220,37.033333,12.066667,20.790167,0.000000,3.542433
221,37.033333,11.766667,20.646667,0.000000,3.584943
222,37.033333,11.900000,20.690833,0.000000,3.642475
223,37.033333,12.300000,20.759833,0.000000,3.563617
224,37.033333,11.733333,20.746000,0.000000,3.632941
225,37.033333,12.066667,20.760667,0.000000,3.550229
226,37.033333,12.100000,20.707000,0.000000,3.589870
227,37.033333,12.066667,20.712167,0.000000,3.627627
228,37.066667,11.766667,20.744333,0.000000,3.603738
229,37.066667,12.200000,20.818333,0.000000,3.670570
230,37.066667,11.866667,20.694833,0.000000,3.622612
231,37.066667,11.966667,20.716833,0.000000,3.572063
232,37.066667,12.266667,20.689000,0.000000,3.555902
233,37.066667,12.100000,20.602000,0.000000,3.577140
234,37.066667,11.766667,20.689333,0.000000,3.578865
235,37.066667,12.200000,20.765667,0.000000,3.591159
236,37.066667,12.066667,20.687000,0.000000,3.629826
237,37.133333,12.200000,20.714833,0.000000,3.628834
238,37.133333,12.166667,20.715333,0.000000,3.542649
239,37.166667,11.966667,20.732500,0.000000,3.633181
240,37.166667,12.200000,20.770333,0.000000,3.580221
241,37.166667,12.066667,20.717000,0.000000,3.649017
242,37.166667,11.966667,20.799500,0.000000,3.600994
243,37.166667,12.333333,20.690333,0.000000,3.617040
244,37.166667,11.833333,20.744833,0.000000,3.632396
245,37.166667,11.766667,20.729833,0.000000,3.624254
246,37.166667,12.066667,20.741333,0.000000,3.618024
247,37.166667,11.933333,20.703833,0.000000,3.644951
248,37.166667,12.066667,20.709333,0.000000,3.615754
249,37.166667,11.966667,20.765333,0.000000,3.591484
250,37.166667,12.000000,20.753667,0.000000,3.655314
251,37.166667,12.033333,20.705000,0.000000,3.568648
252,37.166667,12.066667,20.686833,0.000000,3.667982
253,37.166667,12.133333,20.666333,0.000000,3.592964
254,37.166667,12.166667,20.692000,0.000000,3.543205
255,37.166667,12.200000,20.731333,0.000000,3.612616
256,37.166667,12.100000,20.809667,0.000000,3.605487
257,37.166667,12.033333,20.741667,0.000000,3.664715
258,37.166667,12.066667,20.722667,0.000000,3.614481
259,37.166667,12.033333,20.770167,0.000000,3.582282
260,37.166667,11.900000,20.719000,0.000000,3.622311
261,37.166667,12.133333,20.759667,0.000000,3.565872
262,37.166667,12.200000,20.689667,0.000000,3.553830
263,37.166667,11.933333,20.750667,0.000000,3.657234
264,37.166667,12.166667,20.730667,0.000000,3.577290
265,37.166667,11.633333,20.713833,0.000000,3.588055
266,37.166667,11.900000,20.812833,0.000000,3.651489
267,37.166667,11.933333,20.755000,0.000000,3.555854
268,37.233333,12.033333,20.657000,0.000000,3.644370
269,37.266667,12.000000,20.668833,0.000000,3.592311
270,37.300000,12.233333,20.727167,0.000000,3.621646
271,37.300000,11.833333,20.654333,0.000000,3.566693
272,37.300000,11.833333,20.703500,0.000000,3.651389
273,37.300000,12.266667,20.698500,0.000000,3.619046
274,37.300000,12.100000,20.750000,0.000000,3.603731
275,37.300000,12.166667,20.722333,0.000000,3.570032
276,37.300000,11.633333,20.710833,0.000000,3.615265
277,37.300000,12.033333,20.750333,0.000000,3.585313
278,37.300000,12.166667,20.780667,0.000000,3.642201
279,37.300000,11.800000,20.648167,0.000000,3.591250
280,37.300000,12.166667,20.720167,0.000000,3.584856
281,37.300000,11.666667,20.761333,0.000000,3.592061
282,37.300000,12.133333,20.844833,0.000000,3.605492
283,37.300000,12.033333,20.740000,0.000000,3.599415
284,37.300000,12.066667,20.693167,0.000000,3.611336
285,37.300000,12.066667,20.709833,0.000000,3.560946
286,37.300000,11.766667,20.707167,0.000000,3.628318
287,37.300000,12.000000,20.737667,0.000000,3.549687
288,37.300000,12.100000,20.768000,0.000000,3.618437
289,37.300000,12.033333,20.765500,0.000000,3.640407
290,37.300000,12.133333,20.720667,0.000000,3.574294
291,37.300000,12.300000,20.711833,0.000000,3.606141
292,37.300000,12.066667,20.789167,0.000000,3.656942
293,37.300000,11.833333,20.648167,0.000000,3.541295
294,37.300000,11.900000,20.646500,0.000000,3.595466
295,37.300000,11.933333,20.755667,0.000000,3.654731
296,37.300000,11.966667,20.725667,0.000000,3.663068
297,37.300000,12.266667,20.673000,0.000000,3.616902
298,37.300000,12.100000,20.658500,0.000000,3.655570
299,37.300000,11.933333,20.734667,0.000000,3.615772
300,37.300000,11.933333,20.693333,0.000000,3.614741
301,37.300000,11.766667,20.813167,0.000000,3.604258
302,37.300000,12.233333,20.749667,0.000000,3.640855
303,37.300000,12.066667,20.777000,0.000000,3.632661
304,37.300000,11.666667,20.694167,0.000000,3.652666
305,37.300000,12.333333,20.741500,0.000000,3.584056
306,37.300000,12.100000,20.718833,0.000000,3.571841
307,37.300000,11.766667,20.683833,0.000000,3.560510
308,37.333333,11.900000,20.776833,0.000000,3.561726
309,37.333333,12.000000,20.675500,0.000000,3.609564
310,37.333333,11.500000,20.685167,0.000000,3.606752
311,37.333333,11.900000,20.711333,0.000000,3.620741
312,37.333333,12.000000,20.809000,0.000000,3.615674
313,37.333333,12.066667,20.693167,0.000000,3.583563
314,37.333333,12.066667,20.775167,0.000000,3.587519
315,37.333333,11.833333,20.711667,0.000000,3.619196
316,37.333333,11.833333,20.641167,0.000000,3.657662
317,37.333333,12.066667,20.693833,0.000000,3.598832
318,37.333333,12.266667,20.683500,0.000000,3.534629
319,37.366667,11.966667,20.735500,0.000000,3.596141
320,37.366667,12.200000,20.793167,0.000000,3.583870
321,37.366667,12.333333,20.736333,0.000000,3.632744
322,37.366667,11.666667,20.691667,0.000000,3.638677
323,37.366667,11.833333,20.770833,0.000000,3.601706
324,37.366667,12.066667,20.638333,0.000000,3.643984
325,37.366667,12.266667,20.775000,0.000000,3.627817
326,37.366667,12.100000,20.727333,0.000000,3.602980
327,37.366667,11.800000,20.670500,0.000000,3.601173
328,37.366667,11.866667,20.769167,0.000000,3.599845
329,37.366667,12.233333,20.728833,0.000000,3.584703
330,37.366667,12.000000,20.778500,0.000000,3.651868
331,37.366667,12.366667,20.800333,0.000000,3.622530
332,37.366667,12.033333,20.703667,0.000000,3.611520
333,37.366667,11.833333,20.804667,0.000000,3.643539
334,37.366667,12.066667,20.782167,0.000000,3.666704
335,37.366667,12.433333,20.687000,0.000000,3.557268
336,37.366667,12.033333,20.705333,0.000000,3.627338
337,37.366667,11.700000,20.714833,0.000000,3.656764
338,37.366667,12.333333,20.735000,0.000000,3.656312
339,37.366667,12.300000,20.727500,0.000000,3.630986
340,37.366667,12.166667,20.776833,0.000000,3.588510
341,37.366667,11.666667,20.752333,0.000000,3.578660
342,37.366667,12.066667,20.747000,0.000000,3.622282
343,37.366667,11.900000,20.798500,0.000000,3.651426
344,37.366667,11.833333,20.678333,0.000000,3.602162
345,37.366667,11.600000,20.587833,0.000000,3.678437
346,37.366667,11.600000,20.737167,0.000000,3.615332
347,37.366667,12.600000,20.765000,0.000000,3.565253
348,37.400000,11.933333,20.701000,0.000000,3.635381
349,37.400000,12.000000,20.736500,0.000000,3.610165
350,37.400000,11.966667,20.629500,0.000000,3.630845
351,37.400000,12.000000,20.703333,0.000000,3.574872
352,37.400000,11.866667,20.789833,0.000000,3.618218
353,37.400000,11.966667,20.781000,0.000000,3.628963
354,37.400000,11.933333,20.816000,0.000000,3.606264
355,37.400000,12.066667,20.736833,0.000000,3.563228
356,37.400000,11.966667,20.724500,0.000000,3.543602
357,37.400000,11.566667,20.728833,0.000000,3.623088
358,37.400000,11.900000,20.691667,0.000000,3.554766
359,37.400000,12.100000,20.733000,0.000000,3.608907
360,37.400000,12.066667,20.760000,0.000000,3.624774
361,37.400000,11.833333,20.722167,0.000000,3.604604
362,37.400000,12.033333,20.774333,0.000000,3.640223
363,37.400000,12.033333,20.703833,0.000000,3.598301
364,37.400000,12.166667,20.799667,0.000000,3.661792
365,37.400000,11.933333,20.686333,0.000000,3.645173
366,37.400000,12.100000,20.780167,0.000000,3.617924
367,37.400000,12.100000,20.622833,0.000000,3.547784
368,37.400000,12.033333,20.711500,0.000000,3.584329
369,37.400000,11.800000,20.644500,0.000000,3.605090
370,37.400000,12.300000,20.764833,0.000000,3.587108
371,37.400000,12.233333,20.735333,0.000000,3.600819
372,37.400000,11.866667,20.798167,0.000000,3.622576
373,37.400000,12.166667,20.772167,0.000000,3.580537
374,37.400000,12.233333,20.790500,0.000000,3.588123
375,37.400000,11.733333,20.736000,0.000000,3.667195
376,37.400000,11.833333,20.712000,0.000000,3.616884
377,37.400000,12.000000,20.776667,0.000000,3.587095
378,37.400000,11.833333,20.734667,0.000000,3.619297
379,37.400000,12.166667,20.678333,0.000000,3.562516
380,37.400000,12.033333,20.667000,0.000000,3.580992
381,37.400000,12.000000,20.763333,0.000000,3.628511
382,37.400000,12.000000,20.718333,0.000000,3.641119
383,37.400000,11.766667,20.779667,0.000000,3.589793
384,37.433333,11.866667,20.699667,0.000000,3.653819
385,37.433333,11.833333,20.697333,0.000000,3.618366
386,37.433333,12.066667,20.780167,0.000000,3.609424
387,37.466667,11.700000,20.725667,0.000000,3.635102
388,37.466667,12.200000,20.706000,0.000000,3.646148
389,37.466667,11.866667,20.720833,0.000000,3.638496
390,37.466667,12.166667,20.746000,0.000000,3.595995
391,37.466667,11.866667,20.767500,0.000000,3.596393
392,37.466667,12.166667,20.775667,0.000000,3.590028
393,37.466667,11.733333,20.663167,0.000000,3.581570
394,37.466667,11.833333,20.757667,0.000000,3.591798
395,37.533333,11.633333,20.693000,0.000000,3.661316
396,37.533333,11.866667,20.743333,0.000000,3.661348
397,37.533333,11.933333,20.671333,0.000000,3.610163
398,37.533333,11.800000,20.663167,0.000000,3.619174
399,37.533333,11.900000,20.734333,0.000000,3.577641
400,37.533333,11.900000,20.661167,0.000000,3.606926
401,37.533333,12.133333,20.683667,0.000000,3.600052
402,37.566667,12.033333,20.752667,0.000000,3.639722
403,37.566667,12.100000,20.749333,0.000000,3.578678
404,37.566667,11.966667,20.774667,0.000000,3.613671
405,37.566667,11.766667,20.685333,0.000000,3.601501
406,37.566667,12.133333,20.745000,0.000000,3.657434
407,37.566667,11.900000,20.727333,0.000000,3.654890
408,37.566667,12.100000,20.734167,0.000000,3.597921
409,37.566667,12.166667,20.710000,0.000000,3.617802
410,37.566667,12.233333,20.748833,0.000000,3.563763
411,37.566667,12.100000,20.721667,0.000000,3.597222
412,37.566667,12.300000,20.744833,0.000000,3.585993
413,37.566667,11.566667,20.756000,0.000000,3.592599
414,37.566667,12.100000,20.686333,0.000000,3.627843
415,37.600000,12.033333,20.712667,0.000000,3.611764
416,37.600000,11.733333,20.685500,0.000000,3.633081
417,37.600000,11.933333,20.730000,0.000000,3.614654
418,37.600000,12.100000,20.724833,0.000000,3.567517
419,37.600000,12.166667,20.818333,0.000000,3.630920
420,37.600000,11.900000,20.797167,0.000000,3.632625
421,37.600000,11.933333,20.702167,0.000000,3.601888
422,37.600000,12.033333,20.802167,0.000000,3.595352
423,37.600000,11.900000,20.761000,0.000000,3.663088
424,37.600000,11.800000,20.590500,0.000000,3.635949
425,37.600000,12.333333,20.755500,0.000000,3.575986
426,37.600000,12.000000,20.677667,0.000000,3.564061
427,37.600000,11.966667,20.748167,0.000000,3.542345
428,37.600000,12.266667,20.747667,0.000000,3.575597
429,37.600000,11.966667,20.723333,0.000000,3.574985
430,37.600000,12.300000,20.746167,0.000000,3.633093
431,37.600000,12.100000,20.779500,0.000000,3.590594
432,37.600000,12.533333,20.793333,0.000000,3.642448
433,37.600000,11.566667,20.724000,0.000000,3.631631
434,37.600000,12.066667,20.714500,0.000000,3.653970
435,37.600000,11.966667,20.736833,0.000000,3.606183
436,37.600000,11.966667,20.692000,0.000000,3.530185
437,37.600000,11.866667,20.801833,0.000000,3.561937
438,37.600000,11.733333,20.750000,0.000000,3.609249
439,37.600000,12.033333,20.766333,0.000000,3.577648
440,37.600000,12.033333,20.680667,0.000000,3.614440
441,37.600000,12.033333,20.779167,0.000000,3.625314
442,37.600000,12.166667,20.718000,0.000000,3.620745
443,37.600000,12.033333,20.777667,0.000000,3.622984
444,37.600000,12.000000,20.789833,0.000000,3.664929
445,37.600000,11.933333,20.716000,0.000000,3.620704
446,37.600000,12.033333,20.664333,0.000000,3.632544
447,37.600000,12.266667,20.768167,0.000000,3.685549
448,37.600000,11.800000,20.808500,0.000000,3.635444
449,37.600000,12.266667,20.792500,0.000000,3.639004
450,37.600000,11.600000,20.732000,0.000000,3.658915
451,37.600000,12.100000,20.688167,0.000000,3.569352
452,37.600000,11.933333,20.701667,0.000000,3.576711
453,37.600000,12.033333,20.693500,0.000000,3.580983
454,37.600000,11.933333,20.659333,0.000000,3.632169
455,37.600000,12.500000,20.710000,0.000000,3.550018
456,37.600000,11.666667,20.678833,0.000000,3.589035
457,37.600000,11.766667,20.630167,0.000000,3.648775
458,37.600000,11.866667,20.796667,0.000000,3.560099
459,37.600000,12.066667,20.732667,0.000000,3.628048
460,37.600000,12.366667,20.772500,0.000000,3.586147
461,37.600000,11.866667,20.755500,0.000000,3.658707
462,37.600000,12.100000,20.770667,0.000000,3.607330
463,37.600000,11.900000,20.773500,0.000000,3.623710
464,37.600000,12.233333,20.685000,0.000000,3.637158
465,37.600000,12.233333,20.737500,0.000000,3.511161
466,37.600000,11.566667,20.781833,0.000000,3.599267
467,37.600000,11.866667,20.664167,0.000000,3.614063
468,37.600000,12.000000,20.739667,0.000000,3.634271
469,37.600000,12.066667,20.753167,0.000000,3.628623
470,37.600000,12.233333,20.681833,0.000000,3.584641
471,37.600000,11.733333,20.700667,0.000000,3.603289
472,37.600000,11.900000,20.669500,0.000000,3.599525
473,37.600000,12.066667,20.697333,0.000000,3.598500
474,37.600000,12.033333,20.668167,0.000000,3.591691
475,37.600000,11.800000,20.707667,0.000000,3.616546
476,37.600000,11.933333,20.740500,0.000000,3.639772
477,37.600000,11.833333,20.729167,0.000000,3.582811
478,37.600000,12.000000,20.729167,0.000000,3.597349
479,37.600000,11.733333,20.641667,0.000000,3.580042
480,37.600000,12.000000,20.823833,0.000000,3.647514
481,37.600000,12.100000,20.765000,0.000000,3.651922
482,37.600000,11.933333,20.738833,0.000000,3.630130
483,37.600000,11.933333,20.776667,0.000000,3.607668
484,37.600000,11.866667,20.662500,0.000000,3.601140
485,37.600000,11.900000,20.690833,0.000000,3.636638
486,37.600000,11.966667,20.781667,0.000000,3.614888
487,37.600000,11.900000,20.743833,0.000000,3.600531
488,37.600000,12.200000,20.814333,0.000000,3.634166
489,37.600000,12.433333,20.757667,0.000000,3.556304
490,37.600000,12.066667,20.722667,0.000000,3.590273
491,37.600000,12.033333,20.787167,0.000000,3.626352
492,37.600000,11.966667,20.720167,0.000000,3.585768
493,37.600000,12.100000,20.810167,0.000000,3.594821
494,37.600000,12.033333,20.711500,0.000000,3.593434
495,37.600000,12.200000,20.740167,0.000000,3.580674
496,37.600000,12.266667,20.855333,0.000000,3.610502
497,37.600000,12.066667,20.679167,0.000000,3.641305
498,37.600000,12.166667,20.787667,0.000000,3.679378
499,37.600000,12.000000,20.754000,0.000000,3.599679
500,37.600000,12.066667,20.736000,0.000000,3.597421
BestSdev: 0.798756, Time: 1h58m4.095427007s