gen,best,worst,mean,rep,sdev
1,28.300000,14.100000,20.666667,0.000000,3.604055
2,29.066667,14.700000,20.836667,0.000000,3.327706
3,29.666667,14.633333,20.650000,0.000000,3.361685
4,30.066667,14.566667,20.780000,0.000000,3.620976
5,30.600000,14.400000,20.756667,0.000000,3.532051
6,30.700000,14.866667,20.610000,0.000000,3.299699
7,30.800000,14.166667,20.748333,0.000000,3.641776
8,30.933333,14.600000,20.908333,0.000000,3.483947
9,31.333333,14.733333,20.875000,0.000000,3.472649
10,31.366667,14.133333,20.553333,0.000000,3.361930
11,31.733333,14.500000,20.568333,0.000000,3.596039
12,31.733333,13.833333,20.808333,0.000000,3.455915
13,31.733333,14.500000,20.821667,0.000000,3.388911
14,31.800000,14.233333,20.680000,0.000000,3.651275
15,31.833333,14.466667,20.701667,0.000000,3.548202
16,31.933333,14.466667,20.888333,0.000000,3.542930
17,31.933333,14.366667,20.620000,0.000000,3.434797
18,32.033333,14.633333,20.740000,0.000000,3.491570
19,32.200000,14.366667,20.613333,0.000000,3.511525
20,32.266667,14.366667,20.500000,0.000000,3.425276
21,32.300000,14.900000,20.711667,0.000000,3.319178
22,32.366667,14.533333,20.796667,0.000000,3.526052
23,32.400000,14.566667,20.615000,0.000000,3.398596
24,32.466667,14.566667,20.841667,0.000000,3.495078
25,32.500000,14.466667,20.975000,0.000000,3.587345
26,32.500000,14.300000,20.881667,0.000000,3.624145
27,32.566667,14.733333,20.626667,0.000000,3.459237
28,32.566667,14.366667,20.658333,0.000000,3.473365
29,32.600000,14.366667,20.586667,0.000000,3.325864
30,32.633333,14.400000,20.868333,0.000000,3.507849
31,32.633333,14.033333,20.578333,0.000000,3.527301
32,32.633333,14.400000,20.885000,0.000000,3.450922
33,32.633333,14.500000,20.801667,0.000000,3.502017
34,32.666667,14.433333,20.690000,0.000000,3.493261
35,32.700000,14.733333,20.911667,0.000000,3.486653
36,32.700000,14.200000,20.508333,0.000000,3.377725
37,32.733333,14.300000,20.803333,0.000000,3.509137
38,32.733333,14.733333,20.755000,0.000000,3.432975
39,32.766667,14.433333,20.585000,0.000000,3.486277
40,32.766667,14.300000,20.820000,0.000000,3.426254
41,32.800000,14.800000,21.085000,0.000000,3.441760
42,32.800000,14.633333,20.518333,0.000000,3.374864
43,32.800000,14.500000,20.710000,0.000000,3.500680
44,32.800000,14.233333,20.783333,0.000000,3.592039
45,32.833333,14.400000,20.906667,0.000000,3.561459
46,32.833333,14.300000,20.691667,0.000000,3.625178
47,32.833333,14.200000,20.536667,0.000000,3.465863
48,32.866667,14.500000,21.025000,0.000000,3.646445
49,32.933333,14.166667,20.831667,0.000000,3.548884
50,32.933333,14.300000,20.775000,0.000000,3.419110
51,32.966667,14.766667,20.848333,0.000000,3.525629
52,33.000000,15.066667,20.760000,0.000000,3.336534
53,33.066667,14.233333,20.641667,0.000000,3.548748
54,33.166667,14.866667,20.928333,0.000000,3.465731
55,33.166667,14.333333,20.695000,0.000000,3.513055
56,33.200000,14.900000,20.838333,0.000000,3.576834
57,33.200000,14.233333,20.620000,0.000000,3.382002
58,33.200000,14.866667,20.526667,0.000000,3.436381
59,33.200000,14.300000,20.655000,0.000000,3.502221
60,33.233333,14.366667,20.735000,0.000000,3.498481
61,33.233333,13.933333,20.671667,0.000000,3.583506
62,33.233333,14.700000,20.536667,0.000000,3.297440
63,33.266667,14.400000,20.751667,0.000000,3.531154
64,33.400000,14.866667,20.893333,0.000000,3.437882
65,33.433333,14.566667,20.558333,0.000000,3.430194
66,33.433333,14.600000,20.636667,0.000000,3.440589
67,33.433333,14.533333,20.901667,0.000000,3.606252
68,33.500000,14.300000,20.768333,0.000000,3.570795
69,33.500000,14.666667,20.535000,0.000000,3.389894
70,33.533333,14.633333,20.801667,0.000000,3.616351
71,33.533333,14.800000,20.615000,0.000000,3.234647
72,33.533333,14.233333,20.693333,0.000000,3.563607
73,33.533333,13.900000,20.738333,0.000000,3.689583
74,33.533333,14.433333,20.526667,0.000000,3.338134
75,33.533333,14.866667,20.785000,0.000000,3.600499
76,33.566667,14.300000,20.400000,0.000000,3.442381
77,33.566667,14.900000,21.041667,0.000000,3.437623
78,33.566667,14.766667,20.906667,0.000000,3.478468
79,33.700000,14.533333,20.558333,0.000000,3.489616
80,33.733333,14.266667,20.681667,0.000000,3.627721
81,33.733333,14.833333,20.745000,0.000000,3.476256
82,33.733333,13.966667,20.870000,0.000000,3.636736
83,33.866667,14.300000,20.326667,0.000000,3.368188
84,33.966667,14.733333,20.888333,0.000000,3.516227
85,33.966667,14.100000,20.645000,0.000000,3.408973
86,34.033333,14.600000,20.728333,0.000000,3.469969
87,34.033333,14.566667,20.611667,0.000000,3.281155
88,34.033333,14.266667,20.601667,0.000000,3.533928
89,34.033333,14.500000,20.640000,0.000000,3.416584
90,34.033333,14.733333,20.510000,0.000000,3.214166
91,34.166667,14.400000,21.021667,0.000000,3.649047
92,34.166667,14.833333,20.708333,0.000000,3.366292
93,34.166667,14.466667,20.883333,0.000000,3.495176
94,34.166667,14.500000,20.938333,0.000000,3.505165
95,34.166667,14.466667,20.831667,0.000000,3.501878
96,34.166667,14.533333,20.608333,0.000000,3.544009
97,34.166667,14.666667,20.853333,0.000000,3.604902
98,34.166667,14.400000,21.056667,0.000000,3.642581
99,34.266667,14.533333,20.916667,0.000000,3.575805
100,34.266667,14.833333,20.855000,0.000000,3.521798
101,34.266667,14.166667,20.636667,0.000000,3.433122
102,34.266667,14.733333,20.401667,0.000000,3.436473
103,34.266667,14.533333,20.830000,0.000000,3.605777
104,34.266667,14.366667,20.586667,0.000000,3.618927
105,34.266667,14.433333,20.830000,0.000000,3.522433
106,34.266667,14.533333,20.883333,0.000000,3.441409
107,34.266667,14.733333,20.671667,0.000000,3.494907
108,34.266667,13.933333,20.455000,0.000000,3.498304
109,34.266667,14.300000,20.535000,0.000000,3.450201
110,34.266667,14.133333,20.618333,0.000000,3.556875
111,34.266667,14.633333,20.868333,0.000000,3.359873
112,34.300000,14.466667,20.538333,0.000000,3.505826
113,34.333333,14.833333,20.830000,0.000000,3.477637
114,34.333333,14.333333,20.668333,0.000000,3.504822
115,34.333333,14.566667,20.661667,0.000000,3.421770
116,34.400000,14.533333,20.711667,0.000000,3.400276
117,34.400000,14.433333,20.741667,0.000000,3.557448
118,34.400000,14.266667,20.680000,0.000000,3.447468
119,34.400000,14.100000,20.796667,0.000000,3.592016
120,34.400000,14.166667,20.666667,0.000000,3.476094
121,34.466667,14.633333,20.356667,0.000000,3.362215
122,34.466667,14.400000,20.760000,0.000000,3.436456
123,34.466667,14.566667,20.915000,0.000000,3.499797
124,34.466667,15.066667,20.823333,0.000000,3.330439
125,34.466667,14.800000,20.833333,0.000000,3.486745
126,34.466667,14.500000,20.835000,0.000000,3.370201
127,34.466667,14.900000,20.880000,0.000000,3.328617
128,34.466667,14.266667,20.618333,0.000000,3.474191
129,34.466667,14.033333,20.578333,0.000000,3.491946
130,34.466667,14.366667,20.540000,0.000000,3.510657
131,34.466667,14.133333,20.458333,0.000000,3.547643
132,34.466667,14.166667,20.556667,0.000000,3.544584
133,34.466667,14.733333,20.703333,0.000000,3.307643
134,34.466667,14.500000,20.931667,0.000000,3.659997
135,34.466667,14.733333,20.896667,0.000000,3.485978
136,34.466667,14.300000,20.751667,0.000000,3.668277
137,34.533333,14.566667,20.941667,0.000000,3.590651
138,34.533333,14.466667,20.701667,0.000000,3.401273
139,34.533333,14.700000,20.711667,0.000000,3.511651
140,34.533333,15.066667,20.468333,0.000000,3.148163
141,34.533333,14.433333,20.763333,0.000000,3.481173
142,34.533333,14.733333,20.991667,0.000000,3.425038
143,34.533333,14.500000,20.808333,0.000000,3.535969
144,34.533333,14.466667,21.028333,0.000000,3.641833
145,34.533333,14.533333,20.580000,0.000000,3.346701
146,34.533333,14.666667,20.871667,0.000000,3.518040
147,34.533333,14.466667,20.730000,0.000000,3.480717
148,34.666667,14.133333,20.528333,0.000000,3.458157
149,34.666667,14.066667,20.555000,0.000000,3.513789
150,34.666667,14.666667,20.711667,0.000000,3.424731
151,34.666667,14.500000,20.785000,0.000000,3.375810
152,34.666667,15.266667,20.915000,0.000000,3.404087
153,34.700000,14.733333,20.928333,0.000000,3.439991
154,34.700000,14.500000,20.640000,0.000000,3.411820
155,34.700000,14.400000,20.851667,0.000000,3.543670
156,34.700000,14.300000,20.555000,0.000000,3.380480
157,34.700000,15.000000,20.745000,0.000000,3.446741
158,34.700000,14.833333,20.673333,0.000000,3.586396
159,34.800000,14.233333,20.701667,0.000000,3.634100
160,34.800000,14.200000,20.515000,0.000000,3.549039
161,34.800000,14.066667,20.493333,0.000000,3.547491
162,34.800000,14.766667,20.766667,0.000000,3.385326
163,34.800000,14.133333,20.421667,0.000000,3.501147
164,34.800000,14.733333,20.726667,0.000000,3.428844
165,34.800000,14.400000,20.541667,0.000000,3.447876
166,34.800000,14.600000,20.633333,0.000000,3.379593
167,34.800000,14.400000,20.658333,0.000000,3.419088
168,34.800000,14.200000,20.600000,0.000000,3.548732
169,34.800000,14.466667,20.703333,0.000000,3.557251
170,34.800000,14.033333,20.518333,0.000000,3.423348
171,34.800000,14.300000,20.580000,0.000000,3.435883
172,34.800000,13.900000,20.485000,0.000000,3.392510
173,34.800000,14.933333,20.651667,0.000000,3.478870
174,34.800000,14.500000,20.733333,0.000000,3.496519
175,34.800000,14.400000,20.381667,0.000000,3.318783
176,34.800000,14.800000,20.521667,0.000000,3.387464
177,34.800000,14.300000,20.930000,0.000000,3.663739
178,34.800000,14.466667,20.818333,0.000000,3.354584
179,34.800000,14.566667,20.850000,0.000000,3.466013
180,34.800000,14.000000,20.826667,0.000000,3.651578
181,34.800000,14.900000,20.938333,0.000000,3.394488
182,34.800000,14.533333,20.945000,0.000000,3.463508
183,34.800000,14.200000,20.563333,0.000000,3.453083
184,34.800000,14.433333,20.976667,0.000000,3.495735
185,34.800000,14.800000,20.743333,0.000000,3.374941
186,34.800000,14.433333,20.658333,0.000000,3.405472
187,34.800000,14.800000,20.896667,0.000000,3.446679
188,34.833333,14.200000,20.618333,0.000000,3.567688
189,34.833333,14.200000,20.655000,0.000000,3.570379
190,34.900000,14.800000,20.771667,0.000000,3.567149
191,34.900000,14.233333,20.723333,0.000000,3.596035
192,34.900000,14.533333,20.741667,0.000000,3.406352
193,34.900000,14.433333,20.628333,0.000000,3.391300
194,34.900000,14.466667,20.696667,0.000000,3.410517
195,34.900000,14.300000,20.848333,0.000000,3.640403
196,34.900000,14.066667,20.631667,0.000000,3.492107
197,34.900000,14.400000,20.780000,0.000000,3.384316
198,34.900000,14.533333,20.863333,0.000000,3.520220
199,34.900000,14.633333,20.850000,0.000000,3.453039
200,34.900000,14.466667,20.706667,0.000000,3.402004
201,34.900000,15.066667,20.881667,0.000000,3.227793
202,34.900000,14.300000,20.765000,0.000000,3.523564
203,34.900000,14.466667,20.748333,0.000000,3.569658
204,34.900000,14.466667,20.730000,0.000000,3.518484
205,34.900000,14.833333,20.593333,0.000000,3.531031
206,34.900000,14.100000,20.905000,0.000000,3.670195
207,34.900000,15.066667,20.841667,0.000000,3.216733
208,34.900000,14.500000,20.590000,0.000000,3.339859
209,34.900000,14.166667,20.678333,0.000000,3.510286
210,34.900000,14.933333,20.618333,0.000000,3.308495
211,34.900000,14.866667,20.773333,0.000000,3.355731
212,34.900000,14.333333,20.638333,0.000000,3.460720
213,34.900000,14.500000,20.650000,0.000000,3.483295
214,34.900000,14.033333,20.790000,0.000000,3.507298
215,34.900000,14.366667,20.730000,0.000000,3.426702
216,34.900000,14.300000,20.648333,0.000000,3.539937
217,34.900000,14.200000,20.631667,0.000000,3.530636
218,35.000000,14.833333,21.073333,0.000000,3.446723
219,35.000000,14.433333,20.755000,0.000000,3.678157
220,35.000000,14.500000,20.671667,0.000000,3.445436
221,35.000000,14.866667,21.098333,0.000000,3.603026
222,35.000000,14.566667,20.490000,0.000000,3.518360
223,35.000000,14.200000,20.401667,0.000000,3.311228
224,35.000000,14.033333,20.640000,0.000000,3.576662
225,35.000000,14.733333,20.728333,0.000000,3.067933
226,35.000000,14.366667,20.731667,0.000000,3.395145
227,35.000000,14.466667,20.710000,0.000000,3.554009
228,35.000000,14.600000,20.595000,0.000000,3.461708
229,35.000000,14.566667,20.680000,0.000000,3.555675
230,35.000000,14.700000,20.896667,0.000000,3.511336
231,35.000000,14.166667,20.683333,0.000000,3.641282
232,35.000000,14.666667,20.806667,0.000000,3.544732
233,35.000000,14.933333,20.641667,0.000000,3.378328
234,35.000000,14.400000,20.755000,0.000000,3.627949
235,35.000000,14.400000,20.570000,0.000000,3.528302
236,35.000000,14.500000,20.585000,0.000000,3.532687
237,35.033333,14.633333,20.866667,0.000000,3.658408
238,35.100000,14.466667,20.765000,0.000000,3.569874
239,35.100000,13.900000,20.555000,0.000000,3.561836
240,35.100000,14.366667,20.688333,0.000000,3.413495
241,35.100000,14.933333,20.738333,0.000000,3.252019
242,35.100000,14.733333,20.930000,0.000000,3.555347
243,35.100000,14.366667,20.831667,0.000000,3.623871
244,35.100000,14.300000,20.743333,0.000000,3.464234
245,35.133333,14.066667,20.523333,0.000000,3.520290
246,35.133333,14.133333,20.558333,0.000000,3.523088
247,35.133333,14.333333,20.753333,0.000000,3.499866
248,35.166667,14.333333,20.835000,0.000000,3.559096
249,35.166667,13.800000,20.548333,0.000000,3.666833
250,35.166667,14.300000,20.700000,0.000000,3.690788
251,35.166667,14.566667,20.741667,0.000000,3.503553
252,35.166667,15.300000,20.938333,0.000000,3.328287
253,35.166667,14.466667,20.968333,0.000000,3.571583
254,35.166667,14.600000,20.878333,0.000000,3.445311
255,35.166667,14.133333,20.700000,0.000000,3.440520
256,35.233333,14.366667,20.685000,0.000000,3.622017
257,35.233333,14.400000,20.631667,0.000000,3.371711
258,35.233333,14.500000,20.675000,0.000000,3.503237
259,35.233333,14.433333,20.698333,0.000000,3.463497
260,35.233333,14.166667,20.566667,0.000000,3.443057
261,35.233333,14.333333,20.705000,0.000000,3.631804
262,35.233333,14.266667,20.765000,0.000000,3.714202
263,35.233333,15.033333,20.865000,0.000000,3.213368
264,35.233333,14.300000,20.830000,0.000000,3.602198
265,35.233333,14.866667,20.866667,0.000000,3.623371
266,35.233333,14.500000,20.688333,0.000000,3.498709
267,35.233333,14.533333,20.795000,0.000000,3.506443
268,35.233333,14.466667,20.808333,0.000000,3.478327
269,35.233333,14.166667,20.690000,0.000000,3.435850
270,35.233333,13.900000,20.531667,0.000000,3.658111
271,35.233333,14.433333,20.720000,0.000000,3.580540
272,35.233333,14.566667,20.605000,0.000000,3.433220
273,35.233333,15.000000,20.763333,0.000000,3.309382
274,35.233333,14.200000,20.725000,0.000000,3.492752
275,35.233333,14.533333,20.746667,0.000000,3.477709
276,35.233333,13.933333,20.716667,0.000000,3.515996
277,35.233333,13.900000,20.628333,0.000000,3.668204
278,35.333333,14.700000,20.691667,0.000000,3.365424
279,35.333333,14.700000,20.803333,0.000000,3.410246
280,35.333333,14.433333,20.975000,0.000000,3.436324
281,35.333333,14.466667,20.620000,0.000000,3.535226
282,35.333333,14.266667,20.783333,0.000000,3.683385
283,35.333333,14.266667,20.836667,0.000000,3.509019
284,35.333333,14.800000,20.708333,0.000000,3.420145
285,35.333333,14.366667,20.523333,0.000000,3.381161
286,35.333333,14.566667,20.643333,0.000000,3.443585
287,35.333333,14.466667,20.795000,0.000000,3.385117
288,35.333333,14.500000,21.000000,0.000000,3.756097
289,35.333333,14.133333,20.905000,0.000000,3.602264
290,35.333333,15.233333,20.778333,0.000000,3.161583
291,35.366667,15.133333,20.640000,0.000000,3.257382
292,35.366667,14.666667,20.845000,0.000000,3.531024
293,35.366667,14.900000,20.788333,0.000000,3.387304
294,35.366667,14.766667,20.978333,0.000000,3.479286
295,35.366667,14.000000,20.670000,0.000000,3.634432
296,35.366667,15.233333,20.970000,0.000000,3.324858
297,35.366667,14.700000,20.778333,0.000000,3.528354
298,35.400000,14.933333,21.155000,0.000000,3.548354
299,35.400000,14.433333,20.668333,0.000000,3.502675
300,35.400000,14.466667,21.110000,0.000000,3.523108
301,35.400000,14.266667,20.711667,0.000000,3.371270
302,35.400000,14.566667,20.738333,0.000000,3.443064
303,35.400000,14.500000,20.665000,0.000000,3.488328
304,35.400000,14.466667,20.791667,0.000000,3.471974
305,35.400000,14.366667,20.636667,0.000000,3.501122
306,35.400000,14.166667,20.811667,0.000000,3.520077
307,35.400000,14.600000,20.583333,0.000000,3.474556
308,35.400000,14.366667,20.666667,0.000000,3.519095
309,35.400000,14.566667,20.740000,0.000000,3.481195
310,35.400000,14.333333,20.780000,0.000000,3.554664
311,35.400000,14.666667,20.833333,0.000000,3.342445
312,35.400000,13.966667,20.515000,0.000000,3.484880
313,35.400000,14.033333,20.571667,0.000000,3.483767
314,35.400000,14.666667,20.768333,0.000000,3.350403
315,35.400000,14.700000,20.603333,0.000000,3.362426
316,35.400000,14.500000,20.513333,0.000000,3.430308
317,35.400000,14.566667,20.793333,0.000000,3.463750
318,35.400000,14.500000,20.798333,0.000000,3.520584
319,35.400000,14.766667,20.961667,0.000000,3.506375
320,35.400000,14.133333,20.693333,0.000000,3.605569
321,35.400000,14.500000,20.515000,0.000000,3.494288
322,35.400000,14.600000,20.593333,0.000000,3.495832
323,35.400000,14.500000,20.663333,0.000000,3.426528
324,35.400000,14.633333,20.478333,0.000000,3.241121
325,35.400000,14.666667,20.586667,0.000000,3.430501
326,35.400000,14.400000,20.815000,0.000000,3.473984
327,35.400000,14.666667,20.653333,0.000000,3.413229
328,35.400000,13.966667,20.520000,0.000000,3.483834
329,35.400000,14.466667,20.801667,0.000000,3.514045
330,35.400000,14.833333,20.766667,0.000000,3.620097
331,35.400000,14.433333,20.671667,0.000000,3.630548
332,35.400000,14.300000,20.978333,0.000000,3.459801
333,35.400000,14.833333,20.728333,0.000000,3.409438
334,35.400000,14.666667,20.993333,0.000000,3.458249
335,35.400000,14.433333,20.658333,0.000000,3.384774
336,35.400000,15.000000,20.865000,0.000000,3.492892
337,35.400000,14.133333,20.535000,0.000000,3.455084
338,35.400000,14.333333,20.688333,0.000000,3.506146
339,35.433333,14.333333,20.858333,0.000000,3.562195
340,35.433333,14.600000,21.123333,0.000000,3.618339
341,35.433333,14.366667,20.961667,0.000000,3.683752
342,35.433333,14.400000,20.620000,0.000000,3.441585
343,35.433333,13.833333,20.391667,0.000000,3.615607
344,35.433333,14.433333,20.895000,0.000000,3.559642
345,35.433333,14.133333,20.746667,0.000000,3.346347
346,35.433333,15.300000,21.093333,0.000000,3.414863
347,35.433333,14.566667,20.755000,0.000000,3.471941
348,35.433333,14.433333,20.851667,0.000000,3.584250
349,35.433333,14.433333,20.556667,0.000000,3.421258
350,35.433333,14.433333,20.501667,0.000000,3.403207
351,35.433333,14.166667,20.551667,0.000000,3.528303
352,35.466667,14.400000,20.835000,0.000000,3.513171
353,35.466667,14.333333,20.720000,0.000000,3.508389
354,35.466667,14.533333,20.748333,0.000000,3.582238
355,35.466667,14.800000,20.870000,0.000000,3.411352
356,35.466667,14.533333,20.916667,0.000000,3.362257
357,35.466667,14.466667,20.745000,0.000000,3.576529
358,35.466667,14.433333,20.875000,0.000000,3.648913
359,35.466667,14.433333,20.893333,0.000000,3.597767
360,35.466667,14.666667,20.475000,0.000000,3.276903
361,35.466667,14.366667,20.598333,0.000000,3.393642
362,35.466667,14.433333,20.643333,0.000000,3.556612
363,35.466667,14.700000,20.825000,0.000000,3.383345
364,35.466667,14.533333,20.625000,0.000000,3.249096
365,35.466667,14.400000,20.651667,0.000000,3.496272
366,35.466667,14.500000,20.666667,0.000000,3.450262
367,35.466667,14.066667,20.640000,0.000000,3.619404
368,35.466667,14.400000,20.861667,0.000000,3.509913
369,35.466667,14.233333,20.430000,0.000000,3.499488
370,35.466667,15.066667,20.871667,0.000000,3.337495
371,35.466667,14.400000,20.653333,0.000000,3.481073
372,35.466667,14.800000,20.763333,0.000000,3.572956
373,35.466667,14.200000,20.795000,0.000000,3.618817
374,35.466667,14.700000,20.905000,0.000000,3.383474
375,35.600000,14.800000,20.971667,0.000000,3.426459
376,35.600000,14.133333,20.536667,0.000000,3.524337
377,35.600000,14.166667,20.798333,0.000000,3.512668
378,35.600000,14.433333,20.825000,0.000000,3.468489
379,35.600000,14.533333,20.686667,0.000000,3.311006
380,35.600000,14.833333,20.655000,0.000000,3.360783
381,35.600000,14.233333,20.476667,0.000000,3.424604
382,35.600000,14.366667,20.836667,0.000000,3.577555
383,35.600000,14.200000,20.831667,0.000000,3.586071
384,35.600000,14.800000,20.863333,0.000000,3.496263
385,35.600000,14.633333,20.878333,0.000000,3.458619
386,35.600000,14.766667,20.648333,0.000000,3.429195
387,35.600000,14.766667,20.650000,0.000000,3.304526
388,35.600000,14.766667,20.783333,0.000000,3.538421
389,35.633333,14.566667,20.641667,0.000000,3.429560
390,35.633333,14.333333,20.840000,0.000000,3.514131
391,35.633333,14.066667,20.458333,0.000000,3.503836
392,35.633333,14.166667,20.870000,0.000000,3.664400
393,35.633333,14.300000,21.058333,0.000000,3.659618
394,35.633333,14.533333,20.715000,0.000000,3.527770
395,35.633333,14.466667,20.825000,0.000000,3.592328
396,35.633333,14.600000,20.845000,0.000000,3.503815
397,35.633333,14.266667,20.461667,0.000000,3.411574
398,35.633333,14.033333,20.866667,0.000000,3.629816
399,35.633333,14.000000,20.528333,0.000000,3.656488
400,35.633333,14.533333,20.840000,0.000000,3.491080
401,35.633333,14.666667,20.840000,0.000000,3.406671
402,35.633333,14.500000,20.935000,0.000000,3.512269
403,35.633333,14.533333,20.843333,0.000000,3.519532
404,35.633333,14.333333,20.688333,0.000000,3.347772
405,35.633333,14.400000,20.543333,0.000000,3.521565
406,35.633333,14.600000,20.686667,0.000000,3.540177
407,35.633333,14.433333,20.771667,0.000000,3.484355
408,35.633333,14.366667,20.718333,0.000000,3.602841
409,35.633333,14.866667,20.413333,0.000000,3.333531
410,35.633333,14.566667,20.568333,0.000000,3.473593
411,35.633333,14.466667,20.883333,0.000000,3.521653
412,35.633333,14.866667,20.983333,0.000000,3.413798
413,35.633333,14.333333,20.768333,0.000000,3.529987
414,35.633333,14.366667,20.750000,0.000000,3.534665
415,35.633333,14.766667,20.876667,0.000000,3.504931
416,35.633333,14.733333,20.575000,0.000000,3.312728
417,35.633333,14.366667,20.751667,0.000000,3.392381
418,35.666667,14.300000,20.845000,0.000000,3.553360
419,35.666667,14.633333,21.081667,0.000000,3.626530
420,35.666667,14.500000,20.746667,0.000000,3.516755
421,35.666667,14.700000,20.636667,0.000000,3.326251
422,35.666667,14.500000,20.810000,0.000000,3.520859
423,35.666667,14.633333,20.835000,0.000000,3.444375
424,35.666667,14.700000,20.933333,0.000000,3.455905
425,35.666667,14.366667,20.495000,0.000000,3.341045
426,35.666667,14.633333,20.715000,0.000000,3.465753
427,35.666667,14.433333,20.616667,0.000000,3.515302
428,35.666667,14.166667,20.758333,0.000000,3.673199
429,35.666667,14.533333,20.745000,0.000000,3.443475
430,35.666667,14.300000,20.385000,0.000000,3.407020
431,35.666667,14.533333,20.858333,0.000000,3.447960
432,35.666667,14.400000,20.661667,0.000000,3.500215
433,35.666667,14.600000,20.801667,0.000000,3.392685
434,35.666667,14.500000,20.865000,0.000000,3.597739
435,35.666667,14.533333,20.843333,0.000000,3.433353
436,35.666667,14.800000,20.671667,0.000000,3.317045
437,35.666667,14.533333,20.588333,0.000000,3.525897
438,35.666667,14.733333,20.825000,0.000000,3.380729
439,35.733333,14.600000,20.740000,0.000000,3.493041
440,35.733333,14.233333,20.705000,0.000000,3.670821
441,35.733333,14.200000,20.580000,0.000000,3.607155
442,35.733333,14.666667,20.658333,0.000000,3.542908
443,35.733333,15.033333,20.748333,0.000000,3.396489
444,35.733333,14.366667,20.638333,0.000000,3.581863
445,35.733333,14.800000,20.453333,0.000000,3.291163
446,35.733333,14.233333,20.643333,0.000000,3.592163
447,35.733333,14.433333,20.660000,0.000000,3.497132
448,35.733333,14.233333,20.816667,0.000000,3.583160
449,35.733333,14.333333,20.521667,0.000000,3.334804
450,35.733333,14.666667,20.831667,0.000000,3.297786
451,35.733333,14.666667,20.541667,0.000000,3.395929
452,35.733333,14.566667,20.568333,0.000000,3.478466
453,35.733333,14.400000,20.670000,0.000000,3.513492
454,35.766667,14.800000,20.581667,0.000000,3.316731
455,35.766667,14.400000,20.971667,0.000000,3.499341
456,35.766667,14.566667,20.821667,0.000000,3.413616
457,35.766667,14.966667,20.633333,0.000000,3.254962
458,35.766667,14.700000,20.650000,0.000000,3.408137
459,35.766667,14.533333,20.793333,0.000000,3.486301
460,35.766667,14.933333,20.870000,0.000000,3.522081
461,35.766667,14.300000,20.591667,0.000000,3.528705
462,35.766667,14.433333,20.678333,0.000000,3.429017
463,35.766667,14.466667,20.603333,0.000000,3.517635
464,35.766667,14.466667,20.645000,0.000000,3.483656
465,35.766667,14.733333,20.566667,0.000000,3.191744
466,35.766667,14.066667,20.665000,0.000000,3.529830
467,35.766667,14.833333,20.631667,0.000000,3.363604
468,35.766667,14.333333,20.638333,0.000000,3.518054
469,35.766667,14.500000,20.920000,0.000000,3.542928
470,35.766667,14.466667,20.848333,0.000000,3.564361
471,35.766667,14.500000,20.666667,0.000000,3.517341
472,35.766667,13.966667,20.585000,0.000000,3.570402
473,35.833333,14.500000,20.856667,0.000000,3.624652
474,35.833333,14.333333,20.658333,0.000000,3.616613
475,35.833333,14.400000,20.868333,0.000000,3.572706
476,35.866667,14.966667,21.041667,0.000000,3.239205
477,35.866667,14.333333,20.760000,0.000000,3.559554
478,35.866667,14.766667,20.765000,0.000000,3.319110
479,35.866667,14.633333,20.768333,0.000000,3.412207
480,35.866667,14.700000,20.820000,0.000000,3.514688
481,35.866667,14.300000,20.661667,0.000000,3.483334
482,35.866667,14.066667,20.513333,0.000000,3.503190
483,35.866667,14.500000,20.705000,0.000000,3.332032
484,35.866667,13.933333,20.683333,0.000000,3.620200
485,35.866667,14.633333,20.876667,0.000000,3.417350
486,35.866667,14.966667,20.803333,0.000000,3.267540
487,35.866667,14.733333,20.951667,0.000000,3.396996
488,35.866667,14.533333,20.656667,0.000000,3.500629
489,35.866667,14.633333,20.855000,0.000000,3.358151
490,35.866667,14.400000,20.670000,0.000000,3.509829
491,35.866667,14.366667,20.936667,0.000000,3.564192
492,35.866667,14.466667,20.701667,0.000000,3.477725
493,35.866667,14.300000,20.913333,0.000000,3.678111
494,35.866667,14.833333,20.936667,0.000000,3.425000
495,35.866667,14.633333,20.720000,0.000000,3.484036
496,35.866667,14.233333,20.445000,0.000000,3.352292
497,35.866667,14.533333,20.865000,0.000000,3.394460
498,35.866667,14.400000,20.738333,0.000000,3.394593
499,35.866667,14.400000,20.585000,0.000000,3.533413
500,35.900000,14.200000,20.678333,0.000000,3.554325
BestSdev: 1.152220, Time: 14m18.590686464s