gen,best,worst,mean,rep,sdev
1,32.500000,11.166667,20.744933,0.000000,3.603680
2,33.133333,11.200000,20.718400,0.000000,3.628838
3,33.433333,11.333333,20.673800,0.000000,3.580172
4,33.900000,11.233333,20.723867,0.000000,3.599912
5,34.033333,11.633333,20.751133,0.000000,3.625568
6,34.100000,10.933333,20.722333,0.000000,3.636916
7,34.300000,11.466667,20.768533,0.000000,3.581210
8,34.533333,11.133333,20.766200,0.000000,3.598609
9,34.700000,11.666667,20.723867,0.000000,3.607408
10,34.800000,11.200000,20.656000,0.000000,3.556872
11,34.933333,11.333333,20.737533,0.000000,3.622440
12,35.033333,11.166667,20.735467,0.000000,3.628023
13,35.033333,11.066667,20.680067,0.000000,3.621254
14,35.266667,11.433333,20.742133,0.000000,3.608964
15,35.300000,11.133333,20.708067,0.000000,3.631034
16,35.300000,11.066667,20.700333,0.000000,3.608416
17,35.333333,10.933333,20.741333,0.000000,3.635395
18,35.400000,11.133333,20.742467,0.000000,3.633931
19,35.400000,11.466667,20.724267,0.000000,3.580408
20,35.433333,11.566667,20.726333,0.000000,3.597438
21,35.433333,11.300000,20.745800,0.000000,3.621327
22,35.433333,11.000000,20.681933,0.000000,3.596067
23,35.433333,11.466667,20.764000,0.000000,3.605397
24,35.466667,11.333333,20.693933,0.000000,3.618332
25,35.466667,11.400000,20.805067,0.000000,3.631371
26,35.466667,11.233333,20.691133,0.000000,3.600307
27,35.466667,11.400000,20.779800,0.000000,3.620407
28,35.566667,11.366667,20.715400,0.000000,3.594095
29,35.566667,11.166667,20.746267,0.000000,3.652826
30,35.566667,10.866667,20.699733,0.000000,3.604100
31,35.566667,11.533333,20.758067,0.000000,3.605208
32,35.900000,11.266667,20.773200,0.000000,3.613928
33,35.900000,11.166667,20.762200,0.000000,3.590911
34,35.966667,11.400000,20.665133,0.000000,3.637338
35,35.966667,11.133333,20.729933,0.000000,3.654058
36,35.966667,11.100000,20.758933,0.000000,3.614860
37,35.966667,11.200000,20.700000,0.000000,3.625750
38,35.966667,10.933333,20.750933,0.000000,3.617604
39,35.966667,11.300000,20.769600,0.000000,3.576453
40,36.000000,11.466667,20.725600,0.000000,3.599398
41,36.000000,11.233333,20.698600,0.000000,3.597369
42,36.033333,11.033333,20.701533,0.000000,3.607649
43,36.066667,11.133333,20.756000,0.000000,3.661215
44,36.066667,11.266667,20.815267,0.000000,3.619699
45,36.066667,11.033333,20.734733,0.000000,3.594639
46,36.100000,11.300000,20.674733,0.000000,3.580349
47,36.200000,11.566667,20.734400,0.000000,3.613063
48,36.233333,11.300000,20.709400,0.000000,3.627944
49,36.233333,11.200000,20.737267,0.000000,3.639276
50,36.300000,11.400000,20.739667,0.000000,3.660959
51,36.433333,11.233333,20.709000,0.000000,3.598029
52,36.533333,11.000000,20.771267,0.000000,3.635427
53,36.533333,11.066667,20.716933,0.000000,3.603810
54,36.666667,11.266667,20.779000,0.000000,3.637756
55,36.666667,11.300000,20.737333,0.000000,3.631029
56,36.700000,11.333333,20.791867,0.000000,3.644781
57,36.700000,11.400000,20.693533,0.000000,3.620785
58,36.700000,11.300000,20.723333,0.000000,3.652526
59,36.700000,11.366667,20.705600,0.000000,3.583219
60,36.700000,11.233333,20.697267,0.000000,3.595382
61,36.766667,11.066667,20.733133,0.000000,3.615374
62,36.800000,11.500000,20.710467,0.000000,3.608089
63,36.800000,11.333333,20.755667,0.000000,3.611552
64,36.800000,10.900000,20.700467,0.000000,3.600486
65,36.800000,11.366667,20.751067,0.000000,3.594714
66,36.800000,11.233333,20.747267,0.000000,3.649294
67,36.833333,11.400000,20.750667,0.000000,3.590791
68,36.900000,11.200000,20.757867,0.000000,3.621283
69,36.900000,11.333333,20.688667,0.000000,3.604093
70,36.900000,11.400000,20.785867,0.000000,3.618573
71,36.966667,11.266667,20.719533,0.000000,3.585672
72,36.966667,11.500000,20.693800,0.000000,3.628066
73,36.966667,11.333333,20.704933,0.000000,3.608543
74,37.066667,11.266667,20.754600,0.000000,3.616287
75,37.166667,11.366667,20.678467,0.000000,3.615227
76,37.166667,11.066667,20.745133,0.000000,3.631727
77,37.166667,11.500000,20.736933,0.000000,3.606332
78,37.233333,11.066667,20.719133,0.000000,3.607198
79,37.233333,11.333333,20.713733,0.000000,3.595275
80,37.233333,11.433333,20.743067,0.000000,3.620182
81,37.266667,11.300000,20.763467,0.000000,3.643895
82,37.266667,11.166667,20.733333,0.000000,3.640531
83,37.266667,11.233333,20.723333,0.000000,3.622522
84,37.266667,11.066667,20.721600,0.000000,3.614595
85,37.266667,10.733333,20.686667,0.000000,3.606763
86,37.266667,11.133333,20.730600,0.000000,3.567572
87,37.266667,11.333333,20.711200,0.000000,3.622882
88,37.266667,11.133333,20.733267,0.000000,3.625857
89,37.266667,11.700000,20.737400,0.000000,3.655318
90,37.266667,11.566667,20.731200,0.000000,3.602357
91,37.266667,11.466667,20.685800,0.000000,3.640506
92,37.266667,11.433333,20.713267,0.000000,3.582681
93,37.266667,11.200000,20.673733,0.000000,3.618384
94,37.266667,10.900000,20.685600,0.000000,3.631386
95,37.266667,11.300000,20.721000,0.000000,3.606600
96,37.266667,11.033333,20.707000,0.000000,3.599122
97,37.300000,11.266667,20.736067,0.000000,3.609801
98,37.300000,11.300000,20.686133,0.000000,3.593133
99,37.300000,11.500000,20.741667,0.000000,3.558498
100,37.300000,11.433333,20.721533,0.000000,3.598091
101,37.300000,11.333333,20.761667,0.000000,3.649176
102,37.333333,11.533333,20.745800,0.000000,3.602979
103,37.333333,11.400000,20.744667,0.000000,3.597051
104,37.333333,11.133333,20.694400,0.000000,3.630888
105,37.400000,11.033333,20.698267,0.000000,3.650080
106,37.400000,11.133333,20.794533,0.000000,3.665972
107,37.400000,11.133333,20.706133,0.000000,3.602563
108,37.500000,11.400000,20.678533,0.000000,3.597774
109,37.500000,11.433333,20.723867,0.000000,3.623216
110,37.533333,10.733333,20.747867,0.000000,3.631658
111,37.533333,11.100000,20.713600,0.000000,3.650066
112,37.533333,11.000000,20.688533,0.000000,3.592566
113,37.533333,11.100000,20.717533,0.000000,3.601910
114,37.533333,11.500000,20.720267,0.000000,3.603756
115,37.533333,11.466667,20.769067,0.000000,3.601008
116,37.533333,11.133333,20.699600,0.000000,3.625747
117,37.533333,11.366667,20.725200,0.000000,3.593201
118,37.633333,11.533333,20.682800,0.000000,3.628336
119,37.633333,11.633333,20.753733,0.000000,3.587654
120,37.633333,11.400000,20.765600,0.000000,3.608534
121,37.633333,11.066667,20.730333,0.000000,3.613928
122,37.633333,11.133333,20.747133,0.000000,3.644321
123,37.700000,11.300000,20.713467,0.000000,3.618229
124,37.700000,11.133333,20.667200,0.000000,3.599664
125,37.700000,11.400000,20.727067,0.000000,3.620111
126,37.700000,11.433333,20.706733,0.000000,3.627594
127,37.766667,11.200000,20.704000,0.000000,3.609380
128,37.766667,11.233333,20.682800,0.000000,3.620602
129,37.766667,11.300000,20.754600,0.000000,3.594126
130,37.766667,11.200000,20.722800,0.000000,3.613407
131,37.833333,10.966667,20.696000,0.000000,3.608768
132,37.833333,11.200000,20.747667,0.000000,3.620867
133,37.833333,11.333333,20.775600,0.000000,3.642867
134,37.833333,11.366667,20.757600,0.000000,3.615157
135,37.833333,11.300000,20.684467,0.000000,3.599314
136,37.833333,11.366667,20.749467,0.000000,3.611397
137,37.833333,11.333333,20.719933,0.000000,3.616810
138,37.833333,11.100000,20.690467,0.000000,3.616042
139,37.833333,11.133333,20.777400,0.000000,3.611419
140,37.833333,11.300000,20.773467,0.000000,3.653056
141,37.900000,11.433333,20.737000,0.000000,3.602660
142,37.900000,11.600000,20.713133,0.000000,3.616513
143,37.900000,11.233333,20.725000,0.000000,3.621033
144,37.900000,11.500000,20.760400,0.000000,3.616974
145,37.900000,11.000000,20.764267,0.000000,3.620983
146,37.900000,11.266667,20.705133,0.000000,3.609577
147,37.900000,11.333333,20.706800,0.000000,3.629647
148,37.900000,11.266667,20.725133,0.000000,3.625279
149,37.900000,11.333333,20.733733,0.000000,3.594414
150,37.900000,11.400000,20.750733,0.000000,3.625838
151,37.900000,11.366667,20.693533,0.000000,3.604611
152,37.900000,11.233333,20.747067,0.000000,3.588859
153,37.900000,11.133333,20.679533,0.000000,3.604286
154,37.900000,11.366667,20.800467,0.000000,3.648409
155,37.900000,11.400000,20.747067,0.000000,3.625891
156,37.900000,11.433333,20.735800,0.000000,3.632692
157,37.900000,11.000000,20.730000,0.000000,3.625680
158,37.900000,11.333333,20.705133,0.000000,3.593055
159,37.900000,11.400000,20.776933,0.000000,3.612321
160,37.900000,11.466667,20.729067,0.000000,3.597855
161,37.900000,11.466667,20.696933,0.000000,3.634210
162,37.900000,11.366667,20.710600,0.000000,3.592878
163,37.900000,11.133333,20.699867,0.000000,3.601688
164,37.900000,11.200000,20.732067,0.000000,3.600107
165,37.900000,11.233333,20.726067,0.000000,3.681214
166,37.900000,11.000000,20.689200,0.000000,3.591019
167,37.900000,11.400000,20.728133,0.000000,3.610469
168,37.900000,11.166667,20.730133,0.000000,3.598545
169,37.900000,11.133333,20.704267,0.000000,3.641803
170,37.900000,11.633333,20.757267,0.000000,3.564667
171,37.900000,11.266667,20.675933,0.000000,3.626824
172,37.900000,11.200000,20.709267,0.000000,3.637418
173,37.900000,11.566667,20.770800,0.000000,3.628037
174,37.900000,11.200000,20.731467,0.000000,3.636448
175,37.900000,11.266667,20.795667,0.000000,3.620505
176,37.900000,11.366667,20.743867,0.000000,3.637315
177,37.900000,11.366667,20.728800,0.000000,3.641400
178,37.900000,11.100000,20.739667,0.000000,3.626748
179,37.900000,11.266667,20.736867,0.000000,3.620301
180,37.900000,11.333333,20.725267,0.000000,3.629226
181,37.900000,11.200000,20.726400,0.000000,3.620514
182,37.900000,11.433333,20.695267,0.000000,3.632574
183,37.933333,11.433333,20.744867,0.000000,3.600298
184,37.933333,10.966667,20.737133,0.000000,3.610590
185,37.933333,11.100000,20.693000,0.000000,3.628067
186,37.933333,11.300000,20.771600,0.000000,3.613930
187,38.000000,11.400000,20.715533,0.000000,3.609856
188,38.000000,11.066667,20.716467,0.000000,3.628379
189,38.000000,11.533333,20.728933,0.000000,3.614563
190,38.000000,11.333333,20.763133,0.000000,3.627525
191,38.000000,11.266667,20.733400,0.000000,3.620615
192,38.000000,11.233333,20.673800,0.000000,3.604605
193,38.000000,11.300000,20.769733,0.000000,3.605656
194,38.000000,11.433333,20.737800,0.000000,3.621972
195,38.000000,11.233333,20.794667,0.000000,3.643917
196,38.000000,11.333333,20.764533,0.000000,3.567508
197,38.000000,11.233333,20.732800,0.000000,3.617914
198,38.066667,11.100000,20.743667,0.000000,3.641428
199,38.066667,11.300000,20.764867,0.000000,3.623196
200,38.066667,11.433333,20.745533,0.000000,3.615729
BestSdev: 1.105024, Time: 1h46m21.750363876s