gen,best,worst,mean,rep,sdev
1,30.333333,12.466667,20.659333,0.000000,3.607259
2,31.433333,12.533333,20.629333,0.000000,3.666498
3,31.700000,12.733333,20.760000,0.000000,3.504595
4,32.166667,12.766667,20.775667,0.000000,3.670402
5,32.666667,12.833333,20.769000,0.000000,3.609986
6,33.100000,12.466667,20.713000,0.000000,3.613053
7,33.366667,12.400000,20.828000,0.000000,3.631104
8,33.500000,12.500000,20.763333,0.000000,3.622915
9,33.633333,12.700000,20.877667,0.000000,3.598988
10,33.866667,12.633333,20.732667,0.000000,3.593050
11,33.866667,12.633333,20.759667,0.000000,3.602214
12,33.900000,12.666667,20.725667,0.000000,3.589522
13,34.133333,12.533333,20.890667,0.000000,3.636834
14,34.166667,12.733333,20.685000,0.000000,3.580578
15,34.166667,12.333333,20.697333,0.000000,3.569090
16,34.166667,13.000000,20.788333,0.000000,3.570194
17,34.166667,12.266667,20.698667,0.000000,3.697000
18,34.300000,13.133333,20.801000,0.000000,3.596231
19,34.300000,12.666667,20.697333,0.000000,3.583881
20,34.300000,12.633333,20.684000,0.000000,3.592533
21,34.300000,12.466667,20.641000,0.000000,3.570976
22,34.466667,12.700000,20.731333,0.000000,3.618682
23,34.500000,12.600000,20.861333,0.000000,3.483645
24,34.533333,12.633333,20.802333,0.000000,3.532122
25,34.566667,12.600000,20.687333,0.000000,3.588771
26,34.566667,12.366667,20.693000,0.000000,3.608368
27,34.566667,12.933333,20.653667,0.000000,3.593462
28,34.733333,12.833333,20.802667,0.000000,3.617084
29,34.766667,13.033333,20.560333,0.000000,3.534299
30,34.766667,12.633333,20.835333,0.000000,3.601129
31,34.766667,12.700000,20.675000,0.000000,3.522650
32,34.800000,12.500000,20.677667,0.000000,3.642227
33,34.800000,12.600000,20.572333,0.000000,3.577660
34,34.800000,12.733333,20.788333,0.000000,3.584573
35,34.933333,12.600000,20.783667,0.000000,3.682516
36,35.000000,12.466667,20.712000,0.000000,3.694678
37,35.000000,12.833333,20.885333,0.000000,3.595701
38,35.066667,12.566667,20.719333,0.000000,3.745786
39,35.066667,13.000000,20.701000,0.000000,3.606914
40,35.066667,12.500000,20.723667,0.000000,3.618199
41,35.100000,12.800000,20.696000,0.000000,3.602915
42,35.100000,12.466667,20.668000,0.000000,3.568147
43,35.133333,12.733333,20.781667,0.000000,3.582147
44,35.200000,12.466667,20.641000,0.000000,3.556810
45,35.200000,12.100000,20.742333,0.000000,3.654751
46,35.233333,12.366667,20.698667,0.000000,3.635327
47,35.233333,12.966667,20.713667,0.000000,3.520303
48,35.266667,12.900000,20.775000,0.000000,3.503615
49,35.266667,12.333333,20.807333,0.000000,3.580927
50,35.266667,12.666667,20.642667,0.000000,3.564768
51,35.266667,12.566667,20.707000,0.000000,3.656682
52,35.266667,12.966667,20.767667,0.000000,3.525780
53,35.300000,12.300000,20.683667,0.000000,3.611720
54,35.300000,12.366667,20.723000,0.000000,3.608808
55,35.300000,12.833333,20.731333,0.000000,3.570586
56,35.300000,12.633333,20.661667,0.000000,3.609843
57,35.300000,12.666667,20.681333,0.000000,3.626295
58,35.333333,12.533333,20.628333,0.000000,3.613087
59,35.333333,12.400000,20.632333,0.000000,3.584228
60,35.333333,12.133333,20.720333,0.000000,3.618486
61,35.333333,12.500000,20.664333,0.000000,3.547681
62,35.333333,12.933333,20.766667,0.000000,3.551011
63,35.333333,12.900000,20.681000,0.000000,3.591117
64,35.333333,12.700000,20.667333,0.000000,3.553292
65,35.333333,12.533333,20.720667,0.000000,3.567146
66,35.333333,12.233333,20.726333,0.000000,3.577225
67,35.366667,12.200000,20.601333,0.000000,3.591262
68,35.433333,12.466667,20.592667,0.000000,3.622593
69,35.433333,12.733333,20.711333,0.000000,3.618170
70,35.433333,12.500000,20.685667,0.000000,3.626793
71,35.433333,12.700000,20.718667,0.000000,3.652817
72,35.433333,12.700000,20.715667,0.000000,3.548557
73,35.433333,12.433333,20.689667,0.000000,3.607210
74,35.600000,12.566667,20.761333,0.000000,3.596689
75,35.633333,12.533333,20.578667,0.000000,3.578336
76,35.633333,12.533333,20.835667,0.000000,3.563118
77,35.633333,12.766667,20.761333,0.000000,3.534086
78,35.700000,12.833333,20.758667,0.000000,3.574108
79,35.700000,12.500000,20.734333,0.000000,3.538784
80,35.700000,12.700000,20.836000,0.000000,3.552650
81,35.700000,12.666667,20.518667,0.000000,3.560444
82,35.700000,12.933333,20.741000,0.000000,3.600203
83,35.766667,12.600000,20.740333,0.000000,3.695358
84,35.766667,12.800000,20.644333,0.000000,3.528568
85,35.766667,12.633333,20.642000,0.000000,3.587500
86,35.766667,12.566667,20.674667,0.000000,3.582770
87,35.766667,12.733333,20.766000,0.000000,3.618389
88,35.766667,12.600000,20.778000,0.000000,3.579662
89,35.766667,12.733333,20.671333,0.000000,3.580322
90,35.766667,12.633333,20.790000,0.000000,3.535661
91,35.766667,12.533333,20.663000,0.000000,3.581777
92,35.766667,12.566667,20.673667,0.000000,3.602410
93,35.833333,12.633333,20.811667,0.000000,3.589076
94,35.833333,12.666667,20.747333,0.000000,3.567794
95,35.833333,13.033333,20.708333,0.000000,3.591498
96,35.833333,12.700000,20.780667,0.000000,3.646767
97,35.866667,13.000000,20.756000,0.000000,3.537935
98,35.866667,12.933333,20.779333,0.000000,3.463463
99,35.866667,13.033333,20.812000,0.000000,3.582554
100,35.866667,12.933333,20.825667,0.000000,3.664694
101,35.866667,12.666667,20.760667,0.000000,3.563024
102,35.900000,12.600000,20.738667,0.000000,3.610204
103,35.900000,12.866667,20.739000,0.000000,3.551318
104,35.900000,12.833333,20.730667,0.000000,3.583475
105,35.900000,12.600000,20.667667,0.000000,3.601985
106,35.900000,12.500000,20.684333,0.000000,3.573449
107,35.900000,12.333333,20.658667,0.000000,3.621507
108,35.900000,12.433333,20.699000,0.000000,3.590647
109,35.900000,12.366667,20.736000,0.000000,3.555331
110,35.900000,12.933333,20.779000,0.000000,3.557771
111,35.900000,12.600000,20.675667,0.000000,3.607331
112,35.900000,12.733333,20.672333,0.000000,3.598341
113,35.900000,12.166667,20.650333,0.000000,3.538014
114,35.900000,12.966667,20.797000,0.000000,3.572682
115,35.900000,12.833333,20.701333,0.000000,3.603971
116,35.900000,12.766667,20.767000,0.000000,3.545289
117,35.900000,12.566667,20.765333,0.000000,3.563264
118,35.900000,12.600000,20.700333,0.000000,3.601881
119,35.900000,12.666667,20.644667,0.000000,3.651103
120,35.900000,12.900000,20.787333,0.000000,3.530064
121,35.900000,12.700000,20.748000,0.000000,3.629722
122,35.900000,12.166667,20.733333,0.000000,3.559564
123,35.900000,12.833333,20.777667,0.000000,3.642611
124,35.900000,12.566667,20.754333,0.000000,3.633033
125,35.900000,12.500000,20.725667,0.000000,3.545523
126,35.900000,12.633333,20.693333,0.000000,3.596064
127,35.900000,12.700000,20.755667,0.000000,3.500954
128,35.900000,12.400000,20.694333,0.000000,3.539357
129,35.900000,12.733333,20.734667,0.000000,3.589803
130,35.900000,12.833333,20.738667,0.000000,3.473719
131,35.900000,12.933333,20.778000,0.000000,3.635310
132,35.900000,12.533333,20.670667,0.000000,3.531124
133,35.933333,12.633333,20.677667,0.000000,3.585801
134,35.933333,12.366667,20.580000,0.000000,3.556560
135,35.933333,12.500000,20.590667,0.000000,3.648115
136,35.933333,12.633333,20.647333,0.000000,3.609726
137,35.933333,12.633333,20.740667,0.000000,3.559786
138,35.933333,12.566667,20.647333,0.000000,3.530091
139,35.933333,12.633333,20.800333,0.000000,3.592264
140,35.933333,12.300000,20.741333,0.000000,3.667751
141,35.933333,12.666667,20.743000,0.000000,3.565636
142,35.966667,13.000000,20.835333,0.000000,3.571723
143,35.966667,12.766667,20.709333,0.000000,3.559697
144,35.966667,12.766667,20.783000,0.000000,3.555036
145,35.966667,12.733333,20.751667,0.000000,3.694077
146,35.966667,12.666667,20.867000,0.000000,3.583904
147,35.966667,12.500000,20.741000,0.000000,3.602353
148,35.966667,12.700000,20.796333,0.000000,3.567790
149,35.966667,12.366667,20.654667,0.000000,3.607289
150,36.000000,12.966667,20.732667,0.000000,3.584507
151,36.000000,12.666667,20.730000,0.000000,3.584210
152,36.000000,12.633333,20.701667,0.000000,3.609649
153,36.000000,12.633333,20.717667,0.000000,3.567818
154,36.000000,12.366667,20.704000,0.000000,3.579061
155,36.000000,12.800000,20.734667,0.000000,3.575643
156,36.000000,12.833333,20.783000,0.000000,3.580877
157,36.000000,12.700000,20.788667,0.000000,3.536654
158,36.000000,12.633333,20.626667,0.000000,3.552980
159,36.000000,12.800000,20.806667,0.000000,3.624205
160,36.000000,12.500000,20.776000,0.000000,3.557380
161,36.000000,12.700000,20.698000,0.000000,3.538908
162,36.033333,12.033333,20.745000,0.000000,3.662764
163,36.033333,12.533333,20.668333,0.000000,3.674827
164,36.133333,12.933333,20.875333,0.000000,3.546192
165,36.133333,12.766667,20.675667,0.000000,3.576706
166,36.133333,12.400000,20.808000,0.000000,3.601664
167,36.133333,12.666667,20.692000,0.000000,3.535798
168,36.133333,12.466667,20.788667,0.000000,3.604858
169,36.133333,12.666667,20.850000,0.000000,3.563184
170,36.133333,12.366667,20.641333,0.000000,3.571756
171,36.133333,12.600000,20.646667,0.000000,3.581169
172,36.133333,12.533333,20.696000,0.000000,3.566017
173,36.133333,12.800000,20.784333,0.000000,3.553457
174,36.133333,12.866667,20.629667,0.000000,3.547826
175,36.133333,12.400000,20.642667,0.000000,3.577039
176,36.133333,12.633333,20.618667,0.000000,3.665876
177,36.133333,12.133333,20.770000,0.000000,3.681596
178,36.133333,12.033333,20.647333,0.000000,3.601052
179,36.133333,12.866667,20.741000,0.000000,3.594163
180,36.133333,12.500000,20.723667,0.000000,3.523985
181,36.133333,13.033333,20.705333,0.000000,3.624127
182,36.133333,12.666667,20.698333,0.000000,3.583780
183,36.133333,12.666667,20.790333,0.000000,3.623501
184,36.266667,12.900000,20.768667,0.000000,3.563415
185,36.266667,12.833333,20.699333,0.000000,3.461254
186,36.266667,12.466667,20.772333,0.000000,3.579657
187,36.266667,12.433333,20.729667,0.000000,3.610486
188,36.266667,12.633333,20.761667,0.000000,3.701218
189,36.266667,12.700000,20.774000,0.000000,3.627161
190,36.266667,12.533333,20.774667,0.000000,3.563721
191,36.300000,12.300000,20.703667,0.000000,3.578348
192,36.300000,12.733333,20.756000,0.000000,3.608121
193,36.300000,13.266667,20.723667,0.000000,3.569338
194,36.300000,12.700000,20.738333,0.000000,3.655810
195,36.400000,12.533333,20.799667,0.000000,3.628386
196,36.400000,12.466667,20.734000,0.000000,3.582575
197,36.400000,12.733333,20.771000,0.000000,3.581093
198,36.400000,12.700000,20.709667,0.000000,3.596950
199,36.400000,12.666667,20.615000,0.000000,3.572106
200,36.400000,12.833333,20.857000,0.000000,3.620369
201,36.400000,12.266667,20.675667,0.000000,3.550947
202,36.400000,12.666667,20.856667,0.000000,3.599386
203,36.400000,12.333333,20.675333,0.000000,3.543048
204,36.400000,12.800000,20.776000,0.000000,3.629162
205,36.400000,12.733333,20.819333,0.000000,3.655754
206,36.400000,12.600000,20.674333,0.000000,3.604206
207,36.400000,12.733333,20.771000,0.000000,3.573387
208,36.400000,12.933333,20.636000,0.000000,3.538639
209,36.400000,12.700000,20.699667,0.000000,3.643880
210,36.400000,12.900000,20.766000,0.000000,3.647652
211,36.400000,12.700000,20.650333,0.000000,3.611081
212,36.400000,12.933333,20.761667,0.000000,3.511486
213,36.400000,12.800000,20.798667,0.000000,3.572338
214,36.400000,12.300000,20.764333,0.000000,3.670320
215,36.400000,13.466667,20.825333,0.000000,3.549859
216,36.400000,12.533333,20.708000,0.000000,3.629972
217,36.400000,12.700000,20.688000,0.000000,3.634247
218,36.400000,12.566667,20.704333,0.000000,3.650384
219,36.400000,12.633333,20.795667,0.000000,3.570355
220,36.400000,12.633333,20.779333,0.000000,3.592677
221,36.400000,12.733333,20.717000,0.000000,3.568749
222,36.400000,12.333333,20.769667,0.000000,3.609577
223,36.400000,12.666667,20.793000,0.000000,3.632233
224,36.400000,12.600000,20.740667,0.000000,3.599016
225,36.400000,12.766667,20.685667,0.000000,3.597155
226,36.400000,12.566667,20.696667,0.000000,3.556410
227,36.400000,12.433333,20.664333,0.000000,3.642875
228,36.400000,13.066667,20.898667,0.000000,3.629207
229,36.400000,12.366667,20.763333,0.000000,3.670711
230,36.400000,12.766667,20.662333,0.000000,3.559350
231,36.400000,12.666667,20.699667,0.000000,3.591916
232,36.400000,12.733333,20.597333,0.000000,3.668161
233,36.400000,12.766667,20.752333,0.000000,3.539512
234,36.400000,12.600000,20.721000,0.000000,3.564839
235,36.433333,12.066667,20.709667,0.000000,3.608654
236,36.433333,12.400000,20.774000,0.000000,3.532464
237,36.433333,12.833333,20.672000,0.000000,3.599093
238,36.433333,12.633333,20.756667,0.000000,3.611648
239,36.433333,12.800000,20.682667,0.000000,3.532857
240,36.433333,12.700000,20.869667,0.000000,3.520221
241,36.433333,12.600000,20.747667,0.000000,3.639255
242,36.433333,12.500000,20.643667,0.000000,3.623030
243,36.500000,12.600000,20.711000,0.000000,3.579602
244,36.500000,12.133333,20.669667,0.000000,3.610320
245,36.500000,12.666667,20.653333,0.000000,3.539334
246,36.500000,13.066667,20.681333,0.000000,3.567792
247,36.500000,12.600000,20.737333,0.000000,3.544465
248,36.500000,12.866667,20.712667,0.000000,3.569151
249,36.500000,12.533333,20.615333,0.000000,3.608968
250,36.500000,12.933333,20.781667,0.000000,3.638489
251,36.500000,12.500000,20.686333,0.000000,3.605115
252,36.500000,12.733333,20.794667,0.000000,3.607237
253,36.500000,12.566667,20.726000,0.000000,3.641125
254,36.500000,12.333333,20.791333,0.000000,3.650620
255,36.500000,12.633333,20.767667,0.000000,3.619451
256,36.500000,12.633333,20.681667,0.000000,3.579649
257,36.566667,12.800000,20.786333,0.000000,3.566745
258,36.566667,12.833333,20.635333,0.000000,3.542079
259,36.566667,12.800000,20.711000,0.000000,3.589343
260,36.600000,12.833333,20.831667,0.000000,3.549123
261,36.600000,12.466667,20.700333,0.000000,3.677396
262,36.600000,12.933333,20.683667,0.000000,3.560162
263,36.600000,12.533333,20.759667,0.000000,3.655396
264,36.600000,12.866667,20.695000,0.000000,3.581170
265,36.600000,12.500000,20.818333,0.000000,3.595253
266,36.600000,12.466667,20.658000,0.000000,3.549810
267,36.600000,12.400000,20.685000,0.000000,3.577791
268,36.600000,12.333333,20.722667,0.000000,3.599554
269,36.600000,11.966667,20.789333,0.000000,3.640444
270,36.600000,12.866667,20.791667,0.000000,3.522314
271,36.600000,12.500000,20.758667,0.000000,3.640417
272,36.600000,12.633333,20.697667,0.000000,3.606987
273,36.600000,12.933333,20.783333,0.000000,3.561591
274,36.600000,12.433333,20.814667,0.000000,3.593654
275,36.600000,12.700000,20.718667,0.000000,3.491777
276,36.600000,12.733333,20.709667,0.000000,3.554221
277,36.600000,12.766667,20.644000,0.000000,3.583472
278,36.600000,12.366667,20.838000,0.000000,3.625150
279,36.600000,12.666667,20.682667,0.000000,3.548354
280,36.600000,12.766667,20.728000,0.000000,3.644612
281,36.600000,12.600000,20.817667,0.000000,3.667626
282,36.633333,12.766667,20.632667,0.000000,3.620738
283,36.633333,13.100000,20.729333,0.000000,3.517837
284,36.666667,12.633333,20.744000,0.000000,3.557548
285,36.700000,12.900000,20.721000,0.000000,3.569480
286,36.700000,12.333333,20.740333,0.000000,3.574518
287,36.700000,12.700000,20.871333,0.000000,3.586660
288,36.733333,12.433333,20.730000,0.000000,3.647723
289,36.733333,12.766667,20.746333,0.000000,3.570428
290,36.733333,12.533333,20.631667,0.000000,3.576685
291,36.733333,12.766667,20.803667,0.000000,3.527194
292,36.733333,12.533333,20.821000,0.000000,3.653823
293,36.733333,12.800000,20.715667,0.000000,3.591622
294,36.733333,12.933333,20.695667,0.000000,3.492699
295,36.733333,12.833333,20.717000,0.000000,3.531848
296,36.733333,12.166667,20.562000,0.000000,3.638926
297,36.733333,12.600000,20.699333,0.000000,3.617672
298,36.733333,12.833333,20.792000,0.000000,3.568099
299,36.733333,12.100000,20.803333,0.000000,3.631845
300,36.733333,12.666667,20.800667,0.000000,3.649899
301,36.766667,12.633333,20.759000,0.000000,3.625295
302,36.766667,12.500000,20.802000,0.000000,3.634774
303,36.766667,12.433333,20.705000,0.000000,3.604072
304,36.766667,12.766667,20.719000,0.000000,3.600526
305,36.800000,12.300000,20.725333,0.000000,3.609384
306,36.800000,12.366667,20.677667,0.000000,3.695842
307,36.800000,12.500000,20.723000,0.000000,3.470775
308,36.900000,12.800000,20.772667,0.000000,3.577112
309,36.900000,12.466667,20.783667,0.000000,3.618913
310,36.900000,13.066667,20.773000,0.000000,3.560848
311,36.900000,12.866667,20.633333,0.000000,3.578087
312,36.900000,12.733333,20.733000,0.000000,3.569495
313,36.966667,12.533333,20.718667,0.000000,3.655067
314,36.966667,12.800000,20.831667,0.000000,3.606504
315,36.966667,12.900000,20.743667,0.000000,3.561331
316,36.966667,13.000000,20.714333,0.000000,3.571727
317,37.000000,12.566667,20.676333,0.000000,3.547624
318,37.000000,12.500000,20.720667,0.000000,3.705670
319,37.000000,12.433333,20.785333,0.000000,3.745962
320,37.000000,12.666667,20.649333,0.000000,3.521685
321,37.000000,12.833333,20.611000,0.000000,3.596214
322,37.000000,12.500000,20.752000,0.000000,3.627117
323,37.000000,12.433333,20.753333,0.000000,3.590165
324,37.000000,12.233333,20.838000,0.000000,3.713173
325,37.000000,12.700000,20.729667,0.000000,3.560411
326,37.000000,12.933333,20.733667,0.000000,3.525123
327,37.000000,12.500000,20.634000,0.000000,3.651166
328,37.000000,12.633333,20.837667,0.000000,3.575375
329,37.000000,12.833333,20.605333,0.000000,3.539625
330,37.000000,12.766667,20.613000,0.000000,3.558014
331,37.000000,12.500000,20.699333,0.000000,3.576973
332,37.000000,12.566667,20.735667,0.000000,3.576482
333,37.000000,12.733333,20.755667,0.000000,3.567749
334,37.000000,12.600000,20.742333,0.000000,3.547528
335,37.000000,12.400000,20.672667,0.000000,3.595868
336,37.000000,11.933333,20.671333,0.000000,3.530628
337,37.000000,12.733333,20.662667,0.000000,3.529154
338,37.000000,12.566667,20.742667,0.000000,3.542321
339,37.000000,12.566667,20.693667,0.000000,3.677182
340,37.000000,12.633333,20.637000,0.000000,3.536944
341,37.000000,12.133333,20.713000,0.000000,3.676890
342,37.000000,12.833333,20.638000,0.000000,3.588873
343,37.000000,12.500000,20.703333,0.000000,3.585718
344,37.000000,12.633333,20.651000,0.000000,3.598016
345,37.000000,12.733333,20.690333,0.000000,3.574326
346,37.000000,12.500000,20.786667,0.000000,3.604620
347,37.000000,12.700000,20.770667,0.000000,3.584961
348,37.000000,12.633333,20.897667,0.000000,3.608249
349,37.000000,12.866667,20.840667,0.000000,3.566201
350,37.000000,12.500000,20.742000,0.000000,3.574803
351,37.066667,12.300000,20.798667,0.000000,3.635430
352,37.066667,12.700000,20.708000,0.000000,3.562750
353,37.066667,12.400000,20.733000,0.000000,3.677276
354,37.066667,12.766667,20.792333,0.000000,3.563380
355,37.066667,12.066667,20.583333,0.000000,3.596289
356,37.066667,12.866667,20.663333,0.000000,3.488129
357,37.066667,12.366667,20.727667,0.000000,3.669358
358,37.066667,12.800000,20.729333,0.000000,3.621632
359,37.066667,12.533333,20.803333,0.000000,3.618802
360,37.066667,12.800000,20.753667,0.000000,3.571480
361,37.066667,13.000000,20.786333,0.000000,3.591925
362,37.066667,12.500000,20.692000,0.000000,3.559175
363,37.066667,12.766667,20.681000,0.000000,3.614774
364,37.066667,12.833333,20.765333,0.000000,3.625456
365,37.066667,12.800000,20.700333,0.000000,3.606266
366,37.066667,13.133333,20.669667,0.000000,3.555003
367,37.066667,12.766667,20.728667,0.000000,3.589309
368,37.066667,12.766667,20.799000,0.000000,3.610089
369,37.066667,12.300000,20.699000,0.000000,3.653890
370,37.066667,12.600000,20.717667,0.000000,3.578676
371,37.066667,12.033333,20.810333,0.000000,3.692568
372,37.066667,12.700000,20.755667,0.000000,3.577163
373,37.066667,12.633333,20.759333,0.000000,3.656042
374,37.066667,12.733333,20.657000,0.000000,3.542607
375,37.100000,12.433333,20.540333,0.000000,3.604962
376,37.133333,13.033333,20.702333,0.000000,3.600847
377,37.133333,12.300000,20.701333,0.000000,3.662601
378,37.133333,12.633333,20.579667,0.000000,3.590094
379,37.133333,12.866667,20.824000,0.000000,3.545438
380,37.133333,12.200000,20.699000,0.000000,3.673240
381,37.133333,12.933333,20.789333,0.000000,3.592673
382,37.133333,13.200000,20.888667,0.000000,3.538535
383,37.133333,12.733333,20.707333,0.000000,3.553411
384,37.133333,12.033333,20.634000,0.000000,3.636027
385,37.133333,12.633333,20.717333,0.000000,3.647191
386,37.133333,12.666667,20.667667,0.000000,3.573552
387,37.133333,12.500000,20.762000,0.000000,3.596359
388,37.133333,12.700000,20.526667,0.000000,3.586974
389,37.133333,13.000000,20.725333,0.000000,3.593500
390,37.133333,12.400000,20.557333,0.000000,3.638716
391,37.133333,12.633333,20.703333,0.000000,3.649606
392,37.133333,12.500000,20.593667,0.000000,3.593631
393,37.133333,12.800000,20.813333,0.000000,3.585573
394,37.133333,12.733333,20.777333,0.000000,3.570607
395,37.133333,12.466667,20.735667,0.000000,3.573853
396,37.133333,12.533333,20.677000,0.000000,3.567658
397,37.133333,12.633333,20.665000,0.000000,3.565225
398,37.133333,12.433333,20.625333,0.000000,3.593192
399,37.133333,12.466667,20.706667,0.000000,3.574249
400,37.133333,12.733333,20.784333,0.000000,3.533761
401,37.133333,12.566667,20.758333,0.000000,3.533288
402,37.133333,12.633333,20.708667,0.000000,3.683530
403,37.133333,12.566667,20.744333,0.000000,3.593401
404,37.133333,13.000000,20.787333,0.000000,3.571735
405,37.200000,12.566667,20.803000,0.000000,3.657231
406,37.200000,12.633333,20.669667,0.000000,3.609951
407,37.200000,12.733333,20.753333,0.000000,3.603008
408,37.200000,12.766667,20.675667,0.000000,3.687843
409,37.200000,12.633333,20.701333,0.000000,3.573251
410,37.200000,12.733333,20.736667,0.000000,3.620759
411,37.233333,12.133333,20.787667,0.000000,3.625249
412,37.233333,12.333333,20.715000,0.000000,3.558537
413,37.233333,12.200000,20.667333,0.000000,3.577807
414,37.233333,12.700000,20.653333,0.000000,3.616092
415,37.233333,12.600000,20.774667,0.000000,3.534051
416,37.233333,12.500000,20.706667,0.000000,3.689048
417,37.233333,12.733333,20.705667,0.000000,3.506398
418,37.233333,12.666667,20.759000,0.000000,3.635653
419,37.233333,12.966667,20.823000,0.000000,3.591407
420,37.233333,12.433333,20.696000,0.000000,3.632607
421,37.233333,12.800000,20.717333,0.000000,3.535389
422,37.233333,12.733333,20.780000,0.000000,3.577796
423,37.233333,12.333333,20.725667,0.000000,3.623078
424,37.233333,12.666667,20.747000,0.000000,3.606240
425,37.233333,12.433333,20.678333,0.000000,3.540466
426,37.233333,12.933333,20.706667,0.000000,3.531235
427,37.233333,12.666667,20.816000,0.000000,3.664530
428,37.233333,12.733333,20.767333,0.000000,3.643932
429,37.233333,12.966667,20.628667,0.000000,3.585404
430,37.233333,12.800000,20.778333,0.000000,3.616403
431,37.233333,12.800000,20.709333,0.000000,3.592098
432,37.233333,12.966667,20.775000,0.000000,3.600119
433,37.233333,12.366667,20.815667,0.000000,3.697168
434,37.233333,12.700000,20.752000,0.000000,3.576757
435,37.233333,12.766667,20.758333,0.000000,3.585059
436,37.233333,12.666667,20.627667,0.000000,3.590310
437,37.233333,12.333333,20.636333,0.000000,3.564404
438,37.233333,12.366667,20.739667,0.000000,3.686307
439,37.233333,13.033333,20.748333,0.000000,3.546476
440,37.233333,12.400000,20.770000,0.000000,3.571297
441,37.233333,12.800000,20.844333,0.000000,3.607389
442,37.233333,12.500000,20.751667,0.000000,3.619737
443,37.233333,12.900000,20.679000,0.000000,3.590743
444,37.233333,12.700000,20.689000,0.000000,3.606251
445,37.233333,12.266667,20.624000,0.000000,3.560497
446,37.233333,12.900000,20.670333,0.000000,3.547530
447,37.233333,12.666667,20.820333,0.000000,3.583754
448,37.233333,12.733333,20.734000,0.000000,3.565880
449,37.233333,12.566667,20.754667,0.000000,3.633748
450,37.233333,13.100000,20.767000,0.000000,3.575521
451,37.233333,12.966667,20.768333,0.000000,3.615991
452,37.233333,12.600000,20.700000,0.000000,3.664495
453,37.233333,12.566667,20.636667,0.000000,3.592634
454,37.233333,12.500000,20.710667,0.000000,3.661319
455,37.233333,12.733333,20.917333,0.000000,3.734314
456,37.233333,12.366667,20.675333,0.000000,3.569868
457,37.233333,12.733333,20.639000,0.000000,3.650871
458,37.233333,12.300000,20.646333,0.000000,3.630102
459,37.233333,12.700000,20.802000,0.000000,3.640969
460,37.233333,12.800000,20.705000,0.000000,3.593674
461,37.233333,12.666667,20.780333,0.000000,3.626545
462,37.266667,12.966667,20.737000,0.000000,3.598459
463,37.266667,12.700000,20.750000,0.000000,3.627882
464,37.266667,12.933333,20.714000,0.000000,3.518034
465,37.266667,12.466667,20.781333,0.000000,3.555408
466,37.266667,12.900000,20.712667,0.000000,3.588872
467,37.266667,12.433333,20.712333,0.000000,3.674178
468,37.266667,12.300000,20.782000,0.000000,3.614747
469,37.266667,12.300000,20.830000,0.000000,3.706712
470,37.266667,12.833333,20.747667,0.000000,3.672533
471,37.266667,13.000000,20.737667,0.000000,3.597408
472,37.266667,13.200000,20.757667,0.000000,3.639888
473,37.266667,12.766667,20.740000,0.000000,3.533585
474,37.266667,12.833333,20.715333,0.000000,3.635145
475,37.266667,12.700000,20.797667,0.000000,3.675003
476,37.266667,12.733333,20.609333,0.000000,3.611629
477,37.266667,12.700000,20.785333,0.000000,3.580317
478,37.266667,12.533333,20.810667,0.000000,3.561815
479,37.266667,12.733333,20.699000,0.000000,3.650433
480,37.266667,12.700000,20.676000,0.000000,3.583212
481,37.266667,12.266667,20.688667,0.000000,3.535070
482,37.266667,12.366667,20.797667,0.000000,3.571933
483,37.266667,12.600000,20.660333,0.000000,3.548107
484,37.266667,12.900000,20.758000,0.000000,3.593501
485,37.266667,12.433333,20.714333,0.000000,3.632160
486,37.266667,12.766667,20.842000,0.000000,3.655206
487,37.266667,12.866667,20.676667,0.000000,3.498710
488,37.266667,12.666667,20.792333,0.000000,3.636924
489,37.266667,12.533333,20.746333,0.000000,3.679926
490,37.266667,12.700000,20.728333,0.000000,3.607318
491,37.300000,12.766667,20.780000,0.000000,3.675249
492,37.300000,12.400000,20.857667,0.000000,3.668866
493,37.300000,12.533333,20.873000,0.000000,3.607794
494,37.300000,12.900000,20.737333,0.000000,3.572134
495,37.300000,12.366667,20.762667,0.000000,3.691937
496,37.300000,12.700000,20.689000,0.000000,3.593935
497,37.300000,12.500000,20.804000,0.000000,3.610638
498,37.300000,12.500000,20.734667,0.000000,3.622573
499,37.300000,12.733333,20.752667,0.000000,3.550037
500,37.300000,12.366667,20.767000,0.000000,3.636785
BestSdev: 0.942658, Time: 57m20.5695041s