gen,best,worst,mean,rep,sdev
1,16.433333,11.366667,13.792667,0.000000,1.077208
2,16.900000,11.200000,13.801667,0.000000,1.083482
3,17.100000,11.400000,13.810333,0.000000,1.093618
4,17.200000,11.300000,13.798667,0.000000,1.073290
5,17.366667,11.366667,13.808000,0.000000,1.095014
6,17.400000,11.300000,13.799000,0.000000,1.077056
7,17.533333,11.433333,13.800333,0.000000,1.053394
8,17.533333,11.400000,13.784000,0.000000,1.056281
9,17.566667,11.333333,13.803333,0.000000,1.091242
10,17.566667,11.300000,13.817000,0.000000,1.100787
11,17.633333,11.266667,13.765333,0.000000,1.079475
12,17.700000,11.333333,13.798667,0.000000,1.093395
13,17.733333,11.500000,13.806000,0.000000,1.087832
14,17.766667,11.300000,13.824333,0.000000,1.082291
15,17.766667,11.200000,13.811333,0.000000,1.099862
16,17.766667,11.233333,13.782667,0.000000,1.080688
17,17.833333,11.433333,13.830667,0.000000,1.062941
18,17.833333,11.133333,13.803667,0.000000,1.082706
19,17.900000,11.266667,13.782000,0.000000,1.068142
20,17.900000,11.166667,13.805000,0.000000,1.095610
21,17.900000,11.233333,13.830667,0.000000,1.083275
22,17.900000,11.366667,13.811000,0.000000,1.073827
23,17.900000,11.466667,13.813667,0.000000,1.084272
24,17.900000,11.366667,13.782000,0.000000,1.065450
25,17.933333,11.300000,13.792333,0.000000,1.058124
26,17.933333,11.200000,13.772667,0.000000,1.079806
27,17.933333,11.300000,13.841667,0.000000,1.100865
28,17.966667,11.333333,13.782000,0.000000,1.092894
29,17.966667,11.300000,13.808000,0.000000,1.111856
30,17.966667,11.333333,13.816333,0.000000,1.073567
31,17.966667,11.300000,13.809000,0.000000,1.066581
32,17.966667,11.400000,13.831333,0.000000,1.079710
33,17.966667,11.300000,13.789667,0.000000,1.072560
34,18.033333,11.266667,13.747667,0.000000,1.085940
35,18.033333,11.333333,13.820333,0.000000,1.078073
36,18.033333,11.366667,13.788000,0.000000,1.086354
37,18.033333,11.366667,13.822000,0.000000,1.083135
38,18.033333,11.400000,13.835000,0.000000,1.086590
39,18.033333,11.300000,13.805000,0.000000,1.098271
40,18.033333,11.533333,13.818000,0.000000,1.063829
41,18.033333,11.300000,13.824667,0.000000,1.079812
42,18.033333,11.366667,13.776667,0.000000,1.073673
43,18.033333,11.266667,13.798333,0.000000,1.085527
44,18.033333,11.400000,13.784333,0.000000,1.094027
45,18.033333,11.266667,13.764333,0.000000,1.088380
46,18.033333,11.300000,13.783000,0.000000,1.098709
47,18.033333,11.466667,13.840333,0.000000,1.081449
48,18.033333,11.200000,13.825000,0.000000,1.079521
49,18.033333,11.333333,13.840000,0.000000,1.064420
50,18.033333,11.133333,13.788333,0.000000,1.088345
51,18.033333,11.500000,13.848667,0.000000,1.089318
52,18.033333,11.100000,13.824000,0.000000,1.095175
53,18.066667,11.333333,13.801000,0.000000,1.102461
54,18.066667,11.233333,13.798667,0.000000,1.079028
55,18.066667,11.333333,13.839333,0.000000,1.105327
56,18.066667,11.400000,13.808333,0.000000,1.088712
57,18.066667,11.366667,13.784333,0.000000,1.086470
58,18.066667,11.433333,13.820333,0.000000,1.080699
59,18.066667,11.400000,13.806667,0.000000,1.076884
60,18.066667,11.333333,13.779000,0.000000,1.090276
61,18.066667,11.166667,13.770000,0.000000,1.067594
62,18.066667,11.333333,13.798667,0.000000,1.080483
63,18.066667,11.333333,13.857333,0.000000,1.080322
64,18.100000,11.333333,13.809667,0.000000,1.099099
65,18.100000,11.433333,13.813000,0.000000,1.075339
66,18.100000,11.500000,13.791333,0.000000,1.068795
67,18.100000,11.333333,13.796333,0.000000,1.065749
68,18.100000,11.333333,13.805333,0.000000,1.086402
69,18.100000,11.333333,13.804000,0.000000,1.087621
70,18.100000,11.333333,13.793333,0.000000,1.095954
71,18.133333,11.433333,13.824667,0.000000,1.092474
72,18.133333,11.266667,13.828667,0.000000,1.087283
73,18.133333,11.333333,13.845000,0.000000,1.110780
74,18.133333,11.366667,13.819333,0.000000,1.089741
75,18.133333,11.333333,13.794000,0.000000,1.088692
76,18.133333,11.466667,13.785333,0.000000,1.058435
77,18.133333,11.333333,13.837333,0.000000,1.063314
78,18.133333,11.433333,13.839333,0.000000,1.093849
79,18.133333,11.466667,13.808333,0.000000,1.092043
80,18.133333,11.333333,13.830333,0.000000,1.086229
81,18.133333,11.400000,13.794333,0.000000,1.097691
82,18.133333,11.266667,13.768667,0.000000,1.076226
83,18.133333,11.333333,13.785333,0.000000,1.085753
84,18.133333,11.300000,13.770333,0.000000,1.078497
85,18.133333,11.466667,13.818333,0.000000,1.041226
86,18.133333,11.266667,13.829667,0.000000,1.082628
87,18.133333,11.400000,13.783333,0.000000,1.063427
88,18.133333,11.333333,13.820667,0.000000,1.088327
89,18.133333,11.600000,13.809667,0.000000,1.069251
90,18.133333,11.366667,13.809333,0.000000,1.082657
91,18.133333,11.533333,13.862000,0.000000,1.086736
92,18.133333,11.400000,13.755333,0.000000,1.071438
93,18.133333,11.333333,13.828667,0.000000,1.082943
94,18.133333,11.433333,13.798000,0.000000,1.066326
95,18.133333,11.366667,13.826667,0.000000,1.081782
96,18.133333,11.433333,13.800000,0.000000,1.079942
97,18.133333,11.400000,13.805000,0.000000,1.078597
98,18.133333,11.233333,13.807667,0.000000,1.077868
99,18.133333,11.400000,13.792333,0.000000,1.074978
100,18.166667,11.533333,13.809333,0.000000,1.097182
101,18.166667,11.400000,13.782333,0.000000,1.079596
102,18.166667,11.433333,13.805667,0.000000,1.085347
103,18.166667,11.433333,13.848333,0.000000,1.082425
104,18.166667,11.333333,13.806000,0.000000,1.086440
105,18.166667,11.466667,13.815333,0.000000,1.078569
106,18.166667,11.333333,13.809667,0.000000,1.061671
107,18.166667,11.333333,13.814000,0.000000,1.073009
108,18.166667,11.266667,13.809667,0.000000,1.101580
109,18.166667,11.566667,13.832000,0.000000,1.081654
110,18.166667,11.266667,13.798667,0.000000,1.078160
111,18.166667,11.400000,13.821667,0.000000,1.093509
112,18.166667,11.266667,13.818000,0.000000,1.076977
113,18.166667,11.366667,13.811000,0.000000,1.086684
114,18.166667,11.466667,13.847333,0.000000,1.073970
115,18.166667,11.466667,13.817333,0.000000,1.078218
116,18.166667,11.533333,13.770667,0.000000,1.072867
117,18.166667,11.366667,13.801333,0.000000,1.064576
118,18.166667,11.433333,13.804667,0.000000,1.070578
119,18.166667,11.333333,13.820000,0.000000,1.057654
120,18.166667,11.366667,13.822333,0.000000,1.098260
121,18.166667,11.400000,13.793667,0.000000,1.089553
122,18.166667,11.233333,13.826333,0.000000,1.065047
123,18.166667,11.433333,13.785667,0.000000,1.074431
124,18.166667,11.400000,13.828000,0.000000,1.070986
125,18.166667,11.300000,13.794000,0.000000,1.088579
126,18.166667,11.300000,13.802667,0.000000,1.076942
127,18.166667,11.466667,13.784333,0.000000,1.067515
128,18.166667,11.266667,13.796000,0.000000,1.094023
129,18.166667,11.266667,13.789000,0.000000,1.108681
130,18.166667,11.433333,13.799333,0.000000,1.082187
131,18.166667,11.533333,13.778000,0.000000,1.058046
132,18.166667,11.233333,13.822000,0.000000,1.085570
133,18.166667,11.466667,13.768333,0.000000,1.066089
134,18.166667,11.400000,13.813000,0.000000,1.075304
135,18.166667,11.366667,13.812333,0.000000,1.096148
136,18.166667,11.233333,13.797667,0.000000,1.081021
137,18.166667,11.433333,13.810000,0.000000,1.094535
138,18.166667,11.266667,13.775000,0.000000,1.100448
139,18.166667,11.133333,13.815000,0.000000,1.089497
140,18.166667,11.200000,13.777000,0.000000,1.101322
141,18.166667,11.500000,13.806667,0.000000,1.086994
142,18.166667,11.400000,13.840000,0.000000,1.083093
143,18.166667,11.333333,13.793667,0.000000,1.099375
144,18.166667,11.366667,13.801000,0.000000,1.081244
145,18.200000,11.333333,13.809000,0.000000,1.081608
146,18.200000,11.533333,13.829000,0.000000,1.081316
147,18.200000,11.233333,13.808333,0.000000,1.063769
148,18.200000,11.333333,13.781333,0.000000,1.086734
149,18.200000,11.233333,13.800000,0.000000,1.083948
150,18.200000,11.300000,13.799333,0.000000,1.082879
151,18.200000,11.233333,13.831333,0.000000,1.099806
152,18.200000,11.400000,13.800333,0.000000,1.065672
153,18.200000,11.500000,13.804000,0.000000,1.069757
154,18.200000,11.433333,13.843000,0.000000,1.105354
155,18.200000,11.366667,13.839000,0.000000,1.076212
156,18.200000,11.333333,13.802333,0.000000,1.067195
157,18.200000,11.300000,13.819333,0.000000,1.071220
158,18.200000,11.333333,13.814667,0.000000,1.079224
159,18.200000,11.266667,13.803333,0.000000,1.091173
160,18.200000,11.166667,13.777667,0.000000,1.093228
161,18.200000,11.300000,13.806667,0.000000,1.080693
162,18.200000,11.166667,13.785667,0.000000,1.089427
163,18.200000,11.233333,13.796000,0.000000,1.082026
164,18.200000,11.300000,13.791333,0.000000,1.082194
165,18.200000,11.400000,13.802667,0.000000,1.082222
166,18.200000,11.300000,13.825333,0.000000,1.072170
167,18.200000,11.500000,13.833000,0.000000,1.067643
168,18.200000,11.400000,13.807667,0.000000,1.069967
169,18.200000,11.366667,13.827000,0.000000,1.094837
170,18.200000,11.233333,13.782667,0.000000,1.058431
171,18.200000,11.366667,13.814333,0.000000,1.116743
172,18.200000,11.400000,13.768333,0.000000,1.080853
173,18.200000,11.266667,13.835333,0.000000,1.099127
174,18.200000,11.333333,13.823000,0.000000,1.058139
175,18.200000,11.266667,13.802000,0.000000,1.084070
176,18.200000,11.433333,13.818000,0.000000,1.078168
177,18.200000,11.500000,13.825000,0.000000,1.082831
178,18.200000,11.466667,13.783667,0.000000,1.081432
179,18.200000,11.400000,13.803667,0.000000,1.067329
180,18.200000,11.366667,13.835333,0.000000,1.094806
181,18.200000,11.300000,13.818333,0.000000,1.088068
182,18.200000,11.266667,13.805333,0.000000,1.075302
183,18.233333,11.366667,13.783000,0.000000,1.050328
184,18.233333,11.300000,13.819333,0.000000,1.090459
185,18.233333,11.300000,13.807667,0.000000,1.075246
186,18.233333,11.266667,13.793000,0.000000,1.061258
187,18.233333,11.400000,13.803667,0.000000,1.080778
188,18.233333,11.433333,13.819333,0.000000,1.040737
189,18.233333,11.233333,13.831333,0.000000,1.072645
190,18.233333,11.300000,13.799000,0.000000,1.115918
191,18.233333,11.266667,13.780333,0.000000,1.080217
192,18.233333,11.133333,13.769667,0.000000,1.085834
193,18.233333,11.233333,13.823000,0.000000,1.106425
194,18.233333,11.433333,13.762333,0.000000,1.055196
195,18.233333,11.400000,13.810000,0.000000,1.072459
196,18.233333,11.566667,13.843667,0.000000,1.064234
197,18.233333,11.300000,13.831667,0.000000,1.087582
198,18.233333,11.166667,13.823667,0.000000,1.074917
199,18.233333,11.233333,13.797333,0.000000,1.107477
200,18.233333,11.533333,13.792000,0.000000,1.078374
BestSdev: 0.230017, Time: 17m46.5446587s