gen,best,worst,mean,rep,sdev
1,31.866667,12.000000,20.724000,0.000000,3.660198
2,32.500000,12.066667,20.692333,0.000000,3.654662
3,32.833333,11.866667,20.775333,0.000000,3.632901
4,33.133333,12.200000,20.739500,0.000000,3.586922
5,33.333333,12.166667,20.745167,0.000000,3.608535
6,33.433333,12.066667,20.702833,0.000000,3.596939
7,33.666667,11.866667,20.669833,0.000000,3.614441
8,33.766667,12.166667,20.700000,0.000000,3.592311
9,34.000000,12.000000,20.750333,0.000000,3.577371
10,34.100000,12.100000,20.701167,0.000000,3.657831
11,34.233333,12.000000,20.781667,0.000000,3.597723
12,34.366667,12.366667,20.723833,0.000000,3.631262
13,34.366667,11.866667,20.764333,0.000000,3.648530
14,34.500000,11.633333,20.736333,0.000000,3.653097
15,34.500000,11.966667,20.697333,0.000000,3.677167
16,34.500000,11.633333,20.742833,0.000000,3.629010
17,34.633333,12.133333,20.735667,0.000000,3.624792
18,34.666667,12.200000,20.728500,0.000000,3.639748
19,34.666667,11.900000,20.757833,0.000000,3.640018
20,34.866667,11.666667,20.630333,0.000000,3.623710
21,35.066667,12.066667,20.748000,0.000000,3.604154
22,35.133333,11.733333,20.695833,0.000000,3.641116
23,35.133333,11.966667,20.731167,0.000000,3.615739
24,35.133333,12.033333,20.698333,0.000000,3.527995
25,35.133333,12.100000,20.802833,0.000000,3.597366
26,35.133333,12.166667,20.697500,0.000000,3.577780
27,35.200000,12.000000,20.644333,0.000000,3.570992
28,35.200000,12.233333,20.696500,0.000000,3.596059
29,35.233333,11.800000,20.738667,0.000000,3.625617
30,35.233333,11.933333,20.711000,0.000000,3.615771
31,35.300000,12.000000,20.649000,0.000000,3.589852
32,35.366667,11.733333,20.770167,0.000000,3.625875
33,35.366667,12.000000,20.685833,0.000000,3.606070
34,35.500000,11.966667,20.758500,0.000000,3.613505
35,35.500000,12.033333,20.752667,0.000000,3.630734
36,35.600000,11.866667,20.730333,0.000000,3.650327
37,35.600000,11.833333,20.821167,0.000000,3.603203
38,35.600000,12.466667,20.747500,0.000000,3.603653
39,35.666667,12.100000,20.694833,0.000000,3.633658
40,35.666667,12.033333,20.752167,0.000000,3.584321
41,35.733333,12.166667,20.766000,0.000000,3.618985
42,35.733333,12.200000,20.738833,0.000000,3.617880
43,35.766667,12.200000,20.765333,0.000000,3.660456
44,35.866667,12.033333,20.754167,0.000000,3.607160
45,35.966667,12.133333,20.769167,0.000000,3.622382
46,35.966667,11.933333,20.684333,0.000000,3.646246
47,35.966667,12.133333,20.665833,0.000000,3.539977
48,36.000000,12.033333,20.717333,0.000000,3.623719
49,36.000000,12.000000,20.748833,0.000000,3.676533
50,36.000000,11.933333,20.733167,0.000000,3.576329
51,36.000000,12.300000,20.660833,0.000000,3.540536
52,36.000000,12.100000,20.690667,0.000000,3.578563
53,36.000000,12.400000,20.718833,0.000000,3.583949
54,36.000000,12.200000,20.745000,0.000000,3.605441
55,36.000000,12.333333,20.736000,0.000000,3.559062
56,36.000000,12.033333,20.801167,0.000000,3.619959
57,36.000000,12.000000,20.778333,0.000000,3.612035
58,36.000000,11.933333,20.711667,0.000000,3.539833
59,36.100000,11.966667,20.713667,0.000000,3.589900
60,36.100000,12.033333,20.696167,0.000000,3.607879
61,36.166667,12.100000,20.797000,0.000000,3.629202
62,36.166667,11.666667,20.707500,0.000000,3.572663
63,36.200000,12.233333,20.729500,0.000000,3.582062
64,36.200000,12.300000,20.695333,0.000000,3.599039
65,36.200000,12.133333,20.678667,0.000000,3.599411
66,36.233333,12.100000,20.751000,0.000000,3.591168
67,36.233333,11.933333,20.702833,0.000000,3.649386
68,36.233333,12.200000,20.776667,0.000000,3.616370
69,36.266667,12.033333,20.743333,0.000000,3.618382
70,36.266667,12.233333,20.752833,0.000000,3.606689
71,36.266667,12.166667,20.785000,0.000000,3.577302
72,36.266667,11.900000,20.759833,0.000000,3.678554
73,36.266667,11.933333,20.766667,0.000000,3.619513
74,36.266667,11.833333,20.664500,0.000000,3.568060
75,36.266667,12.166667,20.740167,0.000000,3.599584
76,36.266667,11.600000,20.672167,0.000000,3.518578
77,36.300000,12.000000,20.634000,0.000000,3.622544
78,36.300000,12.200000,20.666667,0.000000,3.627635
79,36.300000,12.033333,20.741167,0.000000,3.572199
80,36.366667,11.900000,20.755167,0.000000,3.612667
81,36.366667,12.033333,20.687500,0.000000,3.605134
82,36.400000,12.233333,20.659500,0.000000,3.580005
83,36.466667,12.100000,20.683833,0.000000,3.677477
84,36.466667,11.800000,20.749167,0.000000,3.645408
85,36.466667,11.966667,20.684833,0.000000,3.609795
86,36.466667,12.033333,20.720500,0.000000,3.598428
87,36.466667,11.866667,20.743167,0.000000,3.615037
88,36.466667,11.933333,20.746000,0.000000,3.618525
89,36.466667,12.166667,20.684500,0.000000,3.587807
90,36.466667,11.800000,20.696667,0.000000,3.658140
91,36.500000,12.066667,20.796500,0.000000,3.656402
92,36.500000,11.900000,20.717000,0.000000,3.668378
93,36.500000,11.800000,20.754500,0.000000,3.619058
94,36.500000,11.866667,20.726167,0.000000,3.643719
95,36.500000,12.200000,20.606167,0.000000,3.569581
96,36.500000,12.133333,20.746000,0.000000,3.602142
97,36.500000,12.066667,20.727000,0.000000,3.622271
98,36.500000,11.866667,20.665167,0.000000,3.584326
99,36.500000,12.233333,20.783167,0.000000,3.645739
100,36.533333,12.100000,20.666333,0.000000,3.573977
101,36.533333,11.866667,20.708000,0.000000,3.653393
102,36.533333,12.033333,20.777833,0.000000,3.569657
103,36.533333,12.166667,20.668333,0.000000,3.604486
104,36.600000,12.166667,20.744000,0.000000,3.658889
105,36.600000,11.900000,20.763833,0.000000,3.595462
106,36.666667,12.266667,20.704333,0.000000,3.575282
107,36.666667,11.866667,20.735500,0.000000,3.641830
108,36.666667,11.700000,20.795333,0.000000,3.651523
109,36.666667,12.133333,20.714500,0.000000,3.613851
110,36.666667,11.833333,20.701333,0.000000,3.662336
111,36.666667,11.700000,20.716333,0.000000,3.596306
112,36.666667,11.766667,20.690000,0.000000,3.599217
113,36.666667,11.866667,20.708833,0.000000,3.587679
114,36.666667,12.166667,20.675000,0.000000,3.582952
115,36.666667,11.933333,20.677833,0.000000,3.564371
116,36.733333,11.966667,20.733667,0.000000,3.662985
117,36.733333,11.800000,20.647000,0.000000,3.623596
118,36.733333,11.833333,20.706500,0.000000,3.588527
119,36.733333,11.633333,20.663667,0.000000,3.631533
120,36.766667,12.100000,20.739500,0.000000,3.597567
121,36.766667,12.033333,20.716333,0.000000,3.622841
122,36.766667,12.100000,20.735167,0.000000,3.636314
123,36.766667,11.900000,20.802000,0.000000,3.638428
124,36.766667,12.233333,20.839833,0.000000,3.619742
125,36.766667,12.000000,20.742000,0.000000,3.606419
126,36.766667,11.966667,20.689500,0.000000,3.564431
127,36.766667,12.200000,20.716833,0.000000,3.617643
128,36.766667,11.933333,20.683833,0.000000,3.588818
129,36.766667,12.000000,20.785833,0.000000,3.636050
130,36.766667,12.000000,20.698667,0.000000,3.573170
131,36.766667,12.366667,20.741667,0.000000,3.579700
132,36.766667,12.033333,20.752000,0.000000,3.654364
133,36.766667,12.133333,20.665667,0.000000,3.515500
134,36.766667,12.200000,20.822667,0.000000,3.659206
135,36.766667,11.866667,20.705167,0.000000,3.608199
136,36.866667,12.033333,20.729333,0.000000,3.558575
137,36.866667,12.166667,20.811333,0.000000,3.584234
138,36.866667,11.900000,20.698167,0.000000,3.612656
139,36.866667,11.700000,20.708167,0.000000,3.543048
140,36.866667,12.433333,20.748000,0.000000,3.572927
141,36.866667,11.900000,20.676333,0.000000,3.519879
142,36.866667,12.633333,20.770833,0.000000,3.603072
143,36.866667,12.066667,20.684333,0.000000,3.602522
144,36.900000,12.166667,20.762167,0.000000,3.674362
145,36.900000,12.133333,20.751667,0.000000,3.647665
146,36.900000,12.200000,20.660833,0.000000,3.575034
147,36.900000,11.700000,20.671667,0.000000,3.620523
148,36.900000,11.800000,20.682333,0.000000,3.612645
149,36.900000,12.433333,20.736333,0.000000,3.565799
150,36.900000,12.133333,20.731333,0.000000,3.630532
151,36.900000,11.966667,20.736167,0.000000,3.605944
152,36.900000,12.033333,20.759000,0.000000,3.694298
153,36.933333,11.933333,20.796500,0.000000,3.636868
154,36.933333,12.100000,20.748167,0.000000,3.616772
155,36.933333,11.966667,20.718333,0.000000,3.575118
156,36.933333,11.633333,20.652500,0.000000,3.615225
157,36.933333,11.866667,20.687833,0.000000,3.645068
158,36.933333,11.933333,20.777833,0.000000,3.644190
159,36.933333,11.966667,20.747333,0.000000,3.658804
160,36.933333,11.600000,20.654833,0.000000,3.610577
161,36.933333,12.066667,20.660500,0.000000,3.546152
162,36.933333,12.000000,20.705000,0.000000,3.538048
163,36.933333,12.000000,20.742833,0.000000,3.589736
164,36.933333,11.966667,20.742333,0.000000,3.565476
165,36.933333,12.100000,20.660167,0.000000,3.577489
166,36.933333,12.033333,20.761500,0.000000,3.640599
167,36.933333,11.666667,20.620833,0.000000,3.565624
168,36.933333,12.100000,20.743333,0.000000,3.616299
169,36.933333,11.966667,20.755000,0.000000,3.637233
170,36.933333,11.933333,20.663500,0.000000,3.609610
171,36.933333,12.000000,20.779500,0.000000,3.668952
172,36.933333,11.900000,20.730667,0.000000,3.553868
173,36.933333,11.866667,20.655000,0.000000,3.599233
174,36.933333,12.000000,20.743667,0.000000,3.598662
175,36.933333,11.900000,20.768333,0.000000,3.606457
176,36.933333,11.833333,20.641000,0.000000,3.590189
177,36.933333,11.833333,20.705333,0.000000,3.628328
178,36.933333,12.166667,20.704333,0.000000,3.568848
179,36.966667,12.266667,20.756333,0.000000,3.617588
180,36.966667,12.266667,20.743500,0.000000,3.619862
181,36.966667,11.900000,20.647333,0.000000,3.570990
182,36.966667,11.866667,20.718833,0.000000,3.592249
183,36.966667,12.000000,20.745500,0.000000,3.658271
184,36.966667,11.700000,20.762833,0.000000,3.645513
185,36.966667,11.933333,20.774667,0.000000,3.596894
186,36.966667,12.200000,20.665500,0.000000,3.575876
187,36.966667,11.933333,20.693667,0.000000,3.609476
188,36.966667,11.900000,20.685167,0.000000,3.625817
189,36.966667,12.300000,20.737833,0.000000,3.593113
190,36.966667,11.900000,20.685667,0.000000,3.613606
191,36.966667,11.966667,20.726833,0.000000,3.609837
192,36.966667,12.000000,20.760000,0.000000,3.627862
193,36.966667,11.933333,20.682667,0.000000,3.547718
194,36.966667,11.600000,20.683667,0.000000,3.610369
195,36.966667,11.833333,20.772833,0.000000,3.610984
196,36.966667,12.000000,20.691500,0.000000,3.603332
197,36.966667,12.200000,20.823667,0.000000,3.615830
198,36.966667,11.833333,20.690833,0.000000,3.676400
199,36.966667,11.700000,20.749000,0.000000,3.609961
200,36.966667,11.833333,20.762000,0.000000,3.593884
BestSdev: 0.952533, Time: 42m7.348381504s