gen,best,worst,mean,rep,sdev
1,16.533333,11.300000,13.832667,0.000000,1.090062
2,17.033333,11.300000,13.813333,0.000000,1.109052
3,17.100000,11.333333,13.827000,0.000000,1.069887
4,17.166667,11.366667,13.778000,0.000000,1.072489
5,17.300000,11.233333,13.789000,0.000000,1.087484
6,17.333333,11.233333,13.770000,0.000000,1.091917
7,17.433333,11.266667,13.809000,0.000000,1.079450
8,17.433333,11.333333,13.826000,0.000000,1.087610
9,17.500000,11.300000,13.826667,0.000000,1.084529
10,17.600000,11.266667,13.839667,0.000000,1.113705
11,17.600000,11.266667,13.806667,0.000000,1.096896
12,17.600000,11.400000,13.783000,0.000000,1.053785
13,17.633333,11.400000,13.770000,0.000000,1.074010
14,17.633333,11.366667,13.815333,0.000000,1.112312
15,17.666667,11.266667,13.789000,0.000000,1.071729
16,17.733333,11.133333,13.757333,0.000000,1.083453
17,17.733333,11.333333,13.796333,0.000000,1.094360
18,17.733333,11.333333,13.818333,0.000000,1.107409
19,17.800000,11.300000,13.800000,0.000000,1.089953
20,17.800000,11.266667,13.781333,0.000000,1.051242
21,17.866667,11.433333,13.851333,0.000000,1.072317
22,17.866667,11.366667,13.819333,0.000000,1.061276
23,17.866667,11.366667,13.829000,0.000000,1.072150
24,17.866667,11.400000,13.814667,0.000000,1.094761
25,17.900000,11.433333,13.784667,0.000000,1.070946
26,17.900000,11.366667,13.805333,0.000000,1.051395
27,17.900000,11.333333,13.804667,0.000000,1.069822
28,17.900000,11.366667,13.801667,0.000000,1.069306
29,17.933333,11.233333,13.809333,0.000000,1.099496
30,17.933333,11.266667,13.771667,0.000000,1.083593
31,17.966667,11.266667,13.793667,0.000000,1.112810
32,17.966667,11.266667,13.821667,0.000000,1.110243
33,17.966667,11.433333,13.789667,0.000000,1.062526
34,17.966667,11.333333,13.795667,0.000000,1.114430
35,17.966667,11.333333,13.794667,0.000000,1.071575
36,17.966667,11.300000,13.818333,0.000000,1.085716
37,17.966667,11.300000,13.809667,0.000000,1.081831
38,17.966667,11.366667,13.799000,0.000000,1.075845
39,18.000000,11.533333,13.832000,0.000000,1.073764
40,18.000000,11.400000,13.803333,0.000000,1.082202
41,18.000000,11.333333,13.773333,0.000000,1.099763
42,18.000000,11.433333,13.868333,0.000000,1.069065
43,18.000000,11.133333,13.783333,0.000000,1.097361
44,18.000000,11.433333,13.808000,0.000000,1.075517
45,18.000000,11.300000,13.786000,0.000000,1.072935
46,18.000000,11.400000,13.789000,0.000000,1.080256
47,18.000000,11.433333,13.812667,0.000000,1.101344
48,18.000000,11.266667,13.829667,0.000000,1.113306
49,18.000000,11.300000,13.822667,0.000000,1.099241
50,18.000000,11.366667,13.823000,0.000000,1.063200
51,18.000000,11.333333,13.814000,0.000000,1.087154
52,18.000000,11.533333,13.842333,0.000000,1.058678
53,18.000000,11.300000,13.853000,0.000000,1.094912
54,18.000000,11.366667,13.802667,0.000000,1.102287
55,18.000000,11.433333,13.826333,0.000000,1.082702
56,18.000000,11.466667,13.833667,0.000000,1.119162
57,18.000000,11.566667,13.827333,0.000000,1.092296
58,18.033333,11.333333,13.786667,0.000000,1.085219
59,18.033333,11.166667,13.756667,0.000000,1.083794
60,18.033333,11.200000,13.790667,0.000000,1.079680
61,18.033333,11.333333,13.810667,0.000000,1.072922
62,18.033333,11.400000,13.790333,0.000000,1.053733
63,18.033333,11.233333,13.793667,0.000000,1.090614
64,18.033333,11.200000,13.806667,0.000000,1.103582
65,18.033333,11.433333,13.808333,0.000000,1.075616
66,18.066667,11.266667,13.795667,0.000000,1.084247
67,18.066667,11.300000,13.758000,0.000000,1.055902
68,18.066667,11.300000,13.822000,0.000000,1.086651
69,18.066667,11.166667,13.791667,0.000000,1.084054
70,18.066667,11.333333,13.785333,0.000000,1.081483
71,18.066667,11.433333,13.829667,0.000000,1.110243
72,18.066667,11.333333,13.756000,0.000000,1.077209
73,18.066667,11.466667,13.822000,0.000000,1.067525
74,18.066667,11.200000,13.812000,0.000000,1.076035
75,18.066667,11.433333,13.803000,0.000000,1.085056
76,18.066667,11.366667,13.798667,0.000000,1.121808
77,18.066667,11.100000,13.796333,0.000000,1.099798
78,18.066667,11.300000,13.828667,0.000000,1.067194
79,18.100000,11.200000,13.801000,0.000000,1.100174
80,18.100000,11.366667,13.798667,0.000000,1.082486
81,18.100000,11.400000,13.785000,0.000000,1.076701
82,18.100000,11.533333,13.828000,0.000000,1.090695
83,18.100000,11.233333,13.772667,0.000000,1.088704
84,18.100000,11.200000,13.799000,0.000000,1.107160
85,18.133333,11.266667,13.807333,0.000000,1.079098
86,18.133333,11.166667,13.761333,0.000000,1.081799
87,18.133333,11.333333,13.816667,0.000000,1.087645
88,18.133333,11.400000,13.804333,0.000000,1.081004
89,18.133333,11.233333,13.814333,0.000000,1.099654
90,18.133333,11.333333,13.794333,0.000000,1.060866
91,18.133333,11.233333,13.812333,0.000000,1.067241
92,18.133333,11.400000,13.783667,0.000000,1.095946
93,18.133333,11.400000,13.785667,0.000000,1.085610
94,18.133333,11.200000,13.800333,0.000000,1.069480
95,18.133333,11.400000,13.777333,0.000000,1.099246
96,18.133333,11.300000,13.796667,0.000000,1.068368
97,18.133333,11.233333,13.807000,0.000000,1.085603
98,18.133333,11.300000,13.792667,0.000000,1.088596
99,18.133333,11.500000,13.813333,0.000000,1.083072
100,18.133333,11.300000,13.811000,0.000000,1.109182
101,18.133333,11.233333,13.811000,0.000000,1.087791
102,18.133333,11.466667,13.811333,0.000000,1.085757
103,18.133333,11.333333,13.798333,0.000000,1.072276
104,18.133333,11.366667,13.812667,0.000000,1.075580
105,18.166667,11.200000,13.785333,0.000000,1.079660
106,18.166667,11.300000,13.779667,0.000000,1.083016
107,18.166667,11.366667,13.826667,0.000000,1.091337
108,18.166667,11.433333,13.817000,0.000000,1.092937
109,18.166667,11.233333,13.818667,0.000000,1.086217
110,18.166667,11.200000,13.803667,0.000000,1.106088
111,18.166667,11.433333,13.795667,0.000000,1.084999
112,18.166667,11.300000,13.785333,0.000000,1.086465
113,18.166667,11.400000,13.813333,0.000000,1.078798
114,18.166667,11.333333,13.786667,0.000000,1.072255
115,18.166667,11.300000,13.852667,0.000000,1.081913
116,18.166667,11.300000,13.803667,0.000000,1.091022
117,18.166667,11.466667,13.857333,0.000000,1.092903
118,18.166667,11.433333,13.789000,0.000000,1.075257
119,18.166667,11.600000,13.803333,0.000000,1.058191
120,18.166667,11.300000,13.840667,0.000000,1.081226
121,18.166667,11.300000,13.775000,0.000000,1.075407
122,18.166667,11.500000,13.819667,0.000000,1.058735
123,18.166667,11.433333,13.815000,0.000000,1.075372
124,18.166667,11.400000,13.792667,0.000000,1.094749
125,18.166667,11.266667,13.803000,0.000000,1.103161
126,18.166667,11.333333,13.793333,0.000000,1.093087
127,18.166667,11.400000,13.837333,0.000000,1.088733
128,18.166667,11.566667,13.812333,0.000000,1.062179
129,18.166667,11.366667,13.797667,0.000000,1.074914
130,18.166667,11.400000,13.815333,0.000000,1.081879
131,18.166667,11.266667,13.804000,0.000000,1.103859
132,18.166667,11.300000,13.800667,0.000000,1.102836
133,18.166667,11.200000,13.788333,0.000000,1.109921
134,18.166667,11.466667,13.802000,0.000000,1.061072
135,18.166667,11.300000,13.826000,0.000000,1.085236
136,18.166667,11.433333,13.824000,0.000000,1.080264
137,18.200000,11.366667,13.850667,0.000000,1.102779
138,18.200000,11.366667,13.858000,0.000000,1.095398
139,18.200000,11.300000,13.875333,0.000000,1.071836
140,18.200000,11.500000,13.804667,0.000000,1.085548
141,18.200000,11.366667,13.815667,0.000000,1.072566
142,18.200000,11.400000,13.797000,0.000000,1.114274
143,18.200000,11.300000,13.748333,0.000000,1.061627
144,18.200000,11.433333,13.847333,0.000000,1.106984
145,18.200000,11.600000,13.797000,0.000000,1.064760
146,18.200000,11.333333,13.806333,0.000000,1.081181
147,18.200000,11.433333,13.779000,0.000000,1.065744
148,18.200000,11.433333,13.836000,0.000000,1.076369
149,18.200000,11.366667,13.817333,0.000000,1.082347
150,18.200000,11.200000,13.787667,0.000000,1.082226
151,18.200000,11.533333,13.798333,0.000000,1.069609
152,18.200000,11.500000,13.843667,0.000000,1.075542
153,18.200000,11.533333,13.785667,0.000000,1.075431
154,18.200000,11.100000,13.792667,0.000000,1.094332
155,18.200000,11.333333,13.775667,0.000000,1.076498
156,18.200000,11.466667,13.825667,0.000000,1.112550
157,18.200000,11.333333,13.801667,0.000000,1.101044
158,18.233333,11.433333,13.818000,0.000000,1.093145
159,18.233333,11.433333,13.824667,0.000000,1.049036
160,18.233333,11.366667,13.790333,0.000000,1.075553
161,18.233333,11.300000,13.817000,0.000000,1.074605
162,18.233333,11.233333,13.825667,0.000000,1.086830
163,18.233333,11.233333,13.765667,0.000000,1.074100
164,18.233333,11.333333,13.798333,0.000000,1.073681
165,18.233333,11.266667,13.833000,0.000000,1.084302
166,18.233333,11.200000,13.815000,0.000000,1.101268
167,18.233333,11.266667,13.799333,0.000000,1.104240
168,18.233333,11.366667,13.816667,0.000000,1.079249
169,18.233333,11.400000,13.817000,0.000000,1.063518
170,18.233333,11.166667,13.812000,0.000000,1.103954
171,18.233333,11.300000,13.786000,0.000000,1.102813
172,18.233333,11.300000,13.798333,0.000000,1.075704
173,18.233333,11.333333,13.847000,0.000000,1.102211
174,18.233333,11.300000,13.786000,0.000000,1.084167
175,18.233333,11.466667,13.797333,0.000000,1.056202
176,18.233333,11.366667,13.812667,0.000000,1.068237
177,18.233333,11.200000,13.820667,0.000000,1.056309
178,18.233333,11.300000,13.817333,0.000000,1.073620
179,18.233333,11.333333,13.804333,0.000000,1.069534
180,18.233333,11.400000,13.781000,0.000000,1.092127
181,18.233333,11.266667,13.792333,0.000000,1.067124
182,18.233333,11.333333,13.811333,0.000000,1.071892
183,18.233333,11.400000,13.803667,0.000000,1.088003
184,18.233333,11.266667,13.816333,0.000000,1.076878
185,18.233333,11.300000,13.785333,0.000000,1.090333
186,18.233333,11.333333,13.815333,0.000000,1.074997
187,18.266667,11.400000,13.820667,0.000000,1.054666
188,18.266667,11.266667,13.789000,0.000000,1.083713
189,18.266667,11.333333,13.804000,0.000000,1.080770
190,18.266667,11.366667,13.800333,0.000000,1.079150
191,18.266667,11.400000,13.831000,0.000000,1.086156
192,18.266667,11.300000,13.804000,0.000000,1.089343
193,18.266667,11.400000,13.797000,0.000000,1.104905
194,18.266667,11.300000,13.787333,0.000000,1.069109
195,18.266667,11.333333,13.818333,0.000000,1.084413
196,18.266667,11.300000,13.815000,0.000000,1.067955
197,18.266667,11.233333,13.794333,0.000000,1.082642
198,18.266667,11.333333,13.783667,0.000000,1.108996
199,18.266667,11.433333,13.761000,0.000000,1.064488
200,18.266667,11.333333,13.799333,0.000000,1.081244
201,18.266667,11.133333,13.801333,0.000000,1.109136
202,18.266667,11.400000,13.829000,0.000000,1.077739
203,18.266667,11.300000,13.761667,0.000000,1.072144
204,18.266667,11.433333,13.804667,0.000000,1.074401
205,18.266667,11.333333,13.804667,0.000000,1.083732
206,18.266667,11.300000,13.791667,0.000000,1.084317
207,18.266667,11.366667,13.790667,0.000000,1.094320
208,18.266667,11.233333,13.804000,0.000000,1.074576
209,18.266667,11.333333,13.801000,0.000000,1.079551
210,18.266667,11.233333,13.788667,0.000000,1.085864
211,18.266667,11.333333,13.784000,0.000000,1.104719
212,18.266667,11.333333,13.844333,0.000000,1.113480
213,18.266667,11.266667,13.835333,0.000000,1.088485
214,18.266667,11.100000,13.793667,0.000000,1.085292
215,18.266667,11.566667,13.851667,0.000000,1.073350
216,18.266667,11.200000,13.759667,0.000000,1.083938
217,18.266667,11.433333,13.815333,0.000000,1.065244
218,18.266667,11.333333,13.821333,0.000000,1.090950
219,18.266667,11.466667,13.799667,0.000000,1.091585
220,18.266667,11.466667,13.818333,0.000000,1.077069
221,18.300000,11.300000,13.781333,0.000000,1.079521
222,18.300000,11.366667,13.832667,0.000000,1.090932
223,18.300000,11.466667,13.800667,0.000000,1.073013
224,18.300000,11.200000,13.824000,0.000000,1.110916
225,18.300000,11.300000,13.798333,0.000000,1.071022
226,18.300000,11.300000,13.791333,0.000000,1.106015
227,18.300000,11.433333,13.806000,0.000000,1.082420
228,18.300000,11.333333,13.831000,0.000000,1.089827
229,18.300000,11.400000,13.825667,0.000000,1.071282
230,18.300000,11.400000,13.802333,0.000000,1.109725
231,18.300000,11.366667,13.822667,0.000000,1.086747
232,18.333333,11.266667,13.812000,0.000000,1.081141
233,18.333333,11.300000,13.799667,0.000000,1.091507
234,18.333333,11.200000,13.795000,0.000000,1.100019
235,18.333333,11.366667,13.817333,0.000000,1.089045
236,18.333333,11.433333,13.788333,0.000000,1.072972
237,18.333333,11.400000,13.796000,0.000000,1.090607
238,18.333333,11.300000,13.815000,0.000000,1.077236
239,18.333333,11.266667,13.827333,0.000000,1.096687
240,18.333333,11.300000,13.756667,0.000000,1.051331
241,18.333333,11.200000,13.801333,0.000000,1.101442
242,18.333333,11.366667,13.813000,0.000000,1.103081
243,18.333333,11.300000,13.822667,0.000000,1.088046
244,18.333333,11.433333,13.792000,0.000000,1.076705
245,18.333333,11.200000,13.823667,0.000000,1.097366
246,18.333333,11.333333,13.796667,0.000000,1.071424
247,18.333333,11.433333,13.807333,0.000000,1.080936
248,18.333333,11.233333,13.803333,0.000000,1.090633
249,18.333333,11.333333,13.770000,0.000000,1.096520
250,18.333333,11.333333,13.800000,0.000000,1.074682
251,18.333333,11.333333,13.808667,0.000000,1.083484
252,18.333333,11.233333,13.791333,0.000000,1.080031
253,18.333333,11.300000,13.793000,0.000000,1.090264
254,18.333333,11.300000,13.827667,0.000000,1.083777
255,18.333333,11.433333,13.819667,0.000000,1.069309
256,18.333333,11.266667,13.830000,0.000000,1.098851
257,18.333333,11.466667,13.827333,0.000000,1.087928
258,18.333333,11.133333,13.817333,0.000000,1.075768
259,18.333333,11.033333,13.792000,0.000000,1.107627
260,18.333333,11.266667,13.808000,0.000000,1.065604
261,18.333333,11.366667,13.818333,0.000000,1.082306
262,18.333333,11.333333,13.831667,0.000000,1.084570
263,18.333333,11.366667,13.802000,0.000000,1.073760
264,18.333333,11.433333,13.819333,0.000000,1.083969
265,18.333333,11.400000,13.824000,0.000000,1.063943
266,18.333333,11.333333,13.853000,0.000000,1.096445
267,18.333333,11.333333,13.775667,0.000000,1.050310
268,18.333333,11.266667,13.783667,0.000000,1.086581
269,18.333333,11.200000,13.768000,0.000000,1.057264
270,18.333333,11.400000,13.781333,0.000000,1.085202
271,18.333333,11.133333,13.790000,0.000000,1.076921
272,18.333333,11.466667,13.807333,0.000000,1.085654
273,18.333333,11.333333,13.779000,0.000000,1.069273
274,18.333333,11.166667,13.794000,0.000000,1.088246
275,18.333333,11.266667,13.775000,0.000000,1.108636
276,18.366667,11.166667,13.824667,0.000000,1.117890
277,18.366667,11.333333,13.810667,0.000000,1.080805
278,18.366667,11.433333,13.821333,0.000000,1.073817
279,18.366667,11.366667,13.823000,0.000000,1.111130
280,18.366667,11.433333,13.856333,0.000000,1.056075
281,18.366667,11.466667,13.822000,0.000000,1.082801
282,18.366667,11.233333,13.799667,0.000000,1.092070
283,18.366667,11.300000,13.824000,0.000000,1.088027
284,18.366667,11.466667,13.794667,0.000000,1.072764
285,18.366667,11.300000,13.802667,0.000000,1.088546
286,18.366667,11.266667,13.820333,0.000000,1.060238
287,18.366667,11.466667,13.820000,0.000000,1.101920
288,18.366667,11.633333,13.776667,0.000000,1.051816
289,18.366667,11.333333,13.841333,0.000000,1.091447
290,18.366667,11.400000,13.795667,0.000000,1.062611
291,18.366667,11.333333,13.799667,0.000000,1.067976
292,18.366667,11.266667,13.826000,0.000000,1.076594
293,18.366667,11.300000,13.791333,0.000000,1.105698
294,18.366667,11.300000,13.813000,0.000000,1.099576
295,18.366667,11.366667,13.815667,0.000000,1.076101
296,18.366667,11.333333,13.787667,0.000000,1.068554
297,18.366667,11.166667,13.813000,0.000000,1.107987
298,18.366667,11.366667,13.846000,0.000000,1.069198
299,18.366667,11.133333,13.801000,0.000000,1.099563
300,18.366667,11.533333,13.830333,0.000000,1.080345
301,18.366667,11.200000,13.809667,0.000000,1.067117
302,18.366667,11.400000,13.828333,0.000000,1.066237
303,18.366667,11.366667,13.778333,0.000000,1.081890
304,18.366667,11.400000,13.814000,0.000000,1.099107
305,18.366667,11.400000,13.817667,0.000000,1.099280
306,18.366667,11.400000,13.823000,0.000000,1.069468
307,18.366667,11.166667,13.806667,0.000000,1.099745
308,18.366667,11.433333,13.839333,0.000000,1.076543
309,18.366667,11.300000,13.801000,0.000000,1.101433
310,18.400000,11.266667,13.783667,0.000000,1.097303
311,18.400000,11.266667,13.754333,0.000000,1.071964
312,18.400000,11.366667,13.783000,0.000000,1.081975
313,18.433333,11.433333,13.848000,0.000000,1.078534
314,18.433333,11.433333,13.844667,0.000000,1.079233
315,18.433333,11.566667,13.817667,0.000000,1.059109
316,18.433333,11.400000,13.791333,0.000000,1.060046
317,18.433333,11.333333,13.791000,0.000000,1.080369
318,18.433333,11.333333,13.805667,0.000000,1.109898
319,18.433333,11.366667,13.800333,0.000000,1.091527
320,18.433333,11.233333,13.813333,0.000000,1.100515
321,18.433333,11.200000,13.793000,0.000000,1.091606
322,18.433333,11.300000,13.790667,0.000000,1.083206
323,18.433333,11.233333,13.772000,0.000000,1.085497
324,18.433333,11.366667,13.798000,0.000000,1.079382
325,18.433333,11.400000,13.835000,0.000000,1.074457
326,18.433333,11.333333,13.846333,0.000000,1.066353
327,18.433333,11.333333,13.823667,0.000000,1.101474
328,18.466667,11.366667,13.838000,0.000000,1.081333
329,18.466667,11.233333,13.818333,0.000000,1.106798
330,18.466667,11.200000,13.782000,0.000000,1.092398
331,18.466667,11.300000,13.809333,0.000000,1.075831
332,18.466667,11.333333,13.819333,0.000000,1.104532
333,18.500000,11.266667,13.820333,0.000000,1.093690
334,18.500000,11.300000,13.802667,0.000000,1.058379
335,18.500000,11.100000,13.809333,0.000000,1.078711
336,18.500000,11.300000,13.818667,0.000000,1.075067
337,18.500000,11.233333,13.808333,0.000000,1.106853
338,18.533333,11.333333,13.825667,0.000000,1.087227
339,18.533333,11.300000,13.795000,0.000000,1.084478
340,18.533333,11.466667,13.819000,0.000000,1.084691
341,18.533333,11.266667,13.847333,0.000000,1.085823
342,18.533333,11.533333,13.814000,0.000000,1.071648
343,18.533333,11.433333,13.792000,0.000000,1.103937
344,18.533333,11.533333,13.805333,0.000000,1.081309
345,18.533333,11.266667,13.790000,0.000000,1.104093
346,18.533333,11.300000,13.785000,0.000000,1.078401
347,18.533333,11.366667,13.789333,0.000000,1.069684
348,18.533333,11.300000,13.784667,0.000000,1.091454
349,18.533333,11.200000,13.796667,0.000000,1.090133
350,18.533333,11.333333,13.813667,0.000000,1.066561
351,18.533333,11.400000,13.788667,0.000000,1.080403
352,18.533333,11.333333,13.831000,0.000000,1.115032
353,18.533333,11.200000,13.810667,0.000000,1.097551
354,18.533333,11.466667,13.799333,0.000000,1.082870
355,18.533333,11.400000,13.823000,0.000000,1.108043
356,18.533333,11.333333,13.799667,0.000000,1.079410
357,18.533333,11.433333,13.810667,0.000000,1.069970
358,18.533333,11.300000,13.776333,0.000000,1.078426
359,18.566667,11.466667,13.786333,0.000000,1.086256
360,18.566667,11.333333,13.803667,0.000000,1.071410
361,18.566667,11.433333,13.843333,0.000000,1.085098
362,18.566667,11.200000,13.791667,0.000000,1.086565
363,18.566667,11.233333,13.799667,0.000000,1.101511
364,18.566667,11.366667,13.821333,0.000000,1.087198
365,18.566667,11.466667,13.822000,0.000000,1.079012
366,18.566667,11.333333,13.805333,0.000000,1.085490
367,18.566667,11.300000,13.801000,0.000000,1.072294
368,18.566667,11.466667,13.791000,0.000000,1.098712
369,18.566667,11.266667,13.822333,0.000000,1.089501
370,18.566667,11.366667,13.833667,0.000000,1.084772
371,18.566667,11.333333,13.831000,0.000000,1.095856
372,18.600000,11.433333,13.831333,0.000000,1.080221
373,18.600000,11.366667,13.837667,0.000000,1.090613
374,18.600000,11.333333,13.839333,0.000000,1.101366
375,18.600000,11.266667,13.828667,0.000000,1.086727
376,18.600000,11.433333,13.778667,0.000000,1.094652
377,18.600000,11.266667,13.808333,0.000000,1.083810
378,18.600000,11.333333,13.842667,0.000000,1.091093
379,18.600000,11.300000,13.777333,0.000000,1.075887
380,18.600000,11.233333,13.781000,0.000000,1.080932
381,18.600000,11.233333,13.824667,0.000000,1.096459
382,18.600000,11.300000,13.790667,0.000000,1.076591
383,18.600000,11.466667,13.813000,0.000000,1.062369
384,18.600000,11.400000,13.839333,0.000000,1.091916
385,18.600000,11.333333,13.799667,0.000000,1.079046
386,18.600000,11.300000,13.786000,0.000000,1.083732
387,18.600000,11.533333,13.836333,0.000000,1.066334
388,18.633333,11.300000,13.823667,0.000000,1.100100
389,18.633333,11.300000,13.784000,0.000000,1.073003
390,18.633333,11.400000,13.786333,0.000000,1.078178
391,18.633333,11.366667,13.827000,0.000000,1.067912
392,18.633333,11.400000,13.798667,0.000000,1.075749
393,18.633333,11.233333,13.793000,0.000000,1.072682
394,18.633333,11.300000,13.779000,0.000000,1.070055
395,18.633333,11.466667,13.841667,0.000000,1.101864
396,18.633333,11.500000,13.794000,0.000000,1.090081
397,18.633333,11.266667,13.806333,0.000000,1.080058
398,18.633333,11.300000,13.807667,0.000000,1.101118
399,18.633333,11.433333,13.767000,0.000000,1.089598
400,18.633333,11.266667,13.828000,0.000000,1.084033
401,18.633333,11.300000,13.794667,0.000000,1.070330
402,18.633333,11.333333,13.820333,0.000000,1.111505
403,18.633333,11.400000,13.806000,0.000000,1.065187
404,18.633333,11.433333,13.812333,0.000000,1.082157
405,18.633333,11.333333,13.798000,0.000000,1.099309
406,18.633333,11.400000,13.805000,0.000000,1.074994
407,18.633333,11.333333,13.809333,0.000000,1.089369
408,18.633333,11.300000,13.799000,0.000000,1.074674
409,18.633333,11.200000,13.804333,0.000000,1.105170
410,18.633333,11.433333,13.864667,0.000000,1.094490
411,18.633333,11.300000,13.798667,0.000000,1.096913
412,18.633333,11.266667,13.776333,0.000000,1.077191
413,18.633333,11.366667,13.784667,0.000000,1.094495
414,18.633333,11.366667,13.827667,0.000000,1.077228
415,18.633333,11.333333,13.815333,0.000000,1.073144
416,18.633333,11.400000,13.802000,0.000000,1.081359
417,18.633333,11.233333,13.821000,0.000000,1.057763
418,18.633333,11.366667,13.807000,0.000000,1.097924
419,18.633333,11.300000,13.801667,0.000000,1.079961
420,18.633333,11.233333,13.795333,0.000000,1.105166
421,18.633333,11.266667,13.803333,0.000000,1.105097
422,18.633333,11.433333,13.756333,0.000000,1.073421
423,18.633333,11.200000,13.803000,0.000000,1.091683
424,18.633333,11.266667,13.780667,0.000000,1.091289
425,18.633333,11.100000,13.773000,0.000000,1.072738
426,18.633333,11.266667,13.822000,0.000000,1.077965
427,18.633333,11.566667,13.804333,0.000000,1.068670
428,18.633333,11.400000,13.804333,0.000000,1.077043
429,18.633333,11.466667,13.810667,0.000000,1.061362
430,18.633333,11.333333,13.816333,0.000000,1.093576
431,18.633333,11.433333,13.837000,0.000000,1.075068
432,18.633333,11.400000,13.790333,0.000000,1.056893
433,18.633333,11.366667,13.784000,0.000000,1.078086
434,18.633333,11.400000,13.782667,0.000000,1.104309
435,18.633333,11.433333,13.821333,0.000000,1.083677
436,18.633333,11.466667,13.809000,0.000000,1.079682
437,18.633333,11.366667,13.794000,0.000000,1.093295
438,18.633333,11.400000,13.827333,0.000000,1.095247
439,18.633333,11.433333,13.832667,0.000000,1.110907
440,18.633333,11.366667,13.840333,0.000000,1.097948
441,18.633333,11.466667,13.835000,0.000000,1.089381
442,18.633333,11.366667,13.820000,0.000000,1.085082
443,18.633333,11.400000,13.802667,0.000000,1.081101
444,18.633333,11.433333,13.819667,0.000000,1.093445
445,18.633333,11.600000,13.764000,0.000000,1.070564
446,18.633333,11.266667,13.837667,0.000000,1.091930
447,18.633333,11.300000,13.816000,0.000000,1.081024
448,18.633333,11.266667,13.816333,0.000000,1.087120
449,18.633333,11.300000,13.788000,0.000000,1.065816
450,18.633333,11.300000,13.818333,0.000000,1.102071
451,18.633333,11.366667,13.813333,0.000000,1.102309
452,18.633333,11.400000,13.798000,0.000000,1.078732
453,18.633333,11.300000,13.801000,0.000000,1.075511
454,18.633333,11.433333,13.816667,0.000000,1.053258
455,18.633333,11.233333,13.813333,0.000000,1.096386
456,18.633333,11.300000,13.780333,0.000000,1.084066
457,18.633333,11.300000,13.822000,0.000000,1.095269
458,18.633333,11.266667,13.787333,0.000000,1.112235
459,18.633333,11.333333,13.827667,0.000000,1.073801
460,18.633333,11.500000,13.813333,0.000000,1.085212
461,18.633333,11.633333,13.811667,0.000000,1.045979
462,18.633333,11.433333,13.810000,0.000000,1.056284
463,18.633333,11.500000,13.826667,0.000000,1.048045
464,18.633333,11.466667,13.807000,0.000000,1.078660
465,18.633333,11.433333,13.803333,0.000000,1.056860
466,18.633333,11.266667,13.848333,0.000000,1.080289
467,18.633333,11.166667,13.799667,0.000000,1.090093
468,18.633333,11.300000,13.810667,0.000000,1.074368
469,18.633333,11.366667,13.791000,0.000000,1.062582
470,18.633333,11.266667,13.840333,0.000000,1.099879
471,18.633333,11.466667,13.792667,0.000000,1.056029
472,18.633333,11.366667,13.801333,0.000000,1.086431
473,18.633333,11.366667,13.811333,0.000000,1.068097
474,18.633333,11.400000,13.836000,0.000000,1.098842
475,18.633333,11.300000,13.794000,0.000000,1.075039
476,18.633333,11.266667,13.800667,0.000000,1.111998
477,18.633333,11.400000,13.788000,0.000000,1.064340
478,18.633333,11.133333,13.761333,0.000000,1.061502
479,18.633333,11.433333,13.834000,0.000000,1.078292
480,18.633333,11.366667,13.784333,0.000000,1.066059
481,18.633333,11.366667,13.803000,0.000000,1.085515
482,18.633333,11.333333,13.829667,0.000000,1.068422
483,18.633333,11.266667,13.805667,0.000000,1.080171
484,18.633333,11.333333,13.791333,0.000000,1.088901
485,18.633333,11.300000,13.795667,0.000000,1.059706
486,18.633333,11.400000,13.800333,0.000000,1.079662
487,18.633333,11.166667,13.824333,0.000000,1.090025
488,18.633333,11.300000,13.808333,0.000000,1.083953
489,18.633333,11.333333,13.787667,0.000000,1.089566
490,18.633333,11.433333,13.811667,0.000000,1.093596
491,18.633333,11.366667,13.793333,0.000000,1.065480
492,18.633333,11.300000,13.821667,0.000000,1.086375
493,18.633333,11.366667,13.848333,0.000000,1.084908
494,18.633333,11.433333,13.859333,0.000000,1.096090
495,18.633333,11.500000,13.760000,0.000000,1.059671
496,18.633333,11.333333,13.806667,0.000000,1.086760
497,18.633333,11.133333,13.779000,0.000000,1.091957
498,18.633333,11.400000,13.816333,0.000000,1.073988
499,18.633333,11.400000,13.817333,0.000000,1.100562
500,18.633333,11.400000,13.803333,0.000000,1.097942
BestSdev: 0.281798, Time: 43m3.042270616s