gen,best,worst,mean,rep,sdev
1,27.866667,14.333333,20.768333,0.000000,3.532992
2,28.566667,14.266667,20.605000,0.000000,3.506288
3,29.133333,14.233333,20.646667,0.000000,3.638547
4,30.033333,14.966667,20.953333,0.000000,3.497882
5,30.300000,14.933333,20.778333,0.000000,3.316252
6,30.466667,14.666667,20.606667,0.000000,3.305854
7,31.066667,14.633333,20.781667,0.000000,3.550454
8,31.133333,13.833333,20.586667,0.000000,3.546791
9,31.366667,14.133333,20.771667,0.000000,3.477949
10,31.533333,14.533333,20.778333,0.000000,3.371784
11,31.700000,14.533333,20.800000,0.000000,3.339615
12,31.700000,14.833333,20.768333,0.000000,3.431494
13,31.800000,14.733333,20.763333,0.000000,3.379233
14,31.800000,14.300000,20.843333,0.000000,3.577900
15,31.866667,14.233333,20.688333,0.000000,3.479315
16,32.033333,14.933333,20.690000,0.000000,3.295120
17,32.166667,14.633333,20.756667,0.000000,3.395124
18,32.166667,14.200000,20.686667,0.000000,3.434559
19,32.166667,14.233333,20.606667,0.000000,3.623224
20,32.266667,13.966667,20.801667,0.000000,3.653327
BestSdev: 1.246511, Time: 35.404376238s