gen,best,worst,mean,rep,sdev
1,16.933333,11.100000,13.814833,0.000000,1.094467
2,17.033333,11.000000,13.789833,0.000000,1.086108
3,17.066667,11.066667,13.809167,0.000000,1.087364
4,17.200000,11.133333,13.800333,0.000000,1.077799
5,17.266667,11.000000,13.772333,0.000000,1.092994
6,17.300000,11.033333,13.797833,0.000000,1.076447
7,17.466667,11.033333,13.788500,0.000000,1.102764
8,17.600000,11.066667,13.814500,0.000000,1.085130
9,17.633333,11.100000,13.799333,0.000000,1.079770
10,17.666667,11.133333,13.815000,0.000000,1.101019
11,17.666667,11.066667,13.795000,0.000000,1.088294
12,17.733333,11.066667,13.832667,0.000000,1.092182
13,17.766667,11.166667,13.838333,0.000000,1.093391
14,17.800000,11.100000,13.796000,0.000000,1.078140
15,17.800000,11.033333,13.780833,0.000000,1.075844
16,17.833333,10.966667,13.806167,0.000000,1.085593
17,17.900000,11.166667,13.813833,0.000000,1.080155
18,17.900000,11.000000,13.793000,0.000000,1.088511
19,17.900000,11.000000,13.811500,0.000000,1.084365
20,17.966667,11.033333,13.805500,0.000000,1.096055
BestSdev: 0.316803, Time: 3m30.995399512s