gen,best,worst,mean,rep,sdev
1,16.300000,11.500000,13.814667,0.000000,1.065097
2,16.466667,11.633333,13.814667,0.000000,1.079779
3,16.600000,11.633333,13.795333,0.000000,1.029067
4,16.800000,11.600000,13.832667,0.000000,1.055628
5,16.933333,11.666667,13.869333,0.000000,1.062815
6,17.000000,11.666667,13.777333,0.000000,1.049014
7,17.000000,11.633333,13.810667,0.000000,1.046440
8,17.033333,11.533333,13.776000,0.000000,1.073676
9,17.133333,11.533333,13.837333,0.000000,1.090148
10,17.166667,11.733333,13.795333,0.000000,1.076473
11,17.166667,11.433333,13.762667,0.000000,1.120696
12,17.166667,11.700000,13.859333,0.000000,1.051266
13,17.166667,11.566667,13.770000,0.000000,1.054161
14,17.233333,11.566667,13.824000,0.000000,1.096094
15,17.233333,11.433333,13.796667,0.000000,1.073038
16,17.266667,11.566667,13.805333,0.000000,1.098725
17,17.266667,11.533333,13.795333,0.000000,1.063966
18,17.266667,11.500000,13.788000,0.000000,1.087961
19,17.266667,11.500000,13.791333,0.000000,1.089923
20,17.266667,11.533333,13.808000,0.000000,1.092615
21,17.300000,11.466667,13.792000,0.000000,1.064716
22,17.300000,11.666667,13.822667,0.000000,1.070250
23,17.333333,11.433333,13.795333,0.000000,1.093427
24,17.333333,11.533333,13.829333,0.000000,1.062778
25,17.366667,11.600000,13.854000,0.000000,1.076903
26,17.400000,11.500000,13.766000,0.000000,1.066306
27,17.400000,11.466667,13.780000,0.000000,1.103282
28,17.400000,11.733333,13.816000,0.000000,1.081441
29,17.400000,11.566667,13.801333,0.000000,1.065105
30,17.400000,11.366667,13.836000,0.000000,1.094462
31,17.400000,11.566667,13.798000,0.000000,1.040601
32,17.400000,11.633333,13.784667,0.000000,1.059741
33,17.400000,11.500000,13.819333,0.000000,1.088641
34,17.400000,11.666667,13.802000,0.000000,1.077343
35,17.400000,11.500000,13.799333,0.000000,1.056641
36,17.466667,11.566667,13.779333,0.000000,1.095079
37,17.466667,11.666667,13.817333,0.000000,1.086716
38,17.466667,11.533333,13.782000,0.000000,1.080939
39,17.466667,11.700000,13.837333,0.000000,1.067322
40,17.466667,11.500000,13.803333,0.000000,1.070957
41,17.466667,11.566667,13.771333,0.000000,1.065741
42,17.533333,11.566667,13.782000,0.000000,1.107581
43,17.533333,11.666667,13.793333,0.000000,1.038069
44,17.533333,11.500000,13.796667,0.000000,1.087140
45,17.533333,11.533333,13.838667,0.000000,1.070399
46,17.566667,11.600000,13.740667,0.000000,1.067369
47,17.566667,11.700000,13.808667,0.000000,1.069448
48,17.633333,11.500000,13.819333,0.000000,1.094532
49,17.633333,11.433333,13.767333,0.000000,1.091542
50,17.633333,11.566667,13.825333,0.000000,1.043185
BestSdev: 0.278966, Time: 3m5.008073239s