gen,best,worst,mean,rep,sdev
1,29.433333,13.500000,20.808667,0.000000,3.539392
2,30.600000,13.566667,20.848000,0.000000,3.515697
3,31.166667,13.200000,20.830667,0.000000,3.623187
4,31.566667,13.466667,20.717333,0.000000,3.557948
5,31.700000,13.133333,20.702000,0.000000,3.507414
6,31.800000,13.433333,20.884000,0.000000,3.544828
7,31.866667,13.466667,20.684667,0.000000,3.485349
8,32.200000,13.433333,20.756667,0.000000,3.472976
9,32.266667,13.266667,20.537333,0.000000,3.560407
10,32.600000,13.933333,20.667333,0.000000,3.497156
11,32.633333,13.600000,20.756667,0.000000,3.619115
12,32.633333,13.666667,20.713333,0.000000,3.455735
13,32.766667,13.466667,20.820000,0.000000,3.605232
14,32.800000,13.133333,20.811333,0.000000,3.635288
15,32.800000,13.533333,20.673333,0.000000,3.628558
16,32.833333,13.066667,20.717333,0.000000,3.601199
17,32.866667,13.166667,20.600000,0.000000,3.612283
18,32.933333,13.733333,20.719333,0.000000,3.571063
19,33.000000,13.500000,20.672667,0.000000,3.622391
20,33.033333,13.633333,20.729333,0.000000,3.525972
BestSdev: 0.908043, Time: 1m12.103310087s