gen,best,worst,mean,rep,sdev
1,31.833333,12.233333,20.677667,0.000000,3.682558
2,32.500000,12.233333,20.811833,0.000000,3.602855
3,32.666667,11.900000,20.602500,0.000000,3.565670
4,33.100000,12.033333,20.747833,0.000000,3.601649
5,33.200000,11.933333,20.698667,0.000000,3.588139
6,33.366667,11.800000,20.628833,0.000000,3.611130
7,33.500000,11.633333,20.770500,0.000000,3.642678
8,33.666667,11.800000,20.697500,0.000000,3.577427
9,33.933333,11.866667,20.672167,0.000000,3.597587
10,34.066667,11.900000,20.680833,0.000000,3.615633
11,34.166667,12.000000,20.744333,0.000000,3.633636
12,34.300000,12.033333,20.780167,0.000000,3.638802
13,34.533333,12.300000,20.826833,0.000000,3.615148
14,34.533333,12.200000,20.736167,0.000000,3.550294
15,34.533333,11.833333,20.739833,0.000000,3.611136
16,34.666667,11.833333,20.781333,0.000000,3.596172
17,34.733333,12.166667,20.717500,0.000000,3.560154
18,34.733333,11.966667,20.782667,0.000000,3.634111
19,34.733333,12.033333,20.682500,0.000000,3.581721
20,34.733333,12.000000,20.670333,0.000000,3.622890
21,34.766667,11.900000,20.772333,0.000000,3.574932
22,34.766667,11.900000,20.732833,0.000000,3.589832
23,34.833333,12.366667,20.672167,0.000000,3.540904
24,34.866667,11.900000,20.776667,0.000000,3.623987
25,35.000000,11.733333,20.678833,0.000000,3.623485
26,35.000000,12.100000,20.758000,0.000000,3.601770
27,35.033333,12.100000,20.679667,0.000000,3.621393
28,35.133333,12.133333,20.717667,0.000000,3.665174
29,35.133333,12.333333,20.783167,0.000000,3.568871
30,35.133333,11.833333,20.644000,0.000000,3.624372
31,35.133333,11.766667,20.662167,0.000000,3.651129
32,35.300000,11.900000,20.727500,0.000000,3.617240
33,35.333333,11.966667,20.685833,0.000000,3.653639
34,35.333333,11.666667,20.738167,0.000000,3.672215
35,35.366667,11.966667,20.671167,0.000000,3.562197
36,35.366667,11.833333,20.725500,0.000000,3.628964
37,35.400000,11.900000,20.775167,0.000000,3.662457
38,35.400000,11.866667,20.678000,0.000000,3.578858
39,35.400000,11.933333,20.677667,0.000000,3.624487
40,35.433333,12.100000,20.701000,0.000000,3.600480
41,35.500000,11.733333,20.730167,0.000000,3.613619
42,35.500000,12.033333,20.715833,0.000000,3.583338
43,35.500000,11.966667,20.720667,0.000000,3.578223
44,35.600000,11.933333,20.792500,0.000000,3.663119
45,35.633333,11.966667,20.658167,0.000000,3.571493
46,35.633333,12.333333,20.720167,0.000000,3.612840
47,35.633333,12.166667,20.740667,0.000000,3.595495
48,35.633333,11.866667,20.710000,0.000000,3.594157
49,35.633333,12.200000,20.657667,0.000000,3.523948
50,35.633333,12.033333,20.695333,0.000000,3.564155
BestSdev: 0.904159, Time: 10m34.483898823s