gen,best,worst,mean,rep,sdev
1,32.466667,11.066667,20.725200,0.000000,3.598473
2,33.133333,11.533333,20.723267,0.000000,3.605928
3,33.666667,11.300000,20.747333,0.000000,3.594474
4,33.933333,11.266667,20.750000,0.000000,3.626795
5,34.200000,11.166667,20.736133,0.000000,3.603920
6,34.866667,11.500000,20.722000,0.000000,3.622879
7,35.133333,11.533333,20.773933,0.000000,3.614959
8,35.233333,11.000000,20.749867,0.000000,3.632231
9,35.233333,11.400000,20.720133,0.000000,3.593638
10,35.366667,11.466667,20.728467,0.000000,3.598915
11,35.533333,11.166667,20.696200,0.000000,3.638821
12,35.533333,11.400000,20.708400,0.000000,3.631509
13,35.533333,10.966667,20.748733,0.000000,3.620867
14,35.566667,11.566667,20.772133,0.000000,3.592735
15,35.633333,11.233333,20.728800,0.000000,3.585860
16,35.733333,11.533333,20.702933,0.000000,3.583153
17,35.766667,11.266667,20.698867,0.000000,3.618444
18,35.866667,11.300000,20.717600,0.000000,3.594475
19,35.866667,11.366667,20.744067,0.000000,3.622802
20,35.866667,11.266667,20.735933,0.000000,3.605837
BestSdev: 0.966701, Time: 11m17.00924539s