gen,best,worst,mean,rep,sdev
1,16.700000,11.300000,13.786333,0.000000,1.076399
2,16.766667,11.366667,13.775000,0.000000,1.073958
3,17.033333,11.433333,13.834000,0.000000,1.083920
4,17.100000,11.233333,13.794667,0.000000,1.082745
5,17.200000,11.366667,13.769000,0.000000,1.087280
6,17.266667,11.333333,13.801000,0.000000,1.065578
7,17.366667,11.400000,13.817000,0.000000,1.095378
8,17.466667,11.233333,13.782667,0.000000,1.079699
9,17.466667,11.500000,13.802000,0.000000,1.069196
10,17.566667,11.333333,13.787333,0.000000,1.071422
11,17.566667,11.300000,13.818333,0.000000,1.106168
12,17.600000,11.433333,13.807000,0.000000,1.072562
13,17.600000,11.300000,13.797000,0.000000,1.090159
14,17.633333,11.400000,13.799667,0.000000,1.070087
15,17.666667,11.300000,13.793667,0.000000,1.051910
16,17.666667,11.366667,13.826667,0.000000,1.069915
17,17.666667,11.266667,13.788667,0.000000,1.091185
18,17.700000,11.300000,13.820333,0.000000,1.111835
19,17.700000,11.133333,13.788333,0.000000,1.114494
20,17.700000,11.266667,13.777667,0.000000,1.058741
BestSdev: 0.303914, Time: 1m51.304433957s