gen,best,worst,mean,rep,sdev
1,15.933333,11.966667,13.815000,0.000000,1.044059
2,16.233333,11.766667,13.828333,0.000000,1.072743
3,16.400000,11.933333,13.838333,0.000000,1.037981
4,16.466667,11.833333,13.785000,0.000000,1.064848
5,16.566667,11.800000,13.775000,0.000000,1.051309
6,16.666667,12.100000,13.810000,0.000000,1.007091
7,16.733333,11.866667,13.750000,0.000000,1.060083
8,16.733333,11.933333,13.743333,0.000000,1.075841
9,16.800000,11.933333,13.776667,0.000000,1.066523
10,16.833333,11.966667,13.780000,0.000000,1.064550
11,16.966667,12.100000,13.761667,0.000000,1.014475
12,17.033333,12.066667,13.831667,0.000000,1.034636
13,17.100000,11.800000,13.726667,0.000000,1.049988
14,17.100000,11.933333,13.796667,0.000000,1.056012
15,17.100000,11.866667,13.803333,0.000000,1.001533
16,17.133333,12.000000,13.803333,0.000000,1.056861
17,17.133333,11.933333,13.758333,0.000000,1.037036
18,17.133333,11.900000,13.811667,0.000000,1.013196
19,17.133333,11.966667,13.836667,0.000000,1.037722
20,17.133333,11.900000,13.761667,0.000000,1.070444
21,17.200000,12.066667,13.870000,0.000000,1.052902
22,17.266667,11.933333,13.886667,0.000000,1.062377
23,17.266667,11.800000,13.788333,0.000000,1.091082
24,17.266667,11.866667,13.811667,0.000000,1.090751
25,17.266667,12.100000,13.843333,0.000000,1.017684
26,17.266667,11.933333,13.738333,0.000000,1.022046
27,17.266667,12.000000,13.828333,0.000000,1.066522
28,17.266667,12.000000,13.741667,0.000000,1.009716
29,17.266667,11.866667,13.841667,0.000000,1.033562
30,17.266667,12.000000,13.861667,0.000000,1.093802
31,17.266667,11.933333,13.758333,0.000000,1.000892
32,17.333333,11.733333,13.805000,0.000000,1.102299
33,17.333333,11.866667,13.800000,0.000000,1.045120
34,17.333333,12.066667,13.743333,0.000000,0.951056
35,17.333333,11.933333,13.805000,0.000000,1.046551
36,17.333333,12.033333,13.875000,0.000000,1.086969
37,17.333333,11.766667,13.766667,0.000000,1.030761
38,17.333333,12.100000,13.840000,0.000000,1.036527
39,17.333333,11.833333,13.846667,0.000000,1.094782
40,17.333333,12.066667,13.825000,0.000000,1.021691
41,17.333333,11.866667,13.780000,0.000000,1.039828
42,17.333333,11.800000,13.803333,0.000000,1.084298
43,17.333333,11.766667,13.828333,0.000000,1.040587
44,17.333333,11.900000,13.766667,0.000000,1.005779
45,17.333333,11.833333,13.763333,0.000000,0.997170
46,17.333333,11.933333,13.836667,0.000000,1.007094
47,17.333333,11.933333,13.818333,0.000000,1.087853
48,17.333333,12.066667,13.846667,0.000000,0.986061
49,17.333333,11.833333,13.840000,0.000000,1.076263
50,17.333333,11.900000,13.730000,0.000000,1.041003
51,17.333333,11.900000,13.805000,0.000000,1.026970
52,17.333333,11.633333,13.735000,0.000000,1.097635
53,17.333333,11.766667,13.816667,0.000000,1.086588
54,17.333333,11.933333,13.796667,0.000000,1.073718
55,17.333333,11.966667,13.818333,0.000000,1.009823
56,17.333333,11.966667,13.796667,0.000000,1.027297
57,17.333333,11.833333,13.791667,0.000000,1.033539
58,17.366667,11.933333,13.823333,0.000000,1.091361
59,17.366667,12.033333,13.755000,0.000000,0.986915
60,17.366667,11.900000,13.763333,0.000000,1.062928
61,17.366667,11.866667,13.755000,0.000000,1.079882
62,17.366667,11.833333,13.813333,0.000000,1.045969
63,17.400000,11.900000,13.788333,0.000000,1.025707
64,17.400000,11.900000,13.820000,0.000000,1.112219
65,17.400000,11.900000,13.791667,0.000000,1.058760
66,17.400000,11.833333,13.755000,0.000000,1.049955
67,17.400000,12.166667,13.841667,0.000000,1.015193
68,17.400000,11.833333,13.810000,0.000000,1.035582
69,17.400000,11.733333,13.758333,0.000000,1.063084
70,17.400000,12.033333,13.826667,0.000000,1.044605
71,17.400000,11.933333,13.746667,0.000000,1.028026
72,17.466667,11.966667,13.786667,0.000000,1.063149
73,17.466667,11.900000,13.703333,0.000000,1.053716
74,17.500000,11.866667,13.818333,0.000000,1.081763
75,17.533333,11.866667,13.806667,0.000000,1.088754
76,17.533333,11.766667,13.831667,0.000000,1.110429
77,17.533333,12.033333,13.813333,0.000000,0.983038
78,17.566667,12.033333,13.895000,0.000000,1.040602
79,17.566667,12.066667,13.871667,0.000000,1.030427
80,17.566667,11.866667,13.785000,0.000000,1.078700
81,17.566667,11.900000,13.813333,0.000000,1.018504
82,17.600000,11.800000,13.746667,0.000000,1.062585
83,17.600000,11.966667,13.790000,0.000000,1.039057
84,17.600000,11.966667,13.725000,0.000000,1.012572
85,17.600000,11.966667,13.886667,0.000000,1.056160
86,17.600000,12.133333,13.825000,0.000000,1.029862
87,17.600000,11.900000,13.790000,0.000000,1.074905
88,17.600000,11.966667,13.841667,0.000000,1.037802
89,17.600000,11.800000,13.783333,0.000000,1.071708
90,17.600000,11.933333,13.856667,0.000000,1.077175
91,17.600000,11.833333,13.775000,0.000000,1.039561
92,17.666667,11.833333,13.833333,0.000000,1.073754
93,17.700000,11.900000,13.766667,0.000000,1.078849
94,17.700000,12.033333,13.873333,0.000000,0.973583
95,17.700000,11.966667,13.813333,0.000000,1.056660
96,17.700000,11.900000,13.783333,0.000000,1.111960
97,17.700000,12.033333,13.860000,0.000000,1.004860
98,17.700000,11.966667,13.845000,0.000000,1.065198
99,17.700000,11.766667,13.765000,0.000000,1.093801
100,17.700000,12.066667,13.785000,0.000000,1.049965
101,17.733333,11.866667,13.805000,0.000000,1.108797
102,17.733333,11.966667,13.906667,0.000000,1.049377
103,17.733333,11.966667,13.845000,0.000000,1.052447
104,17.733333,12.000000,13.903333,0.000000,1.063471
105,17.733333,11.933333,13.816667,0.000000,1.055421
106,17.733333,11.900000,13.778333,0.000000,1.033141
107,17.766667,12.033333,13.770000,0.000000,1.062160
108,17.766667,11.866667,13.878333,0.000000,1.051854
109,17.766667,11.966667,13.766667,0.000000,1.028443
110,17.766667,12.000000,13.846667,0.000000,1.001996
111,17.766667,11.833333,13.733333,0.000000,1.031632
112,17.766667,11.766667,13.748333,0.000000,1.077806
113,17.766667,11.800000,13.766667,0.000000,1.064938
114,17.766667,12.000000,13.818333,0.000000,1.083228
115,17.766667,11.800000,13.723333,0.000000,1.071812
116,17.766667,11.800000,13.828333,0.000000,1.086672
117,17.766667,11.700000,13.708333,0.000000,1.073803
118,17.766667,11.800000,13.788333,0.000000,1.075904
119,17.800000,12.133333,13.846667,0.000000,1.005165
120,17.800000,11.866667,13.801667,0.000000,1.061032
121,17.800000,12.000000,13.795000,0.000000,1.068912
122,17.800000,12.066667,13.866667,0.000000,1.026410
123,17.800000,11.900000,13.855000,0.000000,1.029157
124,17.800000,11.833333,13.786667,0.000000,1.016974
125,17.800000,11.833333,13.778333,0.000000,1.054859
126,17.800000,11.966667,13.798333,0.000000,1.048119
127,17.800000,11.833333,13.821667,0.000000,1.062530
128,17.800000,11.900000,13.780000,0.000000,1.069409
129,17.800000,11.833333,13.841667,0.000000,1.082795
130,17.800000,11.700000,13.815000,0.000000,1.094014
131,17.833333,11.800000,13.808333,0.000000,1.101495
132,17.833333,11.800000,13.790000,0.000000,1.105006
133,17.833333,11.933333,13.850000,0.000000,1.033414
134,17.900000,11.933333,13.771667,0.000000,1.046182
135,17.900000,11.833333,13.760000,0.000000,1.070694
136,17.900000,11.966667,13.801667,0.000000,1.063660
137,17.900000,11.933333,13.800000,0.000000,1.065895
138,17.966667,11.833333,13.793333,0.000000,1.110899
139,17.966667,11.933333,13.815000,0.000000,1.057185
140,17.966667,11.833333,13.798333,0.000000,1.104595
141,17.966667,11.933333,13.853333,0.000000,1.042006
142,17.966667,12.033333,13.778333,0.000000,1.036719
143,17.966667,11.900000,13.835000,0.000000,1.055122
144,17.966667,12.033333,13.785000,0.000000,1.001624
145,17.966667,11.900000,13.761667,0.000000,1.040532
146,17.966667,11.933333,13.753333,0.000000,1.025564
147,17.966667,11.933333,13.763333,0.000000,1.043534
148,17.966667,11.866667,13.761667,0.000000,1.094289
149,17.966667,12.033333,13.836667,0.000000,1.009800
150,17.966667,11.866667,13.781667,0.000000,1.087260
151,17.966667,11.933333,13.856667,0.000000,1.026308
152,17.966667,11.766667,13.783333,0.000000,1.097746
153,17.966667,11.866667,13.733333,0.000000,1.063972
154,17.966667,12.033333,13.841667,0.000000,1.081311
155,17.966667,12.266667,13.875000,0.000000,1.012793
156,17.966667,11.833333,13.786667,0.000000,1.098430
157,17.966667,11.966667,13.800000,0.000000,1.028134
158,17.966667,11.666667,13.773333,0.000000,1.090518
159,17.966667,11.966667,13.833333,0.000000,1.008993
160,17.966667,11.900000,13.713333,0.000000,1.065114
161,17.966667,11.833333,13.706667,0.000000,1.029931
162,17.966667,12.033333,13.838333,0.000000,1.004288
163,17.966667,11.866667,13.821667,0.000000,1.074155
164,17.966667,12.033333,13.848333,0.000000,1.069011
165,17.966667,11.933333,13.898333,0.000000,1.027781
166,17.966667,11.933333,13.788333,0.000000,1.075252
167,17.966667,11.933333,13.821667,0.000000,1.067984
168,17.966667,11.933333,13.831667,0.000000,1.036938
169,17.966667,11.800000,13.695000,0.000000,1.029380
170,17.966667,11.933333,13.730000,0.000000,1.032458
171,17.966667,11.833333,13.818333,0.000000,1.076797
172,17.966667,11.966667,13.841667,0.000000,1.056690
173,17.966667,12.000000,13.750000,0.000000,1.029729
174,17.966667,11.766667,13.723333,0.000000,1.037114
175,17.966667,12.000000,13.796667,0.000000,1.002025
176,17.966667,11.966667,13.815000,0.000000,1.024044
177,17.966667,11.900000,13.746667,0.000000,1.017040
178,17.966667,11.966667,13.831667,0.000000,1.041245
179,17.966667,12.133333,13.828333,0.000000,0.982446
180,17.966667,12.033333,13.750000,0.000000,0.993193
181,17.966667,11.866667,13.866667,0.000000,1.103657
182,17.966667,11.866667,13.771667,0.000000,1.058407
183,17.966667,11.966667,13.838333,0.000000,1.078860
184,17.966667,11.900000,13.880000,0.000000,1.076859
185,17.966667,11.933333,13.805000,0.000000,1.107689
186,17.966667,12.000000,13.890000,0.000000,1.067275
187,17.966667,11.800000,13.786667,0.000000,1.051759
188,17.966667,11.866667,13.791667,0.000000,1.072592
189,17.966667,12.000000,13.883333,0.000000,1.012441
190,17.966667,12.033333,13.845000,0.000000,1.058742
191,17.966667,11.833333,13.781667,0.000000,1.060736
192,17.966667,11.900000,13.781667,0.000000,1.037456
193,17.966667,11.700000,13.753333,0.000000,1.044477
194,17.966667,11.900000,13.870000,0.000000,1.020151
195,17.966667,12.066667,13.846667,0.000000,1.033009
196,17.966667,11.833333,13.790000,0.000000,1.059517
197,17.966667,12.000000,13.811667,0.000000,1.016669
198,17.966667,11.900000,13.738333,0.000000,1.031779
199,17.966667,11.766667,13.785000,0.000000,1.089227
200,17.966667,12.066667,13.826667,0.000000,1.020009
201,17.966667,11.666667,13.775000,0.000000,1.051602
202,17.966667,12.033333,13.875000,0.000000,1.029946
203,17.966667,11.866667,13.730000,0.000000,1.038591
204,18.000000,12.033333,13.850000,0.000000,1.045639
205,18.000000,12.066667,13.818333,0.000000,0.987475
206,18.000000,11.766667,13.870000,0.000000,1.093472
207,18.000000,11.866667,13.790000,0.000000,1.052892
208,18.000000,11.900000,13.786667,0.000000,1.037418
209,18.000000,11.766667,13.718333,0.000000,1.075606
210,18.000000,11.900000,13.785000,0.000000,1.102578
211,18.000000,11.866667,13.828333,0.000000,1.045204
212,18.000000,11.933333,13.796667,0.000000,1.003221
213,18.033333,11.966667,13.748333,0.000000,1.015100
214,18.066667,11.766667,13.763333,0.000000,1.093868
215,18.066667,11.966667,13.821667,0.000000,1.080851
216,18.066667,12.166667,13.865000,0.000000,0.986630
217,18.066667,12.066667,13.775000,0.000000,0.997701
218,18.066667,11.766667,13.795000,0.000000,1.069190
219,18.066667,12.033333,13.878333,0.000000,1.019777
220,18.066667,11.833333,13.813333,0.000000,1.021491
221,18.066667,11.866667,13.846667,0.000000,1.066134
222,18.066667,11.766667,13.696667,0.000000,1.062980
223,18.066667,12.033333,13.780000,0.000000,1.018072
224,18.066667,11.933333,13.816667,0.000000,1.053740
225,18.066667,12.033333,13.771667,0.000000,1.032273
226,18.066667,11.900000,13.756667,0.000000,1.036865
227,18.066667,11.866667,13.738333,0.000000,1.057644
228,18.066667,11.933333,13.800000,0.000000,1.084968
229,18.066667,11.966667,13.773333,0.000000,1.019149
230,18.066667,11.633333,13.741667,0.000000,1.096160
231,18.066667,12.000000,13.785000,0.000000,1.038206
232,18.066667,12.133333,13.786667,0.000000,1.017409
233,18.066667,11.866667,13.756667,0.000000,1.019780
234,18.066667,11.866667,13.788333,0.000000,1.070763
235,18.066667,12.066667,13.835000,0.000000,1.045731
236,18.066667,11.733333,13.808333,0.000000,1.056515
237,18.066667,11.766667,13.726667,0.000000,1.076862
238,18.066667,12.066667,13.875000,0.000000,1.063931
239,18.066667,11.800000,13.860000,0.000000,1.087143
240,18.066667,11.966667,13.795000,0.000000,1.020721
241,18.066667,11.966667,13.830000,0.000000,1.004387
242,18.066667,11.766667,13.776667,0.000000,1.035355
243,18.066667,11.833333,13.830000,0.000000,1.044540
244,18.066667,12.166667,13.821667,0.000000,1.014094
245,18.066667,11.800000,13.785000,0.000000,1.102131
246,18.066667,11.866667,13.801667,0.000000,1.082808
247,18.066667,12.000000,13.703333,0.000000,1.060685
248,18.066667,11.900000,13.846667,0.000000,1.073682
249,18.066667,11.933333,13.845000,0.000000,1.049076
250,18.066667,12.000000,13.785000,0.000000,1.053237
251,18.066667,11.900000,13.786667,0.000000,1.076160
252,18.066667,12.200000,13.863333,0.000000,1.039623
253,18.066667,11.900000,13.880000,0.000000,1.070604
254,18.066667,12.033333,13.866667,0.000000,1.049387
255,18.066667,11.766667,13.781667,0.000000,1.097268
256,18.066667,12.100000,13.861667,0.000000,1.041561
257,18.066667,12.033333,13.785000,0.000000,1.009905
258,18.066667,12.000000,13.773333,0.000000,1.036637
259,18.066667,11.900000,13.768333,0.000000,1.091370
260,18.066667,11.866667,13.856667,0.000000,1.077572
261,18.066667,12.000000,13.791667,0.000000,1.043043
262,18.066667,11.966667,13.838333,0.000000,1.114847
263,18.066667,11.900000,13.816667,0.000000,1.059719
264,18.066667,11.866667,13.851667,0.000000,1.112664
265,18.066667,11.866667,13.800000,0.000000,1.058127
266,18.066667,11.633333,13.753333,0.000000,1.080193
267,18.066667,11.833333,13.773333,0.000000,1.082952
268,18.066667,11.900000,13.750000,0.000000,1.034940
269,18.066667,11.900000,13.768333,0.000000,1.066799
270,18.066667,12.000000,13.826667,0.000000,1.033605
271,18.066667,11.833333,13.740000,0.000000,1.070923
272,18.066667,11.966667,13.778333,0.000000,1.077813
273,18.066667,12.133333,13.815000,0.000000,1.059407
274,18.066667,11.800000,13.793333,0.000000,1.055883
275,18.066667,12.033333,13.833333,0.000000,1.031041
276,18.066667,11.966667,13.823333,0.000000,1.017470
277,18.066667,12.033333,13.796667,0.000000,0.989703
278,18.066667,11.966667,13.831667,0.000000,1.022707
279,18.066667,12.066667,13.735000,0.000000,0.994636
280,18.066667,12.133333,13.871667,0.000000,1.040940
281,18.066667,12.133333,13.811667,0.000000,1.062323
282,18.066667,11.900000,13.760000,0.000000,1.013374
283,18.066667,11.833333,13.766667,0.000000,1.045165
284,18.066667,11.966667,13.856667,0.000000,1.056788
285,18.066667,12.033333,13.793333,0.000000,0.997802
286,18.066667,11.866667,13.800000,0.000000,1.035975
287,18.066667,11.966667,13.803333,0.000000,1.033184
288,18.100000,11.900000,13.828333,0.000000,1.061242
289,18.100000,11.766667,13.840000,0.000000,1.110191
290,18.100000,11.900000,13.800000,0.000000,1.056648
291,18.100000,11.966667,13.858333,0.000000,1.088671
292,18.100000,11.733333,13.740000,0.000000,1.048252
293,18.133333,11.866667,13.748333,0.000000,1.046179
294,18.133333,11.933333,13.880000,0.000000,1.078863
295,18.133333,11.933333,13.756667,0.000000,1.029862
296,18.133333,11.966667,13.780000,0.000000,1.032882
297,18.133333,11.966667,13.828333,0.000000,1.058920
298,18.133333,11.766667,13.781667,0.000000,1.044456
299,18.133333,11.833333,13.861667,0.000000,1.058700
300,18.133333,11.933333,13.855000,0.000000,1.051318
301,18.133333,11.800000,13.828333,0.000000,1.069151
302,18.133333,11.933333,13.760000,0.000000,1.026325
303,18.133333,11.800000,13.783333,0.000000,1.043336
304,18.133333,12.066667,13.886667,0.000000,1.018988
305,18.133333,11.833333,13.858333,0.000000,1.083881
306,18.133333,11.833333,13.813333,0.000000,1.059953
307,18.133333,12.000000,13.725000,0.000000,1.001443
308,18.133333,11.866667,13.748333,0.000000,1.064503
309,18.133333,11.833333,13.766667,0.000000,1.008370
310,18.133333,11.900000,13.756667,0.000000,1.008618
311,18.133333,11.833333,13.848333,0.000000,1.094067
312,18.133333,11.966667,13.801667,0.000000,1.055075
313,18.133333,11.900000,13.748333,0.000000,0.989335
314,18.133333,11.833333,13.820000,0.000000,1.062216
315,18.133333,12.100000,13.800000,0.000000,1.045393
316,18.133333,12.066667,13.765000,0.000000,1.014906
317,18.133333,11.900000,13.820000,0.000000,1.031783
318,18.133333,12.066667,13.785000,0.000000,1.036459
319,18.133333,11.800000,13.835000,0.000000,1.001288
320,18.133333,12.033333,13.791667,0.000000,1.034558
321,18.133333,11.933333,13.801667,0.000000,1.008789
322,18.133333,11.833333,13.785000,0.000000,1.081833
323,18.133333,11.666667,13.760000,0.000000,1.141174
324,18.133333,11.900000,13.783333,0.000000,1.096047
325,18.133333,11.700000,13.746667,0.000000,1.046226
326,18.133333,12.000000,13.801667,0.000000,1.078598
327,18.133333,11.900000,13.825000,0.000000,1.109660
328,18.133333,11.900000,13.836667,0.000000,0.999182
329,18.133333,11.900000,13.791667,0.000000,1.090401
330,18.133333,11.833333,13.855000,0.000000,1.064430
331,18.133333,11.933333,13.810000,0.000000,1.042938
332,18.133333,12.033333,13.855000,0.000000,1.053270
333,18.133333,11.833333,13.860000,0.000000,1.108246
334,18.133333,11.866667,13.776667,0.000000,1.060498
335,18.133333,12.033333,13.836667,0.000000,1.049668
336,18.133333,11.900000,13.770000,0.000000,1.078393
337,18.133333,12.100000,13.866667,0.000000,1.046559
338,18.133333,11.766667,13.793333,0.000000,1.093960
339,18.133333,11.833333,13.770000,0.000000,1.087964
340,18.133333,11.933333,13.840000,0.000000,1.071152
341,18.133333,11.833333,13.810000,0.000000,1.061772
342,18.133333,12.100000,13.921667,0.000000,0.987549
343,18.133333,11.833333,13.731667,0.000000,1.025855
344,18.133333,11.900000,13.720000,0.000000,1.033673
345,18.133333,12.066667,13.821667,0.000000,1.006565
346,18.133333,12.000000,13.843333,0.000000,1.058538
347,18.133333,11.933333,13.803333,0.000000,1.101837
348,18.133333,11.933333,13.828333,0.000000,1.012571
349,18.133333,12.000000,13.823333,0.000000,1.033017
350,18.133333,12.066667,13.856667,0.000000,1.036397
351,18.133333,11.966667,13.815000,0.000000,1.019378
352,18.133333,11.900000,13.766667,0.000000,1.024192
353,18.133333,12.000000,13.843333,0.000000,1.021380
354,18.166667,11.933333,13.798333,0.000000,1.064386
355,18.166667,11.966667,13.891667,0.000000,1.042650
356,18.166667,11.900000,13.878333,0.000000,1.075483
357,18.166667,12.000000,13.746667,0.000000,1.032123
358,18.166667,11.933333,13.811667,0.000000,1.052071
359,18.166667,12.000000,13.818333,0.000000,1.046377
360,18.166667,11.833333,13.871667,0.000000,1.038469
361,18.166667,11.933333,13.720000,0.000000,1.013046
362,18.166667,11.633333,13.758333,0.000000,1.063282
363,18.166667,12.066667,13.813333,0.000000,1.036642
364,18.166667,11.966667,13.866667,0.000000,1.070825
365,18.166667,12.033333,13.806667,0.000000,1.007027
366,18.166667,11.933333,13.783333,0.000000,1.016022
367,18.166667,11.933333,13.811667,0.000000,1.034151
368,18.166667,11.833333,13.803333,0.000000,1.038220
369,18.166667,11.766667,13.800000,0.000000,1.105457
370,18.166667,12.133333,13.886667,0.000000,0.969220
371,18.166667,12.033333,13.833333,0.000000,1.029172
372,18.166667,12.000000,13.866667,0.000000,1.062753
373,18.166667,11.933333,13.773333,0.000000,1.054922
374,18.166667,12.133333,13.866667,0.000000,0.994057
375,18.166667,12.033333,13.840000,0.000000,1.027088
376,18.200000,11.966667,13.798333,0.000000,1.069188
377,18.200000,11.833333,13.755000,0.000000,1.056883
378,18.200000,11.900000,13.730000,0.000000,0.973418
379,18.200000,11.900000,13.868333,0.000000,1.082638
380,18.200000,11.866667,13.808333,0.000000,1.051881
381,18.200000,11.866667,13.875000,0.000000,1.068290
382,18.200000,12.000000,13.766667,0.000000,1.029221
383,18.200000,11.966667,13.910000,0.000000,1.022193
384,18.200000,11.933333,13.866667,0.000000,1.055593
385,18.200000,11.900000,13.780000,0.000000,1.023401
386,18.233333,11.866667,13.873333,0.000000,1.060892
387,18.233333,11.766667,13.811667,0.000000,1.079708
388,18.233333,11.966667,13.820000,0.000000,1.060552
389,18.233333,11.966667,13.786667,0.000000,1.059984
390,18.233333,11.933333,13.833333,0.000000,1.043593
391,18.233333,12.033333,13.870000,0.000000,1.054708
392,18.233333,11.966667,13.818333,0.000000,1.047043
393,18.233333,11.833333,13.800000,0.000000,1.046498
394,18.233333,11.866667,13.835000,0.000000,1.097882
395,18.233333,12.033333,13.780000,0.000000,1.014752
396,18.233333,12.066667,13.823333,0.000000,1.007467
397,18.233333,12.166667,13.843333,0.000000,0.982781
398,18.233333,12.033333,13.820000,0.000000,1.027085
399,18.233333,12.166667,13.916667,0.000000,1.026480
400,18.233333,11.900000,13.846667,0.000000,1.056376
401,18.233333,11.966667,13.790000,0.000000,1.040633
402,18.233333,11.733333,13.765000,0.000000,1.113739
403,18.233333,11.900000,13.740000,0.000000,1.020175
404,18.233333,11.766667,13.801667,0.000000,1.070544
405,18.233333,11.933333,13.833333,0.000000,1.022302
406,18.233333,11.833333,13.741667,0.000000,1.051144
407,18.233333,11.833333,13.768333,0.000000,1.041514
408,18.233333,11.933333,13.840000,0.000000,1.091253
409,18.233333,11.833333,13.760000,0.000000,1.096039
410,18.233333,11.766667,13.706667,0.000000,1.061120
411,18.233333,11.800000,13.815000,0.000000,1.067020
412,18.233333,11.966667,13.843333,0.000000,1.066313
413,18.266667,11.833333,13.773333,0.000000,1.044802
414,18.266667,11.966667,13.755000,0.000000,1.018044
415,18.266667,12.066667,13.815000,0.000000,1.007365
416,18.266667,12.000000,13.788333,0.000000,1.000305
417,18.266667,12.000000,13.785000,0.000000,1.019895
418,18.266667,11.866667,13.815000,0.000000,1.076078
419,18.266667,11.866667,13.786667,0.000000,1.068696
420,18.266667,11.800000,13.766667,0.000000,1.058695
421,18.266667,12.033333,13.860000,0.000000,1.038467
422,18.266667,11.800000,13.810000,0.000000,1.114692
423,18.266667,12.066667,13.913333,0.000000,1.059211
424,18.266667,12.033333,13.813333,0.000000,1.038471
425,18.266667,11.966667,13.795000,0.000000,1.075346
426,18.266667,12.066667,13.836667,0.000000,1.008460
427,18.266667,11.700000,13.765000,0.000000,1.077726
428,18.266667,11.833333,13.738333,0.000000,1.079956
429,18.266667,11.966667,13.775000,0.000000,0.953115
430,18.266667,12.000000,13.845000,0.000000,1.085790
431,18.266667,11.900000,13.785000,0.000000,1.065325
432,18.266667,11.833333,13.798333,0.000000,1.072197
433,18.266667,12.033333,13.828333,0.000000,1.048476
434,18.266667,11.900000,13.845000,0.000000,1.039640
435,18.266667,11.833333,13.740000,0.000000,1.004742
436,18.266667,11.900000,13.748333,0.000000,1.072495
437,18.266667,11.866667,13.748333,0.000000,1.034075
438,18.266667,11.966667,13.836667,0.000000,1.047999
439,18.266667,11.900000,13.868333,0.000000,1.023014
440,18.266667,11.766667,13.753333,0.000000,1.068613
441,18.266667,12.000000,13.843333,0.000000,1.055683
442,18.266667,11.700000,13.840000,0.000000,1.104263
443,18.266667,11.766667,13.793333,0.000000,1.095657
444,18.266667,11.933333,13.853333,0.000000,1.062498
445,18.266667,12.000000,13.778333,0.000000,0.997929
446,18.266667,11.866667,13.903333,0.000000,1.078719
447,18.266667,11.966667,13.760000,0.000000,1.053390
448,18.266667,12.000000,13.803333,0.000000,1.023047
449,18.266667,11.933333,13.815000,0.000000,1.049764
450,18.266667,11.900000,13.788333,0.000000,1.064770
451,18.266667,11.866667,13.858333,0.000000,1.070975
452,18.266667,12.066667,13.830000,0.000000,1.047803
453,18.266667,12.066667,13.841667,0.000000,1.032151
454,18.266667,11.700000,13.845000,0.000000,1.117355
455,18.266667,11.866667,13.785000,0.000000,1.084687
456,18.266667,11.966667,13.855000,0.000000,1.040574
457,18.266667,12.100000,13.780000,0.000000,1.033696
458,18.266667,11.766667,13.791667,0.000000,1.063326
459,18.266667,11.900000,13.846667,0.000000,1.026998
460,18.266667,11.833333,13.845000,0.000000,1.041873
461,18.266667,12.066667,13.818333,0.000000,0.984123
462,18.266667,12.000000,13.861667,0.000000,1.042952
463,18.266667,12.033333,13.871667,0.000000,1.045685
464,18.266667,11.833333,13.818333,0.000000,1.080345
465,18.266667,12.000000,13.836667,0.000000,0.990099
466,18.266667,12.066667,13.898333,0.000000,1.061397
467,18.266667,11.766667,13.765000,0.000000,1.098324
468,18.266667,11.866667,13.773333,0.000000,1.038616
469,18.266667,11.966667,13.803333,0.000000,1.069955
470,18.266667,11.933333,13.851667,0.000000,1.042889
471,18.266667,12.133333,13.811667,0.000000,0.987950
472,18.266667,11.866667,13.840000,0.000000,1.057481
473,18.266667,11.800000,13.738333,0.000000,1.079780
474,18.266667,11.966667,13.833333,0.000000,1.080028
475,18.266667,11.900000,13.803333,0.000000,1.071434
476,18.266667,11.866667,13.758333,0.000000,1.064684
477,18.266667,11.966667,13.791667,0.000000,1.051429
478,18.266667,12.066667,13.773333,0.000000,1.050428
479,18.266667,11.966667,13.845000,0.000000,1.055159
480,18.266667,11.933333,13.736667,0.000000,1.003154
481,18.266667,11.966667,13.805000,0.000000,1.042937
482,18.266667,12.000000,13.868333,0.000000,1.066487
483,18.266667,11.900000,13.780000,0.000000,1.060979
484,18.266667,12.166667,13.861667,0.000000,1.039918
485,18.266667,12.133333,13.886667,0.000000,1.044953
486,18.266667,11.800000,13.810000,0.000000,1.054877
487,18.266667,11.933333,13.851667,0.000000,1.039302
488,18.266667,11.933333,13.810000,0.000000,1.042141
489,18.266667,11.733333,13.761667,0.000000,1.099915
490,18.266667,11.800000,13.840000,0.000000,1.074988
491,18.266667,11.833333,13.761667,0.000000,1.041423
492,18.266667,11.900000,13.798333,0.000000,1.049753
493,18.266667,11.900000,13.810000,0.000000,1.046458
494,18.266667,11.833333,13.761667,0.000000,1.029815
495,18.266667,11.900000,13.793333,0.000000,1.039731
496,18.266667,11.966667,13.736667,0.000000,1.041394
497,18.266667,12.000000,13.810000,0.000000,1.045453
498,18.266667,11.900000,13.860000,0.000000,1.060144
499,18.266667,11.933333,13.825000,0.000000,1.057652
500,18.266667,12.033333,13.818333,0.000000,1.043445
BestSdev: 0.368691, Time: 22m54.427312118s