gen,best,worst,mean,rep,sdev
1,30.600000,12.733333,20.786333,0.000000,3.602086
2,31.900000,12.666667,20.710667,0.000000,3.650496
3,32.100000,12.633333,20.724667,0.000000,3.599166
4,32.333333,13.000000,20.772000,0.000000,3.645883
5,32.466667,12.800000,20.706333,0.000000,3.551641
6,32.600000,12.333333,20.619667,0.000000,3.625943
7,32.766667,12.533333,20.696333,0.000000,3.611407
8,32.933333,12.866667,20.711333,0.000000,3.624062
9,33.133333,12.433333,20.740333,0.000000,3.647711
10,33.300000,12.900000,20.679667,0.000000,3.555992
11,33.433333,12.433333,20.673000,0.000000,3.579333
12,33.733333,12.466667,20.726667,0.000000,3.604990
13,33.766667,12.800000,20.766333,0.000000,3.602167
14,33.966667,12.766667,20.670333,0.000000,3.570895
15,34.000000,12.700000,20.628000,0.000000,3.553756
16,34.033333,12.933333,20.781000,0.000000,3.532636
17,34.133333,12.666667,20.666333,0.000000,3.630239
18,34.133333,12.566667,20.632000,0.000000,3.595162
19,34.166667,12.866667,20.665333,0.000000,3.562717
20,34.166667,12.600000,20.630333,0.000000,3.555671
BestSdev: 0.942603, Time: 2m19.673357532s