gen,best,worst,mean,rep,sdev
1,32.500000,11.400000,20.690267,0.000000,3.621191
2,33.866667,11.233333,20.726067,0.000000,3.625391
3,34.333333,11.366667,20.706200,0.000000,3.607201
4,34.500000,11.466667,20.712267,0.000000,3.615381
5,34.866667,11.500000,20.729333,0.000000,3.630808
6,34.933333,11.500000,20.739933,0.000000,3.600183
7,34.966667,11.000000,20.712800,0.000000,3.603044
8,35.000000,11.100000,20.706600,0.000000,3.639091
9,35.033333,11.500000,20.714867,0.000000,3.553108
10,35.100000,11.366667,20.670267,0.000000,3.633243
11,35.266667,11.100000,20.743933,0.000000,3.631333
12,35.266667,11.300000,20.720000,0.000000,3.631113
13,35.400000,11.133333,20.729333,0.000000,3.623408
14,35.466667,11.000000,20.768533,0.000000,3.603384
15,35.500000,11.133333,20.665800,0.000000,3.607153
16,35.533333,11.566667,20.734400,0.000000,3.589652
17,35.533333,11.166667,20.715067,0.000000,3.616984
18,35.666667,11.400000,20.682933,0.000000,3.590933
19,35.666667,11.200000,20.716467,0.000000,3.644094
20,35.666667,11.366667,20.678533,0.000000,3.622257
21,35.666667,11.400000,20.750067,0.000000,3.613674
22,35.766667,11.500000,20.733200,0.000000,3.648846
23,35.833333,11.366667,20.726467,0.000000,3.606538
24,35.866667,11.400000,20.733133,0.000000,3.629422
25,35.933333,11.266667,20.729667,0.000000,3.670969
26,35.966667,11.633333,20.711867,0.000000,3.589727
27,36.033333,11.600000,20.760800,0.000000,3.639081
28,36.033333,11.033333,20.740267,0.000000,3.616908
29,36.033333,11.233333,20.727400,0.000000,3.611289
30,36.033333,11.133333,20.774000,0.000000,3.592263
31,36.133333,11.233333,20.724933,0.000000,3.656014
32,36.133333,11.233333,20.786400,0.000000,3.684054
33,36.133333,11.133333,20.776067,0.000000,3.624959
34,36.166667,11.366667,20.703733,0.000000,3.611593
35,36.166667,11.366667,20.728467,0.000000,3.626775
36,36.233333,11.300000,20.730000,0.000000,3.610781
37,36.233333,11.366667,20.729400,0.000000,3.613243
38,36.300000,11.266667,20.713800,0.000000,3.609966
39,36.300000,11.566667,20.721267,0.000000,3.633302
40,36.366667,11.333333,20.775733,0.000000,3.591995
41,36.366667,10.966667,20.760867,0.000000,3.641860
42,36.466667,11.200000,20.756067,0.000000,3.654059
43,36.500000,11.566667,20.718333,0.000000,3.600384
44,36.500000,11.200000,20.778467,0.000000,3.610892
45,36.533333,11.166667,20.720067,0.000000,3.658755
46,36.533333,11.166667,20.712667,0.000000,3.625114
47,36.533333,11.333333,20.722267,0.000000,3.625554
48,36.566667,11.400000,20.768200,0.000000,3.604911
49,36.700000,11.233333,20.687600,0.000000,3.611151
50,36.700000,11.300000,20.772867,0.000000,3.628256
51,36.700000,11.066667,20.726200,0.000000,3.615910
52,36.700000,11.200000,20.756000,0.000000,3.625594
53,36.700000,11.533333,20.683400,0.000000,3.630315
54,36.700000,11.466667,20.719133,0.000000,3.611885
55,36.700000,11.233333,20.733333,0.000000,3.637278
56,36.733333,11.266667,20.746267,0.000000,3.619405
57,36.733333,11.100000,20.711667,0.000000,3.602852
58,36.766667,11.300000,20.750267,0.000000,3.596989
59,36.800000,11.333333,20.733733,0.000000,3.599884
60,36.833333,11.100000,20.769933,0.000000,3.626746
61,36.833333,11.433333,20.757533,0.000000,3.587178
62,36.900000,11.233333,20.793733,0.000000,3.625017
63,36.966667,11.333333,20.786800,0.000000,3.610725
64,37.000000,11.166667,20.756800,0.000000,3.609646
65,37.000000,11.033333,20.732667,0.000000,3.615897
66,37.000000,11.266667,20.808733,0.000000,3.616672
67,37.000000,11.100000,20.729333,0.000000,3.647908
68,37.000000,11.633333,20.735267,0.000000,3.632870
69,37.033333,11.066667,20.749800,0.000000,3.619250
70,37.033333,11.500000,20.718933,0.000000,3.597556
71,37.033333,11.600000,20.675067,0.000000,3.575499
72,37.033333,11.333333,20.743067,0.000000,3.668288
73,37.033333,11.500000,20.772267,0.000000,3.636043
74,37.033333,10.933333,20.694800,0.000000,3.577327
75,37.033333,11.500000,20.735733,0.000000,3.626005
76,37.033333,11.133333,20.715267,0.000000,3.614190
77,37.033333,11.400000,20.720533,0.000000,3.644127
78,37.033333,11.300000,20.713600,0.000000,3.628996
79,37.033333,11.300000,20.780400,0.000000,3.612944
80,37.033333,11.566667,20.728933,0.000000,3.601722
81,37.033333,11.033333,20.724467,0.000000,3.614958
82,37.033333,11.000000,20.719333,0.000000,3.614556
83,37.033333,11.266667,20.734533,0.000000,3.623349
84,37.033333,11.366667,20.782867,0.000000,3.619852
85,37.033333,11.200000,20.729267,0.000000,3.623718
86,37.033333,11.566667,20.697333,0.000000,3.593122
87,37.033333,11.333333,20.699000,0.000000,3.582915
88,37.033333,11.266667,20.718000,0.000000,3.585102
89,37.033333,11.066667,20.670867,0.000000,3.581968
90,37.033333,11.433333,20.689600,0.000000,3.594880
91,37.033333,11.266667,20.698200,0.000000,3.599370
92,37.033333,11.133333,20.727600,0.000000,3.611325
93,37.033333,11.133333,20.721600,0.000000,3.600987
94,37.066667,11.066667,20.730533,0.000000,3.587302
95,37.066667,11.033333,20.705400,0.000000,3.609025
96,37.066667,11.133333,20.726400,0.000000,3.602637
97,37.066667,11.000000,20.755933,0.000000,3.627476
98,37.066667,11.166667,20.731533,0.000000,3.639490
99,37.066667,11.066667,20.699333,0.000000,3.614977
100,37.166667,11.200000,20.700467,0.000000,3.611666
101,37.166667,11.200000,20.738800,0.000000,3.607439
102,37.166667,11.466667,20.735667,0.000000,3.590462
103,37.166667,11.166667,20.728800,0.000000,3.637472
104,37.166667,11.366667,20.740400,0.000000,3.612112
105,37.166667,11.433333,20.706933,0.000000,3.619842
106,37.166667,11.233333,20.762933,0.000000,3.618688
107,37.166667,11.200000,20.787733,0.000000,3.660255
108,37.166667,11.466667,20.765733,0.000000,3.628254
109,37.166667,11.466667,20.765467,0.000000,3.623470
110,37.166667,11.266667,20.715267,0.000000,3.612062
111,37.166667,11.400000,20.684200,0.000000,3.630794
112,37.166667,11.400000,20.694533,0.000000,3.611219
113,37.166667,10.966667,20.726200,0.000000,3.606545
114,37.200000,11.566667,20.715667,0.000000,3.631140
115,37.200000,11.266667,20.720933,0.000000,3.580376
116,37.200000,11.300000,20.761800,0.000000,3.607603
117,37.200000,11.100000,20.703400,0.000000,3.623098
118,37.200000,11.266667,20.764133,0.000000,3.628435
119,37.200000,11.733333,20.754867,0.000000,3.641259
120,37.200000,11.400000,20.696800,0.000000,3.592192
121,37.200000,11.200000,20.749600,0.000000,3.633965
122,37.200000,11.433333,20.762667,0.000000,3.642872
123,37.200000,11.600000,20.765467,0.000000,3.616502
124,37.200000,11.166667,20.740533,0.000000,3.639807
125,37.200000,11.366667,20.753733,0.000000,3.617110
126,37.200000,11.233333,20.774467,0.000000,3.619284
127,37.200000,11.266667,20.740467,0.000000,3.632525
128,37.200000,11.166667,20.756133,0.000000,3.612381
129,37.200000,11.100000,20.762600,0.000000,3.580617
130,37.200000,11.166667,20.745467,0.000000,3.623577
131,37.200000,11.466667,20.758800,0.000000,3.583970
132,37.200000,11.100000,20.717400,0.000000,3.639571
133,37.200000,11.300000,20.732333,0.000000,3.618192
134,37.200000,11.333333,20.726467,0.000000,3.583667
135,37.233333,11.266667,20.778933,0.000000,3.618782
136,37.233333,11.266667,20.764867,0.000000,3.650079
137,37.233333,11.200000,20.749600,0.000000,3.611572
138,37.233333,11.233333,20.708867,0.000000,3.628596
139,37.233333,11.166667,20.718267,0.000000,3.628167
140,37.233333,11.333333,20.708933,0.000000,3.602038
141,37.233333,11.100000,20.730800,0.000000,3.630124
142,37.233333,10.933333,20.674733,0.000000,3.598536
143,37.233333,11.200000,20.731133,0.000000,3.629819
144,37.233333,11.433333,20.761067,0.000000,3.633025
145,37.233333,11.400000,20.755867,0.000000,3.620039
146,37.233333,11.533333,20.719000,0.000000,3.594640
147,37.233333,11.200000,20.737667,0.000000,3.619445
148,37.233333,11.400000,20.725867,0.000000,3.594576
149,37.233333,11.200000,20.740933,0.000000,3.602489
150,37.233333,11.200000,20.669333,0.000000,3.653035
151,37.233333,11.400000,20.701267,0.000000,3.595807
152,37.233333,11.200000,20.700267,0.000000,3.589260
153,37.233333,11.200000,20.698933,0.000000,3.632550
154,37.233333,11.333333,20.706400,0.000000,3.618339
155,37.233333,11.300000,20.752800,0.000000,3.646512
156,37.233333,11.066667,20.722333,0.000000,3.638121
157,37.233333,11.133333,20.741533,0.000000,3.657984
158,37.233333,10.966667,20.643400,0.000000,3.616986
159,37.233333,11.366667,20.718267,0.000000,3.639096
160,37.233333,10.933333,20.703933,0.000000,3.633557
161,37.233333,11.500000,20.707400,0.000000,3.595977
162,37.233333,11.266667,20.695067,0.000000,3.610660
163,37.233333,11.133333,20.774200,0.000000,3.617837
164,37.233333,11.400000,20.770533,0.000000,3.635476
165,37.233333,11.500000,20.728400,0.000000,3.635120
166,37.233333,11.166667,20.742333,0.000000,3.666171
167,37.233333,11.066667,20.716933,0.000000,3.617059
168,37.233333,11.366667,20.722800,0.000000,3.631103
169,37.233333,11.533333,20.775400,0.000000,3.647503
170,37.233333,11.200000,20.765200,0.000000,3.631268
171,37.233333,10.933333,20.665800,0.000000,3.621242
172,37.233333,11.133333,20.730400,0.000000,3.633316
173,37.233333,11.500000,20.729667,0.000000,3.603450
174,37.233333,11.366667,20.771867,0.000000,3.599449
175,37.233333,11.166667,20.730867,0.000000,3.639884
176,37.233333,11.133333,20.727933,0.000000,3.655353
177,37.233333,11.300000,20.802733,0.000000,3.637665
178,37.233333,11.366667,20.717533,0.000000,3.589757
179,37.233333,11.266667,20.768067,0.000000,3.609956
180,37.233333,11.066667,20.735400,0.000000,3.600977
181,37.233333,11.333333,20.726533,0.000000,3.617846
182,37.233333,11.466667,20.721067,0.000000,3.623073
183,37.233333,11.000000,20.739067,0.000000,3.635562
184,37.266667,11.266667,20.712733,0.000000,3.608657
185,37.266667,11.200000,20.719867,0.000000,3.607324
186,37.266667,11.333333,20.737400,0.000000,3.623417
187,37.266667,11.066667,20.708200,0.000000,3.620423
188,37.266667,11.066667,20.719933,0.000000,3.633302
189,37.266667,11.333333,20.725933,0.000000,3.580150
190,37.266667,11.366667,20.763133,0.000000,3.617453
191,37.266667,11.266667,20.709267,0.000000,3.585423
192,37.266667,11.000000,20.710800,0.000000,3.599533
193,37.266667,10.966667,20.657667,0.000000,3.646231
194,37.266667,11.466667,20.723200,0.000000,3.633617
195,37.266667,11.266667,20.761800,0.000000,3.618207
196,37.266667,11.133333,20.751267,0.000000,3.663604
197,37.266667,11.133333,20.713200,0.000000,3.591430
198,37.266667,11.200000,20.706800,0.000000,3.596250
199,37.266667,11.400000,20.735467,0.000000,3.633453
200,37.266667,11.600000,20.765067,0.000000,3.610051
BestSdev: 0.734462, Time: 1h40m25.341029428s