gen,best,worst,mean,rep,sdev
1,27.333333,14.500000,20.463333,0.000000,3.451712
2,28.666667,14.833333,20.788333,0.000000,3.401344
3,29.533333,14.366667,20.503333,0.000000,3.371148
4,29.833333,14.866667,20.955000,0.000000,3.342787
5,30.333333,14.300000,20.790000,0.000000,3.696122
6,30.533333,14.233333,20.715000,0.000000,3.559895
7,30.733333,14.066667,20.678333,0.000000,3.562121
8,30.866667,14.466667,20.685000,0.000000,3.371660
9,31.066667,14.800000,21.080000,0.000000,3.442990
10,31.200000,14.800000,20.540000,0.000000,3.379138
11,31.333333,14.566667,20.560000,0.000000,3.470203
12,31.500000,14.033333,20.541667,0.000000,3.562627
13,31.600000,14.800000,20.833333,0.000000,3.423173
14,31.600000,14.000000,20.690000,0.000000,3.569593
15,31.733333,14.400000,20.710000,0.000000,3.498501
16,31.733333,14.366667,20.493333,0.000000,3.513307
17,31.900000,14.466667,20.555000,0.000000,3.511482
18,31.933333,14.933333,21.106667,0.000000,3.519398
19,31.966667,14.566667,20.680000,0.000000,3.440390
20,32.100000,14.566667,20.796667,0.000000,3.575484
21,32.100000,14.300000,20.666667,0.000000,3.495999
22,32.400000,14.233333,21.018333,0.000000,3.697374
23,32.500000,14.533333,21.105000,0.000000,3.544758
24,32.500000,14.233333,20.685000,0.000000,3.454489
25,32.500000,14.533333,20.643333,0.000000,3.291249
26,32.500000,14.033333,20.596667,0.000000,3.449612
27,32.500000,14.466667,20.685000,0.000000,3.414069
28,32.566667,14.433333,20.936667,0.000000,3.598673
29,32.633333,14.566667,20.865000,0.000000,3.608276
30,32.633333,14.900000,20.956667,0.000000,3.253196
31,32.666667,14.000000,20.415000,0.000000,3.555430
32,32.700000,14.466667,20.748333,0.000000,3.437787
33,32.700000,14.400000,20.808333,0.000000,3.415248
34,32.700000,14.466667,20.821667,0.000000,3.635758
35,32.900000,14.433333,20.753333,0.000000,3.432156
36,32.900000,14.700000,20.591667,0.000000,3.445126
37,33.000000,14.800000,20.963333,0.000000,3.390151
38,33.000000,14.600000,20.768333,0.000000,3.473713
39,33.066667,14.533333,20.646667,0.000000,3.459507
40,33.066667,14.800000,20.770000,0.000000,3.434261
41,33.100000,13.800000,20.691667,0.000000,3.510140
42,33.100000,14.166667,20.873333,0.000000,3.393760
43,33.266667,14.133333,20.600000,0.000000,3.533505
44,33.300000,14.500000,20.630000,0.000000,3.262776
45,33.300000,14.400000,20.608333,0.000000,3.589562
46,33.300000,14.500000,20.653333,0.000000,3.405295
47,33.333333,14.866667,20.820000,0.000000,3.362715
48,33.333333,14.133333,20.950000,0.000000,3.544334
49,33.333333,14.333333,20.821667,0.000000,3.558589
50,33.566667,14.533333,20.821667,0.000000,3.579587
51,33.566667,14.733333,21.055000,0.000000,3.501283
52,33.566667,14.100000,20.890000,0.000000,3.664462
53,33.566667,14.466667,20.888333,0.000000,3.475863
54,33.633333,14.500000,20.703333,0.000000,3.531648
55,33.666667,14.500000,20.413333,0.000000,3.440734
56,33.700000,14.366667,20.828333,0.000000,3.496815
57,33.700000,14.400000,20.801667,0.000000,3.497928
58,33.700000,14.233333,20.713333,0.000000,3.546155
59,33.766667,14.566667,20.763333,0.000000,3.554183
60,33.766667,14.666667,20.870000,0.000000,3.584726
61,33.766667,14.933333,20.598333,0.000000,3.254024
62,33.766667,14.366667,20.675000,0.000000,3.445670
63,33.900000,14.300000,21.011667,0.000000,3.674721
64,33.900000,14.433333,20.680000,0.000000,3.539048
65,33.933333,14.433333,20.700000,0.000000,3.589208
66,34.033333,14.433333,20.561667,0.000000,3.422887
67,34.066667,14.133333,20.703333,0.000000,3.598620
68,34.066667,14.233333,20.725000,0.000000,3.663863
69,34.066667,14.266667,20.641667,0.000000,3.589245
70,34.066667,14.433333,20.891667,0.000000,3.473083
71,34.100000,14.900000,20.798333,0.000000,3.456866
72,34.100000,13.866667,20.578333,0.000000,3.674724
73,34.100000,14.100000,20.778333,0.000000,3.591466
74,34.100000,14.800000,20.886667,0.000000,3.332809
75,34.166667,14.300000,20.751667,0.000000,3.422454
76,34.166667,14.433333,20.736667,0.000000,3.483607
77,34.166667,14.733333,20.600000,0.000000,3.374222
78,34.166667,14.633333,20.823333,0.000000,3.581645
79,34.166667,14.700000,20.926667,0.000000,3.419606
80,34.166667,13.966667,20.713333,0.000000,3.533517
81,34.166667,14.900000,20.585000,0.000000,3.282584
82,34.166667,14.666667,20.936667,0.000000,3.348130
83,34.166667,14.633333,20.780000,0.000000,3.447990
84,34.166667,14.500000,20.723333,0.000000,3.439430
85,34.200000,14.466667,21.128333,0.000000,3.572747
86,34.200000,14.600000,20.601667,0.000000,3.309473
87,34.200000,13.933333,20.791667,0.000000,3.676301
88,34.233333,14.933333,20.761667,0.000000,3.516991
89,34.233333,14.166667,20.683333,0.000000,3.576423
90,34.233333,14.733333,20.838333,0.000000,3.403572
91,34.233333,14.833333,20.758333,0.000000,3.453963
92,34.233333,14.700000,20.800000,0.000000,3.382845
93,34.233333,14.400000,20.565000,0.000000,3.444388
94,34.233333,14.833333,20.808333,0.000000,3.327603
95,34.233333,13.966667,20.671667,0.000000,3.543269
96,34.233333,14.833333,20.846667,0.000000,3.422883
97,34.233333,14.366667,20.761667,0.000000,3.606138
98,34.233333,14.833333,20.856667,0.000000,3.319318
99,34.233333,14.633333,20.865000,0.000000,3.593376
100,34.233333,14.266667,20.835000,0.000000,3.418917
101,34.266667,14.033333,20.466667,0.000000,3.304275
102,34.266667,14.333333,20.631667,0.000000,3.405194
103,34.333333,14.600000,20.765000,0.000000,3.533398
104,34.333333,14.633333,20.878333,0.000000,3.466950
105,34.400000,14.866667,21.003333,0.000000,3.537161
106,34.400000,15.066667,21.031667,0.000000,3.495269
107,34.400000,13.800000,20.608333,0.000000,3.406468
108,34.433333,15.166667,20.770000,0.000000,3.406093
109,34.500000,15.500000,20.665000,0.000000,3.205211
110,34.500000,14.766667,20.926667,0.000000,3.345093
111,34.500000,13.933333,20.403333,0.000000,3.381155
112,34.500000,14.966667,20.811667,0.000000,3.281722
113,34.500000,14.200000,20.763333,0.000000,3.679370
114,34.500000,14.433333,20.758333,0.000000,3.456455
115,34.500000,14.733333,20.850000,0.000000,3.327302
116,34.500000,14.233333,20.568333,0.000000,3.426128
117,34.566667,14.400000,20.958333,0.000000,3.657489
118,34.566667,14.600000,20.655000,0.000000,3.446888
119,34.566667,14.233333,20.615000,0.000000,3.499409
120,34.566667,14.333333,20.700000,0.000000,3.698548
121,34.566667,14.233333,20.686667,0.000000,3.622986
122,34.566667,13.833333,20.428333,0.000000,3.523258
123,34.566667,14.466667,20.671667,0.000000,3.426693
124,34.566667,14.566667,20.920000,0.000000,3.346457
125,34.600000,14.566667,20.586667,0.000000,3.402185
126,34.600000,14.800000,21.048333,0.000000,3.462663
127,34.600000,14.300000,20.881667,0.000000,3.704646
128,34.600000,14.566667,20.855000,0.000000,3.546748
129,34.600000,14.433333,20.668333,0.000000,3.377961
130,34.600000,14.333333,21.053333,0.000000,3.581006
131,34.600000,14.400000,20.631667,0.000000,3.469565
132,34.600000,14.266667,20.771667,0.000000,3.442741
133,34.600000,15.000000,21.050000,0.000000,3.509651
134,34.600000,14.600000,20.553333,0.000000,3.495183
135,34.600000,14.900000,20.661667,0.000000,3.429673
136,34.600000,13.966667,20.735000,0.000000,3.588050
137,34.600000,14.066667,20.690000,0.000000,3.607853
138,34.600000,14.400000,20.560000,0.000000,3.379900
139,34.766667,14.266667,20.886667,0.000000,3.634007
140,34.800000,14.133333,20.633333,0.000000,3.555853
141,34.800000,15.133333,20.868333,0.000000,3.390030
142,34.800000,14.433333,20.543333,0.000000,3.289284
143,34.800000,14.800000,20.636667,0.000000,3.367119
144,34.800000,14.100000,20.695000,0.000000,3.497379
145,34.800000,14.033333,20.521667,0.000000,3.554478
146,34.800000,15.166667,20.825000,0.000000,3.284395
147,34.800000,14.433333,20.626667,0.000000,3.519218
148,34.800000,14.166667,20.748333,0.000000,3.544350
149,34.800000,14.600000,20.433333,0.000000,3.395514
150,34.800000,14.266667,20.716667,0.000000,3.572100
151,34.800000,14.600000,20.816667,0.000000,3.479371
152,34.800000,14.200000,20.543333,0.000000,3.517826
153,34.800000,14.133333,20.588333,0.000000,3.416229
154,34.800000,15.000000,20.775000,0.000000,3.283789
155,34.800000,14.400000,20.660000,0.000000,3.543291
156,34.800000,14.633333,20.940000,0.000000,3.523387
157,34.800000,14.500000,20.538333,0.000000,3.506492
158,34.800000,14.733333,20.725000,0.000000,3.437151
159,34.800000,13.866667,20.768333,0.000000,3.525778
160,34.800000,14.400000,20.831667,0.000000,3.454014
161,34.800000,14.900000,20.805000,0.000000,3.255173
162,34.800000,14.833333,20.770000,0.000000,3.422491
163,34.800000,14.633333,20.893333,0.000000,3.443847
164,34.833333,14.966667,21.016667,0.000000,3.581683
165,34.833333,14.300000,20.663333,0.000000,3.489583
166,34.833333,14.433333,20.398333,0.000000,3.352741
167,34.833333,14.733333,20.736667,0.000000,3.397131
168,34.833333,14.333333,20.761667,0.000000,3.568736
169,34.833333,14.366667,20.531667,0.000000,3.527678
170,34.833333,14.733333,20.735000,0.000000,3.551194
171,34.833333,14.366667,20.765000,0.000000,3.517489
172,34.833333,14.133333,20.570000,0.000000,3.515384
173,34.833333,14.366667,20.640000,0.000000,3.451821
174,34.833333,14.833333,20.693333,0.000000,3.424698
175,34.833333,14.233333,20.696667,0.000000,3.427859
176,34.833333,14.433333,20.771667,0.000000,3.588857
177,34.833333,14.533333,20.998333,0.000000,3.493359
178,34.833333,14.466667,20.560000,0.000000,3.422333
179,34.833333,14.666667,20.916667,0.000000,3.592242
180,34.833333,14.533333,20.798333,0.000000,3.603370
181,34.933333,14.866667,20.788333,0.000000,3.408402
182,34.933333,14.066667,20.495000,0.000000,3.681029
183,34.933333,14.466667,20.708333,0.000000,3.483981
184,34.933333,14.766667,20.731667,0.000000,3.490332
185,34.933333,14.266667,20.411667,0.000000,3.514003
186,34.933333,14.566667,20.626667,0.000000,3.334900
187,34.933333,14.000000,20.561667,0.000000,3.470478
188,34.933333,14.366667,20.876667,0.000000,3.493049
189,34.966667,14.833333,20.838333,0.000000,3.372006
190,34.966667,15.066667,20.801667,0.000000,3.346451
191,35.000000,14.333333,20.898333,0.000000,3.585029
192,35.000000,14.366667,20.410000,0.000000,3.197965
193,35.000000,14.666667,20.641667,0.000000,3.185662
194,35.000000,14.100000,20.720000,0.000000,3.556873
195,35.000000,14.300000,20.940000,0.000000,3.583250
196,35.000000,14.533333,20.750000,0.000000,3.430444
197,35.033333,14.900000,20.890000,0.000000,3.388169
198,35.033333,14.633333,20.878333,0.000000,3.344969
199,35.033333,14.600000,20.596667,0.000000,3.530308
200,35.033333,14.300000,20.603333,0.000000,3.478006
BestSdev: 1.271602, Time: 5m43.346809667s