gen,best,worst,mean,rep,sdev
1,32.366667,11.366667,20.681467,0.000000,3.628561
2,33.466667,11.200000,20.791667,0.000000,3.644059
3,34.000000,10.966667,20.716067,0.000000,3.648100
4,34.500000,11.166667,20.742467,0.000000,3.618771
5,34.666667,11.100000,20.699000,0.000000,3.626113
6,34.800000,11.466667,20.728867,0.000000,3.593962
7,34.866667,11.633333,20.766600,0.000000,3.615977
8,35.100000,11.366667,20.758533,0.000000,3.586598
9,35.100000,11.300000,20.759867,0.000000,3.623249
10,35.166667,11.066667,20.693667,0.000000,3.586105
11,35.333333,11.133333,20.677067,0.000000,3.653250
12,35.466667,11.033333,20.751533,0.000000,3.642570
13,35.600000,10.900000,20.701733,0.000000,3.613311
14,35.600000,11.133333,20.736400,0.000000,3.606361
15,35.733333,11.200000,20.703533,0.000000,3.639824
16,35.800000,11.166667,20.722733,0.000000,3.649332
17,35.933333,10.900000,20.725933,0.000000,3.604038
18,35.933333,11.166667,20.736267,0.000000,3.654237
19,36.000000,11.266667,20.792867,0.000000,3.624842
20,36.066667,11.233333,20.690600,0.000000,3.650221
21,36.100000,11.266667,20.739667,0.000000,3.621887
22,36.133333,10.933333,20.721133,0.000000,3.597760
23,36.133333,11.266667,20.680667,0.000000,3.600225
24,36.133333,11.333333,20.716000,0.000000,3.632027
25,36.133333,11.466667,20.688600,0.000000,3.553844
26,36.133333,11.200000,20.726600,0.000000,3.595215
27,36.233333,11.466667,20.716067,0.000000,3.607572
28,36.366667,11.333333,20.766600,0.000000,3.632228
29,36.366667,11.133333,20.757867,0.000000,3.631069
30,36.366667,11.466667,20.724733,0.000000,3.609638
31,36.366667,11.166667,20.714467,0.000000,3.583356
32,36.366667,11.100000,20.655000,0.000000,3.624359
33,36.433333,11.266667,20.732933,0.000000,3.627646
34,36.466667,11.333333,20.799067,0.000000,3.614309
35,36.466667,11.333333,20.727400,0.000000,3.614765
36,36.500000,11.233333,20.680467,0.000000,3.624349
37,36.500000,11.233333,20.734933,0.000000,3.661583
38,36.500000,11.433333,20.726600,0.000000,3.610734
39,36.500000,11.200000,20.745733,0.000000,3.631414
40,36.633333,11.133333,20.740667,0.000000,3.659666
41,36.633333,11.200000,20.746867,0.000000,3.623426
42,36.633333,11.166667,20.702867,0.000000,3.636038
43,36.633333,11.266667,20.744333,0.000000,3.666423
44,36.633333,11.300000,20.727400,0.000000,3.607637
45,36.633333,11.066667,20.731800,0.000000,3.591967
46,36.633333,11.200000,20.746400,0.000000,3.666139
47,36.633333,11.133333,20.736133,0.000000,3.612190
48,36.633333,11.300000,20.754200,0.000000,3.610481
49,36.633333,11.133333,20.717200,0.000000,3.624906
50,36.666667,11.233333,20.715600,0.000000,3.649442
51,36.666667,11.066667,20.705000,0.000000,3.607892
52,36.666667,10.933333,20.742467,0.000000,3.646225
53,36.666667,11.166667,20.741000,0.000000,3.639606
54,36.700000,11.433333,20.744067,0.000000,3.603180
55,36.700000,11.400000,20.640067,0.000000,3.614714
56,36.700000,11.000000,20.729933,0.000000,3.620080
57,36.700000,11.166667,20.733600,0.000000,3.601002
58,36.700000,11.333333,20.680667,0.000000,3.606565
59,36.733333,11.100000,20.738000,0.000000,3.630277
60,36.733333,11.333333,20.741000,0.000000,3.650028
61,36.733333,11.233333,20.749000,0.000000,3.610019
62,36.733333,11.466667,20.747800,0.000000,3.593216
63,36.733333,11.233333,20.746400,0.000000,3.635206
64,36.833333,11.066667,20.701467,0.000000,3.626700
65,36.833333,10.700000,20.723867,0.000000,3.641859
66,36.933333,11.433333,20.700467,0.000000,3.614030
67,36.966667,11.366667,20.715133,0.000000,3.650577
68,36.966667,11.600000,20.757267,0.000000,3.585390
69,37.000000,11.200000,20.722933,0.000000,3.586600
70,37.000000,11.366667,20.756067,0.000000,3.632343
71,37.000000,11.133333,20.729133,0.000000,3.621270
72,37.000000,11.300000,20.673733,0.000000,3.626152
73,37.000000,11.500000,20.739600,0.000000,3.601831
74,37.000000,11.333333,20.720667,0.000000,3.596194
75,37.033333,11.366667,20.796400,0.000000,3.600109
76,37.033333,11.300000,20.705600,0.000000,3.631878
77,37.100000,11.433333,20.749533,0.000000,3.638884
78,37.100000,11.266667,20.728933,0.000000,3.663030
79,37.100000,11.100000,20.779533,0.000000,3.640429
80,37.100000,11.333333,20.703267,0.000000,3.653062
81,37.100000,11.333333,20.737267,0.000000,3.611919
82,37.100000,11.233333,20.725333,0.000000,3.633502
83,37.100000,11.166667,20.763467,0.000000,3.625358
84,37.100000,11.133333,20.716867,0.000000,3.617967
85,37.100000,11.400000,20.671733,0.000000,3.606012
86,37.100000,11.333333,20.672800,0.000000,3.613326
87,37.100000,11.366667,20.782067,0.000000,3.614413
88,37.100000,11.433333,20.807400,0.000000,3.602886
89,37.100000,11.133333,20.699867,0.000000,3.632119
90,37.100000,11.033333,20.708333,0.000000,3.639859
91,37.100000,11.366667,20.740467,0.000000,3.602557
92,37.100000,11.166667,20.761000,0.000000,3.641383
93,37.100000,11.066667,20.698533,0.000000,3.602536
94,37.100000,11.133333,20.737667,0.000000,3.610492
95,37.100000,11.000000,20.713533,0.000000,3.640081
96,37.100000,11.133333,20.729933,0.000000,3.639415
97,37.100000,11.566667,20.735467,0.000000,3.614314
98,37.100000,11.000000,20.648800,0.000000,3.635467
99,37.100000,11.500000,20.758133,0.000000,3.609385
100,37.133333,11.166667,20.720600,0.000000,3.654646
101,37.133333,11.333333,20.715400,0.000000,3.572494
102,37.166667,11.533333,20.704333,0.000000,3.641825
103,37.166667,11.333333,20.732267,0.000000,3.615220
104,37.200000,11.000000,20.699200,0.000000,3.566941
105,37.200000,10.900000,20.705733,0.000000,3.644509
106,37.200000,11.200000,20.695067,0.000000,3.607303
107,37.200000,11.200000,20.758800,0.000000,3.617079
108,37.200000,11.333333,20.713800,0.000000,3.612077
109,37.233333,10.933333,20.745600,0.000000,3.631354
110,37.233333,11.666667,20.728000,0.000000,3.607348
111,37.233333,11.466667,20.756467,0.000000,3.620710
112,37.233333,11.233333,20.755600,0.000000,3.617792
113,37.233333,11.400000,20.702133,0.000000,3.580396
114,37.233333,11.366667,20.729667,0.000000,3.649224
115,37.233333,11.166667,20.762400,0.000000,3.636390
116,37.233333,11.166667,20.738800,0.000000,3.633890
117,37.233333,11.233333,20.727400,0.000000,3.629345
118,37.233333,10.966667,20.720800,0.000000,3.606856
119,37.266667,11.266667,20.721067,0.000000,3.606140
120,37.266667,11.333333,20.737533,0.000000,3.606878
121,37.266667,11.533333,20.730400,0.000000,3.595086
122,37.266667,11.266667,20.725133,0.000000,3.567764
123,37.266667,11.333333,20.748400,0.000000,3.611230
124,37.266667,11.666667,20.736600,0.000000,3.655458
125,37.266667,11.233333,20.713467,0.000000,3.631283
126,37.266667,11.066667,20.728733,0.000000,3.623072
127,37.266667,11.600000,20.740000,0.000000,3.599431
128,37.266667,11.466667,20.691933,0.000000,3.598516
129,37.266667,11.266667,20.705800,0.000000,3.608430
130,37.266667,11.266667,20.745133,0.000000,3.645245
131,37.266667,11.433333,20.685933,0.000000,3.596064
132,37.266667,11.100000,20.721867,0.000000,3.622506
133,37.266667,11.333333,20.730067,0.000000,3.631889
134,37.266667,11.266667,20.729933,0.000000,3.637600
135,37.266667,11.300000,20.694400,0.000000,3.587713
136,37.266667,11.266667,20.673000,0.000000,3.608754
137,37.266667,11.100000,20.712533,0.000000,3.660690
138,37.266667,11.400000,20.726800,0.000000,3.629149
139,37.266667,11.133333,20.737000,0.000000,3.636716
140,37.266667,11.300000,20.738400,0.000000,3.629528
141,37.266667,11.300000,20.797400,0.000000,3.623835
142,37.266667,11.566667,20.721000,0.000000,3.571243
143,37.266667,11.466667,20.698000,0.000000,3.585220
144,37.266667,11.333333,20.751467,0.000000,3.616535
145,37.266667,11.533333,20.779733,0.000000,3.586773
146,37.266667,10.933333,20.749133,0.000000,3.599516
147,37.266667,10.766667,20.704933,0.000000,3.668002
148,37.300000,11.100000,20.773800,0.000000,3.664670
149,37.300000,11.200000,20.671600,0.000000,3.618531
150,37.300000,11.033333,20.684467,0.000000,3.604342
151,37.300000,11.300000,20.735000,0.000000,3.601260
152,37.333333,11.333333,20.716733,0.000000,3.583749
153,37.333333,11.466667,20.751067,0.000000,3.619731
154,37.333333,11.433333,20.676000,0.000000,3.616194
155,37.333333,11.500000,20.744800,0.000000,3.603345
156,37.333333,11.466667,20.698200,0.000000,3.603095
157,37.333333,11.466667,20.720933,0.000000,3.605435
158,37.333333,11.366667,20.745800,0.000000,3.640762
159,37.333333,11.166667,20.712600,0.000000,3.608766
160,37.333333,11.433333,20.747733,0.000000,3.570298
161,37.366667,11.233333,20.690267,0.000000,3.623754
162,37.366667,11.100000,20.746267,0.000000,3.631799
163,37.366667,11.233333,20.746733,0.000000,3.621517
164,37.366667,11.233333,20.736600,0.000000,3.597028
165,37.366667,11.566667,20.756267,0.000000,3.625230
166,37.366667,11.300000,20.774467,0.000000,3.658436
167,37.366667,11.433333,20.633533,0.000000,3.627014
168,37.366667,11.233333,20.729000,0.000000,3.614474
169,37.366667,11.166667,20.748533,0.000000,3.603932
170,37.366667,11.333333,20.806333,0.000000,3.636700
171,37.366667,11.133333,20.729267,0.000000,3.639003
172,37.366667,11.333333,20.697667,0.000000,3.594761
173,37.366667,10.966667,20.704800,0.000000,3.585739
174,37.366667,11.400000,20.705600,0.000000,3.622633
175,37.366667,11.200000,20.782467,0.000000,3.596709
176,37.366667,11.100000,20.701467,0.000000,3.627440
177,37.366667,11.166667,20.802067,0.000000,3.636755
178,37.400000,11.400000,20.740133,0.000000,3.626438
179,37.400000,11.066667,20.729267,0.000000,3.623834
180,37.400000,11.133333,20.722133,0.000000,3.605703
181,37.400000,11.300000,20.749200,0.000000,3.620450
182,37.400000,11.100000,20.766667,0.000000,3.609322
183,37.400000,11.033333,20.711333,0.000000,3.595569
184,37.400000,11.233333,20.732200,0.000000,3.596817
185,37.400000,11.333333,20.694733,0.000000,3.629752
186,37.433333,11.333333,20.730733,0.000000,3.632484
187,37.433333,11.233333,20.716467,0.000000,3.588739
188,37.433333,11.466667,20.723400,0.000000,3.618960
189,37.433333,11.366667,20.739267,0.000000,3.622241
190,37.433333,11.066667,20.702400,0.000000,3.616043
191,37.433333,11.266667,20.713000,0.000000,3.605676
192,37.433333,10.900000,20.758333,0.000000,3.597017
193,37.433333,11.233333,20.715200,0.000000,3.625193
194,37.433333,11.266667,20.746667,0.000000,3.609781
195,37.433333,11.133333,20.738533,0.000000,3.637820
196,37.433333,11.300000,20.714400,0.000000,3.661395
197,37.433333,10.966667,20.752800,0.000000,3.660124
198,37.433333,11.033333,20.762267,0.000000,3.592642
199,37.433333,11.366667,20.749267,0.000000,3.571602
200,37.433333,11.400000,20.756667,0.000000,3.633071
201,37.466667,11.133333,20.741733,0.000000,3.630931
202,37.466667,11.100000,20.696133,0.000000,3.618351
203,37.466667,11.100000,20.731000,0.000000,3.612505
204,37.466667,11.133333,20.752267,0.000000,3.618898
205,37.466667,11.666667,20.734000,0.000000,3.620821
206,37.466667,11.466667,20.722267,0.000000,3.633272
207,37.466667,11.100000,20.728533,0.000000,3.620951
208,37.466667,11.333333,20.725667,0.000000,3.614281
209,37.466667,11.000000,20.709533,0.000000,3.642865
210,37.466667,11.200000,20.787667,0.000000,3.574516
211,37.466667,11.233333,20.680733,0.000000,3.598657
212,37.466667,11.533333,20.742000,0.000000,3.652563
213,37.466667,11.233333,20.730267,0.000000,3.618714
214,37.466667,11.133333,20.744133,0.000000,3.607304
215,37.466667,11.233333,20.720067,0.000000,3.590711
216,37.466667,11.233333,20.713000,0.000000,3.619602
217,37.466667,11.533333,20.686867,0.000000,3.607652
218,37.466667,11.366667,20.717733,0.000000,3.594818
219,37.466667,11.200000,20.702000,0.000000,3.579666
220,37.466667,11.366667,20.748800,0.000000,3.625740
221,37.466667,11.500000,20.693800,0.000000,3.651191
222,37.466667,11.433333,20.726200,0.000000,3.617576
223,37.466667,11.433333,20.723000,0.000000,3.600275
224,37.466667,11.133333,20.777933,0.000000,3.614326
225,37.466667,11.500000,20.756200,0.000000,3.638057
226,37.466667,11.100000,20.696533,0.000000,3.607317
227,37.466667,10.900000,20.762067,0.000000,3.620986
228,37.466667,11.066667,20.744933,0.000000,3.633883
229,37.466667,11.200000,20.700600,0.000000,3.622727
230,37.466667,11.300000,20.724467,0.000000,3.615048
231,37.500000,11.266667,20.725800,0.000000,3.631229
232,37.500000,11.200000,20.775067,0.000000,3.653976
233,37.500000,11.066667,20.702067,0.000000,3.593975
234,37.500000,11.400000,20.766933,0.000000,3.619184
235,37.500000,11.200000,20.730667,0.000000,3.612070
236,37.500000,11.333333,20.715533,0.000000,3.597436
237,37.500000,11.333333,20.734133,0.000000,3.596807
238,37.500000,11.266667,20.683933,0.000000,3.631071
239,37.500000,11.766667,20.724733,0.000000,3.624154
240,37.500000,11.666667,20.671667,0.000000,3.594697
241,37.500000,11.300000,20.771467,0.000000,3.603674
242,37.500000,11.400000,20.755333,0.000000,3.571500
243,37.500000,11.033333,20.703000,0.000000,3.609448
244,37.500000,11.100000,20.731267,0.000000,3.637563
245,37.500000,11.300000,20.762200,0.000000,3.607815
246,37.500000,10.866667,20.708800,0.000000,3.624063
247,37.500000,11.433333,20.678733,0.000000,3.620382
248,37.500000,11.333333,20.758133,0.000000,3.633312
249,37.500000,11.133333,20.717200,0.000000,3.617462
250,37.500000,11.266667,20.752667,0.000000,3.635336
251,37.500000,10.966667,20.696067,0.000000,3.603385
252,37.500000,11.333333,20.705533,0.000000,3.604644
253,37.500000,11.100000,20.722733,0.000000,3.610300
254,37.500000,11.300000,20.697733,0.000000,3.667706
255,37.500000,11.466667,20.752667,0.000000,3.620137
256,37.500000,11.033333,20.707467,0.000000,3.658896
257,37.633333,11.033333,20.732733,0.000000,3.631109
258,37.633333,11.533333,20.745800,0.000000,3.619395
259,37.633333,11.466667,20.730000,0.000000,3.582352
260,37.633333,11.200000,20.684667,0.000000,3.630362
261,37.633333,11.233333,20.766200,0.000000,3.617367
262,37.633333,11.200000,20.755200,0.000000,3.597218
263,37.633333,11.433333,20.731067,0.000000,3.609051
264,37.633333,10.933333,20.715733,0.000000,3.658128
265,37.633333,11.100000,20.725333,0.000000,3.598641
266,37.633333,11.333333,20.764133,0.000000,3.614985
267,37.666667,11.233333,20.728267,0.000000,3.617532
268,37.666667,11.366667,20.765800,0.000000,3.627807
269,37.666667,11.366667,20.727600,0.000000,3.569260
270,37.666667,11.266667,20.753400,0.000000,3.608464
271,37.666667,11.166667,20.722933,0.000000,3.619170
272,37.666667,11.133333,20.706533,0.000000,3.628471
273,37.666667,11.300000,20.709333,0.000000,3.574641
274,37.666667,11.100000,20.740000,0.000000,3.610421
275,37.666667,11.233333,20.698867,0.000000,3.592872
276,37.666667,11.000000,20.744467,0.000000,3.607369
277,37.666667,11.333333,20.769733,0.000000,3.586574
278,37.666667,11.700000,20.772667,0.000000,3.633264
279,37.666667,11.433333,20.708200,0.000000,3.624233
280,37.666667,11.300000,20.735400,0.000000,3.591776
281,37.666667,11.200000,20.735467,0.000000,3.607618
282,37.666667,11.366667,20.765600,0.000000,3.636097
283,37.666667,11.466667,20.755067,0.000000,3.622058
284,37.666667,11.200000,20.764067,0.000000,3.612081
285,37.666667,11.366667,20.663200,0.000000,3.617353
286,37.666667,11.166667,20.755400,0.000000,3.612527
287,37.700000,11.600000,20.804800,0.000000,3.611801
288,37.700000,11.200000,20.723933,0.000000,3.607118
289,37.700000,11.066667,20.756267,0.000000,3.658851
290,37.700000,11.033333,20.718133,0.000000,3.598064
291,37.700000,11.200000,20.784000,0.000000,3.622767
292,37.700000,11.366667,20.741533,0.000000,3.638485
293,37.700000,10.966667,20.700200,0.000000,3.627373
294,37.700000,11.266667,20.707667,0.000000,3.598483
295,37.700000,11.166667,20.700800,0.000000,3.619081
296,37.700000,11.300000,20.717867,0.000000,3.614566
297,37.700000,11.433333,20.734867,0.000000,3.600176
298,37.700000,11.466667,20.737800,0.000000,3.623229
299,37.700000,11.133333,20.693667,0.000000,3.610131
300,37.700000,11.366667,20.752467,0.000000,3.624784
301,37.700000,11.400000,20.709400,0.000000,3.609952
302,37.700000,11.233333,20.788267,0.000000,3.632486
303,37.700000,11.533333,20.739400,0.000000,3.623007
304,37.700000,11.033333,20.716800,0.000000,3.626246
305,37.700000,11.233333,20.731800,0.000000,3.651968
306,37.700000,11.433333,20.742867,0.000000,3.629016
307,37.733333,11.533333,20.714733,0.000000,3.598327
308,37.733333,10.966667,20.722467,0.000000,3.635577
309,37.733333,11.200000,20.685000,0.000000,3.647523
310,37.733333,11.466667,20.725133,0.000000,3.616152
311,37.733333,11.066667,20.708267,0.000000,3.657746
312,37.733333,11.100000,20.674933,0.000000,3.651423
313,37.733333,11.233333,20.722400,0.000000,3.608557
314,37.733333,11.200000,20.712200,0.000000,3.629226
315,37.733333,11.400000,20.777467,0.000000,3.599796
316,37.733333,11.233333,20.740000,0.000000,3.609359
317,37.733333,11.200000,20.721267,0.000000,3.634058
318,37.733333,11.300000,20.748467,0.000000,3.653682
319,37.733333,11.533333,20.754933,0.000000,3.605088
320,37.733333,11.266667,20.704867,0.000000,3.634161
321,37.733333,11.333333,20.786067,0.000000,3.617965
322,37.733333,11.133333,20.735733,0.000000,3.600235
323,37.733333,11.533333,20.723267,0.000000,3.602816
324,37.733333,11.133333,20.733333,0.000000,3.642702
325,37.733333,11.033333,20.798133,0.000000,3.597385
326,37.733333,11.266667,20.776467,0.000000,3.621189
327,37.733333,11.400000,20.735533,0.000000,3.585630
328,37.733333,11.133333,20.740800,0.000000,3.594526
329,37.733333,11.066667,20.699200,0.000000,3.591871
330,37.733333,11.300000,20.737067,0.000000,3.599454
331,37.733333,11.366667,20.754867,0.000000,3.623972
332,37.733333,11.466667,20.740933,0.000000,3.630959
333,37.733333,11.200000,20.725200,0.000000,3.618117
334,37.733333,11.166667,20.757200,0.000000,3.642198
335,37.733333,11.433333,20.723800,0.000000,3.604571
336,37.733333,11.233333,20.686667,0.000000,3.559958
337,37.733333,11.233333,20.675933,0.000000,3.605197
338,37.733333,11.000000,20.709267,0.000000,3.636350
339,37.733333,11.233333,20.716733,0.000000,3.630664
340,37.733333,11.333333,20.760400,0.000000,3.651922
341,37.733333,11.400000,20.741600,0.000000,3.614447
342,37.733333,11.300000,20.746067,0.000000,3.650176
343,37.733333,11.066667,20.696800,0.000000,3.614622
344,37.733333,11.500000,20.730200,0.000000,3.612213
345,37.733333,11.366667,20.736933,0.000000,3.615652
346,37.733333,11.100000,20.744333,0.000000,3.610295
347,37.733333,11.233333,20.716533,0.000000,3.617147
348,37.733333,11.266667,20.789200,0.000000,3.601400
349,37.733333,11.300000,20.718600,0.000000,3.612632
350,37.733333,11.133333,20.763200,0.000000,3.637168
351,37.733333,11.233333,20.751867,0.000000,3.623616
352,37.766667,11.166667,20.730533,0.000000,3.665407
353,37.766667,11.500000,20.734200,0.000000,3.593077
354,37.766667,11.433333,20.748867,0.000000,3.605225
355,37.766667,11.066667,20.747200,0.000000,3.670891
356,37.766667,11.000000,20.746467,0.000000,3.634717
357,37.766667,11.333333,20.734600,0.000000,3.625539
358,37.766667,11.300000,20.699667,0.000000,3.615649
359,37.766667,11.400000,20.688067,0.000000,3.585627
360,37.766667,11.433333,20.712600,0.000000,3.595812
361,37.766667,11.400000,20.735533,0.000000,3.607307
362,37.766667,11.133333,20.709267,0.000000,3.622589
363,37.766667,11.300000,20.751800,0.000000,3.622539
364,37.766667,11.166667,20.757067,0.000000,3.645095
365,37.766667,11.166667,20.758733,0.000000,3.607976
366,37.766667,11.433333,20.732800,0.000000,3.615533
367,37.833333,11.066667,20.750400,0.000000,3.624384
368,37.833333,11.200000,20.764467,0.000000,3.626806
369,37.833333,11.133333,20.720000,0.000000,3.610224
370,37.833333,11.166667,20.718200,0.000000,3.583345
371,37.833333,11.433333,20.693600,0.000000,3.586777
372,37.833333,11.400000,20.800800,0.000000,3.639647
373,37.833333,11.200000,20.713333,0.000000,3.617083
374,37.833333,11.333333,20.753333,0.000000,3.604192
375,37.933333,11.400000,20.718467,0.000000,3.603972
376,37.933333,11.366667,20.753000,0.000000,3.601180
377,37.933333,11.366667,20.726533,0.000000,3.647794
378,37.933333,11.233333,20.704133,0.000000,3.626620
379,37.933333,11.166667,20.719267,0.000000,3.598311
380,37.933333,11.133333,20.792000,0.000000,3.650455
381,37.933333,11.333333,20.762867,0.000000,3.653671
382,37.933333,11.366667,20.728667,0.000000,3.626948
383,37.933333,11.200000,20.733733,0.000000,3.638553
384,37.933333,11.200000,20.755133,0.000000,3.586471
385,37.933333,11.266667,20.797067,0.000000,3.645089
386,37.933333,11.600000,20.751333,0.000000,3.590780
387,37.933333,11.300000,20.780067,0.000000,3.623082
388,37.933333,11.000000,20.776733,0.000000,3.625651
389,37.933333,11.166667,20.736733,0.000000,3.615290
390,37.933333,11.133333,20.743467,0.000000,3.616060
391,37.933333,11.566667,20.691533,0.000000,3.614489
392,37.933333,11.033333,20.747267,0.000000,3.646372
393,37.933333,11.000000,20.741800,0.000000,3.572191
394,37.933333,11.466667,20.788867,0.000000,3.594406
395,37.933333,11.266667,20.780600,0.000000,3.602694
396,37.933333,11.400000,20.704800,0.000000,3.600740
397,37.933333,11.133333,20.756600,0.000000,3.592768
398,37.933333,11.133333,20.677800,0.000000,3.587145
399,37.933333,11.200000,20.729200,0.000000,3.665409
400,37.933333,11.300000,20.787200,0.000000,3.600533
401,37.933333,11.033333,20.705533,0.000000,3.644725
402,37.933333,11.200000,20.730333,0.000000,3.607454
403,37.933333,11.166667,20.699533,0.000000,3.618589
404,37.933333,11.233333,20.759200,0.000000,3.647117
405,37.933333,11.266667,20.723400,0.000000,3.610798
406,37.933333,11.066667,20.751200,0.000000,3.611566
407,37.933333,11.333333,20.727533,0.000000,3.611118
408,37.966667,11.400000,20.694133,0.000000,3.631262
409,37.966667,11.433333,20.721000,0.000000,3.607618
410,37.966667,11.166667,20.713133,0.000000,3.645171
411,37.966667,11.266667,20.730067,0.000000,3.628167
412,37.966667,11.466667,20.750200,0.000000,3.598746
413,37.966667,11.233333,20.704733,0.000000,3.610380
414,37.966667,11.233333,20.719200,0.000000,3.599717
415,37.966667,11.333333,20.719667,0.000000,3.630241
416,37.966667,11.566667,20.751267,0.000000,3.620613
417,38.000000,11.500000,20.668867,0.000000,3.633839
418,38.000000,11.466667,20.750267,0.000000,3.645100
419,38.000000,11.266667,20.726933,0.000000,3.599805
420,38.000000,11.366667,20.775667,0.000000,3.599903
421,38.000000,11.266667,20.780267,0.000000,3.616654
422,38.000000,11.100000,20.715067,0.000000,3.582948
423,38.000000,11.466667,20.701067,0.000000,3.646180
424,38.033333,11.200000,20.715267,0.000000,3.608790
425,38.033333,11.033333,20.691200,0.000000,3.606788
426,38.033333,11.333333,20.730000,0.000000,3.592987
427,38.033333,11.133333,20.768333,0.000000,3.581552
428,38.033333,11.633333,20.676067,0.000000,3.627697
429,38.033333,11.400000,20.723600,0.000000,3.625939
430,38.033333,11.366667,20.711200,0.000000,3.607610
431,38.033333,11.466667,20.776667,0.000000,3.644696
432,38.033333,11.200000,20.744933,0.000000,3.622162
433,38.033333,10.966667,20.719267,0.000000,3.596319
434,38.033333,11.433333,20.738867,0.000000,3.660713
435,38.033333,11.200000,20.778467,0.000000,3.627155
436,38.033333,11.166667,20.721133,0.000000,3.596942
437,38.033333,11.233333,20.758933,0.000000,3.614793
438,38.033333,11.400000,20.762800,0.000000,3.609209
439,38.033333,11.400000,20.764400,0.000000,3.612213
440,38.033333,11.100000,20.703467,0.000000,3.595130
441,38.033333,11.633333,20.702133,0.000000,3.636769
442,38.033333,11.233333,20.770733,0.000000,3.633954
443,38.033333,11.200000,20.695267,0.000000,3.612307
444,38.033333,11.300000,20.720133,0.000000,3.612817
445,38.033333,11.166667,20.730733,0.000000,3.624146
446,38.033333,11.066667,20.723933,0.000000,3.636267
447,38.033333,11.166667,20.706867,0.000000,3.604819
448,38.033333,11.066667,20.702467,0.000000,3.612009
449,38.033333,11.566667,20.691133,0.000000,3.616925
450,38.033333,11.100000,20.763333,0.000000,3.626000
451,38.033333,11.066667,20.789133,0.000000,3.670995
452,38.033333,11.133333,20.750600,0.000000,3.621086
453,38.033333,11.266667,20.722800,0.000000,3.615403
454,38.033333,11.166667,20.732000,0.000000,3.601234
455,38.033333,11.566667,20.734400,0.000000,3.574402
456,38.033333,11.533333,20.675067,0.000000,3.608186
457,38.033333,11.033333,20.714267,0.000000,3.610813
458,38.033333,11.300000,20.732000,0.000000,3.653474
459,38.033333,11.033333,20.728933,0.000000,3.628984
460,38.033333,11.000000,20.678200,0.000000,3.641705
461,38.033333,11.166667,20.751267,0.000000,3.607877
462,38.033333,11.266667,20.735800,0.000000,3.619072
463,38.033333,11.066667,20.730533,0.000000,3.619024
464,38.033333,11.133333,20.674800,0.000000,3.623413
465,38.033333,11.033333,20.718067,0.000000,3.612324
466,38.033333,11.566667,20.762600,0.000000,3.634622
467,38.033333,11.266667,20.698667,0.000000,3.621167
468,38.033333,11.200000,20.728400,0.000000,3.621663
469,38.033333,11.400000,20.781533,0.000000,3.621430
470,38.033333,11.100000,20.733533,0.000000,3.622173
471,38.033333,11.333333,20.686333,0.000000,3.596881
472,38.033333,11.533333,20.737267,0.000000,3.620033
473,38.033333,11.200000,20.742200,0.000000,3.618270
474,38.033333,11.333333,20.693133,0.000000,3.632145
475,38.033333,11.300000,20.716200,0.000000,3.616473
476,38.033333,11.100000,20.721867,0.000000,3.632747
477,38.033333,11.100000,20.801600,0.000000,3.632325
478,38.033333,11.266667,20.719933,0.000000,3.612336
479,38.033333,11.300000,20.734133,0.000000,3.598789
480,38.100000,11.366667,20.707200,0.000000,3.578660
481,38.100000,11.333333,20.731733,0.000000,3.574824
482,38.100000,11.033333,20.729133,0.000000,3.656036
483,38.100000,11.100000,20.756667,0.000000,3.609187
484,38.100000,11.500000,20.707467,0.000000,3.594236
485,38.100000,11.166667,20.704867,0.000000,3.585539
486,38.100000,11.566667,20.718667,0.000000,3.631504
487,38.100000,11.366667,20.707067,0.000000,3.637848
488,38.100000,11.233333,20.734200,0.000000,3.600531
489,38.100000,11.466667,20.751133,0.000000,3.601122
490,38.100000,11.233333,20.698333,0.000000,3.593395
491,38.100000,11.200000,20.746267,0.000000,3.628738
492,38.100000,11.200000,20.710333,0.000000,3.616742
493,38.166667,11.266667,20.726467,0.000000,3.606519
494,38.166667,11.166667,20.682467,0.000000,3.622586
495,38.166667,11.233333,20.756600,0.000000,3.612022
496,38.200000,11.233333,20.704333,0.000000,3.628143
497,38.200000,11.000000,20.691333,0.000000,3.606001
498,38.233333,11.400000,20.779933,0.000000,3.679600
499,38.233333,11.166667,20.710733,0.000000,3.648101
500,38.233333,11.400000,20.730467,0.000000,3.612925
BestSdev: 0.673480, Time: 4h37m4.169857438s