gen,best,worst,mean,rep,sdev
1,30.466667,12.933333,20.796000,0.000000,3.538139
2,31.366667,12.933333,20.778000,0.000000,3.563883
3,31.966667,12.966667,20.755333,0.000000,3.583823
4,32.066667,12.700000,20.731333,0.000000,3.531092
5,32.533333,12.633333,20.662667,0.000000,3.641389
6,32.633333,12.500000,20.733333,0.000000,3.618411
7,32.766667,12.700000,20.717000,0.000000,3.615363
8,32.900000,12.566667,20.693000,0.000000,3.612663
9,33.033333,12.800000,20.746667,0.000000,3.575240
10,33.233333,12.266667,20.684333,0.000000,3.654257
11,33.333333,12.666667,20.771333,0.000000,3.653453
12,33.500000,12.600000,20.712000,0.000000,3.615398
13,33.533333,12.766667,20.777667,0.000000,3.513447
14,33.566667,12.433333,20.700000,0.000000,3.565485
15,33.566667,12.433333,20.719000,0.000000,3.677972
16,33.600000,12.666667,20.811667,0.000000,3.570630
17,33.600000,12.366667,20.731333,0.000000,3.598306
18,33.600000,12.666667,20.677333,0.000000,3.600328
19,33.600000,12.566667,20.633667,0.000000,3.587549
20,33.600000,12.366667,20.667667,0.000000,3.607354
21,33.733333,12.166667,20.718667,0.000000,3.679932
22,33.733333,12.366667,20.656000,0.000000,3.586843
23,33.766667,12.866667,20.711000,0.000000,3.539922
24,34.000000,12.833333,20.681333,0.000000,3.584357
25,34.033333,12.266667,20.670333,0.000000,3.606818
26,34.033333,12.766667,20.771667,0.000000,3.513273
27,34.066667,12.133333,20.665000,0.000000,3.621489
28,34.066667,12.300000,20.673000,0.000000,3.535879
29,34.166667,12.400000,20.738333,0.000000,3.658729
30,34.166667,12.566667,20.675667,0.000000,3.579694
31,34.166667,13.066667,20.701333,0.000000,3.607940
32,34.166667,12.533333,20.669667,0.000000,3.658199
33,34.200000,12.600000,20.686667,0.000000,3.622052
34,34.200000,12.300000,20.744333,0.000000,3.553873
35,34.233333,13.333333,20.888667,0.000000,3.570274
36,34.300000,12.300000,20.780000,0.000000,3.629616
37,34.366667,12.766667,20.822000,0.000000,3.664121
38,34.400000,12.700000,20.656667,0.000000,3.575860
39,34.400000,12.433333,20.767333,0.000000,3.698591
40,34.600000,12.733333,20.790333,0.000000,3.623827
41,34.666667,12.666667,20.787333,0.000000,3.599640
42,34.666667,12.633333,20.766333,0.000000,3.553984
43,34.666667,12.166667,20.675000,0.000000,3.548287
44,34.766667,12.633333,20.763667,0.000000,3.636154
45,34.766667,12.633333,20.831333,0.000000,3.636964
46,34.766667,13.166667,20.860667,0.000000,3.618099
47,34.766667,12.533333,20.575333,0.000000,3.591818
48,34.766667,12.766667,20.775667,0.000000,3.565878
49,34.766667,12.566667,20.754333,0.000000,3.667161
50,34.900000,12.933333,20.812000,0.000000,3.574247
51,34.933333,12.666667,20.765667,0.000000,3.539903
52,34.933333,12.600000,20.792667,0.000000,3.574603
53,34.933333,12.766667,20.741333,0.000000,3.617921
54,34.933333,12.666667,20.748333,0.000000,3.609252
55,34.933333,12.500000,20.763667,0.000000,3.594506
56,34.933333,12.500000,20.730667,0.000000,3.597987
57,35.000000,12.666667,20.639333,0.000000,3.601766
58,35.000000,12.333333,20.638667,0.000000,3.579292
59,35.000000,12.733333,20.676667,0.000000,3.630417
60,35.000000,12.900000,20.898667,0.000000,3.619103
61,35.066667,12.700000,20.797333,0.000000,3.596480
62,35.066667,12.433333,20.714000,0.000000,3.556120
63,35.100000,13.033333,20.664333,0.000000,3.544047
64,35.100000,12.733333,20.858667,0.000000,3.629805
65,35.100000,12.466667,20.767333,0.000000,3.667391
66,35.166667,12.733333,20.609333,0.000000,3.486378
67,35.166667,12.566667,20.822000,0.000000,3.614363
68,35.166667,12.166667,20.664333,0.000000,3.591738
69,35.166667,12.433333,20.774333,0.000000,3.666374
70,35.166667,12.866667,20.608333,0.000000,3.547467
71,35.166667,12.500000,20.724000,0.000000,3.587517
72,35.166667,12.500000,20.809667,0.000000,3.606708
73,35.166667,12.466667,20.717333,0.000000,3.614471
74,35.166667,12.600000,20.718000,0.000000,3.525145
75,35.166667,12.966667,20.720667,0.000000,3.531571
76,35.166667,12.400000,20.842333,0.000000,3.667402
77,35.200000,12.233333,20.743000,0.000000,3.639531
78,35.200000,12.600000,20.638667,0.000000,3.573434
79,35.200000,12.433333,20.505333,0.000000,3.630667
80,35.200000,12.533333,20.624000,0.000000,3.652125
81,35.200000,12.466667,20.760000,0.000000,3.688559
82,35.200000,13.000000,20.681667,0.000000,3.571377
83,35.233333,12.333333,20.624667,0.000000,3.628823
84,35.233333,12.966667,20.801333,0.000000,3.592712
85,35.333333,12.766667,20.693667,0.000000,3.567819
86,35.333333,13.033333,20.850000,0.000000,3.626649
87,35.333333,12.466667,20.672667,0.000000,3.616859
88,35.366667,12.433333,20.733667,0.000000,3.603164
89,35.400000,12.800000,20.762000,0.000000,3.642369
90,35.400000,12.733333,20.698000,0.000000,3.542128
91,35.400000,12.866667,20.689333,0.000000,3.550832
92,35.400000,12.766667,20.780000,0.000000,3.606193
93,35.400000,12.266667,20.724333,0.000000,3.615968
94,35.400000,12.800000,20.886667,0.000000,3.530971
95,35.400000,12.733333,20.822000,0.000000,3.547617
96,35.400000,12.733333,20.682667,0.000000,3.624535
97,35.400000,12.800000,20.666000,0.000000,3.606020
98,35.400000,12.733333,20.691667,0.000000,3.666235
99,35.400000,12.833333,20.810000,0.000000,3.567184
100,35.400000,12.966667,20.804667,0.000000,3.531648
BestSdev: 0.967969, Time: 11m41.631301821s