gen,best,worst,mean,rep,sdev
1,27.700000,14.966667,20.755000,0.000000,3.390564
2,28.900000,14.866667,21.050000,0.000000,3.387389
3,29.266667,15.000000,20.661667,0.000000,3.432828
4,29.900000,14.733333,20.521667,0.000000,3.313783
5,30.500000,14.266667,20.555000,0.000000,3.597809
6,30.866667,14.700000,20.763333,0.000000,3.564244
7,30.966667,14.800000,20.873333,0.000000,3.478897
8,31.000000,14.733333,20.641667,0.000000,3.303041
9,31.300000,14.800000,20.876667,0.000000,3.461885
10,31.333333,13.766667,20.523333,0.000000,3.583022
11,31.333333,14.533333,20.723333,0.000000,3.332341
12,31.400000,14.233333,20.801667,0.000000,3.577343
13,31.566667,14.466667,20.821667,0.000000,3.555140
14,31.600000,14.433333,20.716667,0.000000,3.411188
15,31.866667,14.200000,20.726667,0.000000,3.660889
16,31.933333,14.466667,20.581667,0.000000,3.315596
17,31.966667,14.433333,20.863333,0.000000,3.522365
18,32.133333,14.566667,20.846667,0.000000,3.517074
19,32.266667,13.700000,20.511667,0.000000,3.567952
20,32.433333,13.733333,20.361667,0.000000,3.640380
21,32.600000,14.466667,20.736667,0.000000,3.682078
22,32.633333,14.666667,21.171667,0.000000,3.501961
23,32.766667,14.566667,20.756667,0.000000,3.355325
24,32.766667,14.866667,20.733333,0.000000,3.447876
25,32.966667,14.500000,20.825000,0.000000,3.654805
26,32.966667,14.500000,20.706667,0.000000,3.364834
27,32.966667,14.433333,20.471667,0.000000,3.532687
28,32.966667,14.366667,20.745000,0.000000,3.484642
29,32.966667,14.066667,20.506667,0.000000,3.649008
30,32.966667,14.500000,20.520000,0.000000,3.525620
31,32.966667,14.733333,20.860000,0.000000,3.412235
32,32.966667,14.700000,20.715000,0.000000,3.488100
33,33.000000,14.466667,20.631667,0.000000,3.498178
34,33.033333,14.433333,20.433333,0.000000,3.512472
35,33.033333,14.866667,20.878333,0.000000,3.379150
36,33.066667,14.000000,20.453333,0.000000,3.480802
37,33.266667,14.033333,20.596667,0.000000,3.652411
38,33.266667,14.600000,20.830000,0.000000,3.477923
39,33.266667,14.500000,20.633333,0.000000,3.409625
40,33.266667,14.300000,20.785000,0.000000,3.494266
41,33.333333,14.666667,20.891667,0.000000,3.557062
42,33.400000,13.800000,20.826667,0.000000,3.662517
43,33.400000,14.500000,20.650000,0.000000,3.487077
44,33.500000,14.466667,20.655000,0.000000,3.272726
45,33.500000,14.300000,20.886667,0.000000,3.743342
46,33.500000,14.333333,20.845000,0.000000,3.411732
47,33.500000,14.500000,20.706667,0.000000,3.371538
48,33.500000,14.833333,20.681667,0.000000,3.200446
49,33.500000,14.733333,20.756667,0.000000,3.460975
50,33.600000,14.966667,20.940000,0.000000,3.392920
51,33.600000,14.600000,20.726667,0.000000,3.335282
52,33.600000,14.466667,20.558333,0.000000,3.554299
53,33.633333,14.033333,20.546667,0.000000,3.519985
54,33.733333,14.200000,20.831667,0.000000,3.494358
55,33.733333,15.166667,21.108333,0.000000,3.476160
56,33.800000,14.433333,20.596667,0.000000,3.458421
57,33.800000,14.700000,20.640000,0.000000,3.276727
58,33.800000,14.166667,20.548333,0.000000,3.455874
59,33.800000,14.700000,20.726667,0.000000,3.613557
60,33.833333,14.366667,20.668333,0.000000,3.476665
61,33.933333,14.466667,21.016667,0.000000,3.584429
62,33.933333,14.766667,20.828333,0.000000,3.549511
63,33.933333,15.100000,20.660000,0.000000,3.170345
64,33.933333,14.100000,20.740000,0.000000,3.670746
65,33.933333,15.033333,21.043333,0.000000,3.337343
66,33.933333,14.933333,21.128333,0.000000,3.374728
67,33.966667,14.866667,21.001667,0.000000,3.559901
68,33.966667,14.366667,20.856667,0.000000,3.569477
69,34.100000,15.000000,21.080000,0.000000,3.282344
70,34.100000,14.466667,20.695000,0.000000,3.599326
71,34.100000,14.533333,20.863333,0.000000,3.443697
72,34.100000,14.466667,20.713333,0.000000,3.456518
73,34.100000,14.733333,20.561667,0.000000,3.368435
74,34.100000,14.500000,21.015000,0.000000,3.579146
75,34.100000,14.600000,20.536667,0.000000,3.402083
76,34.166667,14.400000,20.871667,0.000000,3.497698
77,34.166667,13.900000,20.626667,0.000000,3.589292
78,34.166667,14.733333,20.871667,0.000000,3.434328
79,34.166667,14.466667,20.883333,0.000000,3.659231
80,34.166667,14.200000,20.585000,0.000000,3.499155
81,34.200000,14.666667,20.748333,0.000000,3.491470
82,34.200000,14.533333,20.888333,0.000000,3.463869
83,34.200000,14.666667,20.941667,0.000000,3.594984
84,34.200000,14.833333,21.035000,0.000000,3.491072
85,34.200000,13.700000,20.290000,0.000000,3.378279
86,34.233333,14.266667,20.850000,0.000000,3.376767
87,34.233333,14.633333,20.833333,0.000000,3.395561
88,34.233333,14.700000,20.593333,0.000000,3.444734
89,34.300000,14.233333,20.553333,0.000000,3.486160
90,34.300000,14.400000,20.676667,0.000000,3.388301
91,34.300000,14.400000,20.685000,0.000000,3.584134
92,34.300000,14.300000,20.598333,0.000000,3.502888
93,34.300000,14.500000,20.778333,0.000000,3.488249
94,34.300000,14.400000,20.821667,0.000000,3.435544
95,34.333333,14.233333,20.721667,0.000000,3.474101
96,34.333333,14.433333,20.758333,0.000000,3.461502
97,34.333333,14.400000,20.563333,0.000000,3.421398
98,34.366667,14.566667,20.971667,0.000000,3.441228
99,34.366667,14.500000,20.793333,0.000000,3.556328
100,34.366667,14.333333,20.916667,0.000000,3.543982
BestSdev: 1.294896, Time: 2m50.234575367s