gen,best,worst,mean,rep,sdev
1,16.033333,11.800000,13.818667,0.000000,1.031993
2,16.433333,11.633333,13.816000,0.000000,1.066707
3,16.600000,11.633333,13.802667,0.000000,1.047815
4,16.900000,11.466667,13.838667,0.000000,1.125590
5,16.933333,11.500000,13.748000,0.000000,1.061540
6,17.000000,11.600000,13.814000,0.000000,1.069613
7,17.066667,11.500000,13.814667,0.000000,1.082386
8,17.066667,11.666667,13.798667,0.000000,1.096164
9,17.066667,11.600000,13.815333,0.000000,1.079486
10,17.066667,11.600000,13.820000,0.000000,1.096296
11,17.100000,11.466667,13.786000,0.000000,1.071266
12,17.133333,11.433333,13.799333,0.000000,1.060967
13,17.166667,11.700000,13.809333,0.000000,1.084059
14,17.166667,11.600000,13.776000,0.000000,1.080553
15,17.166667,11.766667,13.802667,0.000000,1.041610
16,17.200000,11.666667,13.777333,0.000000,1.069264
17,17.200000,11.466667,13.773333,0.000000,1.089448
18,17.233333,11.400000,13.797333,0.000000,1.093677
19,17.266667,11.566667,13.766000,0.000000,1.096753
20,17.266667,11.766667,13.832000,0.000000,1.048994
BestSdev: 0.302930, Time: 1m7.296058552s