gen,best,worst,mean,rep,sdev
1,16.766667,11.166667,13.808833,0.000000,1.080370
2,17.133333,11.033333,13.820500,0.000000,1.093923
3,17.333333,11.000000,13.799000,0.000000,1.088278
4,17.333333,11.000000,13.805833,0.000000,1.081760
5,17.400000,11.166667,13.778500,0.000000,1.068765
6,17.400000,11.166667,13.809500,0.000000,1.061607
7,17.400000,11.033333,13.808167,0.000000,1.087186
8,17.400000,11.100000,13.793833,0.000000,1.096913
9,17.533333,11.200000,13.825833,0.000000,1.094825
10,17.566667,11.066667,13.816500,0.000000,1.078359
11,17.566667,11.133333,13.796333,0.000000,1.080518
12,17.600000,11.133333,13.820500,0.000000,1.084238
13,17.633333,10.933333,13.789000,0.000000,1.091029
14,17.666667,11.166667,13.805667,0.000000,1.085300
15,17.700000,11.066667,13.801833,0.000000,1.085087
16,17.733333,11.000000,13.794333,0.000000,1.066493
17,17.900000,11.100000,13.819500,0.000000,1.111806
18,17.966667,11.233333,13.816500,0.000000,1.082824
19,18.000000,11.000000,13.811667,0.000000,1.106349
20,18.000000,11.100000,13.822500,0.000000,1.083312
21,18.000000,11.066667,13.796333,0.000000,1.093959
22,18.033333,11.133333,13.802833,0.000000,1.094031
23,18.066667,10.966667,13.811500,0.000000,1.102916
24,18.066667,11.100000,13.798667,0.000000,1.088024
25,18.066667,11.133333,13.794333,0.000000,1.091358
26,18.100000,10.966667,13.804667,0.000000,1.105999
27,18.100000,11.233333,13.806833,0.000000,1.072979
28,18.100000,11.033333,13.791000,0.000000,1.082982
29,18.100000,11.100000,13.819500,0.000000,1.084981
30,18.100000,11.100000,13.806833,0.000000,1.093466
31,18.100000,11.033333,13.797333,0.000000,1.090556
32,18.100000,10.966667,13.803500,0.000000,1.086791
33,18.133333,11.000000,13.811000,0.000000,1.088538
34,18.133333,11.066667,13.819500,0.000000,1.080489
35,18.133333,11.033333,13.784333,0.000000,1.064683
36,18.166667,11.100000,13.807167,0.000000,1.105850
37,18.166667,11.033333,13.795833,0.000000,1.092982
38,18.200000,11.166667,13.820333,0.000000,1.086040
39,18.200000,11.233333,13.789167,0.000000,1.057973
40,18.200000,11.000000,13.788667,0.000000,1.091743
41,18.200000,11.166667,13.802833,0.000000,1.070021
42,18.200000,11.100000,13.852167,0.000000,1.094641
43,18.200000,11.200000,13.824333,0.000000,1.065842
44,18.200000,11.200000,13.808667,0.000000,1.069810
45,18.200000,11.133333,13.803833,0.000000,1.100870
46,18.200000,11.133333,13.814167,0.000000,1.090266
47,18.200000,11.100000,13.806667,0.000000,1.079368
48,18.200000,11.166667,13.823000,0.000000,1.080880
49,18.200000,11.133333,13.809333,0.000000,1.080427
50,18.200000,11.100000,13.794000,0.000000,1.078124
51,18.200000,11.066667,13.814333,0.000000,1.098379
52,18.200000,11.100000,13.821333,0.000000,1.071388
53,18.200000,11.033333,13.803000,0.000000,1.078585
54,18.200000,11.000000,13.819667,0.000000,1.085455
55,18.200000,11.033333,13.805500,0.000000,1.091798
56,18.200000,11.133333,13.809667,0.000000,1.073278
57,18.200000,11.033333,13.829167,0.000000,1.093910
58,18.200000,11.133333,13.820167,0.000000,1.086186
59,18.200000,11.166667,13.798333,0.000000,1.082839
60,18.200000,11.100000,13.793667,0.000000,1.096219
61,18.200000,11.066667,13.785500,0.000000,1.086992
62,18.200000,11.233333,13.820333,0.000000,1.057903
63,18.200000,11.133333,13.811500,0.000000,1.093324
64,18.200000,11.133333,13.805000,0.000000,1.076863
65,18.200000,11.133333,13.808667,0.000000,1.075342
66,18.200000,11.133333,13.810000,0.000000,1.100160
67,18.200000,11.100000,13.793500,0.000000,1.086407
68,18.200000,11.066667,13.789000,0.000000,1.087145
69,18.200000,11.066667,13.805167,0.000000,1.081595
70,18.200000,10.966667,13.785667,0.000000,1.110392
71,18.200000,11.033333,13.814167,0.000000,1.073243
72,18.233333,11.100000,13.825167,0.000000,1.104071
73,18.233333,11.100000,13.812000,0.000000,1.073563
74,18.233333,11.100000,13.801500,0.000000,1.086684
75,18.233333,11.166667,13.844667,0.000000,1.085357
76,18.233333,11.133333,13.798000,0.000000,1.081101
77,18.233333,11.066667,13.797500,0.000000,1.068765
78,18.233333,11.266667,13.815500,0.000000,1.064608
79,18.233333,11.066667,13.822500,0.000000,1.096945
80,18.233333,11.100000,13.800500,0.000000,1.086479
81,18.233333,11.133333,13.796333,0.000000,1.084554
82,18.233333,11.133333,13.794500,0.000000,1.111714
83,18.233333,11.066667,13.796500,0.000000,1.082892
84,18.233333,11.033333,13.821167,0.000000,1.083475
85,18.233333,11.000000,13.802000,0.000000,1.098014
86,18.233333,10.966667,13.788667,0.000000,1.078959
87,18.233333,11.133333,13.813167,0.000000,1.083556
88,18.233333,11.066667,13.814833,0.000000,1.082476
89,18.266667,10.966667,13.792000,0.000000,1.089060
90,18.266667,10.933333,13.796167,0.000000,1.092916
91,18.266667,11.000000,13.798667,0.000000,1.084001
92,18.266667,11.133333,13.819667,0.000000,1.087315
93,18.266667,11.100000,13.791167,0.000000,1.104785
94,18.266667,11.033333,13.793333,0.000000,1.071724
95,18.266667,11.233333,13.823167,0.000000,1.078732
96,18.266667,11.200000,13.801167,0.000000,1.080779
97,18.266667,11.066667,13.803167,0.000000,1.096659
98,18.266667,11.033333,13.797667,0.000000,1.076566
99,18.266667,11.000000,13.810000,0.000000,1.098479
100,18.266667,11.000000,13.804833,0.000000,1.095860
101,18.266667,10.866667,13.805167,0.000000,1.083295
102,18.266667,11.066667,13.792333,0.000000,1.091340
103,18.300000,11.066667,13.808000,0.000000,1.095606
104,18.300000,11.133333,13.773667,0.000000,1.075510
105,18.300000,11.100000,13.780667,0.000000,1.105051
106,18.300000,11.100000,13.838333,0.000000,1.089950
107,18.300000,11.133333,13.816167,0.000000,1.078814
108,18.300000,11.100000,13.795167,0.000000,1.091332
109,18.300000,11.133333,13.830167,0.000000,1.057481
110,18.300000,11.066667,13.797833,0.000000,1.078848
111,18.300000,11.033333,13.807333,0.000000,1.084075
112,18.300000,11.100000,13.770500,0.000000,1.083956
113,18.300000,11.100000,13.796833,0.000000,1.072121
114,18.300000,11.000000,13.808833,0.000000,1.075765
115,18.300000,11.000000,13.801500,0.000000,1.083272
116,18.300000,11.100000,13.783333,0.000000,1.084723
117,18.300000,11.066667,13.786667,0.000000,1.087740
118,18.300000,11.033333,13.803667,0.000000,1.083332
119,18.300000,11.100000,13.813333,0.000000,1.112118
120,18.300000,11.100000,13.807500,0.000000,1.095573
121,18.300000,11.100000,13.811167,0.000000,1.094920
122,18.300000,11.000000,13.789167,0.000000,1.082195
123,18.300000,11.066667,13.801833,0.000000,1.080621
124,18.300000,11.066667,13.795167,0.000000,1.088145
125,18.300000,11.166667,13.805000,0.000000,1.077416
126,18.300000,11.000000,13.822667,0.000000,1.085265
127,18.333333,11.066667,13.785667,0.000000,1.086758
128,18.333333,11.166667,13.814000,0.000000,1.082171
129,18.333333,11.066667,13.818667,0.000000,1.093926
130,18.333333,11.066667,13.837167,0.000000,1.073338
131,18.333333,10.966667,13.806833,0.000000,1.087058
132,18.333333,11.166667,13.819000,0.000000,1.071389
133,18.333333,11.100000,13.808333,0.000000,1.072228
134,18.333333,11.033333,13.829000,0.000000,1.086941
135,18.333333,11.133333,13.804833,0.000000,1.080963
136,18.400000,11.000000,13.805833,0.000000,1.089941
137,18.400000,11.033333,13.804500,0.000000,1.088577
138,18.400000,11.100000,13.796667,0.000000,1.093271
139,18.400000,11.066667,13.779000,0.000000,1.071986
140,18.400000,11.066667,13.833333,0.000000,1.081774
141,18.400000,11.066667,13.827000,0.000000,1.077700
142,18.400000,11.100000,13.797500,0.000000,1.079624
143,18.400000,11.000000,13.823167,0.000000,1.101721
144,18.400000,11.000000,13.803167,0.000000,1.089602
145,18.400000,11.033333,13.800667,0.000000,1.089816
146,18.400000,11.100000,13.792000,0.000000,1.084050
147,18.400000,11.033333,13.778333,0.000000,1.090521
148,18.400000,11.066667,13.792333,0.000000,1.071749
149,18.400000,10.933333,13.799000,0.000000,1.087991
150,18.400000,11.133333,13.825500,0.000000,1.095648
151,18.400000,11.133333,13.792333,0.000000,1.075754
152,18.400000,11.166667,13.787833,0.000000,1.070793
153,18.400000,11.066667,13.815500,0.000000,1.086048
154,18.400000,10.966667,13.816333,0.000000,1.090262
155,18.400000,10.900000,13.796333,0.000000,1.090704
156,18.400000,11.066667,13.807333,0.000000,1.089357
157,18.400000,10.933333,13.794500,0.000000,1.091092
158,18.400000,11.100000,13.803500,0.000000,1.092685
159,18.400000,11.033333,13.822333,0.000000,1.092633
160,18.400000,10.933333,13.773667,0.000000,1.098301
161,18.400000,11.133333,13.796000,0.000000,1.078578
162,18.400000,10.966667,13.793000,0.000000,1.092665
163,18.433333,11.166667,13.825667,0.000000,1.084997
164,18.433333,11.066667,13.782667,0.000000,1.088991
165,18.433333,11.133333,13.795333,0.000000,1.085217
166,18.433333,11.166667,13.808333,0.000000,1.101419
167,18.433333,11.033333,13.828500,0.000000,1.104662
168,18.433333,11.266667,13.809000,0.000000,1.076407
169,18.433333,11.100000,13.787500,0.000000,1.083089
170,18.433333,11.133333,13.777833,0.000000,1.086555
171,18.433333,11.000000,13.781667,0.000000,1.098689
172,18.433333,11.133333,13.808500,0.000000,1.088384
173,18.433333,11.166667,13.798833,0.000000,1.079308
174,18.433333,11.166667,13.787667,0.000000,1.083302
175,18.433333,11.033333,13.798167,0.000000,1.075582
176,18.433333,11.033333,13.822333,0.000000,1.083444
177,18.433333,11.133333,13.810000,0.000000,1.090929
178,18.433333,10.966667,13.787000,0.000000,1.088116
179,18.466667,11.233333,13.821000,0.000000,1.090371
180,18.466667,11.066667,13.788500,0.000000,1.073548
181,18.466667,11.066667,13.789167,0.000000,1.086283
182,18.466667,11.133333,13.800833,0.000000,1.077768
183,18.466667,11.133333,13.807000,0.000000,1.082965
184,18.466667,11.233333,13.805167,0.000000,1.080324
185,18.466667,11.033333,13.788000,0.000000,1.077551
186,18.466667,11.100000,13.788500,0.000000,1.091897
187,18.466667,11.000000,13.807167,0.000000,1.095398
188,18.466667,11.200000,13.826833,0.000000,1.089875
189,18.466667,10.933333,13.784167,0.000000,1.077676
190,18.466667,11.200000,13.829167,0.000000,1.079875
191,18.466667,11.266667,13.803833,0.000000,1.074770
192,18.466667,10.966667,13.793000,0.000000,1.085225
193,18.466667,11.000000,13.796333,0.000000,1.078420
194,18.466667,11.100000,13.810667,0.000000,1.089017
195,18.500000,11.200000,13.795333,0.000000,1.084465
196,18.533333,11.033333,13.788000,0.000000,1.099764
197,18.533333,11.133333,13.798500,0.000000,1.078648
198,18.533333,11.133333,13.792500,0.000000,1.087344
199,18.533333,11.000000,13.807333,0.000000,1.095862
200,18.533333,11.033333,13.804500,0.000000,1.092444
BestSdev: 0.268466, Time: 34m35.02113665s