gen,best,worst,mean,rep,sdev
1,27.766667,14.633333,20.758333,0.000000,3.386540
2,29.233333,14.366667,20.795000,0.000000,3.621000
3,30.366667,14.866667,21.115000,0.000000,3.540207
4,30.600000,14.566667,20.761667,0.000000,3.473543
5,30.733333,13.933333,20.443333,0.000000,3.495123
6,31.000000,14.266667,20.555000,0.000000,3.589207
7,31.166667,13.933333,20.491667,0.000000,3.610625
8,31.266667,14.700000,20.965000,0.000000,3.343865
9,31.366667,14.266667,20.725000,0.000000,3.471624
10,31.900000,14.533333,20.990000,0.000000,3.513484
11,31.900000,14.000000,20.610000,0.000000,3.514451
12,31.900000,14.433333,20.656667,0.000000,3.522866
13,32.000000,14.533333,21.073333,0.000000,3.630678
14,32.266667,14.633333,20.645000,0.000000,3.558541
15,32.300000,13.700000,20.700000,0.000000,3.547213
16,32.300000,14.433333,20.811667,0.000000,3.456951
17,32.300000,14.800000,21.170000,0.000000,3.698022
18,32.466667,14.900000,20.826667,0.000000,3.427029
19,32.466667,14.100000,20.593333,0.000000,3.382317
20,32.533333,14.966667,20.928333,0.000000,3.421016
21,32.600000,14.033333,20.405000,0.000000,3.461578
22,32.600000,14.333333,20.730000,0.000000,3.532820
23,32.633333,14.066667,20.683333,0.000000,3.425693
24,32.666667,14.433333,20.651667,0.000000,3.412886
25,32.666667,14.366667,20.848333,0.000000,3.447301
26,32.666667,14.533333,20.688333,0.000000,3.294879
27,32.733333,14.733333,20.715000,0.000000,3.399840
28,32.733333,14.500000,20.546667,0.000000,3.296224
29,32.733333,14.966667,20.786667,0.000000,3.371389
30,32.833333,14.066667,20.635000,0.000000,3.529168
31,32.833333,14.533333,20.665000,0.000000,3.440829
32,32.833333,14.533333,20.476667,0.000000,3.428284
33,32.866667,14.866667,20.805000,0.000000,3.295124
34,33.000000,13.800000,20.561667,0.000000,3.747438
35,33.033333,14.733333,21.090000,0.000000,3.535612
36,33.100000,14.500000,20.616667,0.000000,3.434329
37,33.133333,14.500000,20.686667,0.000000,3.309908
38,33.133333,14.333333,20.681667,0.000000,3.517537
39,33.133333,14.366667,20.618333,0.000000,3.497337
40,33.166667,14.400000,20.401667,0.000000,3.440719
41,33.166667,15.200000,20.650000,0.000000,3.391832
42,33.166667,14.766667,20.763333,0.000000,3.358097
43,33.166667,14.600000,20.583333,0.000000,3.363086
44,33.200000,14.666667,20.813333,0.000000,3.360395
45,33.200000,14.333333,20.601667,0.000000,3.504908
46,33.200000,15.100000,20.878333,0.000000,3.413509
47,33.200000,14.700000,20.826667,0.000000,3.298429
48,33.200000,14.233333,20.810000,0.000000,3.552247
49,33.200000,14.366667,20.970000,0.000000,3.425643
50,33.233333,14.166667,20.630000,0.000000,3.414648
51,33.233333,14.700000,20.888333,0.000000,3.515243
52,33.233333,14.200000,20.693333,0.000000,3.544622
53,33.333333,14.633333,20.971667,0.000000,3.520563
54,33.333333,14.866667,20.786667,0.000000,3.395379
55,33.333333,14.766667,20.928333,0.000000,3.437994
56,33.366667,14.366667,20.771667,0.000000,3.564030
57,33.400000,14.366667,20.756667,0.000000,3.697187
58,33.500000,14.533333,20.621667,0.000000,3.431464
59,33.500000,15.033333,20.691667,0.000000,3.339091
60,33.600000,14.600000,20.678333,0.000000,3.450279
61,33.600000,14.466667,20.740000,0.000000,3.559201
62,33.633333,14.266667,20.891667,0.000000,3.593085
63,33.633333,14.500000,20.990000,0.000000,3.583825
64,33.700000,14.633333,20.853333,0.000000,3.532245
65,33.700000,14.766667,20.625000,0.000000,3.452191
66,33.700000,14.433333,20.651667,0.000000,3.559395
67,33.700000,14.300000,20.643333,0.000000,3.642615
68,33.700000,14.400000,20.801667,0.000000,3.453996
69,33.700000,14.333333,20.598333,0.000000,3.422349
70,33.700000,14.600000,20.686667,0.000000,3.528876
71,33.700000,13.933333,20.668333,0.000000,3.749649
72,33.700000,14.433333,20.685000,0.000000,3.382567
73,33.700000,14.300000,20.596667,0.000000,3.454207
74,33.700000,14.100000,20.565000,0.000000,3.464451
75,33.733333,14.666667,20.715000,0.000000,3.536474
76,33.766667,14.466667,20.761667,0.000000,3.490849
77,33.766667,14.000000,20.723333,0.000000,3.505178
78,33.866667,14.533333,20.720000,0.000000,3.502590
79,33.900000,14.800000,20.873333,0.000000,3.335576
80,33.900000,14.466667,20.876667,0.000000,3.599253
81,33.900000,14.500000,20.748333,0.000000,3.474701
82,34.000000,14.233333,20.365000,0.000000,3.493762
83,34.000000,14.066667,20.655000,0.000000,3.479231
84,34.000000,14.266667,20.731667,0.000000,3.560065
85,34.000000,14.933333,20.906667,0.000000,3.383017
86,34.000000,14.633333,20.493333,0.000000,3.312996
87,34.000000,14.466667,20.688333,0.000000,3.516321
88,34.000000,14.100000,20.903333,0.000000,3.539393
89,34.000000,13.900000,20.470000,0.000000,3.444317
90,34.033333,14.966667,20.731667,0.000000,3.414977
91,34.033333,14.100000,20.468333,0.000000,3.475708
92,34.033333,14.166667,20.713333,0.000000,3.530509
93,34.033333,14.133333,20.633333,0.000000,3.547374
94,34.033333,14.800000,20.950000,0.000000,3.398467
95,34.033333,14.266667,20.668333,0.000000,3.606110
96,34.033333,14.700000,20.866667,0.000000,3.369354
97,34.033333,14.700000,21.001667,0.000000,3.480122
98,34.033333,14.966667,20.595000,0.000000,3.278248
99,34.033333,14.333333,20.570000,0.000000,3.560260
100,34.033333,14.166667,20.771667,0.000000,3.514055
BestSdev: 1.067370, Time: 2m53.309741516s