gen,best,worst,mean,rep,sdev
1,30.366667,12.833333,20.860667,0.000000,3.631257
2,30.966667,12.933333,20.687333,0.000000,3.524243
3,31.833333,12.766667,20.735667,0.000000,3.556336
4,32.100000,12.600000,20.611667,0.000000,3.549148
5,32.433333,12.500000,20.709000,0.000000,3.577888
6,32.833333,12.766667,20.744667,0.000000,3.632156
7,33.033333,12.566667,20.797333,0.000000,3.599500
8,33.300000,12.866667,20.725667,0.000000,3.633255
9,33.300000,12.766667,20.817000,0.000000,3.568403
10,33.466667,12.866667,20.867667,0.000000,3.666440
11,33.500000,12.466667,20.610000,0.000000,3.647066
12,33.600000,12.533333,20.707000,0.000000,3.617946
13,33.866667,12.566667,20.630333,0.000000,3.586314
14,33.933333,12.566667,20.765000,0.000000,3.678406
15,34.000000,12.833333,20.811667,0.000000,3.583104
16,34.033333,12.566667,20.641333,0.000000,3.643687
17,34.033333,12.500000,20.745333,0.000000,3.527792
18,34.066667,12.766667,20.716333,0.000000,3.549713
19,34.133333,12.766667,20.746333,0.000000,3.565281
20,34.133333,12.466667,20.804000,0.000000,3.586425
21,34.133333,12.366667,20.685000,0.000000,3.620449
22,34.133333,12.766667,20.839333,0.000000,3.640640
23,34.133333,12.766667,20.836667,0.000000,3.557716
24,34.166667,13.000000,20.792000,0.000000,3.591184
25,34.266667,12.900000,20.837000,0.000000,3.547755
26,34.366667,12.533333,20.648333,0.000000,3.597278
27,34.533333,12.900000,20.759667,0.000000,3.606922
28,34.533333,12.533333,20.731000,0.000000,3.564125
29,34.600000,12.166667,20.647667,0.000000,3.675362
30,34.633333,12.566667,20.759333,0.000000,3.600416
31,34.633333,12.900000,20.718000,0.000000,3.532268
32,34.633333,12.633333,20.636000,0.000000,3.531717
33,34.700000,12.833333,20.731000,0.000000,3.578372
34,34.700000,12.866667,20.726000,0.000000,3.654331
35,34.766667,12.666667,20.755000,0.000000,3.644821
36,34.800000,12.566667,20.716000,0.000000,3.674874
37,34.866667,12.700000,20.763333,0.000000,3.611189
38,34.966667,12.866667,20.751333,0.000000,3.569613
39,34.966667,12.933333,20.646333,0.000000,3.557690
40,34.966667,12.800000,20.769333,0.000000,3.527869
41,34.966667,12.800000,20.671333,0.000000,3.516353
42,34.966667,13.100000,20.762000,0.000000,3.505166
43,35.000000,12.600000,20.759333,0.000000,3.606508
44,35.033333,12.633333,20.696333,0.000000,3.694084
45,35.033333,12.566667,20.670000,0.000000,3.654949
46,35.033333,12.666667,20.710667,0.000000,3.581680
47,35.033333,12.733333,20.633000,0.000000,3.556355
48,35.033333,13.066667,20.885333,0.000000,3.542049
49,35.033333,12.566667,20.773000,0.000000,3.627473
50,35.133333,12.466667,20.721667,0.000000,3.741240
BestSdev: 1.053517, Time: 5m38.297072506s