gen,best,worst,mean,rep,sdev
1,30.333333,12.800000,20.771333,0.000000,3.608268
2,31.066667,12.500000,20.568667,0.000000,3.573210
3,31.733333,12.566667,20.690000,0.000000,3.612300
4,32.133333,12.766667,20.641667,0.000000,3.575749
5,32.333333,12.833333,20.723000,0.000000,3.541558
6,32.500000,13.166667,20.692667,0.000000,3.508480
7,32.700000,12.966667,20.744000,0.000000,3.550105
8,32.866667,12.566667,20.739000,0.000000,3.541394
9,33.033333,12.800000,20.791333,0.000000,3.599054
10,33.166667,12.700000,20.734333,0.000000,3.562929
11,33.266667,12.466667,20.618667,0.000000,3.602009
12,33.366667,12.933333,20.769333,0.000000,3.582271
13,33.600000,12.800000,20.603333,0.000000,3.586391
14,33.633333,12.766667,20.659667,0.000000,3.498264
15,33.666667,12.733333,20.756333,0.000000,3.592489
16,33.666667,12.333333,20.672667,0.000000,3.655949
17,33.800000,12.766667,20.703333,0.000000,3.600872
18,33.800000,12.633333,20.645000,0.000000,3.564782
19,33.900000,12.533333,20.674000,0.000000,3.634266
20,33.966667,12.533333,20.771333,0.000000,3.602723
BestSdev: 0.969742, Time: 2m15.402535988s