gen,best,worst,mean,rep,sdev
1,31.300000,11.666667,20.790667,0.000000,3.638129
2,31.833333,11.900000,20.629333,0.000000,3.608055
3,32.466667,11.966667,20.696667,0.000000,3.570657
4,32.600000,12.266667,20.764667,0.000000,3.573366
5,32.933333,12.166667,20.796167,0.000000,3.658886
6,33.166667,11.700000,20.730167,0.000000,3.634025
7,33.366667,11.900000,20.740333,0.000000,3.613444
8,33.400000,11.700000,20.720167,0.000000,3.619908
9,33.466667,12.300000,20.745167,0.000000,3.627345
10,33.866667,11.766667,20.771000,0.000000,3.633343
11,33.900000,12.233333,20.804833,0.000000,3.584780
12,33.900000,12.233333,20.684833,0.000000,3.593411
13,33.900000,11.966667,20.751833,0.000000,3.667283
14,33.933333,12.166667,20.761667,0.000000,3.559025
15,33.933333,11.833333,20.703167,0.000000,3.610424
16,34.100000,11.966667,20.794000,0.000000,3.593183
17,34.133333,12.333333,20.770833,0.000000,3.612894
18,34.200000,12.166667,20.647333,0.000000,3.572741
19,34.466667,12.033333,20.818833,0.000000,3.613850
20,34.466667,11.900000,20.746667,0.000000,3.609897
BestSdev: 0.837987, Time: 4m26.661984407s