gen,best,worst,mean,rep,sdev
1,16.866667,11.066667,13.792000,0.000000,1.083744
2,17.166667,10.966667,13.799667,0.000000,1.076278
3,17.266667,11.100000,13.796667,0.000000,1.083466
4,17.333333,11.300000,13.819833,0.000000,1.069331
5,17.366667,11.033333,13.799667,0.000000,1.093281
6,17.400000,10.966667,13.807167,0.000000,1.096226
7,17.433333,10.966667,13.811500,0.000000,1.084829
8,17.466667,11.100000,13.834167,0.000000,1.089387
9,17.566667,11.133333,13.816833,0.000000,1.082231
10,17.600000,11.033333,13.809833,0.000000,1.096844
11,17.700000,11.300000,13.807500,0.000000,1.077272
12,17.733333,11.100000,13.798167,0.000000,1.084841
13,17.733333,11.066667,13.815000,0.000000,1.083979
14,17.733333,11.000000,13.836500,0.000000,1.080762
15,17.733333,11.233333,13.819667,0.000000,1.083330
16,17.800000,11.133333,13.813167,0.000000,1.087840
17,17.800000,11.033333,13.787833,0.000000,1.085804
18,17.800000,11.133333,13.808833,0.000000,1.084003
19,17.833333,11.066667,13.819667,0.000000,1.091579
20,17.833333,11.166667,13.818667,0.000000,1.084515
21,17.900000,11.000000,13.802500,0.000000,1.103349
22,17.933333,11.100000,13.819500,0.000000,1.090018
23,17.966667,11.100000,13.820167,0.000000,1.091031
24,17.966667,11.100000,13.808500,0.000000,1.080852
25,17.966667,11.100000,13.812667,0.000000,1.083342
26,18.000000,11.066667,13.823000,0.000000,1.090330
27,18.033333,11.200000,13.790333,0.000000,1.078042
28,18.033333,11.066667,13.818167,0.000000,1.092969
29,18.033333,11.066667,13.793833,0.000000,1.075939
30,18.033333,11.100000,13.807333,0.000000,1.078354
31,18.033333,11.266667,13.828833,0.000000,1.084705
32,18.033333,11.133333,13.817833,0.000000,1.080848
33,18.066667,11.000000,13.791333,0.000000,1.091070
34,18.066667,11.100000,13.808167,0.000000,1.104686
35,18.100000,11.133333,13.837833,0.000000,1.096318
36,18.100000,11.100000,13.771167,0.000000,1.085131
37,18.100000,11.133333,13.809667,0.000000,1.083722
38,18.100000,11.100000,13.809000,0.000000,1.098867
39,18.100000,11.033333,13.830167,0.000000,1.103981
40,18.100000,11.000000,13.813000,0.000000,1.088997
41,18.100000,11.133333,13.801833,0.000000,1.077504
42,18.133333,11.366667,13.811333,0.000000,1.079728
43,18.133333,11.033333,13.821333,0.000000,1.098488
44,18.166667,11.066667,13.810333,0.000000,1.110009
45,18.200000,10.966667,13.817667,0.000000,1.101041
46,18.200000,11.233333,13.807000,0.000000,1.074102
47,18.200000,11.066667,13.791167,0.000000,1.072683
48,18.200000,10.933333,13.798000,0.000000,1.077275
49,18.200000,11.100000,13.817667,0.000000,1.075833
50,18.200000,11.066667,13.812000,0.000000,1.092216
51,18.233333,11.000000,13.819333,0.000000,1.082969
52,18.233333,11.000000,13.792500,0.000000,1.088293
53,18.233333,11.133333,13.789667,0.000000,1.080963
54,18.233333,11.166667,13.808000,0.000000,1.078344
55,18.233333,11.200000,13.792333,0.000000,1.080185
56,18.233333,11.033333,13.797167,0.000000,1.084036
57,18.233333,11.166667,13.813333,0.000000,1.056434
58,18.233333,11.033333,13.794833,0.000000,1.063567
59,18.233333,11.033333,13.810833,0.000000,1.090976
60,18.233333,11.200000,13.810333,0.000000,1.094810
61,18.233333,10.966667,13.823333,0.000000,1.103411
62,18.233333,11.066667,13.798333,0.000000,1.079832
63,18.233333,11.166667,13.803167,0.000000,1.100334
64,18.233333,11.166667,13.802333,0.000000,1.094484
65,18.233333,11.033333,13.808833,0.000000,1.097665
66,18.233333,11.100000,13.820333,0.000000,1.083124
67,18.233333,11.133333,13.829167,0.000000,1.078778
68,18.233333,11.133333,13.809833,0.000000,1.089415
69,18.233333,11.066667,13.811500,0.000000,1.076404
70,18.266667,10.933333,13.800833,0.000000,1.098933
71,18.266667,10.966667,13.804667,0.000000,1.091455
72,18.300000,11.033333,13.788167,0.000000,1.103314
73,18.300000,11.166667,13.783000,0.000000,1.085068
74,18.300000,11.133333,13.789667,0.000000,1.090156
75,18.300000,10.933333,13.788667,0.000000,1.100565
76,18.300000,11.366667,13.817500,0.000000,1.076433
77,18.300000,11.233333,13.790667,0.000000,1.085047
78,18.300000,11.033333,13.816833,0.000000,1.078774
79,18.300000,11.066667,13.791333,0.000000,1.091299
80,18.300000,11.066667,13.776833,0.000000,1.080911
81,18.300000,11.066667,13.806500,0.000000,1.074887
82,18.333333,11.133333,13.802500,0.000000,1.089907
83,18.333333,10.966667,13.794167,0.000000,1.089103
84,18.333333,11.100000,13.814000,0.000000,1.088116
85,18.366667,11.000000,13.807500,0.000000,1.100075
86,18.366667,11.033333,13.803000,0.000000,1.102124
87,18.400000,11.300000,13.817667,0.000000,1.081731
88,18.400000,11.000000,13.817333,0.000000,1.108149
89,18.400000,11.200000,13.806667,0.000000,1.096205
90,18.400000,10.966667,13.803833,0.000000,1.093812
91,18.400000,11.133333,13.795167,0.000000,1.081349
92,18.433333,11.100000,13.794167,0.000000,1.089985
93,18.433333,11.000000,13.827333,0.000000,1.097350
94,18.433333,11.133333,13.765667,0.000000,1.070491
95,18.433333,11.033333,13.800167,0.000000,1.088353
96,18.466667,11.100000,13.835833,0.000000,1.095132
97,18.466667,11.000000,13.786833,0.000000,1.086573
98,18.466667,11.066667,13.774000,0.000000,1.078416
99,18.466667,11.000000,13.796167,0.000000,1.095587
100,18.466667,11.033333,13.793500,0.000000,1.104203
101,18.466667,11.033333,13.811333,0.000000,1.094342
102,18.466667,11.100000,13.807833,0.000000,1.081398
103,18.466667,11.033333,13.816167,0.000000,1.091794
104,18.466667,10.966667,13.807000,0.000000,1.105460
105,18.466667,11.100000,13.807667,0.000000,1.069056
106,18.466667,11.100000,13.783833,0.000000,1.113589
107,18.466667,11.033333,13.795667,0.000000,1.086599
108,18.466667,11.100000,13.798000,0.000000,1.080439
109,18.466667,11.066667,13.826167,0.000000,1.085010
110,18.466667,11.100000,13.795000,0.000000,1.094383
111,18.466667,11.000000,13.812833,0.000000,1.102876
112,18.466667,11.100000,13.804167,0.000000,1.096524
113,18.466667,11.100000,13.790333,0.000000,1.082241
114,18.466667,11.066667,13.805833,0.000000,1.087416
115,18.466667,11.166667,13.816500,0.000000,1.073779
116,18.466667,11.033333,13.815167,0.000000,1.092157
117,18.466667,11.066667,13.798500,0.000000,1.082744
118,18.466667,11.200000,13.801167,0.000000,1.060619
119,18.466667,10.966667,13.817833,0.000000,1.076126
120,18.466667,11.033333,13.788667,0.000000,1.084435
121,18.466667,11.000000,13.811000,0.000000,1.096017
122,18.466667,11.100000,13.802000,0.000000,1.065911
123,18.466667,11.033333,13.786333,0.000000,1.080990
124,18.466667,10.900000,13.813333,0.000000,1.076299
125,18.466667,11.166667,13.825833,0.000000,1.084604
126,18.466667,11.033333,13.805667,0.000000,1.094010
127,18.466667,11.033333,13.792167,0.000000,1.096126
128,18.466667,11.133333,13.810167,0.000000,1.089124
129,18.500000,11.000000,13.797833,0.000000,1.094161
130,18.500000,11.033333,13.803167,0.000000,1.086600
131,18.500000,11.066667,13.814167,0.000000,1.074579
132,18.500000,11.266667,13.786833,0.000000,1.070522
133,18.500000,11.033333,13.812000,0.000000,1.091098
134,18.500000,11.066667,13.810333,0.000000,1.083966
135,18.500000,11.133333,13.807667,0.000000,1.097575
136,18.500000,11.166667,13.816333,0.000000,1.073937
137,18.500000,11.100000,13.790333,0.000000,1.101393
138,18.500000,11.133333,13.799333,0.000000,1.093639
139,18.500000,11.000000,13.821833,0.000000,1.100109
140,18.500000,11.033333,13.792333,0.000000,1.073377
141,18.500000,11.100000,13.785000,0.000000,1.071861
142,18.500000,11.066667,13.808333,0.000000,1.088547
143,18.500000,11.133333,13.818000,0.000000,1.096662
144,18.533333,11.133333,13.820333,0.000000,1.109378
145,18.533333,11.166667,13.790167,0.000000,1.080346
146,18.566667,11.066667,13.799500,0.000000,1.080281
147,18.566667,11.066667,13.796833,0.000000,1.087861
148,18.566667,11.133333,13.829000,0.000000,1.088565
149,18.566667,11.166667,13.830500,0.000000,1.103067
150,18.566667,11.200000,13.837000,0.000000,1.072180
151,18.566667,11.133333,13.823000,0.000000,1.076007
152,18.566667,11.200000,13.811333,0.000000,1.067421
153,18.566667,11.100000,13.812167,0.000000,1.076791
154,18.566667,11.133333,13.806833,0.000000,1.071647
155,18.566667,11.166667,13.816333,0.000000,1.088064
156,18.566667,11.000000,13.790167,0.000000,1.087802
157,18.566667,11.066667,13.797667,0.000000,1.090119
158,18.566667,11.133333,13.822333,0.000000,1.102293
159,18.566667,11.100000,13.795500,0.000000,1.088010
160,18.566667,11.166667,13.820500,0.000000,1.089826
161,18.566667,11.133333,13.833833,0.000000,1.087954
162,18.566667,11.133333,13.804167,0.000000,1.094218
163,18.566667,11.100000,13.810000,0.000000,1.102040
164,18.566667,11.166667,13.786500,0.000000,1.071885
165,18.566667,11.000000,13.781667,0.000000,1.079325
166,18.566667,11.100000,13.786500,0.000000,1.079689
167,18.566667,11.000000,13.819333,0.000000,1.090109
168,18.566667,11.133333,13.822167,0.000000,1.099013
169,18.566667,11.033333,13.810667,0.000000,1.096681
170,18.566667,11.233333,13.814333,0.000000,1.074532
171,18.600000,11.066667,13.799333,0.000000,1.084841
172,18.600000,11.100000,13.809667,0.000000,1.079450
173,18.600000,11.066667,13.799333,0.000000,1.091857
174,18.600000,11.066667,13.799333,0.000000,1.101717
175,18.600000,11.066667,13.815667,0.000000,1.080619
176,18.600000,11.033333,13.837333,0.000000,1.102089
177,18.600000,11.066667,13.789167,0.000000,1.096898
178,18.600000,10.866667,13.817167,0.000000,1.087480
179,18.600000,11.166667,13.813500,0.000000,1.097784
180,18.600000,11.066667,13.803667,0.000000,1.085037
181,18.600000,11.066667,13.817333,0.000000,1.088878
182,18.600000,11.066667,13.767167,0.000000,1.081924
183,18.600000,10.966667,13.807667,0.000000,1.078686
184,18.600000,11.166667,13.812833,0.000000,1.086548
185,18.600000,11.066667,13.807167,0.000000,1.081927
186,18.600000,11.066667,13.806667,0.000000,1.073425
187,18.600000,11.000000,13.795333,0.000000,1.090309
188,18.600000,11.100000,13.802833,0.000000,1.077340
189,18.600000,11.066667,13.802333,0.000000,1.073717
190,18.600000,11.166667,13.800500,0.000000,1.087090
191,18.600000,10.966667,13.799833,0.000000,1.099759
192,18.600000,11.166667,13.810833,0.000000,1.092280
193,18.600000,11.033333,13.808167,0.000000,1.088575
194,18.600000,11.166667,13.810167,0.000000,1.088131
195,18.600000,11.166667,13.806667,0.000000,1.084393
196,18.600000,11.100000,13.814000,0.000000,1.076180
197,18.600000,11.133333,13.804000,0.000000,1.063788
198,18.600000,11.100000,13.788167,0.000000,1.090019
199,18.600000,10.966667,13.786000,0.000000,1.091322
200,18.600000,11.066667,13.828000,0.000000,1.078043
201,18.600000,11.133333,13.823833,0.000000,1.095269
202,18.600000,11.033333,13.813833,0.000000,1.084381
203,18.600000,11.200000,13.827000,0.000000,1.084719
204,18.600000,11.133333,13.798833,0.000000,1.071768
205,18.600000,10.966667,13.802833,0.000000,1.077489
206,18.600000,11.166667,13.826667,0.000000,1.081494
207,18.600000,10.900000,13.796000,0.000000,1.086620
208,18.633333,11.000000,13.814833,0.000000,1.084866
209,18.633333,11.066667,13.789333,0.000000,1.070343
210,18.633333,11.000000,13.806833,0.000000,1.082036
211,18.633333,11.200000,13.796167,0.000000,1.083325
212,18.633333,11.000000,13.801667,0.000000,1.074418
213,18.633333,11.033333,13.785000,0.000000,1.086786
214,18.633333,11.000000,13.792500,0.000000,1.080583
215,18.633333,11.000000,13.799667,0.000000,1.090415
216,18.633333,11.066667,13.826500,0.000000,1.082484
217,18.633333,11.033333,13.797333,0.000000,1.090251
218,18.633333,11.066667,13.788000,0.000000,1.079063
219,18.633333,11.000000,13.811833,0.000000,1.083251
220,18.633333,11.166667,13.834000,0.000000,1.089471
221,18.633333,10.966667,13.794833,0.000000,1.078188
222,18.633333,10.966667,13.804000,0.000000,1.093815
223,18.633333,11.200000,13.793833,0.000000,1.071743
224,18.633333,11.100000,13.825167,0.000000,1.084337
225,18.633333,11.166667,13.790000,0.000000,1.078530
226,18.633333,11.200000,13.801000,0.000000,1.096018
227,18.633333,11.033333,13.785500,0.000000,1.104190
228,18.633333,10.933333,13.806667,0.000000,1.088652
229,18.633333,11.133333,13.804500,0.000000,1.076136
230,18.633333,10.933333,13.799500,0.000000,1.077587
231,18.633333,11.066667,13.797667,0.000000,1.106164
232,18.633333,11.133333,13.799000,0.000000,1.091862
233,18.633333,11.100000,13.804500,0.000000,1.100112
234,18.633333,11.000000,13.790000,0.000000,1.089137
235,18.633333,11.133333,13.833833,0.000000,1.086249
236,18.633333,11.133333,13.791167,0.000000,1.092521
237,18.633333,11.100000,13.812333,0.000000,1.072168
238,18.633333,10.966667,13.769333,0.000000,1.090714
239,18.633333,11.200000,13.803500,0.000000,1.070952
240,18.633333,11.066667,13.828167,0.000000,1.091638
241,18.633333,11.066667,13.811833,0.000000,1.096524
242,18.633333,11.166667,13.783667,0.000000,1.077189
243,18.633333,11.033333,13.793000,0.000000,1.084416
244,18.633333,11.100000,13.791000,0.000000,1.083135
245,18.633333,11.033333,13.813833,0.000000,1.098084
246,18.633333,11.033333,13.787333,0.000000,1.079276
247,18.633333,11.100000,13.793333,0.000000,1.093349
248,18.633333,11.033333,13.819667,0.000000,1.091196
249,18.633333,11.200000,13.786500,0.000000,1.071702
250,18.633333,11.133333,13.807167,0.000000,1.098312
251,18.633333,11.033333,13.791500,0.000000,1.099960
252,18.633333,11.066667,13.810667,0.000000,1.085218
253,18.633333,11.133333,13.803667,0.000000,1.082302
254,18.633333,11.100000,13.819500,0.000000,1.112215
255,18.666667,11.033333,13.805500,0.000000,1.095143
256,18.666667,11.000000,13.796833,0.000000,1.083505
257,18.666667,11.133333,13.828667,0.000000,1.090506
258,18.666667,11.200000,13.825833,0.000000,1.085571
259,18.666667,11.066667,13.817667,0.000000,1.093978
260,18.666667,11.000000,13.784000,0.000000,1.086624
261,18.666667,11.000000,13.797500,0.000000,1.096638
262,18.666667,11.000000,13.812000,0.000000,1.086128
263,18.666667,11.100000,13.803667,0.000000,1.079718
264,18.666667,11.266667,13.788167,0.000000,1.061721
265,18.700000,11.100000,13.793500,0.000000,1.079172
266,18.700000,11.100000,13.803167,0.000000,1.094538
267,18.700000,11.133333,13.789667,0.000000,1.073937
268,18.700000,11.066667,13.813333,0.000000,1.096194
269,18.700000,10.966667,13.806000,0.000000,1.094186
270,18.700000,11.033333,13.799333,0.000000,1.071567
271,18.733333,11.000000,13.797167,0.000000,1.081309
272,18.733333,11.000000,13.780333,0.000000,1.092933
273,18.733333,11.166667,13.821167,0.000000,1.089531
274,18.733333,11.133333,13.819333,0.000000,1.094420
275,18.766667,11.166667,13.799667,0.000000,1.085997
276,18.766667,11.133333,13.808167,0.000000,1.089973
277,18.766667,11.000000,13.803833,0.000000,1.087710
278,18.766667,11.033333,13.799833,0.000000,1.077779
279,18.766667,11.066667,13.826667,0.000000,1.096881
280,18.766667,11.100000,13.804333,0.000000,1.085082
281,18.766667,11.133333,13.800000,0.000000,1.073483
282,18.766667,11.133333,13.810500,0.000000,1.090580
283,18.766667,11.200000,13.818500,0.000000,1.083505
284,18.766667,11.266667,13.801000,0.000000,1.086697
285,18.766667,11.166667,13.813333,0.000000,1.078694
286,18.766667,11.066667,13.814667,0.000000,1.082440
287,18.766667,11.033333,13.796167,0.000000,1.092781
288,18.766667,11.066667,13.808833,0.000000,1.077608
289,18.766667,11.066667,13.779833,0.000000,1.075591
290,18.766667,11.200000,13.796500,0.000000,1.095604
291,18.766667,11.033333,13.800833,0.000000,1.073070
292,18.766667,11.033333,13.788000,0.000000,1.078381
293,18.766667,11.033333,13.816333,0.000000,1.088408
294,18.766667,11.066667,13.807833,0.000000,1.084751
295,18.766667,11.066667,13.805167,0.000000,1.080864
296,18.766667,10.933333,13.815500,0.000000,1.098589
297,18.766667,11.000000,13.784500,0.000000,1.095417
298,18.766667,11.133333,13.824833,0.000000,1.075853
299,18.766667,11.133333,13.841833,0.000000,1.086450
300,18.766667,11.033333,13.821333,0.000000,1.072628
301,18.766667,11.200000,13.787000,0.000000,1.085268
302,18.766667,11.066667,13.831167,0.000000,1.106403
303,18.766667,11.033333,13.816833,0.000000,1.088135
304,18.766667,11.233333,13.788000,0.000000,1.084334
305,18.766667,11.133333,13.821167,0.000000,1.095759
306,18.766667,11.166667,13.821167,0.000000,1.081878
307,18.766667,10.933333,13.817333,0.000000,1.098308
308,18.766667,11.066667,13.786500,0.000000,1.096173
309,18.766667,11.033333,13.819667,0.000000,1.088407
310,18.766667,11.000000,13.808833,0.000000,1.093763
311,18.766667,11.000000,13.825500,0.000000,1.097089
312,18.766667,11.000000,13.788333,0.000000,1.072939
313,18.800000,11.033333,13.814000,0.000000,1.095959
314,18.800000,11.200000,13.807333,0.000000,1.084977
315,18.800000,11.100000,13.802500,0.000000,1.091345
316,18.800000,11.100000,13.773833,0.000000,1.071997
317,18.800000,11.200000,13.808333,0.000000,1.080117
318,18.800000,11.133333,13.810000,0.000000,1.087518
319,18.800000,11.100000,13.814500,0.000000,1.092547
320,18.800000,11.100000,13.801667,0.000000,1.102257
321,18.800000,11.300000,13.789167,0.000000,1.067000
322,18.800000,11.133333,13.811333,0.000000,1.089912
323,18.800000,11.000000,13.799333,0.000000,1.094281
324,18.800000,11.100000,13.800333,0.000000,1.076309
325,18.800000,11.100000,13.805167,0.000000,1.092344
326,18.800000,11.166667,13.799667,0.000000,1.094436
327,18.800000,11.066667,13.803500,0.000000,1.075362
328,18.800000,11.100000,13.821000,0.000000,1.089770
329,18.800000,10.933333,13.804333,0.000000,1.109304
330,18.800000,11.000000,13.792833,0.000000,1.092153
331,18.800000,11.233333,13.801000,0.000000,1.085626
332,18.800000,10.966667,13.812667,0.000000,1.087648
333,18.800000,11.100000,13.821833,0.000000,1.100875
334,18.800000,11.033333,13.825167,0.000000,1.088235
335,18.800000,11.066667,13.814500,0.000000,1.069971
336,18.800000,11.000000,13.817500,0.000000,1.100158
337,18.800000,11.066667,13.787500,0.000000,1.074946
338,18.800000,11.066667,13.786500,0.000000,1.083030
339,18.800000,11.166667,13.825833,0.000000,1.090595
340,18.800000,11.000000,13.838667,0.000000,1.077776
341,18.800000,11.066667,13.804500,0.000000,1.073648
342,18.800000,11.033333,13.823167,0.000000,1.105395
343,18.800000,10.966667,13.803000,0.000000,1.092411
344,18.800000,11.100000,13.809667,0.000000,1.078643
345,18.800000,11.033333,13.829000,0.000000,1.080117
346,18.800000,11.166667,13.817000,0.000000,1.075969
347,18.800000,10.966667,13.798833,0.000000,1.091962
348,18.800000,11.033333,13.792000,0.000000,1.091786
349,18.800000,11.200000,13.817000,0.000000,1.080353
350,18.800000,11.066667,13.795167,0.000000,1.102816
351,18.800000,11.066667,13.823667,0.000000,1.102165
352,18.800000,11.033333,13.806667,0.000000,1.076857
353,18.800000,11.100000,13.805500,0.000000,1.085342
354,18.800000,11.033333,13.816333,0.000000,1.085388
355,18.800000,10.933333,13.763667,0.000000,1.066158
356,18.800000,11.066667,13.820167,0.000000,1.087137
357,18.800000,11.166667,13.819167,0.000000,1.083304
358,18.800000,11.100000,13.796000,0.000000,1.090485
359,18.800000,11.066667,13.798167,0.000000,1.094384
360,18.800000,11.100000,13.799667,0.000000,1.080432
361,18.800000,11.100000,13.795000,0.000000,1.098889
362,18.800000,11.300000,13.799500,0.000000,1.103727
363,18.833333,11.100000,13.814333,0.000000,1.106816
364,18.833333,10.933333,13.805000,0.000000,1.092820
365,18.833333,11.100000,13.825167,0.000000,1.080525
366,18.833333,10.900000,13.815833,0.000000,1.097075
367,18.833333,11.000000,13.811667,0.000000,1.082419
368,18.833333,11.066667,13.822167,0.000000,1.074287
369,18.833333,11.066667,13.796333,0.000000,1.071889
370,18.833333,11.166667,13.794167,0.000000,1.087365
371,18.833333,11.166667,13.802833,0.000000,1.095736
372,18.833333,11.166667,13.811333,0.000000,1.070827
373,18.833333,11.133333,13.803167,0.000000,1.085037
374,18.833333,11.200000,13.823167,0.000000,1.097425
375,18.833333,11.300000,13.810500,0.000000,1.083001
376,18.833333,11.166667,13.811167,0.000000,1.086811
377,18.833333,11.066667,13.811333,0.000000,1.083539
378,18.833333,10.900000,13.809500,0.000000,1.105379
379,18.833333,11.100000,13.832167,0.000000,1.098589
380,18.833333,11.000000,13.817167,0.000000,1.090948
381,18.833333,11.133333,13.819500,0.000000,1.082813
382,18.833333,11.166667,13.792833,0.000000,1.086812
383,18.833333,11.033333,13.778000,0.000000,1.080772
384,18.833333,11.200000,13.812167,0.000000,1.087560
385,18.833333,11.166667,13.815500,0.000000,1.064724
386,18.866667,11.033333,13.798000,0.000000,1.101406
387,18.866667,10.966667,13.798333,0.000000,1.087751
388,18.866667,11.200000,13.791000,0.000000,1.088646
389,18.866667,10.966667,13.818500,0.000000,1.088638
390,18.866667,11.066667,13.800833,0.000000,1.098980
391,18.866667,11.100000,13.798667,0.000000,1.097109
392,18.866667,10.966667,13.798833,0.000000,1.081363
393,18.866667,11.033333,13.800333,0.000000,1.088262
394,18.866667,11.100000,13.800333,0.000000,1.075889
395,18.866667,11.066667,13.808667,0.000000,1.085552
396,18.866667,11.133333,13.814500,0.000000,1.079760
397,18.866667,10.933333,13.807500,0.000000,1.098520
398,18.900000,10.933333,13.802167,0.000000,1.099305
399,18.900000,11.100000,13.789333,0.000000,1.078487
400,18.900000,11.066667,13.797667,0.000000,1.097542
401,18.900000,11.100000,13.832500,0.000000,1.087207
402,18.900000,11.033333,13.819000,0.000000,1.084475
403,18.900000,11.066667,13.817167,0.000000,1.104602
404,18.900000,11.066667,13.801167,0.000000,1.078898
405,18.900000,11.166667,13.823500,0.000000,1.058931
406,18.900000,11.033333,13.807333,0.000000,1.088605
407,18.900000,11.133333,13.813000,0.000000,1.070376
408,18.900000,11.166667,13.806000,0.000000,1.074747
409,18.900000,11.066667,13.801667,0.000000,1.089497
410,18.900000,11.033333,13.807500,0.000000,1.092158
411,18.900000,11.133333,13.796167,0.000000,1.077928
412,18.900000,11.133333,13.809833,0.000000,1.082487
413,18.900000,11.133333,13.804000,0.000000,1.071119
414,18.900000,11.200000,13.793000,0.000000,1.056360
415,18.900000,11.000000,13.819167,0.000000,1.093854
416,18.900000,11.033333,13.800167,0.000000,1.080357
417,18.900000,11.133333,13.797667,0.000000,1.090440
418,18.900000,11.000000,13.804167,0.000000,1.095073
419,18.900000,11.000000,13.808167,0.000000,1.085073
420,18.900000,11.033333,13.787000,0.000000,1.071085
421,18.900000,11.066667,13.798667,0.000000,1.098973
422,18.900000,11.066667,13.816500,0.000000,1.092515
423,18.900000,11.066667,13.797500,0.000000,1.075564
424,18.900000,11.233333,13.799833,0.000000,1.074525
425,18.900000,11.066667,13.792500,0.000000,1.090278
426,18.900000,11.133333,13.796667,0.000000,1.095070
427,18.933333,11.133333,13.827500,0.000000,1.080872
428,18.933333,11.066667,13.826167,0.000000,1.096268
429,18.933333,11.166667,13.823000,0.000000,1.090579
430,18.933333,11.066667,13.821833,0.000000,1.086655
431,18.933333,11.200000,13.818833,0.000000,1.069748
432,18.933333,11.133333,13.816167,0.000000,1.069624
433,18.933333,11.133333,13.794000,0.000000,1.069404
434,18.933333,11.066667,13.783167,0.000000,1.096120
435,18.933333,10.833333,13.808500,0.000000,1.086247
436,18.933333,11.033333,13.805833,0.000000,1.097698
437,18.933333,11.100000,13.811500,0.000000,1.089096
438,18.933333,11.133333,13.816167,0.000000,1.082386
439,18.933333,11.000000,13.809833,0.000000,1.095698
440,18.933333,11.100000,13.835500,0.000000,1.091854
441,18.933333,11.033333,13.788167,0.000000,1.083452
442,18.933333,11.266667,13.795333,0.000000,1.071837
443,18.933333,11.133333,13.815000,0.000000,1.072589
444,18.933333,11.100000,13.795667,0.000000,1.086396
445,18.966667,11.133333,13.800500,0.000000,1.072956
446,18.966667,11.000000,13.793667,0.000000,1.097468
447,18.966667,11.166667,13.790667,0.000000,1.064775
448,18.966667,11.000000,13.812333,0.000000,1.070990
449,18.966667,11.333333,13.810833,0.000000,1.080431
450,18.966667,11.133333,13.808667,0.000000,1.084263
451,18.966667,11.066667,13.784000,0.000000,1.089020
452,18.966667,11.066667,13.805500,0.000000,1.084233
453,18.966667,11.033333,13.800333,0.000000,1.078767
454,18.966667,11.133333,13.813000,0.000000,1.081833
455,18.966667,11.000000,13.810833,0.000000,1.075827
456,18.966667,11.133333,13.811333,0.000000,1.095266
457,18.966667,11.233333,13.803500,0.000000,1.073024
458,18.966667,11.066667,13.807833,0.000000,1.086260
459,18.966667,11.166667,13.811000,0.000000,1.082873
460,18.966667,11.200000,13.818000,0.000000,1.088354
461,18.966667,11.100000,13.801500,0.000000,1.077907
462,18.966667,11.200000,13.793333,0.000000,1.074532
463,18.966667,11.033333,13.791833,0.000000,1.077807
464,18.966667,11.233333,13.804000,0.000000,1.091718
465,18.966667,11.133333,13.775333,0.000000,1.087298
466,18.966667,11.166667,13.826500,0.000000,1.087468
467,18.966667,11.166667,13.825667,0.000000,1.088330
468,18.966667,11.100000,13.794667,0.000000,1.086123
469,18.966667,11.000000,13.788500,0.000000,1.095671
470,18.966667,11.100000,13.811000,0.000000,1.077318
471,18.966667,11.133333,13.783333,0.000000,1.081280
472,18.966667,11.033333,13.797833,0.000000,1.088537
473,18.966667,11.100000,13.791000,0.000000,1.098485
474,18.966667,11.100000,13.815167,0.000000,1.090922
475,18.966667,11.133333,13.803000,0.000000,1.088204
476,18.966667,11.100000,13.834333,0.000000,1.094629
477,18.966667,11.033333,13.814500,0.000000,1.081355
478,18.966667,11.166667,13.800833,0.000000,1.075011
479,18.966667,11.133333,13.801167,0.000000,1.089535
480,18.966667,11.133333,13.790000,0.000000,1.073388
481,18.966667,11.100000,13.773333,0.000000,1.088320
482,18.966667,11.033333,13.780500,0.000000,1.084568
483,18.966667,11.066667,13.793167,0.000000,1.108095
484,18.966667,11.033333,13.805000,0.000000,1.083575
485,18.966667,10.966667,13.801833,0.000000,1.092171
486,18.966667,11.100000,13.813500,0.000000,1.082507
487,18.966667,11.100000,13.800167,0.000000,1.072572
488,18.966667,11.000000,13.811833,0.000000,1.084463
489,18.966667,11.133333,13.815667,0.000000,1.080545
490,18.966667,11.100000,13.809333,0.000000,1.086444
491,18.966667,11.033333,13.839167,0.000000,1.092330
492,18.966667,11.166667,13.786833,0.000000,1.083268
493,18.966667,11.066667,13.801000,0.000000,1.082067
494,18.966667,11.066667,13.812167,0.000000,1.086727
495,18.966667,11.000000,13.825667,0.000000,1.103500
496,18.966667,11.133333,13.804667,0.000000,1.089310
497,18.966667,11.100000,13.809667,0.000000,1.085894
498,18.966667,11.100000,13.788333,0.000000,1.079830
499,19.000000,11.133333,13.805500,0.000000,1.085438
500,19.000000,11.033333,13.799667,0.000000,1.066266
BestSdev: 0.328404, Time: 1h50m17.453293444s