gen,best,worst,mean,rep,sdev
1,32.400000,11.333333,20.745733,0.000000,3.604272
2,33.333333,11.300000,20.758533,0.000000,3.606385
3,33.900000,11.233333,20.708800,0.000000,3.620830
4,34.166667,11.100000,20.758200,0.000000,3.636162
5,34.400000,11.300000,20.747000,0.000000,3.634409
6,34.666667,11.400000,20.688933,0.000000,3.611080
7,34.700000,11.400000,20.704600,0.000000,3.622192
8,34.700000,11.400000,20.764067,0.000000,3.655233
9,34.900000,11.433333,20.722400,0.000000,3.626129
10,34.966667,11.366667,20.708867,0.000000,3.628144
11,35.066667,11.133333,20.684000,0.000000,3.588960
12,35.133333,11.500000,20.749133,0.000000,3.607675
13,35.300000,11.166667,20.738267,0.000000,3.635367
14,35.300000,11.300000,20.736267,0.000000,3.603874
15,35.400000,11.366667,20.834533,0.000000,3.629694
16,35.400000,11.200000,20.713400,0.000000,3.630364
17,35.500000,11.300000,20.720600,0.000000,3.641567
18,35.566667,11.333333,20.733667,0.000000,3.595658
19,35.633333,11.566667,20.732133,0.000000,3.635964
20,35.700000,11.266667,20.751000,0.000000,3.682564
21,35.700000,11.066667,20.679533,0.000000,3.617526
22,35.700000,11.200000,20.726000,0.000000,3.592084
23,35.833333,11.200000,20.695733,0.000000,3.631613
24,35.900000,11.333333,20.779667,0.000000,3.634688
25,36.000000,11.500000,20.785067,0.000000,3.648171
26,36.066667,11.133333,20.662800,0.000000,3.602751
27,36.066667,11.166667,20.724400,0.000000,3.612600
28,36.066667,10.966667,20.711733,0.000000,3.624651
29,36.366667,11.133333,20.742667,0.000000,3.621309
30,36.366667,11.366667,20.732600,0.000000,3.621142
31,36.400000,10.900000,20.786333,0.000000,3.671014
32,36.400000,11.366667,20.697133,0.000000,3.589132
33,36.400000,11.300000,20.677533,0.000000,3.626056
34,36.400000,11.133333,20.706000,0.000000,3.590445
35,36.400000,10.966667,20.696200,0.000000,3.633787
36,36.400000,11.266667,20.745000,0.000000,3.616625
37,36.466667,11.500000,20.685600,0.000000,3.629920
38,36.500000,11.566667,20.687867,0.000000,3.603354
39,36.533333,11.300000,20.809067,0.000000,3.666731
40,36.533333,11.433333,20.725933,0.000000,3.632037
41,36.533333,11.266667,20.729667,0.000000,3.620622
42,36.533333,11.466667,20.737600,0.000000,3.645757
43,36.533333,10.800000,20.767267,0.000000,3.653705
44,36.533333,11.166667,20.702067,0.000000,3.576819
45,36.533333,11.066667,20.716867,0.000000,3.613849
46,36.533333,11.266667,20.679867,0.000000,3.587796
47,36.566667,11.266667,20.791800,0.000000,3.614607
48,36.566667,11.300000,20.720333,0.000000,3.568873
49,36.566667,11.500000,20.729200,0.000000,3.615466
50,36.600000,11.333333,20.717533,0.000000,3.612083
51,36.633333,11.066667,20.754800,0.000000,3.641394
52,36.633333,11.000000,20.708333,0.000000,3.617977
53,36.666667,11.233333,20.779133,0.000000,3.633586
54,36.733333,11.400000,20.707200,0.000000,3.636244
55,36.733333,11.266667,20.731800,0.000000,3.609901
56,36.833333,11.466667,20.775400,0.000000,3.628248
57,36.833333,11.233333,20.735867,0.000000,3.608597
58,36.833333,10.800000,20.715200,0.000000,3.661958
59,36.866667,11.166667,20.732733,0.000000,3.597647
60,36.866667,11.266667,20.775733,0.000000,3.622353
61,36.866667,11.333333,20.766133,0.000000,3.627461
62,36.866667,11.433333,20.703200,0.000000,3.613631
63,36.900000,11.533333,20.722600,0.000000,3.614054
64,36.900000,11.200000,20.681400,0.000000,3.602025
65,36.900000,11.266667,20.735067,0.000000,3.632403
66,36.900000,11.366667,20.728067,0.000000,3.577323
67,36.900000,11.033333,20.713533,0.000000,3.629079
68,36.900000,10.933333,20.767333,0.000000,3.646906
69,36.900000,11.433333,20.755067,0.000000,3.608813
70,36.900000,11.266667,20.707467,0.000000,3.596868
71,36.900000,11.566667,20.745400,0.000000,3.610075
72,36.900000,11.266667,20.719067,0.000000,3.615322
73,36.900000,10.966667,20.683133,0.000000,3.609024
74,36.900000,11.533333,20.749200,0.000000,3.622739
75,36.900000,11.033333,20.803200,0.000000,3.653366
76,36.900000,11.266667,20.762867,0.000000,3.591624
77,36.900000,11.433333,20.731200,0.000000,3.622179
78,36.900000,11.466667,20.748867,0.000000,3.642063
79,36.900000,11.466667,20.739000,0.000000,3.619857
80,36.900000,11.233333,20.718667,0.000000,3.633259
81,36.900000,11.266667,20.703333,0.000000,3.597674
82,36.900000,11.000000,20.717267,0.000000,3.602388
83,36.900000,11.433333,20.717667,0.000000,3.610862
84,36.900000,11.100000,20.706133,0.000000,3.632827
85,36.900000,11.433333,20.729200,0.000000,3.622631
86,36.933333,11.100000,20.734600,0.000000,3.606314
87,36.933333,11.333333,20.709933,0.000000,3.649686
88,36.966667,10.866667,20.703533,0.000000,3.593946
89,36.966667,11.533333,20.688667,0.000000,3.631350
90,37.066667,11.200000,20.701400,0.000000,3.564708
91,37.066667,11.366667,20.737600,0.000000,3.615256
92,37.066667,11.133333,20.710600,0.000000,3.638261
93,37.066667,11.266667,20.753733,0.000000,3.609591
94,37.066667,11.233333,20.746200,0.000000,3.621085
95,37.066667,10.933333,20.753133,0.000000,3.625462
96,37.066667,11.466667,20.747267,0.000000,3.637766
97,37.066667,11.033333,20.705933,0.000000,3.656790
98,37.066667,11.666667,20.703467,0.000000,3.641986
99,37.100000,11.366667,20.649133,0.000000,3.613598
100,37.100000,11.366667,20.706733,0.000000,3.618066
BestSdev: 0.891895, Time: 49m14.89056574s