gen,best,worst,mean,rep,sdev
1,32.233333,11.100000,20.706200,0.000000,3.605631
2,33.233333,11.033333,20.704667,0.000000,3.600551
3,33.700000,11.133333,20.734067,0.000000,3.609501
4,34.066667,11.133333,20.718800,0.000000,3.590162
5,34.200000,11.266667,20.740600,0.000000,3.620616
6,34.600000,11.433333,20.780133,0.000000,3.609855
7,34.766667,11.266667,20.739533,0.000000,3.620331
8,35.100000,11.300000,20.708400,0.000000,3.604328
9,35.233333,11.433333,20.794867,0.000000,3.616596
10,35.333333,11.366667,20.746067,0.000000,3.632431
11,35.366667,11.333333,20.744067,0.000000,3.599698
12,35.400000,11.366667,20.768533,0.000000,3.627483
13,35.400000,11.200000,20.694200,0.000000,3.629474
14,35.533333,10.933333,20.692867,0.000000,3.595408
15,35.533333,11.200000,20.690600,0.000000,3.602508
16,35.533333,11.366667,20.712200,0.000000,3.617893
17,35.600000,11.166667,20.734933,0.000000,3.598886
18,35.633333,11.466667,20.715733,0.000000,3.599065
19,35.800000,11.466667,20.726000,0.000000,3.656061
20,35.800000,11.133333,20.652867,0.000000,3.596737
21,35.800000,11.433333,20.734867,0.000000,3.621596
22,35.800000,11.300000,20.654333,0.000000,3.641064
23,35.833333,11.200000,20.727267,0.000000,3.595805
24,35.933333,11.266667,20.744533,0.000000,3.642797
25,35.966667,11.266667,20.700333,0.000000,3.586799
26,35.966667,11.066667,20.705000,0.000000,3.634396
27,35.966667,11.666667,20.754733,0.000000,3.611749
28,36.000000,11.266667,20.746267,0.000000,3.641544
29,36.000000,11.233333,20.706800,0.000000,3.604694
30,36.000000,11.166667,20.722200,0.000000,3.579460
31,36.033333,11.333333,20.723400,0.000000,3.604735
32,36.133333,11.233333,20.721667,0.000000,3.589573
33,36.233333,11.366667,20.713000,0.000000,3.609469
34,36.233333,11.000000,20.753667,0.000000,3.623630
35,36.233333,11.166667,20.729733,0.000000,3.637213
36,36.300000,11.466667,20.794733,0.000000,3.621457
37,36.300000,11.066667,20.730200,0.000000,3.618779
38,36.333333,11.300000,20.703000,0.000000,3.627881
39,36.366667,11.200000,20.695467,0.000000,3.606095
40,36.400000,11.433333,20.770200,0.000000,3.668017
41,36.500000,11.200000,20.705067,0.000000,3.659503
42,36.500000,10.966667,20.745133,0.000000,3.612239
43,36.500000,11.200000,20.735533,0.000000,3.606048
44,36.533333,11.433333,20.775667,0.000000,3.640221
45,36.533333,11.333333,20.693333,0.000000,3.617649
46,36.533333,11.166667,20.772533,0.000000,3.607542
47,36.566667,11.133333,20.720600,0.000000,3.599178
48,36.566667,11.366667,20.654200,0.000000,3.589316
49,36.566667,10.900000,20.756467,0.000000,3.615100
50,36.566667,11.433333,20.726467,0.000000,3.597693
51,36.566667,11.366667,20.704600,0.000000,3.606455
52,36.566667,11.700000,20.760400,0.000000,3.580724
53,36.600000,11.100000,20.701200,0.000000,3.615062
54,36.600000,11.600000,20.751933,0.000000,3.656133
55,36.600000,11.033333,20.710933,0.000000,3.636674
56,36.600000,11.433333,20.777800,0.000000,3.635383
57,36.600000,11.233333,20.786267,0.000000,3.664408
58,36.600000,11.466667,20.733400,0.000000,3.619720
59,36.666667,11.233333,20.770267,0.000000,3.671481
60,36.666667,11.500000,20.716600,0.000000,3.608675
61,36.666667,11.433333,20.786333,0.000000,3.598351
62,36.666667,11.066667,20.655133,0.000000,3.567879
63,36.666667,11.266667,20.737200,0.000000,3.621908
64,36.700000,11.400000,20.708533,0.000000,3.601309
65,36.700000,11.333333,20.694800,0.000000,3.608362
66,36.700000,11.566667,20.744200,0.000000,3.611360
67,36.700000,11.266667,20.721800,0.000000,3.620570
68,36.700000,11.133333,20.691200,0.000000,3.632727
69,36.700000,11.466667,20.716467,0.000000,3.613463
70,36.766667,11.066667,20.743400,0.000000,3.671736
71,36.766667,11.300000,20.740533,0.000000,3.616596
72,36.766667,11.100000,20.726600,0.000000,3.618827
73,36.766667,11.466667,20.758067,0.000000,3.641882
74,36.766667,11.300000,20.760467,0.000000,3.598964
75,36.800000,11.300000,20.698867,0.000000,3.585097
76,36.833333,11.433333,20.695933,0.000000,3.599640
77,36.933333,11.466667,20.712733,0.000000,3.621319
78,36.933333,11.266667,20.713267,0.000000,3.625081
79,37.033333,10.833333,20.726067,0.000000,3.608969
80,37.100000,11.200000,20.759600,0.000000,3.605738
81,37.100000,11.466667,20.701333,0.000000,3.588503
82,37.100000,11.100000,20.763000,0.000000,3.625808
83,37.100000,11.433333,20.718200,0.000000,3.609024
84,37.100000,11.333333,20.735333,0.000000,3.590821
85,37.100000,11.300000,20.706133,0.000000,3.613050
86,37.100000,10.966667,20.749067,0.000000,3.597274
87,37.100000,11.500000,20.723867,0.000000,3.625537
88,37.100000,11.333333,20.713600,0.000000,3.584478
89,37.100000,11.266667,20.780933,0.000000,3.613243
90,37.166667,11.066667,20.773800,0.000000,3.605172
91,37.166667,11.566667,20.760600,0.000000,3.605794
92,37.166667,11.566667,20.729667,0.000000,3.600477
93,37.166667,11.366667,20.780467,0.000000,3.607592
94,37.166667,11.100000,20.723400,0.000000,3.633426
95,37.166667,11.433333,20.728000,0.000000,3.588498
96,37.166667,11.366667,20.725733,0.000000,3.584270
97,37.166667,11.200000,20.748333,0.000000,3.676332
98,37.233333,11.066667,20.769600,0.000000,3.635954
99,37.233333,11.566667,20.745067,0.000000,3.618401
100,37.233333,11.333333,20.734867,0.000000,3.642871
BestSdev: 0.888782, Time: 51m29.967484126s