gen,best,worst,mean,rep,sdev
1,31.366667,11.933333,20.688833,0.000000,3.555764
2,31.866667,11.666667,20.711333,0.000000,3.652109
3,32.400000,12.200000,20.721333,0.000000,3.531637
4,32.800000,12.133333,20.785000,0.000000,3.652124
5,33.033333,11.900000,20.714333,0.000000,3.607113
6,33.233333,11.733333,20.709833,0.000000,3.635747
7,33.400000,12.100000,20.727000,0.000000,3.566442
8,33.500000,12.333333,20.725667,0.000000,3.579493
9,33.666667,12.166667,20.765833,0.000000,3.596699
10,33.766667,12.000000,20.652833,0.000000,3.535598
11,34.000000,11.866667,20.671667,0.000000,3.598395
12,34.133333,12.033333,20.721000,0.000000,3.565961
13,34.233333,11.966667,20.861333,0.000000,3.631308
14,34.233333,12.133333,20.749667,0.000000,3.601183
15,34.400000,11.866667,20.685833,0.000000,3.607259
16,34.433333,11.800000,20.662333,0.000000,3.592097
17,34.533333,12.333333,20.706167,0.000000,3.599561
18,34.600000,11.833333,20.686167,0.000000,3.610674
19,34.700000,11.800000,20.688500,0.000000,3.611677
20,34.866667,12.300000,20.826167,0.000000,3.638066
BestSdev: 0.943626, Time: 4m27.532258193s