gen,best,worst,mean,rep,sdev
1,16.066667,11.933333,13.846667,0.000000,1.062661
2,16.433333,12.033333,13.911667,0.000000,1.084266
3,16.600000,11.933333,13.760000,0.000000,1.010390
4,16.633333,11.900000,13.793333,0.000000,1.063009
5,16.700000,12.133333,13.773333,0.000000,0.987887
6,16.766667,11.966667,13.831667,0.000000,1.096896
7,16.833333,12.066667,13.821667,0.000000,1.028820
8,16.833333,12.033333,13.735000,0.000000,0.993334
9,16.866667,12.100000,13.708333,0.000000,1.014621
10,16.866667,11.966667,13.820000,0.000000,1.018174
11,16.933333,11.866667,13.758333,0.000000,1.031034
12,16.966667,11.866667,13.773333,0.000000,1.060189
13,17.000000,11.866667,13.815000,0.000000,1.049376
14,17.033333,11.866667,13.828333,0.000000,1.093010
15,17.033333,11.900000,13.853333,0.000000,1.045982
16,17.033333,11.833333,13.850000,0.000000,1.083525
17,17.066667,11.766667,13.801667,0.000000,1.095356
18,17.100000,11.833333,13.793333,0.000000,1.045994
19,17.100000,11.900000,13.806667,0.000000,1.059613
20,17.100000,11.933333,13.778333,0.000000,1.058929
21,17.100000,12.000000,13.860000,0.000000,1.030611
22,17.166667,11.700000,13.778333,0.000000,1.042995
23,17.166667,12.100000,13.841667,0.000000,1.009044
24,17.166667,12.033333,13.793333,0.000000,1.053824
25,17.200000,11.866667,13.748333,0.000000,1.057728
26,17.200000,12.066667,13.813333,0.000000,1.044191
27,17.200000,12.000000,13.776667,0.000000,0.990764
28,17.233333,12.033333,13.786667,0.000000,0.998557
29,17.233333,12.033333,13.866667,0.000000,1.034061
30,17.233333,11.733333,13.790000,0.000000,1.112901
31,17.233333,12.000000,13.826667,0.000000,0.996166
32,17.233333,11.766667,13.761667,0.000000,1.111020
33,17.233333,11.800000,13.795000,0.000000,1.087586
34,17.266667,12.066667,13.880000,0.000000,1.007115
35,17.300000,11.933333,13.806667,0.000000,1.046554
36,17.300000,11.866667,13.806667,0.000000,0.985703
37,17.300000,11.800000,13.778333,0.000000,1.078421
38,17.300000,12.000000,13.755000,0.000000,1.033707
39,17.300000,11.766667,13.763333,0.000000,1.103728
40,17.300000,11.900000,13.835000,0.000000,1.078062
41,17.300000,12.066667,13.888333,0.000000,1.025907
42,17.300000,11.966667,13.850000,0.000000,1.082983
43,17.300000,11.866667,13.823333,0.000000,1.050845
44,17.300000,11.666667,13.676667,0.000000,1.055984
45,17.333333,11.800000,13.795000,0.000000,1.083849
46,17.333333,11.800000,13.815000,0.000000,1.096915
47,17.333333,11.766667,13.866667,0.000000,1.067028
48,17.333333,11.666667,13.720000,0.000000,1.059150
49,17.333333,11.800000,13.751667,0.000000,1.057639
50,17.333333,12.000000,13.936667,0.000000,1.025307
51,17.333333,12.000000,13.811667,0.000000,1.064286
52,17.333333,12.033333,13.896667,0.000000,1.026171
53,17.333333,11.800000,13.735000,0.000000,1.051530
54,17.333333,11.933333,13.830000,0.000000,1.037483
55,17.333333,12.000000,13.790000,0.000000,1.029154
56,17.333333,11.766667,13.798333,0.000000,1.091223
57,17.333333,11.900000,13.753333,0.000000,1.031632
58,17.333333,11.733333,13.796667,0.000000,1.089115
59,17.333333,11.800000,13.778333,0.000000,1.082621
60,17.333333,12.000000,13.843333,0.000000,1.083194
61,17.333333,11.900000,13.815000,0.000000,1.075725
62,17.366667,11.966667,13.846667,0.000000,1.092695
63,17.366667,11.766667,13.791667,0.000000,1.043924
64,17.400000,11.933333,13.801667,0.000000,1.035197
65,17.400000,11.800000,13.821667,0.000000,1.067190
66,17.400000,11.900000,13.791667,0.000000,1.080498
67,17.433333,12.000000,13.808333,0.000000,1.018236
68,17.466667,11.900000,13.808333,0.000000,1.068713
69,17.500000,12.000000,13.856667,0.000000,1.062560
70,17.533333,11.933333,13.855000,0.000000,1.080937
71,17.533333,11.933333,13.710000,0.000000,0.994381
72,17.533333,11.633333,13.733333,0.000000,1.103644
73,17.533333,12.000000,13.865000,0.000000,1.044578
74,17.533333,11.866667,13.858333,0.000000,1.094072
75,17.533333,11.833333,13.816667,0.000000,1.086010
76,17.533333,11.933333,13.890000,0.000000,1.053355
77,17.566667,11.900000,13.806667,0.000000,1.021256
78,17.566667,12.000000,13.766667,0.000000,1.032069
79,17.566667,12.000000,13.796667,0.000000,1.087084
80,17.566667,11.766667,13.765000,0.000000,1.047460
81,17.566667,11.866667,13.790000,0.000000,1.025343
82,17.566667,11.900000,13.838333,0.000000,1.060101
83,17.566667,11.900000,13.865000,0.000000,1.056829
84,17.566667,11.833333,13.853333,0.000000,1.079268
85,17.566667,12.033333,13.758333,0.000000,0.987751
86,17.566667,11.900000,13.786667,0.000000,1.040995
87,17.566667,12.100000,13.836667,0.000000,1.045238
88,17.566667,12.033333,13.793333,0.000000,1.027112
89,17.566667,11.866667,13.818333,0.000000,1.087780
90,17.566667,12.000000,13.815000,0.000000,0.985031
91,17.600000,11.966667,13.811667,0.000000,1.022777
92,17.633333,11.900000,13.731667,0.000000,1.070251
93,17.633333,12.100000,13.830000,0.000000,1.037515
94,17.633333,11.766667,13.835000,0.000000,1.091082
95,17.633333,12.066667,13.820000,0.000000,1.025342
96,17.633333,11.966667,13.873333,0.000000,1.049145
97,17.633333,11.900000,13.846667,0.000000,1.069072
98,17.633333,11.800000,13.763333,0.000000,1.100405
99,17.633333,11.866667,13.763333,0.000000,1.072702
100,17.633333,12.000000,13.765000,0.000000,1.022529
101,17.633333,11.966667,13.850000,0.000000,1.057157
102,17.633333,12.000000,13.803333,0.000000,1.022829
103,17.633333,11.900000,13.891667,0.000000,1.037445
104,17.633333,11.866667,13.760000,0.000000,1.034193
105,17.633333,11.933333,13.745000,0.000000,1.046059
106,17.633333,12.000000,13.878333,0.000000,1.099598
107,17.633333,12.000000,13.743333,0.000000,1.020309
108,17.666667,12.033333,13.838333,0.000000,1.050566
109,17.666667,11.900000,13.766667,0.000000,1.102044
110,17.666667,12.100000,13.820000,0.000000,1.032008
111,17.666667,12.066667,13.815000,0.000000,1.011932
112,17.666667,11.733333,13.800000,0.000000,1.081317
113,17.666667,11.966667,13.743333,0.000000,1.016804
114,17.666667,11.800000,13.703333,0.000000,1.050406
115,17.666667,11.866667,13.753333,0.000000,1.025472
116,17.666667,12.000000,13.866667,0.000000,1.039806
117,17.666667,12.000000,13.796667,0.000000,1.059400
118,17.666667,11.766667,13.823333,0.000000,1.082895
119,17.666667,12.000000,13.805000,0.000000,1.008339
120,17.666667,11.800000,13.816667,0.000000,1.061214
121,17.666667,11.833333,13.778333,0.000000,1.073275
122,17.666667,11.933333,13.783333,0.000000,1.070680
123,17.666667,11.966667,13.871667,0.000000,1.032407
124,17.666667,12.000000,13.766667,0.000000,1.011247
125,17.666667,12.066667,13.811667,0.000000,0.988500
126,17.666667,12.100000,13.833333,0.000000,1.055914
127,17.666667,11.866667,13.800000,0.000000,1.053049
128,17.666667,11.933333,13.718333,0.000000,1.063730
129,17.666667,11.966667,13.871667,0.000000,1.049391
130,17.666667,11.866667,13.725000,0.000000,1.055232
131,17.666667,11.966667,13.850000,0.000000,1.026190
132,17.666667,11.900000,13.831667,0.000000,1.067725
133,17.666667,11.900000,13.763333,0.000000,1.053761
134,17.666667,11.800000,13.741667,0.000000,1.063241
135,17.666667,11.933333,13.760000,0.000000,1.037015
136,17.700000,11.900000,13.905000,0.000000,1.104625
137,17.700000,11.900000,13.838333,0.000000,1.019185
138,17.700000,11.933333,13.748333,0.000000,1.017254
139,17.700000,11.933333,13.801667,0.000000,1.031736
140,17.700000,12.033333,13.843333,0.000000,0.991761
141,17.700000,11.733333,13.751667,0.000000,1.080888
142,17.700000,12.000000,13.866667,0.000000,1.049604
143,17.700000,11.900000,13.820000,0.000000,1.046446
144,17.700000,11.966667,13.803333,0.000000,1.071152
145,17.700000,12.033333,13.800000,0.000000,0.980499
146,17.700000,11.666667,13.796667,0.000000,1.112095
147,17.700000,11.900000,13.851667,0.000000,1.057989
148,17.700000,11.933333,13.820000,0.000000,1.084976
149,17.700000,11.866667,13.786667,0.000000,1.057042
150,17.700000,11.800000,13.721667,0.000000,1.076068
151,17.700000,11.933333,13.811667,0.000000,1.033569
152,17.700000,12.066667,13.845000,0.000000,0.990225
153,17.700000,11.700000,13.751667,0.000000,1.077458
154,17.700000,11.966667,13.760000,0.000000,1.018721
155,17.700000,11.933333,13.793333,0.000000,1.031987
156,17.700000,11.933333,13.800000,0.000000,1.110392
157,17.700000,11.966667,13.841667,0.000000,1.049435
158,17.700000,11.866667,13.795000,0.000000,1.067763
159,17.700000,11.866667,13.815000,0.000000,1.077062
160,17.700000,12.033333,13.833333,0.000000,1.022694
161,17.700000,12.100000,13.740000,0.000000,1.050870
162,17.700000,12.000000,13.828333,0.000000,1.013109
163,17.733333,11.966667,13.725000,0.000000,1.032239
164,17.733333,11.800000,13.745000,0.000000,1.056014
165,17.733333,11.833333,13.823333,0.000000,1.054233
166,17.766667,11.966667,13.803333,0.000000,1.091814
167,17.766667,11.933333,13.808333,0.000000,1.016303
168,17.766667,11.766667,13.833333,0.000000,1.035799
169,17.766667,11.866667,13.806667,0.000000,1.025348
170,17.766667,11.900000,13.783333,0.000000,1.022557
171,17.766667,11.900000,13.761667,0.000000,1.002157
172,17.766667,11.933333,13.841667,0.000000,1.047392
173,17.766667,11.866667,13.751667,0.000000,1.027229
174,17.766667,12.000000,13.828333,0.000000,1.012626
175,17.766667,11.933333,13.826667,0.000000,1.046522
176,17.766667,11.966667,13.776667,0.000000,1.044178
177,17.766667,11.833333,13.813333,0.000000,1.076053
178,17.766667,11.800000,13.788333,0.000000,1.023435
179,17.766667,12.000000,13.900000,0.000000,1.025550
180,17.766667,12.000000,13.786667,0.000000,1.063009
181,17.766667,11.933333,13.870000,0.000000,1.020602
182,17.766667,12.000000,13.861667,0.000000,1.028774
183,17.766667,11.900000,13.828333,0.000000,1.073253
184,17.766667,11.900000,13.825000,0.000000,1.031017
185,17.766667,11.933333,13.803333,0.000000,1.048649
186,17.766667,12.166667,13.863333,0.000000,1.041033
187,17.766667,11.900000,13.876667,0.000000,1.034282
188,17.766667,11.933333,13.870000,0.000000,1.078698
189,17.766667,11.833333,13.791667,0.000000,1.072860
190,17.766667,11.933333,13.758333,0.000000,1.023700
191,17.766667,11.900000,13.808333,0.000000,1.089178
192,17.766667,11.966667,13.896667,0.000000,1.012890
193,17.766667,11.933333,13.780000,0.000000,1.016716
194,17.766667,12.000000,13.711667,0.000000,1.021645
195,17.766667,12.000000,13.868333,0.000000,1.071334
196,17.766667,11.966667,13.811667,0.000000,1.096651
197,17.766667,11.900000,13.805000,0.000000,1.088979
198,17.800000,11.900000,13.833333,0.000000,1.020923
199,17.800000,11.966667,13.826667,0.000000,1.064044
200,17.800000,11.833333,13.736667,0.000000,1.006130
BestSdev: 0.290804, Time: 8m43.266561524s