gen,best,worst,mean,rep,sdev
1,16.400000,11.166667,13.782333,0.000000,1.072953
2,16.766667,11.500000,13.828667,0.000000,1.068172
3,16.966667,11.300000,13.805333,0.000000,1.084584
4,17.066667,11.366667,13.809667,0.000000,1.080064
5,17.166667,11.366667,13.817000,0.000000,1.080185
6,17.200000,11.500000,13.828333,0.000000,1.066777
7,17.200000,11.233333,13.803667,0.000000,1.082085
8,17.233333,11.166667,13.772667,0.000000,1.098464
9,17.266667,11.466667,13.773000,0.000000,1.086809
10,17.300000,11.333333,13.833333,0.000000,1.085700
11,17.300000,11.333333,13.797667,0.000000,1.078801
12,17.366667,11.433333,13.796333,0.000000,1.080563
13,17.366667,11.366667,13.777333,0.000000,1.081069
14,17.433333,11.366667,13.795333,0.000000,1.093105
15,17.500000,11.366667,13.801333,0.000000,1.104314
16,17.533333,11.200000,13.828000,0.000000,1.081259
17,17.533333,11.300000,13.799667,0.000000,1.071885
18,17.533333,11.300000,13.790000,0.000000,1.082752
19,17.600000,11.133333,13.789000,0.000000,1.088351
20,17.666667,11.300000,13.777333,0.000000,1.081345
21,17.700000,11.366667,13.821667,0.000000,1.108549
22,17.700000,11.366667,13.842667,0.000000,1.094122
23,17.733333,11.300000,13.783333,0.000000,1.074027
24,17.733333,11.300000,13.785667,0.000000,1.084948
25,17.766667,11.333333,13.781333,0.000000,1.091321
26,17.766667,11.366667,13.794333,0.000000,1.090155
27,17.833333,11.400000,13.806333,0.000000,1.087629
28,17.833333,11.100000,13.769000,0.000000,1.097904
29,17.833333,11.400000,13.793667,0.000000,1.068624
30,17.833333,11.166667,13.800333,0.000000,1.087817
31,17.866667,11.166667,13.766667,0.000000,1.117408
32,17.866667,11.366667,13.808333,0.000000,1.073480
33,17.866667,11.500000,13.813333,0.000000,1.085576
34,17.866667,11.366667,13.824333,0.000000,1.065251
35,17.866667,11.400000,13.782333,0.000000,1.059187
36,17.866667,11.600000,13.830667,0.000000,1.075525
37,17.900000,11.333333,13.800000,0.000000,1.095522
38,17.900000,11.300000,13.803667,0.000000,1.090402
39,17.900000,11.466667,13.831667,0.000000,1.062602
40,17.900000,11.300000,13.806667,0.000000,1.083110
41,17.900000,11.333333,13.832333,0.000000,1.103825
42,17.933333,11.133333,13.841333,0.000000,1.086649
43,17.933333,11.333333,13.809667,0.000000,1.089095
44,17.933333,11.433333,13.814000,0.000000,1.094598
45,17.933333,11.133333,13.822667,0.000000,1.087978
46,17.966667,11.233333,13.785000,0.000000,1.087496
47,17.966667,11.300000,13.826000,0.000000,1.077385
48,17.966667,11.266667,13.786667,0.000000,1.105404
49,17.966667,11.300000,13.830000,0.000000,1.079761
50,17.966667,11.400000,13.811667,0.000000,1.085955
51,17.966667,11.266667,13.784000,0.000000,1.063849
52,17.966667,11.433333,13.819667,0.000000,1.070101
53,17.966667,11.233333,13.779333,0.000000,1.061973
54,18.000000,11.333333,13.831000,0.000000,1.092413
55,18.033333,11.466667,13.845333,0.000000,1.078065
56,18.033333,11.300000,13.787667,0.000000,1.101197
57,18.033333,11.333333,13.846000,0.000000,1.093830
58,18.033333,11.233333,13.794333,0.000000,1.092768
59,18.033333,11.433333,13.830000,0.000000,1.099602
60,18.033333,11.466667,13.812333,0.000000,1.086435
61,18.033333,11.366667,13.810333,0.000000,1.053633
62,18.033333,11.400000,13.796000,0.000000,1.063918
63,18.033333,11.266667,13.776000,0.000000,1.085543
64,18.033333,11.266667,13.804000,0.000000,1.094961
65,18.033333,11.533333,13.828667,0.000000,1.078703
66,18.033333,11.366667,13.796000,0.000000,1.072815
67,18.033333,11.166667,13.808667,0.000000,1.084344
68,18.033333,11.266667,13.814333,0.000000,1.091119
69,18.033333,11.300000,13.799000,0.000000,1.055003
70,18.033333,11.433333,13.815333,0.000000,1.088981
71,18.033333,11.233333,13.777000,0.000000,1.091870
72,18.033333,11.266667,13.829000,0.000000,1.101978
73,18.033333,11.233333,13.806667,0.000000,1.084412
74,18.033333,11.200000,13.765000,0.000000,1.095289
75,18.066667,11.466667,13.828000,0.000000,1.077051
76,18.066667,11.400000,13.761333,0.000000,1.057612
77,18.066667,11.366667,13.828333,0.000000,1.089824
78,18.066667,11.400000,13.775000,0.000000,1.083825
79,18.066667,11.400000,13.821000,0.000000,1.076207
80,18.066667,11.300000,13.819000,0.000000,1.102928
81,18.066667,11.200000,13.791667,0.000000,1.066550
82,18.100000,11.366667,13.782667,0.000000,1.085907
83,18.100000,11.266667,13.816667,0.000000,1.088110
84,18.100000,11.400000,13.838000,0.000000,1.070982
85,18.100000,11.400000,13.817333,0.000000,1.086666
86,18.133333,11.400000,13.803333,0.000000,1.101062
87,18.133333,11.233333,13.835667,0.000000,1.095603
88,18.166667,11.400000,13.808667,0.000000,1.089138
89,18.166667,11.333333,13.794667,0.000000,1.091720
90,18.166667,11.433333,13.812667,0.000000,1.061985
91,18.166667,11.200000,13.789333,0.000000,1.088598
92,18.166667,11.166667,13.812000,0.000000,1.096420
93,18.166667,11.266667,13.815667,0.000000,1.105250
94,18.166667,11.400000,13.820667,0.000000,1.072570
95,18.166667,11.233333,13.810000,0.000000,1.078782
96,18.166667,11.233333,13.812000,0.000000,1.094160
97,18.166667,11.300000,13.795000,0.000000,1.077944
98,18.166667,11.433333,13.808333,0.000000,1.084299
99,18.166667,11.333333,13.781000,0.000000,1.069136
100,18.166667,11.466667,13.810000,0.000000,1.046217
BestSdev: 0.338269, Time: 9m4.024393467s