gen,best,worst,mean,rep,sdev
1,29.200000,13.166667,20.724000,0.000000,3.592397
2,30.400000,12.800000,20.806000,0.000000,3.636436
3,30.966667,13.033333,20.720667,0.000000,3.574759
4,31.600000,13.333333,20.658667,0.000000,3.631481
5,32.066667,13.233333,20.702667,0.000000,3.561726
6,32.166667,13.300000,20.736000,0.000000,3.617744
7,32.300000,13.233333,20.626000,0.000000,3.508842
8,32.633333,12.866667,20.629333,0.000000,3.649115
9,32.700000,13.433333,21.071333,0.000000,3.585026
10,32.733333,13.200000,20.691333,0.000000,3.679227
11,32.800000,13.000000,20.808000,0.000000,3.593613
12,32.800000,12.900000,20.653333,0.000000,3.622651
13,33.000000,13.466667,20.898000,0.000000,3.608440
14,33.166667,13.333333,20.896667,0.000000,3.488031
15,33.166667,13.566667,20.636667,0.000000,3.568281
16,33.200000,13.500000,20.647333,0.000000,3.517317
17,33.233333,13.266667,20.850667,0.000000,3.602283
18,33.233333,13.300000,20.661333,0.000000,3.552987
19,33.233333,12.766667,20.490000,0.000000,3.568803
20,33.333333,13.366667,20.824000,0.000000,3.588302
21,33.366667,13.333333,20.708667,0.000000,3.550358
22,33.366667,13.266667,20.846667,0.000000,3.653726
23,33.466667,13.266667,20.932667,0.000000,3.573972
24,33.600000,13.300000,20.836000,0.000000,3.546889
25,33.633333,13.300000,20.774000,0.000000,3.520912
26,33.733333,13.400000,20.753333,0.000000,3.587333
27,33.800000,13.366667,20.784000,0.000000,3.616235
28,33.900000,13.033333,20.633333,0.000000,3.632672
29,34.100000,13.133333,20.668000,0.000000,3.650931
30,34.100000,13.333333,20.798000,0.000000,3.530672
31,34.100000,13.366667,20.627333,0.000000,3.643984
32,34.100000,13.133333,20.705333,0.000000,3.476187
33,34.100000,13.166667,20.724000,0.000000,3.633501
34,34.100000,13.000000,20.726667,0.000000,3.658191
35,34.100000,13.200000,20.825333,0.000000,3.720993
36,34.166667,13.033333,20.642667,0.000000,3.645811
37,34.233333,13.266667,20.721333,0.000000,3.575503
38,34.300000,13.266667,20.650667,0.000000,3.513727
39,34.300000,13.100000,20.715333,0.000000,3.640525
40,34.300000,13.666667,20.834000,0.000000,3.503511
41,34.300000,13.200000,20.777333,0.000000,3.543295
42,34.333333,13.233333,20.628000,0.000000,3.590354
43,34.333333,13.166667,20.606000,0.000000,3.699347
44,34.400000,13.666667,20.774000,0.000000,3.672279
45,34.433333,13.233333,20.822667,0.000000,3.701254
46,34.466667,12.833333,20.904000,0.000000,3.576051
47,34.500000,12.766667,20.767333,0.000000,3.618645
48,34.500000,12.966667,20.709333,0.000000,3.551087
49,34.500000,13.633333,20.667333,0.000000,3.445009
50,34.500000,13.133333,20.663333,0.000000,3.567268
51,34.500000,13.533333,20.862000,0.000000,3.550612
52,34.500000,13.133333,20.663333,0.000000,3.499978
53,34.500000,13.333333,20.834000,0.000000,3.602932
54,34.566667,13.633333,20.978667,0.000000,3.595113
55,34.566667,13.633333,20.770000,0.000000,3.584734
56,34.600000,13.200000,20.715333,0.000000,3.638022
57,34.600000,13.433333,20.668000,0.000000,3.468135
58,34.633333,13.333333,20.675333,0.000000,3.590766
59,34.633333,13.566667,20.859333,0.000000,3.516473
60,34.633333,13.366667,20.740000,0.000000,3.597466
61,34.633333,13.300000,20.738667,0.000000,3.534476
62,34.633333,13.400000,20.772667,0.000000,3.590588
63,34.633333,12.633333,20.604667,0.000000,3.568582
64,34.633333,13.100000,20.691333,0.000000,3.574479
65,34.633333,13.133333,20.726667,0.000000,3.544914
66,34.633333,13.100000,20.641333,0.000000,3.560784
67,34.633333,13.333333,20.814000,0.000000,3.586648
68,34.633333,13.433333,20.788667,0.000000,3.519915
69,34.633333,13.066667,20.730000,0.000000,3.532918
70,34.633333,13.300000,20.595333,0.000000,3.478391
71,34.633333,13.200000,20.538000,0.000000,3.609676
72,34.666667,13.400000,20.654000,0.000000,3.553463
73,34.666667,13.966667,20.718000,0.000000,3.510499
74,34.666667,13.566667,20.642000,0.000000,3.591493
75,34.733333,13.233333,20.574000,0.000000,3.571228
76,34.733333,13.266667,20.681333,0.000000,3.581142
77,34.733333,13.533333,20.679333,0.000000,3.584145
78,34.733333,13.733333,20.830000,0.000000,3.632585
79,34.733333,13.433333,20.742000,0.000000,3.521946
80,34.733333,13.333333,20.770000,0.000000,3.551894
81,34.733333,13.466667,20.914667,0.000000,3.626448
82,34.733333,13.500000,20.822000,0.000000,3.535642
83,34.733333,13.800000,20.630000,0.000000,3.575447
84,34.733333,13.566667,20.636000,0.000000,3.517186
85,34.800000,13.133333,20.722000,0.000000,3.522292
86,34.800000,13.466667,20.613333,0.000000,3.521691
87,34.800000,13.600000,20.614667,0.000000,3.549275
88,34.800000,13.366667,20.620667,0.000000,3.507044
89,34.800000,13.466667,20.520000,0.000000,3.618411
90,34.800000,13.166667,20.746667,0.000000,3.645088
91,34.800000,13.333333,20.736000,0.000000,3.652286
92,34.800000,13.433333,20.948667,0.000000,3.697472
93,34.833333,13.233333,20.645333,0.000000,3.592019
94,34.866667,13.100000,20.757333,0.000000,3.661234
95,34.866667,13.266667,20.827333,0.000000,3.658563
96,34.966667,13.366667,20.878000,0.000000,3.575890
97,34.966667,13.200000,20.728000,0.000000,3.564768
98,34.966667,13.533333,20.763333,0.000000,3.533277
99,34.966667,13.333333,20.786667,0.000000,3.536766
100,34.966667,13.566667,20.787333,0.000000,3.596158
BestSdev: 1.019720, Time: 6m2.092816262s