gen,best,worst,mean,rep,sdev
1,32.700000,11.433333,20.724533,0.000000,3.613113
2,33.700000,11.533333,20.725933,0.000000,3.604008
3,34.166667,11.433333,20.690933,0.000000,3.627815
4,34.266667,11.200000,20.664000,0.000000,3.591797
5,34.600000,11.100000,20.711600,0.000000,3.600889
6,34.666667,11.133333,20.739400,0.000000,3.624221
7,34.766667,11.266667,20.653000,0.000000,3.587105
8,34.800000,11.333333,20.721067,0.000000,3.599322
9,35.000000,11.033333,20.740000,0.000000,3.622802
10,35.000000,11.033333,20.752800,0.000000,3.591447
11,35.100000,11.433333,20.779467,0.000000,3.590847
12,35.266667,11.200000,20.723533,0.000000,3.658579
13,35.333333,11.300000,20.698333,0.000000,3.613140
14,35.400000,11.400000,20.696400,0.000000,3.626969
15,35.433333,11.266667,20.736533,0.000000,3.634466
16,35.533333,11.000000,20.725133,0.000000,3.642766
17,35.633333,11.066667,20.718733,0.000000,3.611835
18,35.666667,10.933333,20.760600,0.000000,3.639124
19,35.666667,11.466667,20.740000,0.000000,3.604612
20,35.700000,11.300000,20.787200,0.000000,3.564117
21,35.766667,11.500000,20.762667,0.000000,3.602803
22,35.766667,11.266667,20.741400,0.000000,3.619459
23,35.833333,11.266667,20.702533,0.000000,3.611052
24,35.900000,10.966667,20.751333,0.000000,3.656416
25,35.900000,11.200000,20.720867,0.000000,3.605427
26,35.900000,10.900000,20.704400,0.000000,3.640493
27,35.900000,11.333333,20.736133,0.000000,3.608556
28,35.933333,11.233333,20.727333,0.000000,3.615954
29,35.933333,11.200000,20.730200,0.000000,3.635594
30,35.933333,11.300000,20.712600,0.000000,3.626379
31,36.100000,11.400000,20.733133,0.000000,3.617623
32,36.100000,11.133333,20.717800,0.000000,3.619614
33,36.133333,10.866667,20.693667,0.000000,3.626247
34,36.166667,11.266667,20.739267,0.000000,3.588490
35,36.266667,11.566667,20.691800,0.000000,3.596617
36,36.266667,11.100000,20.711733,0.000000,3.638294
37,36.333333,11.300000,20.696200,0.000000,3.581194
38,36.333333,11.300000,20.738467,0.000000,3.575403
39,36.333333,11.200000,20.753800,0.000000,3.602799
40,36.333333,11.166667,20.744867,0.000000,3.615917
41,36.333333,11.133333,20.803133,0.000000,3.624159
42,36.333333,11.400000,20.704667,0.000000,3.612307
43,36.333333,10.966667,20.723800,0.000000,3.619896
44,36.400000,11.200000,20.703067,0.000000,3.630716
45,36.466667,11.100000,20.688733,0.000000,3.647356
46,36.566667,11.200000,20.682133,0.000000,3.644496
47,36.633333,11.200000,20.760333,0.000000,3.635549
48,36.666667,11.166667,20.754600,0.000000,3.626624
49,36.666667,11.033333,20.743733,0.000000,3.578294
50,36.666667,10.933333,20.709933,0.000000,3.623516
BestSdev: 0.815450, Time: 25m3.962490742s