gen,best,worst,mean,rep,sdev
1,16.966667,11.300000,13.814000,0.000000,1.073992
2,17.133333,11.066667,13.801833,0.000000,1.092950
3,17.166667,11.100000,13.782333,0.000000,1.083562
4,17.200000,11.066667,13.806000,0.000000,1.099041
5,17.200000,11.033333,13.804000,0.000000,1.079930
6,17.200000,11.166667,13.818333,0.000000,1.089113
7,17.233333,10.966667,13.800667,0.000000,1.085946
8,17.266667,11.100000,13.789000,0.000000,1.050635
9,17.366667,10.966667,13.832500,0.000000,1.096820
10,17.400000,11.166667,13.786500,0.000000,1.077686
11,17.500000,11.066667,13.819167,0.000000,1.097288
12,17.533333,11.066667,13.821667,0.000000,1.094490
13,17.533333,11.066667,13.796667,0.000000,1.094812
14,17.633333,11.166667,13.822500,0.000000,1.075356
15,17.766667,11.133333,13.825167,0.000000,1.089543
16,17.766667,11.233333,13.804333,0.000000,1.075451
17,17.833333,11.100000,13.811333,0.000000,1.084574
18,17.833333,11.066667,13.800167,0.000000,1.080293
19,17.900000,11.066667,13.792500,0.000000,1.081893
20,17.966667,11.000000,13.797167,0.000000,1.077993
21,18.000000,11.233333,13.810500,0.000000,1.096124
22,18.033333,11.100000,13.838167,0.000000,1.083385
23,18.033333,11.166667,13.800667,0.000000,1.088665
24,18.033333,11.100000,13.801667,0.000000,1.062220
25,18.033333,11.066667,13.802333,0.000000,1.096346
26,18.033333,11.100000,13.797500,0.000000,1.082319
27,18.033333,11.166667,13.801000,0.000000,1.080893
28,18.033333,11.000000,13.805833,0.000000,1.085913
29,18.033333,11.033333,13.814333,0.000000,1.088077
30,18.033333,11.166667,13.792167,0.000000,1.084333
31,18.033333,11.100000,13.791500,0.000000,1.082557
32,18.033333,11.166667,13.808000,0.000000,1.063923
33,18.033333,11.000000,13.813667,0.000000,1.081456
34,18.033333,11.066667,13.803333,0.000000,1.081549
35,18.033333,11.066667,13.811500,0.000000,1.091116
36,18.033333,11.066667,13.787167,0.000000,1.064857
37,18.033333,11.100000,13.824500,0.000000,1.078879
38,18.033333,11.033333,13.859000,0.000000,1.093289
39,18.033333,11.000000,13.754667,0.000000,1.093306
40,18.033333,11.100000,13.803833,0.000000,1.085220
41,18.033333,11.100000,13.795500,0.000000,1.092465
42,18.066667,11.166667,13.829667,0.000000,1.101863
43,18.066667,11.200000,13.824667,0.000000,1.108696
44,18.066667,11.133333,13.799667,0.000000,1.080186
45,18.066667,11.200000,13.793500,0.000000,1.084915
46,18.066667,11.033333,13.812167,0.000000,1.105216
47,18.100000,11.133333,13.807167,0.000000,1.067013
48,18.133333,11.066667,13.815500,0.000000,1.104200
49,18.133333,11.066667,13.805333,0.000000,1.101172
50,18.133333,11.033333,13.791000,0.000000,1.082209
BestSdev: 0.339621, Time: 8m41.425191718s