gen,best,worst,mean,rep,sdev
1,29.466667,13.233333,20.654000,0.000000,3.608588
2,31.000000,13.366667,20.795333,0.000000,3.612444
3,31.366667,13.066667,20.612667,0.000000,3.620699
4,31.666667,13.266667,20.623333,0.000000,3.515264
5,31.800000,13.333333,20.773333,0.000000,3.580994
6,31.933333,13.466667,20.778000,0.000000,3.536711
7,32.066667,13.200000,20.845333,0.000000,3.556168
8,32.133333,13.433333,20.700000,0.000000,3.564049
9,32.366667,13.233333,20.709333,0.000000,3.642439
10,32.466667,12.966667,20.691333,0.000000,3.593825
11,32.666667,13.233333,20.678000,0.000000,3.613302
12,32.700000,13.400000,20.754667,0.000000,3.550640
13,32.866667,13.300000,20.734000,0.000000,3.607063
14,32.933333,13.033333,20.782000,0.000000,3.717150
15,32.933333,13.233333,20.654000,0.000000,3.609267
16,32.933333,13.200000,20.572667,0.000000,3.599809
17,33.066667,13.633333,20.746667,0.000000,3.464460
18,33.133333,13.566667,20.802000,0.000000,3.592644
19,33.200000,13.500000,20.723333,0.000000,3.598642
20,33.233333,13.300000,20.672000,0.000000,3.535100
BestSdev: 0.901967, Time: 1m12.161924905s