gen,best,worst,mean,rep,sdev
1,16.500000,11.666667,13.814667,0.000000,1.088062
2,16.833333,11.600000,13.803333,0.000000,1.048599
3,17.033333,11.566667,13.809333,0.000000,1.084835
4,17.133333,11.500000,13.790000,0.000000,1.086399
5,17.133333,11.566667,13.789333,0.000000,1.080938
6,17.166667,11.400000,13.819333,0.000000,1.080267
7,17.266667,11.500000,13.772667,0.000000,1.107808
8,17.300000,11.666667,13.814000,0.000000,1.088279
9,17.333333,11.600000,13.836667,0.000000,1.081417
10,17.366667,11.500000,13.870000,0.000000,1.076322
11,17.400000,11.600000,13.764000,0.000000,1.080475
12,17.500000,11.666667,13.826000,0.000000,1.093080
13,17.500000,11.500000,13.747333,0.000000,1.077495
14,17.533333,11.566667,13.811333,0.000000,1.080602
15,17.600000,11.800000,13.808667,0.000000,1.046633
16,17.600000,11.400000,13.777333,0.000000,1.093525
17,17.600000,11.633333,13.794000,0.000000,1.080971
18,17.600000,11.600000,13.746667,0.000000,1.068887
19,17.600000,11.600000,13.814000,0.000000,1.071284
20,17.633333,11.666667,13.826000,0.000000,1.080599
21,17.633333,11.700000,13.788667,0.000000,1.060335
22,17.633333,11.733333,13.836667,0.000000,1.068379
23,17.633333,11.500000,13.777333,0.000000,1.109613
24,17.666667,11.633333,13.850000,0.000000,1.096707
25,17.666667,11.566667,13.836667,0.000000,1.105367
26,17.666667,11.700000,13.796000,0.000000,1.049533
27,17.666667,11.633333,13.750667,0.000000,1.051667
28,17.666667,11.633333,13.791333,0.000000,1.052118
29,17.666667,11.633333,13.882667,0.000000,1.062452
30,17.733333,11.433333,13.778000,0.000000,1.089789
31,17.733333,11.666667,13.813333,0.000000,1.050034
32,17.733333,11.533333,13.770667,0.000000,1.085867
33,17.766667,11.800000,13.866667,0.000000,1.081951
34,17.766667,11.666667,13.803333,0.000000,1.065711
35,17.766667,11.600000,13.770000,0.000000,1.017638
36,17.766667,11.600000,13.807333,0.000000,1.055444
37,17.766667,11.533333,13.848667,0.000000,1.086865
38,17.766667,11.500000,13.788667,0.000000,1.080497
39,17.766667,11.733333,13.845333,0.000000,1.035708
40,17.800000,11.500000,13.788667,0.000000,1.067593
41,17.800000,11.600000,13.814667,0.000000,1.084987
42,17.800000,11.800000,13.810667,0.000000,1.065216
43,17.800000,11.633333,13.788667,0.000000,1.064795
44,17.800000,11.500000,13.783333,0.000000,1.047988
45,17.833333,11.533333,13.760000,0.000000,1.082510
46,17.833333,11.500000,13.802000,0.000000,1.071539
47,17.833333,11.666667,13.798000,0.000000,1.072349
48,17.833333,11.633333,13.797333,0.000000,1.063071
49,17.833333,11.533333,13.794667,0.000000,1.077415
50,17.833333,11.666667,13.844667,0.000000,1.062485
51,17.833333,11.666667,13.820667,0.000000,1.080485
52,17.833333,11.666667,13.766667,0.000000,1.057772
53,17.833333,11.700000,13.801333,0.000000,1.099571
54,17.833333,11.600000,13.798667,0.000000,1.092045
55,17.866667,11.566667,13.809333,0.000000,1.099501
56,17.866667,11.600000,13.850667,0.000000,1.068951
57,17.866667,11.700000,13.776000,0.000000,1.055398
58,17.900000,11.733333,13.826667,0.000000,1.087300
59,17.900000,11.633333,13.840667,0.000000,1.106088
60,17.900000,11.633333,13.794667,0.000000,1.037451
61,17.900000,11.566667,13.838000,0.000000,1.084635
62,17.900000,11.666667,13.821333,0.000000,1.083647
63,17.900000,11.566667,13.777333,0.000000,1.031922
64,17.900000,11.500000,13.792000,0.000000,1.070055
65,17.900000,11.733333,13.849333,0.000000,1.067242
66,17.900000,11.500000,13.807333,0.000000,1.092967
67,17.900000,11.666667,13.862667,0.000000,1.062232
68,17.900000,11.800000,13.824667,0.000000,1.063745
69,17.900000,11.533333,13.789333,0.000000,1.085163
70,17.900000,11.466667,13.824667,0.000000,1.085760
71,17.900000,11.766667,13.776667,0.000000,1.074153
72,17.900000,11.633333,13.769333,0.000000,1.075346
73,17.900000,11.633333,13.866000,0.000000,1.090836
74,17.900000,11.633333,13.834000,0.000000,1.115555
75,17.900000,11.566667,13.849333,0.000000,1.109949
76,17.900000,11.566667,13.828000,0.000000,1.067343
77,17.900000,11.800000,13.806667,0.000000,1.043942
78,17.900000,11.566667,13.837333,0.000000,1.091333
79,17.900000,11.533333,13.835333,0.000000,1.084864
80,17.900000,11.866667,13.844667,0.000000,1.064751
81,17.900000,11.700000,13.797333,0.000000,1.053041
82,17.900000,11.666667,13.808000,0.000000,1.097233
83,17.900000,11.600000,13.829333,0.000000,1.045679
84,17.900000,11.500000,13.786000,0.000000,1.070698
85,17.900000,11.566667,13.852667,0.000000,1.080371
86,17.900000,11.633333,13.783333,0.000000,1.052618
87,17.900000,11.600000,13.808000,0.000000,1.052197
88,17.900000,11.800000,13.824000,0.000000,1.052858
89,17.900000,11.533333,13.814000,0.000000,1.080123
90,17.900000,11.633333,13.824667,0.000000,1.079599
91,17.900000,11.633333,13.790000,0.000000,1.070221
92,17.900000,11.600000,13.793333,0.000000,1.099122
93,17.900000,11.666667,13.802000,0.000000,1.075719
94,17.933333,11.700000,13.817333,0.000000,1.054913
95,17.933333,11.633333,13.802667,0.000000,1.089493
96,17.933333,11.566667,13.831333,0.000000,1.052697
97,17.933333,11.533333,13.770000,0.000000,1.090850
98,17.933333,11.733333,13.788000,0.000000,1.069075
99,17.933333,11.533333,13.826000,0.000000,1.065237
100,17.933333,11.733333,13.888667,0.000000,1.082881
101,17.933333,11.666667,13.794667,0.000000,1.084190
102,17.933333,11.466667,13.810667,0.000000,1.093883
103,17.933333,11.600000,13.822000,0.000000,1.065884
104,17.933333,11.566667,13.792000,0.000000,1.068051
105,17.933333,11.433333,13.857333,0.000000,1.098136
106,17.933333,11.700000,13.854667,0.000000,1.050185
107,17.933333,11.466667,13.820000,0.000000,1.035358
108,17.933333,11.666667,13.810667,0.000000,1.093086
109,17.933333,11.500000,13.789333,0.000000,1.052557
110,17.933333,11.566667,13.780000,0.000000,1.067191
111,17.933333,11.500000,13.856000,0.000000,1.098003
112,17.933333,11.700000,13.883333,0.000000,1.043706
113,17.933333,11.533333,13.801333,0.000000,1.048568
114,17.966667,11.533333,13.807333,0.000000,1.053544
115,17.966667,11.500000,13.820667,0.000000,1.090874
116,17.966667,11.566667,13.793333,0.000000,1.090325
117,17.966667,11.733333,13.820667,0.000000,1.069871
118,17.966667,11.666667,13.768667,0.000000,1.064177
119,17.966667,11.400000,13.719333,0.000000,1.088450
120,18.000000,11.633333,13.830000,0.000000,1.069300
121,18.000000,11.533333,13.770000,0.000000,1.100687
122,18.000000,11.700000,13.746667,0.000000,1.052037
123,18.000000,11.500000,13.801333,0.000000,1.072130
124,18.000000,11.533333,13.787333,0.000000,1.078693
125,18.000000,11.700000,13.826000,0.000000,1.034906
126,18.000000,11.500000,13.805333,0.000000,1.078681
127,18.000000,11.566667,13.809333,0.000000,1.098071
128,18.000000,11.500000,13.808000,0.000000,1.084119
129,18.000000,11.566667,13.762000,0.000000,1.064733
130,18.000000,11.566667,13.808667,0.000000,1.045173
131,18.000000,11.533333,13.833333,0.000000,1.067451
132,18.000000,11.500000,13.778667,0.000000,1.094988
133,18.000000,11.700000,13.832000,0.000000,1.074742
134,18.000000,11.400000,13.782667,0.000000,1.079046
135,18.033333,11.400000,13.794000,0.000000,1.078836
136,18.066667,11.466667,13.798667,0.000000,1.098783
137,18.066667,11.633333,13.828000,0.000000,1.034026
138,18.066667,11.633333,13.778000,0.000000,1.068614
139,18.066667,11.633333,13.829333,0.000000,1.099513
140,18.066667,11.766667,13.842667,0.000000,1.060406
141,18.066667,11.600000,13.798000,0.000000,1.067780
142,18.066667,11.566667,13.868667,0.000000,1.061837
143,18.100000,11.700000,13.795333,0.000000,1.083465
144,18.133333,11.633333,13.819333,0.000000,1.074896
145,18.133333,11.700000,13.805333,0.000000,1.046541
146,18.133333,11.633333,13.829333,0.000000,1.065491
147,18.133333,11.533333,13.732667,0.000000,1.086515
148,18.133333,11.600000,13.812000,0.000000,1.085557
149,18.133333,11.566667,13.828000,0.000000,1.075608
150,18.133333,11.566667,13.749333,0.000000,1.056405
151,18.133333,11.633333,13.778000,0.000000,1.037193
152,18.133333,11.766667,13.820667,0.000000,1.051339
153,18.133333,11.533333,13.765333,0.000000,1.058139
154,18.133333,11.433333,13.774667,0.000000,1.086266
155,18.133333,11.633333,13.843333,0.000000,1.053244
156,18.133333,11.700000,13.805333,0.000000,1.073450
157,18.166667,11.500000,13.817333,0.000000,1.091729
158,18.166667,11.566667,13.792000,0.000000,1.106510
159,18.166667,11.666667,13.784000,0.000000,1.056177
160,18.166667,11.566667,13.788000,0.000000,1.099112
161,18.166667,11.533333,13.819333,0.000000,1.102065
162,18.166667,11.566667,13.791333,0.000000,1.065982
163,18.166667,11.600000,13.820000,0.000000,1.093251
164,18.166667,11.800000,13.808000,0.000000,1.085505
165,18.166667,11.633333,13.802667,0.000000,1.098894
166,18.166667,11.700000,13.829333,0.000000,1.069626
167,18.166667,11.666667,13.816000,0.000000,1.056299
168,18.166667,11.533333,13.830000,0.000000,1.078596
169,18.166667,11.633333,13.819333,0.000000,1.068670
170,18.166667,11.566667,13.827333,0.000000,1.097489
171,18.166667,11.600000,13.824667,0.000000,1.097527
172,18.166667,11.400000,13.777333,0.000000,1.082453
173,18.166667,11.733333,13.828667,0.000000,1.054709
174,18.166667,11.500000,13.798000,0.000000,1.120583
175,18.166667,11.700000,13.810000,0.000000,1.064137
176,18.166667,11.666667,13.816000,0.000000,1.041394
177,18.166667,11.500000,13.844667,0.000000,1.092585
178,18.166667,11.566667,13.786667,0.000000,1.078268
179,18.166667,11.566667,13.798667,0.000000,1.090086
180,18.166667,11.666667,13.790667,0.000000,1.055328
181,18.166667,11.600000,13.787333,0.000000,1.059952
182,18.166667,11.666667,13.818667,0.000000,1.091547
183,18.166667,11.600000,13.816000,0.000000,1.048340
184,18.166667,11.533333,13.809333,0.000000,1.099978
185,18.166667,11.600000,13.797333,0.000000,1.066195
186,18.166667,11.300000,13.798000,0.000000,1.092401
187,18.166667,11.500000,13.796667,0.000000,1.089264
188,18.166667,11.466667,13.788000,0.000000,1.075060
189,18.166667,11.533333,13.814667,0.000000,1.084393
190,18.166667,11.666667,13.789333,0.000000,1.089677
191,18.166667,11.666667,13.787333,0.000000,1.054409
192,18.166667,11.566667,13.838667,0.000000,1.054335
193,18.166667,11.666667,13.774000,0.000000,1.055864
194,18.166667,11.566667,13.845333,0.000000,1.071805
195,18.166667,11.700000,13.826667,0.000000,1.060800
196,18.166667,11.666667,13.780000,0.000000,1.037699
197,18.166667,11.600000,13.807333,0.000000,1.081485
198,18.166667,11.633333,13.816667,0.000000,1.045005
199,18.166667,11.666667,13.821333,0.000000,1.089433
200,18.166667,11.566667,13.796667,0.000000,1.090729
BestSdev: 0.257438, Time: 17m53.632241712s