gen,best,worst,mean,rep,sdev
1,32.400000,11.300000,20.686533,0.000000,3.610869
2,33.266667,11.600000,20.744867,0.000000,3.590582
3,34.100000,11.433333,20.777200,0.000000,3.628380
4,34.300000,11.100000,20.704067,0.000000,3.599933
5,34.533333,11.400000,20.727600,0.000000,3.620339
6,34.700000,11.433333,20.759600,0.000000,3.635644
7,34.766667,11.566667,20.723667,0.000000,3.603168
8,34.900000,11.166667,20.745800,0.000000,3.608459
9,34.966667,11.433333,20.727467,0.000000,3.618064
10,35.166667,11.566667,20.741200,0.000000,3.634115
11,35.266667,11.200000,20.708400,0.000000,3.614123
12,35.366667,11.033333,20.749400,0.000000,3.653855
13,35.566667,11.333333,20.772000,0.000000,3.581852
14,35.600000,11.000000,20.707267,0.000000,3.606899
15,35.633333,11.066667,20.686667,0.000000,3.640189
16,35.666667,11.366667,20.721800,0.000000,3.632914
17,35.766667,11.133333,20.702800,0.000000,3.654906
18,35.766667,11.233333,20.710600,0.000000,3.571865
19,35.833333,11.533333,20.766533,0.000000,3.633967
20,35.866667,11.233333,20.718467,0.000000,3.625916
21,35.933333,11.300000,20.709467,0.000000,3.623435
22,36.066667,11.166667,20.735133,0.000000,3.635033
23,36.100000,11.300000,20.707200,0.000000,3.621123
24,36.100000,11.333333,20.734600,0.000000,3.627739
25,36.100000,11.133333,20.726600,0.000000,3.617407
26,36.100000,11.266667,20.700933,0.000000,3.636225
27,36.100000,11.333333,20.756067,0.000000,3.636508
28,36.100000,11.166667,20.731800,0.000000,3.632253
29,36.133333,11.233333,20.738467,0.000000,3.600160
30,36.133333,11.200000,20.771933,0.000000,3.628329
31,36.166667,11.333333,20.771067,0.000000,3.613438
32,36.200000,11.200000,20.741400,0.000000,3.600998
33,36.200000,11.266667,20.697933,0.000000,3.604037
34,36.200000,11.266667,20.696800,0.000000,3.623791
35,36.200000,11.300000,20.739133,0.000000,3.625105
36,36.266667,11.633333,20.738067,0.000000,3.631260
37,36.300000,11.633333,20.697133,0.000000,3.621133
38,36.300000,11.600000,20.683400,0.000000,3.579554
39,36.300000,11.133333,20.703800,0.000000,3.618204
40,36.466667,11.266667,20.722600,0.000000,3.582473
41,36.466667,11.233333,20.715800,0.000000,3.573174
42,36.466667,11.466667,20.763333,0.000000,3.630847
43,36.466667,11.566667,20.717067,0.000000,3.608509
44,36.466667,11.233333,20.761933,0.000000,3.613917
45,36.500000,11.266667,20.692933,0.000000,3.649645
46,36.500000,11.366667,20.776933,0.000000,3.629284
47,36.500000,11.366667,20.730733,0.000000,3.618917
48,36.533333,11.266667,20.722400,0.000000,3.607058
49,36.533333,11.266667,20.744667,0.000000,3.639965
50,36.533333,11.400000,20.719400,0.000000,3.644575
51,36.533333,11.533333,20.690133,0.000000,3.618874
52,36.533333,11.200000,20.712867,0.000000,3.620184
53,36.566667,11.700000,20.750000,0.000000,3.589289
54,36.566667,11.433333,20.756933,0.000000,3.629536
55,36.566667,11.300000,20.725733,0.000000,3.644995
56,36.633333,11.300000,20.715867,0.000000,3.633248
57,36.633333,11.133333,20.758800,0.000000,3.642907
58,36.666667,11.500000,20.798467,0.000000,3.620520
59,36.666667,11.266667,20.742667,0.000000,3.576887
60,36.666667,11.400000,20.787333,0.000000,3.635032
61,36.666667,11.800000,20.713667,0.000000,3.586987
62,36.666667,11.333333,20.745000,0.000000,3.616675
63,36.666667,11.200000,20.685467,0.000000,3.656157
64,36.666667,11.033333,20.696333,0.000000,3.621350
65,36.700000,11.400000,20.760867,0.000000,3.578580
66,36.700000,11.466667,20.741133,0.000000,3.589610
67,36.700000,11.133333,20.712267,0.000000,3.641273
68,36.700000,11.700000,20.735933,0.000000,3.594596
69,36.700000,11.266667,20.739667,0.000000,3.613160
70,36.700000,11.466667,20.730533,0.000000,3.607346
71,36.700000,11.000000,20.753067,0.000000,3.636529
72,36.733333,11.666667,20.735533,0.000000,3.584230
73,36.733333,11.366667,20.689467,0.000000,3.568096
74,36.733333,11.400000,20.717400,0.000000,3.586653
75,36.766667,11.233333,20.722667,0.000000,3.669007
76,36.800000,11.133333,20.696400,0.000000,3.622001
77,36.833333,11.000000,20.792800,0.000000,3.612440
78,36.833333,11.466667,20.742267,0.000000,3.630186
79,36.833333,11.233333,20.720400,0.000000,3.649657
80,36.833333,11.066667,20.757400,0.000000,3.590861
81,36.833333,11.233333,20.757067,0.000000,3.657856
82,36.900000,11.533333,20.698867,0.000000,3.601903
83,36.900000,11.300000,20.630333,0.000000,3.618303
84,36.900000,11.400000,20.751867,0.000000,3.643325
85,36.900000,11.166667,20.753600,0.000000,3.618695
86,36.900000,11.333333,20.732933,0.000000,3.571197
87,36.900000,11.200000,20.754467,0.000000,3.615975
88,36.900000,11.066667,20.734667,0.000000,3.622880
89,36.933333,11.433333,20.726467,0.000000,3.611766
90,36.933333,11.100000,20.727800,0.000000,3.574037
91,36.966667,11.066667,20.718200,0.000000,3.617567
92,36.966667,11.500000,20.716200,0.000000,3.618468
93,36.966667,11.233333,20.694000,0.000000,3.611706
94,37.000000,11.033333,20.703933,0.000000,3.641427
95,37.000000,11.233333,20.730867,0.000000,3.580851
96,37.000000,11.166667,20.717000,0.000000,3.604503
97,37.000000,11.066667,20.742067,0.000000,3.611899
98,37.033333,10.900000,20.764467,0.000000,3.656289
99,37.033333,11.466667,20.778200,0.000000,3.648041
100,37.033333,11.400000,20.731600,0.000000,3.604931
BestSdev: 0.808000, Time: 50m9.029209551s