gen,best,worst,mean,rep,sdev
1,16.600000,11.433333,13.785667,0.000000,1.093533
2,16.900000,11.333333,13.800000,0.000000,1.097155
3,16.900000,11.333333,13.838667,0.000000,1.086972
4,17.133333,11.200000,13.818000,0.000000,1.076655
5,17.266667,11.366667,13.813667,0.000000,1.105234
6,17.433333,11.400000,13.797667,0.000000,1.064847
7,17.433333,11.233333,13.744667,0.000000,1.101649
8,17.433333,11.433333,13.819000,0.000000,1.071571
9,17.466667,11.266667,13.841667,0.000000,1.077033
10,17.500000,11.433333,13.797667,0.000000,1.076696
11,17.500000,11.333333,13.799333,0.000000,1.077657
12,17.533333,11.300000,13.784667,0.000000,1.080858
13,17.600000,11.233333,13.779667,0.000000,1.088034
14,17.666667,11.533333,13.814667,0.000000,1.082487
15,17.666667,11.200000,13.787333,0.000000,1.058810
16,17.700000,11.300000,13.807333,0.000000,1.085384
17,17.700000,11.433333,13.821667,0.000000,1.095324
18,17.733333,11.266667,13.778000,0.000000,1.089562
19,17.733333,11.266667,13.804000,0.000000,1.094735
20,17.733333,11.433333,13.809333,0.000000,1.073643
BestSdev: 0.312245, Time: 1m51.428760398s