gen,best,worst,mean,rep,sdev
1,29.533333,13.066667,20.768000,0.000000,3.639082
2,30.500000,13.600000,20.692000,0.000000,3.493223
3,30.933333,13.766667,20.818667,0.000000,3.574247
4,31.433333,13.666667,20.696000,0.000000,3.533542
5,31.566667,13.566667,20.796000,0.000000,3.460774
6,31.866667,13.466667,20.745333,0.000000,3.510344
7,31.933333,13.166667,20.630000,0.000000,3.543836
8,31.933333,12.766667,20.666000,0.000000,3.606354
9,32.100000,13.600000,20.666000,0.000000,3.543352
10,32.233333,12.966667,20.722667,0.000000,3.611680
11,32.333333,13.433333,20.808667,0.000000,3.622886
12,32.366667,13.666667,21.012667,0.000000,3.575811
13,32.433333,13.366667,20.698000,0.000000,3.566872
14,32.500000,13.100000,20.932667,0.000000,3.615375
15,32.500000,13.166667,20.706667,0.000000,3.589327
16,32.633333,13.233333,20.848667,0.000000,3.731212
17,32.733333,13.633333,20.698000,0.000000,3.526335
18,32.966667,13.633333,20.884667,0.000000,3.635993
19,32.966667,13.400000,20.707333,0.000000,3.405333
20,33.033333,13.266667,20.890000,0.000000,3.660132
21,33.033333,13.200000,20.743333,0.000000,3.505183
22,33.133333,13.300000,20.724000,0.000000,3.535111
23,33.366667,13.300000,20.557333,0.000000,3.629810
24,33.533333,13.400000,20.829333,0.000000,3.737088
25,33.566667,13.166667,20.732667,0.000000,3.604728
26,33.566667,13.033333,20.650000,0.000000,3.604179
27,33.600000,13.133333,20.498000,0.000000,3.625937
28,33.666667,13.400000,20.790000,0.000000,3.519347
29,33.700000,13.100000,20.734667,0.000000,3.507586
30,33.700000,13.200000,20.772000,0.000000,3.571879
31,33.700000,13.300000,20.915333,0.000000,3.491158
32,33.700000,13.233333,20.707333,0.000000,3.617225
33,33.700000,13.566667,20.766000,0.000000,3.541491
34,33.700000,13.400000,20.955333,0.000000,3.632388
35,33.700000,13.433333,20.867333,0.000000,3.653604
36,33.700000,13.500000,20.827333,0.000000,3.651809
37,33.700000,13.666667,20.811333,0.000000,3.499329
38,33.700000,13.166667,20.684000,0.000000,3.551393
39,33.733333,13.300000,20.624667,0.000000,3.532496
40,33.733333,13.133333,20.702000,0.000000,3.600640
41,33.733333,13.533333,20.798000,0.000000,3.645361
42,33.833333,13.500000,20.708000,0.000000,3.601352
43,33.833333,13.033333,20.587333,0.000000,3.591495
44,33.833333,13.400000,20.696000,0.000000,3.659015
45,33.833333,13.300000,20.713333,0.000000,3.607819
46,33.833333,13.366667,20.886667,0.000000,3.631884
47,33.833333,13.100000,20.724667,0.000000,3.626799
48,33.866667,13.566667,20.806000,0.000000,3.616786
49,33.866667,13.933333,20.621333,0.000000,3.450766
50,33.966667,14.066667,20.758667,0.000000,3.408701
BestSdev: 0.988607, Time: 3m4.89970056s