gen,best,worst,mean,rep,sdev
1,32.733333,11.400000,20.717667,0.000000,3.586859
2,33.600000,11.333333,20.707000,0.000000,3.602181
3,33.900000,11.300000,20.727000,0.000000,3.608191
4,34.333333,11.400000,20.720533,0.000000,3.614243
5,34.466667,11.233333,20.708200,0.000000,3.631744
6,34.633333,11.366667,20.686533,0.000000,3.626266
7,34.866667,11.200000,20.760933,0.000000,3.616432
8,35.000000,11.433333,20.730933,0.000000,3.619391
9,35.200000,11.200000,20.744467,0.000000,3.618841
10,35.233333,11.300000,20.684133,0.000000,3.585423
11,35.233333,11.266667,20.692133,0.000000,3.590900
12,35.300000,11.133333,20.719267,0.000000,3.582759
13,35.333333,11.300000,20.708267,0.000000,3.611188
14,35.466667,11.233333,20.762400,0.000000,3.632822
15,35.633333,11.333333,20.781600,0.000000,3.633396
16,35.700000,11.066667,20.742267,0.000000,3.605505
17,35.700000,11.366667,20.716400,0.000000,3.611200
18,35.700000,11.400000,20.693133,0.000000,3.606863
19,35.833333,11.266667,20.694467,0.000000,3.589186
20,35.833333,11.600000,20.746267,0.000000,3.617253
21,35.900000,10.966667,20.712267,0.000000,3.642878
22,35.933333,11.233333,20.730133,0.000000,3.630897
23,35.933333,11.366667,20.697933,0.000000,3.614335
24,35.933333,11.366667,20.726733,0.000000,3.620375
25,35.933333,11.033333,20.751533,0.000000,3.628035
26,35.966667,11.133333,20.733267,0.000000,3.575971
27,35.966667,11.166667,20.693933,0.000000,3.623854
28,36.000000,11.300000,20.791867,0.000000,3.619925
29,36.000000,11.200000,20.743667,0.000000,3.606926
30,36.000000,11.400000,20.682733,0.000000,3.646095
31,36.100000,11.500000,20.794667,0.000000,3.637515
32,36.166667,10.900000,20.706667,0.000000,3.635983
33,36.233333,11.233333,20.701933,0.000000,3.577804
34,36.300000,11.300000,20.725600,0.000000,3.597022
35,36.333333,11.200000,20.717733,0.000000,3.621814
36,36.333333,11.066667,20.726800,0.000000,3.627723
37,36.333333,11.133333,20.734000,0.000000,3.610322
38,36.333333,11.466667,20.771533,0.000000,3.617800
39,36.333333,11.200000,20.654467,0.000000,3.595188
40,36.333333,11.233333,20.744133,0.000000,3.610561
41,36.333333,11.366667,20.732733,0.000000,3.620206
42,36.333333,11.166667,20.750733,0.000000,3.626169
43,36.366667,11.133333,20.756733,0.000000,3.632829
44,36.400000,11.333333,20.723733,0.000000,3.614156
45,36.466667,11.333333,20.740800,0.000000,3.597375
46,36.466667,11.066667,20.738000,0.000000,3.618127
47,36.466667,11.233333,20.739333,0.000000,3.619548
48,36.466667,10.833333,20.714400,0.000000,3.587885
49,36.500000,11.066667,20.718133,0.000000,3.617920
50,36.500000,11.166667,20.707733,0.000000,3.596119
BestSdev: 0.808282, Time: 25m46.14900327s