gen,best,worst,mean,rep,sdev
1,30.600000,12.933333,20.728667,0.000000,3.600787
2,31.600000,12.833333,20.754333,0.000000,3.632242
3,31.966667,12.833333,20.850333,0.000000,3.575111
4,32.033333,12.533333,20.687667,0.000000,3.537581
5,32.100000,12.800000,20.719667,0.000000,3.523474
6,32.233333,12.333333,20.685333,0.000000,3.664119
7,32.366667,12.666667,20.695667,0.000000,3.625517
8,32.600000,12.933333,20.729667,0.000000,3.552109
9,32.766667,12.800000,20.811333,0.000000,3.532792
10,32.933333,12.633333,20.692000,0.000000,3.591851
11,32.966667,12.733333,20.879667,0.000000,3.540605
12,33.366667,12.566667,20.636333,0.000000,3.751279
13,33.533333,12.700000,20.688333,0.000000,3.598286
14,33.766667,12.700000,20.765333,0.000000,3.630393
15,33.933333,12.333333,20.714000,0.000000,3.585915
16,33.933333,12.833333,20.657667,0.000000,3.561612
17,34.066667,12.466667,20.690000,0.000000,3.530825
18,34.100000,12.300000,20.648667,0.000000,3.540753
19,34.366667,13.033333,20.791000,0.000000,3.575810
20,34.400000,12.733333,20.647333,0.000000,3.610580
21,34.466667,12.600000,20.698667,0.000000,3.604906
22,34.566667,12.600000,20.677333,0.000000,3.498477
23,34.566667,12.666667,20.681667,0.000000,3.611133
24,34.600000,12.766667,20.562333,0.000000,3.614892
25,34.600000,12.233333,20.607000,0.000000,3.602060
26,34.600000,12.833333,20.622667,0.000000,3.538661
27,34.633333,12.500000,20.673333,0.000000,3.619709
28,34.633333,12.933333,20.722333,0.000000,3.619157
29,34.633333,12.766667,20.729000,0.000000,3.599420
30,34.633333,12.733333,20.827000,0.000000,3.699233
31,34.633333,12.900000,20.678667,0.000000,3.555674
32,34.766667,12.566667,20.826333,0.000000,3.665424
33,34.766667,12.700000,20.751333,0.000000,3.621437
34,34.800000,12.466667,20.814667,0.000000,3.642372
35,34.833333,12.666667,20.780000,0.000000,3.601257
36,34.833333,12.833333,20.703000,0.000000,3.509106
37,34.866667,12.733333,20.660000,0.000000,3.595944
38,34.866667,12.766667,20.763000,0.000000,3.518685
39,34.900000,12.566667,20.894000,0.000000,3.612836
40,34.900000,12.800000,20.727000,0.000000,3.596801
41,34.933333,12.400000,20.672333,0.000000,3.617414
42,35.000000,12.800000,20.803333,0.000000,3.644572
43,35.000000,12.966667,20.878333,0.000000,3.494541
44,35.033333,12.233333,20.809667,0.000000,3.676191
45,35.033333,12.533333,20.848667,0.000000,3.655638
46,35.066667,12.600000,20.897333,0.000000,3.725135
47,35.066667,12.600000,20.650333,0.000000,3.578351
48,35.166667,12.733333,20.693333,0.000000,3.537586
49,35.166667,12.500000,20.651667,0.000000,3.598824
50,35.233333,12.633333,20.739667,0.000000,3.591377
51,35.300000,12.900000,20.750667,0.000000,3.585630
52,35.366667,12.366667,20.687000,0.000000,3.674904
53,35.366667,12.733333,20.779000,0.000000,3.616371
54,35.366667,12.666667,20.791333,0.000000,3.645203
55,35.366667,12.933333,20.841667,0.000000,3.536932
56,35.366667,12.466667,20.626000,0.000000,3.650648
57,35.366667,12.866667,20.728667,0.000000,3.526535
58,35.366667,12.633333,20.719000,0.000000,3.664809
59,35.400000,12.900000,20.578333,0.000000,3.559486
60,35.433333,12.833333,20.774000,0.000000,3.577181
61,35.466667,12.566667,20.604333,0.000000,3.612947
62,35.466667,12.666667,20.800667,0.000000,3.597561
63,35.466667,12.833333,20.724667,0.000000,3.529699
64,35.466667,12.600000,20.664667,0.000000,3.577555
65,35.533333,12.633333,20.690000,0.000000,3.562852
66,35.600000,12.366667,20.732333,0.000000,3.636205
67,35.600000,12.366667,20.745667,0.000000,3.626631
68,35.600000,12.666667,20.725000,0.000000,3.577005
69,35.633333,12.533333,20.751000,0.000000,3.653959
70,35.633333,12.533333,20.654333,0.000000,3.530426
71,35.633333,12.466667,20.602000,0.000000,3.592297
72,35.666667,12.866667,20.693000,0.000000,3.603115
73,35.666667,12.533333,20.710333,0.000000,3.607138
74,35.666667,12.700000,20.665333,0.000000,3.601542
75,35.700000,13.066667,20.691333,0.000000,3.547455
76,35.700000,12.500000,20.726333,0.000000,3.589009
77,35.700000,12.633333,20.731333,0.000000,3.660235
78,35.700000,12.700000,20.819333,0.000000,3.580368
79,35.766667,13.000000,20.736000,0.000000,3.691896
80,35.766667,12.700000,20.711333,0.000000,3.636544
81,35.766667,12.900000,20.785000,0.000000,3.574818
82,35.766667,12.366667,20.681667,0.000000,3.588991
83,35.766667,12.600000,20.690000,0.000000,3.613822
84,35.833333,12.800000,20.680000,0.000000,3.604417
85,35.833333,12.700000,20.777667,0.000000,3.647152
86,35.833333,12.866667,20.835000,0.000000,3.523492
87,35.833333,12.866667,20.776000,0.000000,3.640194
88,35.866667,12.566667,20.722667,0.000000,3.552618
89,35.866667,12.833333,20.664333,0.000000,3.593896
90,35.866667,12.400000,20.783000,0.000000,3.644756
91,35.866667,12.900000,20.683000,0.000000,3.605593
92,35.866667,12.666667,20.761000,0.000000,3.605681
93,35.866667,12.566667,20.697667,0.000000,3.564835
94,35.866667,12.766667,20.687000,0.000000,3.552634
95,35.866667,12.566667,20.711667,0.000000,3.587866
96,35.866667,12.800000,20.743667,0.000000,3.627803
97,35.866667,12.633333,20.728667,0.000000,3.552617
98,35.866667,12.233333,20.678667,0.000000,3.637201
99,35.900000,12.533333,20.676333,0.000000,3.538576
100,35.900000,12.866667,20.726333,0.000000,3.503886
101,35.900000,13.100000,20.715667,0.000000,3.552431
102,35.900000,13.133333,20.790333,0.000000,3.561395
103,35.900000,12.933333,20.657333,0.000000,3.507370
104,35.900000,12.666667,20.689667,0.000000,3.630272
105,35.900000,12.566667,20.725000,0.000000,3.540070
106,35.900000,12.233333,20.682667,0.000000,3.558153
107,35.900000,12.600000,20.705667,0.000000,3.632386
108,35.900000,12.400000,20.714333,0.000000,3.655612
109,35.900000,12.900000,20.805333,0.000000,3.486322
110,35.900000,12.633333,20.744333,0.000000,3.604633
111,35.900000,12.466667,20.738000,0.000000,3.596549
112,36.066667,12.766667,20.779000,0.000000,3.584129
113,36.066667,12.433333,20.688000,0.000000,3.651942
114,36.166667,12.966667,20.771333,0.000000,3.620604
115,36.166667,12.733333,20.700667,0.000000,3.582599
116,36.166667,12.533333,20.720333,0.000000,3.657790
117,36.166667,12.233333,20.730000,0.000000,3.594365
118,36.166667,12.766667,20.717000,0.000000,3.608038
119,36.166667,12.666667,20.751000,0.000000,3.592920
120,36.166667,12.566667,20.710000,0.000000,3.650057
121,36.200000,12.800000,20.718667,0.000000,3.597367
122,36.200000,12.866667,20.750667,0.000000,3.587534
123,36.200000,12.900000,20.682667,0.000000,3.573025
124,36.200000,12.800000,20.719000,0.000000,3.557758
125,36.200000,12.966667,20.683667,0.000000,3.607408
126,36.200000,12.566667,20.780000,0.000000,3.624263
127,36.233333,12.300000,20.724667,0.000000,3.583813
128,36.233333,12.466667,20.825000,0.000000,3.608951
129,36.233333,12.600000,20.669000,0.000000,3.704157
130,36.233333,12.866667,20.847667,0.000000,3.514696
131,36.233333,12.600000,20.742333,0.000000,3.594311
132,36.233333,12.433333,20.780333,0.000000,3.661512
133,36.233333,12.833333,20.809000,0.000000,3.597172
134,36.266667,12.866667,20.672333,0.000000,3.565866
135,36.266667,12.266667,20.862333,0.000000,3.633305
136,36.266667,12.866667,20.803000,0.000000,3.617768
137,36.266667,12.466667,20.647000,0.000000,3.640982
138,36.266667,12.766667,20.642667,0.000000,3.522642
139,36.266667,12.333333,20.667000,0.000000,3.700923
140,36.266667,12.833333,20.792333,0.000000,3.650345
141,36.266667,12.700000,20.666000,0.000000,3.673024
142,36.266667,12.733333,20.829667,0.000000,3.580662
143,36.266667,12.433333,20.653000,0.000000,3.555899
144,36.266667,12.666667,20.694333,0.000000,3.627041
145,36.333333,12.366667,20.672667,0.000000,3.598194
146,36.333333,12.733333,20.741333,0.000000,3.556749
147,36.333333,12.500000,20.680000,0.000000,3.551198
148,36.366667,12.700000,20.773667,0.000000,3.606550
149,36.366667,12.533333,20.704333,0.000000,3.537992
150,36.366667,12.433333,20.740000,0.000000,3.672997
151,36.366667,12.533333,20.684667,0.000000,3.587835
152,36.366667,12.966667,20.754333,0.000000,3.619536
153,36.366667,12.666667,20.801000,0.000000,3.561657
154,36.400000,12.533333,20.668667,0.000000,3.613113
155,36.466667,12.400000,20.722333,0.000000,3.708038
156,36.466667,12.833333,20.689333,0.000000,3.501550
157,36.466667,12.466667,20.680000,0.000000,3.565616
158,36.466667,12.833333,20.797333,0.000000,3.642485
159,36.466667,13.166667,20.698000,0.000000,3.532526
160,36.466667,12.766667,20.709667,0.000000,3.594679
161,36.466667,12.933333,20.704333,0.000000,3.571911
162,36.500000,12.400000,20.762333,0.000000,3.675723
163,36.500000,12.733333,20.791333,0.000000,3.579277
164,36.500000,12.433333,20.611333,0.000000,3.626054
165,36.500000,12.833333,20.707667,0.000000,3.566036
166,36.500000,12.866667,20.758000,0.000000,3.560296
167,36.500000,12.400000,20.662667,0.000000,3.505088
168,36.500000,13.033333,20.670000,0.000000,3.566613
169,36.500000,12.533333,20.792000,0.000000,3.605005
170,36.500000,12.700000,20.825000,0.000000,3.702501
171,36.500000,12.500000,20.666667,0.000000,3.559826
172,36.500000,12.566667,20.683333,0.000000,3.568794
173,36.500000,12.733333,20.730000,0.000000,3.588187
174,36.500000,13.133333,20.729000,0.000000,3.555890
175,36.533333,12.366667,20.775667,0.000000,3.673845
176,36.533333,12.466667,20.799000,0.000000,3.595474
177,36.533333,12.600000,20.845000,0.000000,3.622155
178,36.533333,12.600000,20.790000,0.000000,3.595601
179,36.533333,12.766667,20.704667,0.000000,3.659645
180,36.533333,12.633333,20.750000,0.000000,3.694760
181,36.533333,12.900000,20.765000,0.000000,3.566711
182,36.666667,12.333333,20.783333,0.000000,3.664837
183,36.666667,12.666667,20.780000,0.000000,3.597540
184,36.666667,12.633333,20.716667,0.000000,3.499805
185,36.700000,12.600000,20.742333,0.000000,3.651479
186,36.700000,12.533333,20.639333,0.000000,3.538269
187,36.700000,12.233333,20.679667,0.000000,3.602350
188,36.700000,12.166667,20.764333,0.000000,3.670439
189,36.733333,12.566667,20.719667,0.000000,3.647666
190,36.733333,12.433333,20.645333,0.000000,3.555202
191,36.733333,12.433333,20.773000,0.000000,3.598690
192,36.733333,12.733333,20.720667,0.000000,3.556442
193,36.733333,12.733333,20.610667,0.000000,3.547305
194,36.733333,13.000000,20.755333,0.000000,3.587685
195,36.733333,12.866667,20.733333,0.000000,3.542587
196,36.733333,12.700000,20.721667,0.000000,3.646571
197,36.733333,12.666667,20.743000,0.000000,3.592060
198,36.733333,12.600000,20.699000,0.000000,3.612312
199,36.733333,12.800000,20.769667,0.000000,3.564316
200,36.733333,12.533333,20.762667,0.000000,3.621581
BestSdev: 1.104025, Time: 22m34.085282211s