gen,best,worst,mean,rep,sdev
1,30.266667,12.700000,20.677667,0.000000,3.547679
2,31.300000,12.966667,20.738667,0.000000,3.577823
3,31.900000,12.433333,20.870000,0.000000,3.622704
4,32.366667,12.800000,20.747333,0.000000,3.558920
5,32.500000,12.466667,20.831000,0.000000,3.584974
6,32.833333,12.466667,20.791000,0.000000,3.605372
7,33.100000,12.933333,20.783667,0.000000,3.597043
8,33.266667,12.400000,20.658000,0.000000,3.644962
9,33.400000,12.733333,20.731333,0.000000,3.661263
10,33.400000,12.066667,20.763667,0.000000,3.533235
11,33.533333,12.866667,20.707333,0.000000,3.548707
12,33.600000,12.666667,20.771000,0.000000,3.580839
13,33.666667,12.733333,20.771333,0.000000,3.565976
14,33.833333,12.533333,20.804000,0.000000,3.582602
15,33.833333,12.800000,20.733000,0.000000,3.578813
16,33.833333,12.500000,20.658667,0.000000,3.525163
17,33.900000,12.800000,20.784000,0.000000,3.603025
18,33.933333,12.966667,20.740000,0.000000,3.614100
19,34.000000,12.300000,20.638000,0.000000,3.531654
20,34.000000,12.666667,20.660000,0.000000,3.615649
21,34.000000,12.400000,20.730000,0.000000,3.656460
22,34.066667,12.566667,20.669333,0.000000,3.590662
23,34.200000,12.333333,20.677667,0.000000,3.567508
24,34.200000,12.500000,20.723333,0.000000,3.517164
25,34.200000,13.033333,20.769667,0.000000,3.574340
26,34.200000,12.466667,20.782667,0.000000,3.640840
27,34.200000,12.600000,20.812000,0.000000,3.692571
28,34.200000,12.700000,20.736000,0.000000,3.603451
29,34.266667,12.833333,20.681667,0.000000,3.510588
30,34.266667,12.533333,20.861000,0.000000,3.641854
31,34.300000,12.766667,20.650000,0.000000,3.428971
32,34.300000,12.633333,20.669000,0.000000,3.599715
33,34.466667,12.500000,20.700000,0.000000,3.649970
34,34.533333,12.466667,20.704333,0.000000,3.588171
35,34.533333,12.400000,20.685333,0.000000,3.571023
36,34.533333,12.533333,20.621333,0.000000,3.582227
37,34.533333,12.733333,20.780333,0.000000,3.610723
38,34.633333,12.800000,20.790667,0.000000,3.640061
39,34.633333,13.133333,20.794000,0.000000,3.516850
40,34.666667,12.466667,20.697333,0.000000,3.599195
41,34.700000,12.533333,20.735333,0.000000,3.656419
42,34.766667,12.666667,20.569333,0.000000,3.541545
43,34.833333,12.433333,20.568333,0.000000,3.577439
44,34.833333,12.533333,20.790000,0.000000,3.629340
45,34.966667,12.200000,20.666667,0.000000,3.591797
46,35.000000,12.733333,20.663000,0.000000,3.566931
47,35.000000,12.566667,20.856333,0.000000,3.586822
48,35.000000,12.400000,20.820000,0.000000,3.565038
49,35.166667,12.366667,20.787000,0.000000,3.618950
50,35.166667,12.866667,20.702333,0.000000,3.548187
BestSdev: 0.967844, Time: 5m38.613896006s