gen,best,worst,mean,rep,sdev
1,30.100000,12.833333,20.656000,0.000000,3.585733
2,31.333333,12.666667,20.627667,0.000000,3.587641
3,31.866667,12.933333,20.742000,0.000000,3.547240
4,32.233333,12.800000,20.835667,0.000000,3.622881
5,32.600000,12.533333,20.702000,0.000000,3.564374
6,32.800000,12.333333,20.650000,0.000000,3.623111
7,32.866667,12.600000,20.676333,0.000000,3.543190
8,32.933333,12.733333,20.701000,0.000000,3.486886
9,33.133333,12.966667,20.779667,0.000000,3.515277
10,33.233333,12.600000,20.790667,0.000000,3.584670
11,33.300000,12.766667,20.796667,0.000000,3.635914
12,33.366667,12.600000,20.636667,0.000000,3.613343
13,33.433333,12.533333,20.678333,0.000000,3.599113
14,33.466667,12.666667,20.682333,0.000000,3.564924
15,33.566667,12.466667,20.704333,0.000000,3.623400
16,33.633333,12.800000,20.732000,0.000000,3.576216
17,33.733333,12.833333,20.738333,0.000000,3.586583
18,33.800000,12.433333,20.649333,0.000000,3.616351
19,33.866667,12.666667,20.620000,0.000000,3.570788
20,33.933333,12.933333,20.893000,0.000000,3.623814
21,34.033333,12.266667,20.679333,0.000000,3.622148
22,34.033333,12.766667,20.775667,0.000000,3.537152
23,34.033333,12.933333,20.798333,0.000000,3.533822
24,34.133333,12.666667,20.639000,0.000000,3.612187
25,34.200000,12.733333,20.667667,0.000000,3.571672
26,34.266667,12.566667,20.836333,0.000000,3.645627
27,34.300000,12.666667,20.715667,0.000000,3.634783
28,34.300000,12.266667,20.651333,0.000000,3.569511
29,34.300000,12.500000,20.654000,0.000000,3.614812
30,34.366667,12.700000,20.715333,0.000000,3.639806
31,34.400000,12.766667,20.773333,0.000000,3.589002
32,34.400000,12.500000,20.637333,0.000000,3.673797
33,34.433333,12.433333,20.707333,0.000000,3.591073
34,34.466667,12.700000,20.792333,0.000000,3.648673
35,34.466667,12.133333,20.826333,0.000000,3.621746
36,34.633333,12.833333,20.799667,0.000000,3.618018
37,34.666667,12.733333,20.876000,0.000000,3.573681
38,34.700000,12.766667,20.759333,0.000000,3.667487
39,34.700000,12.800000,20.806667,0.000000,3.538900
40,34.733333,12.600000,20.694333,0.000000,3.605718
41,34.800000,12.600000,20.684000,0.000000,3.591228
42,34.866667,12.933333,20.626000,0.000000,3.583378
43,34.866667,12.666667,20.779000,0.000000,3.621116
44,34.866667,12.566667,20.735333,0.000000,3.643945
45,34.966667,12.900000,20.848333,0.000000,3.590683
46,34.966667,12.866667,20.651000,0.000000,3.543787
47,35.000000,12.933333,20.697000,0.000000,3.534991
48,35.000000,12.633333,20.701667,0.000000,3.637077
49,35.000000,12.833333,20.831000,0.000000,3.566289
50,35.033333,12.633333,20.740333,0.000000,3.666660
51,35.033333,12.833333,20.821667,0.000000,3.633977
52,35.033333,12.700000,20.844000,0.000000,3.552528
53,35.033333,12.666667,20.777333,0.000000,3.618121
54,35.033333,12.666667,20.756000,0.000000,3.600314
55,35.033333,12.566667,20.840000,0.000000,3.555725
56,35.033333,12.666667,20.721333,0.000000,3.640568
57,35.033333,12.300000,20.664000,0.000000,3.590871
58,35.033333,12.700000,20.732667,0.000000,3.586818
59,35.033333,12.600000,20.606000,0.000000,3.631682
60,35.066667,12.500000,20.735000,0.000000,3.720646
61,35.200000,12.433333,20.740333,0.000000,3.598115
62,35.233333,12.766667,20.750333,0.000000,3.571852
63,35.233333,12.600000,20.721667,0.000000,3.582466
64,35.233333,12.366667,20.618333,0.000000,3.654654
65,35.233333,12.600000,20.707333,0.000000,3.566211
66,35.233333,12.633333,20.753667,0.000000,3.635207
67,35.233333,12.400000,20.631000,0.000000,3.689930
68,35.266667,12.700000,20.678000,0.000000,3.584689
69,35.266667,12.700000,20.753667,0.000000,3.547268
70,35.266667,12.800000,20.731000,0.000000,3.597307
71,35.333333,12.766667,20.673667,0.000000,3.620684
72,35.333333,12.633333,20.777333,0.000000,3.599811
73,35.400000,12.866667,20.732667,0.000000,3.509576
74,35.433333,12.733333,20.760333,0.000000,3.603025
75,35.433333,12.900000,20.783333,0.000000,3.559497
76,35.500000,12.800000,20.835000,0.000000,3.618207
77,35.500000,12.566667,20.743000,0.000000,3.633086
78,35.500000,12.866667,20.743000,0.000000,3.530499
79,35.500000,12.933333,20.797333,0.000000,3.648080
80,35.500000,12.900000,20.753000,0.000000,3.633420
81,35.500000,12.066667,20.705333,0.000000,3.661091
82,35.500000,12.100000,20.696667,0.000000,3.653496
83,35.566667,12.366667,20.669667,0.000000,3.646914
84,35.600000,12.600000,20.674333,0.000000,3.550459
85,35.600000,12.833333,20.892000,0.000000,3.568419
86,35.600000,12.900000,20.673667,0.000000,3.550372
87,35.600000,12.700000,20.611667,0.000000,3.568628
88,35.600000,12.600000,20.643667,0.000000,3.629445
89,35.600000,12.800000,20.789333,0.000000,3.599750
90,35.633333,12.500000,20.823000,0.000000,3.554467
91,35.633333,12.833333,20.788000,0.000000,3.586105
92,35.633333,12.566667,20.737667,0.000000,3.673251
93,35.666667,12.933333,20.781000,0.000000,3.493649
94,35.666667,12.700000,20.746333,0.000000,3.630992
95,35.666667,12.533333,20.729667,0.000000,3.639865
96,35.666667,12.933333,20.903667,0.000000,3.587366
97,35.666667,12.833333,20.673333,0.000000,3.580093
98,35.700000,12.500000,20.790333,0.000000,3.662060
99,35.700000,12.700000,20.634000,0.000000,3.529022
100,35.700000,12.533333,20.678333,0.000000,3.611265
101,35.733333,12.933333,20.680333,0.000000,3.565059
102,35.733333,12.566667,20.673333,0.000000,3.659064
103,35.733333,12.533333,20.895333,0.000000,3.645273
104,35.733333,12.366667,20.692333,0.000000,3.560850
105,35.733333,12.400000,20.734667,0.000000,3.566074
106,35.733333,12.433333,20.686667,0.000000,3.613553
107,35.733333,12.700000,20.741667,0.000000,3.664208
108,35.766667,12.633333,20.730000,0.000000,3.625974
109,35.766667,12.833333,20.729667,0.000000,3.551522
110,35.766667,12.933333,20.782667,0.000000,3.496146
111,35.766667,13.066667,20.753333,0.000000,3.524590
112,35.766667,12.566667,20.782333,0.000000,3.712488
113,35.766667,12.300000,20.781333,0.000000,3.669898
114,35.800000,12.900000,20.846333,0.000000,3.645531
115,35.800000,12.466667,20.672667,0.000000,3.596417
116,35.800000,12.566667,20.609667,0.000000,3.617163
117,35.800000,12.800000,20.684333,0.000000,3.586715
118,35.800000,12.766667,20.766000,0.000000,3.622640
119,35.866667,12.500000,20.779000,0.000000,3.634648
120,35.866667,12.266667,20.763333,0.000000,3.686413
121,35.866667,12.566667,20.649000,0.000000,3.541872
122,35.900000,13.033333,20.700333,0.000000,3.560339
123,35.900000,12.566667,20.771333,0.000000,3.551195
124,35.900000,13.133333,20.761667,0.000000,3.562852
125,35.933333,12.666667,20.753667,0.000000,3.561135
126,35.933333,12.700000,20.734667,0.000000,3.583648
127,35.933333,12.433333,20.720333,0.000000,3.640252
128,35.933333,12.300000,20.719667,0.000000,3.599566
129,35.933333,12.566667,20.825000,0.000000,3.683290
130,35.933333,12.366667,20.657333,0.000000,3.565698
131,35.933333,12.500000,20.704333,0.000000,3.640371
132,35.933333,12.833333,20.746333,0.000000,3.595688
133,35.933333,12.300000,20.839000,0.000000,3.538476
134,35.933333,12.666667,20.806333,0.000000,3.593481
135,35.933333,12.766667,20.791333,0.000000,3.595996
136,35.933333,12.966667,20.765000,0.000000,3.558319
137,35.966667,12.666667,20.667333,0.000000,3.587002
138,35.966667,12.733333,20.728333,0.000000,3.586285
139,35.966667,12.400000,20.732667,0.000000,3.591325
140,35.966667,12.233333,20.589667,0.000000,3.579839
141,35.966667,12.600000,20.618333,0.000000,3.587316
142,35.966667,12.666667,20.754333,0.000000,3.602433
143,35.966667,12.833333,20.685333,0.000000,3.550033
144,36.000000,13.000000,20.693000,0.000000,3.560107
145,36.000000,12.266667,20.667333,0.000000,3.539429
146,36.000000,12.466667,20.748333,0.000000,3.636917
147,36.000000,12.400000,20.752333,0.000000,3.626708
148,36.000000,12.566667,20.709000,0.000000,3.667202
149,36.000000,12.933333,20.805000,0.000000,3.638009
150,36.000000,12.200000,20.700667,0.000000,3.598978
151,36.000000,12.666667,20.847000,0.000000,3.694435
152,36.000000,12.433333,20.696333,0.000000,3.546943
153,36.000000,12.633333,20.641667,0.000000,3.574059
154,36.000000,12.733333,20.633000,0.000000,3.552344
155,36.000000,12.666667,20.749000,0.000000,3.586162
156,36.000000,12.700000,20.800333,0.000000,3.705142
157,36.066667,12.800000,20.705667,0.000000,3.658314
158,36.066667,12.933333,20.778333,0.000000,3.696811
159,36.066667,12.566667,20.735667,0.000000,3.604143
160,36.166667,12.900000,20.681667,0.000000,3.559426
161,36.166667,12.633333,20.775000,0.000000,3.533179
162,36.166667,12.633333,20.660000,0.000000,3.547514
163,36.166667,12.900000,20.830333,0.000000,3.616468
164,36.166667,12.766667,20.823667,0.000000,3.618427
165,36.166667,12.433333,20.690667,0.000000,3.613928
166,36.166667,12.266667,20.829667,0.000000,3.562789
167,36.166667,12.700000,20.756667,0.000000,3.619163
168,36.166667,12.966667,20.775667,0.000000,3.609223
169,36.166667,12.766667,20.776333,0.000000,3.609930
170,36.166667,12.566667,20.704333,0.000000,3.554881
171,36.166667,12.733333,20.798333,0.000000,3.570168
172,36.166667,12.566667,20.821667,0.000000,3.664251
173,36.166667,12.433333,20.739667,0.000000,3.594166
174,36.166667,12.466667,20.667000,0.000000,3.563660
175,36.166667,13.066667,20.871333,0.000000,3.600913
176,36.166667,12.600000,20.685000,0.000000,3.580182
177,36.166667,12.366667,20.663333,0.000000,3.589502
178,36.166667,12.666667,20.788667,0.000000,3.606009
179,36.166667,12.933333,20.843333,0.000000,3.591039
180,36.166667,12.733333,20.686000,0.000000,3.624273
181,36.166667,12.700000,20.708667,0.000000,3.603634
182,36.166667,12.366667,20.659333,0.000000,3.645374
183,36.166667,12.433333,20.704667,0.000000,3.605318
184,36.166667,12.500000,20.802000,0.000000,3.617143
185,36.166667,12.300000,20.682667,0.000000,3.616797
186,36.166667,12.900000,20.663333,0.000000,3.569848
187,36.166667,12.900000,20.691667,0.000000,3.544099
188,36.166667,12.666667,20.828667,0.000000,3.560912
189,36.166667,12.300000,20.657333,0.000000,3.580860
190,36.166667,12.800000,20.698667,0.000000,3.580794
191,36.266667,12.866667,20.764000,0.000000,3.569124
192,36.266667,12.533333,20.760667,0.000000,3.678658
193,36.266667,12.866667,20.844667,0.000000,3.645815
194,36.266667,12.666667,20.824667,0.000000,3.635121
195,36.266667,12.500000,20.732333,0.000000,3.648605
196,36.266667,12.366667,20.728000,0.000000,3.617196
197,36.266667,12.400000,20.741333,0.000000,3.680014
198,36.266667,12.466667,20.772333,0.000000,3.674923
199,36.266667,12.466667,20.655333,0.000000,3.597865
200,36.266667,12.966667,20.826333,0.000000,3.499354
201,36.266667,12.600000,20.744333,0.000000,3.535396
202,36.333333,12.466667,20.714667,0.000000,3.571821
203,36.366667,12.666667,20.809000,0.000000,3.556430
204,36.466667,12.766667,20.739667,0.000000,3.644881
205,36.466667,12.633333,20.664000,0.000000,3.569753
206,36.466667,12.700000,20.785333,0.000000,3.605067
207,36.466667,12.200000,20.738333,0.000000,3.644304
208,36.466667,12.600000,20.782667,0.000000,3.659045
209,36.466667,12.766667,20.765667,0.000000,3.518230
210,36.466667,12.833333,20.682667,0.000000,3.597372
211,36.466667,12.633333,20.736000,0.000000,3.672981
212,36.466667,12.666667,20.686333,0.000000,3.541298
213,36.466667,13.066667,20.699000,0.000000,3.570065
214,36.466667,12.533333,20.796000,0.000000,3.679607
215,36.466667,12.733333,20.745333,0.000000,3.552548
216,36.466667,12.833333,20.818000,0.000000,3.593530
217,36.466667,12.700000,20.777000,0.000000,3.570267
218,36.466667,12.533333,20.781333,0.000000,3.575864
219,36.466667,12.833333,20.651000,0.000000,3.616340
220,36.466667,12.600000,20.813000,0.000000,3.615992
221,36.466667,12.333333,20.755667,0.000000,3.546791
222,36.533333,12.466667,20.698667,0.000000,3.593777
223,36.533333,12.533333,20.764667,0.000000,3.705827
224,36.600000,12.466667,20.808000,0.000000,3.595234
225,36.600000,12.833333,20.848333,0.000000,3.599280
226,36.600000,12.700000,20.724333,0.000000,3.596562
227,36.600000,13.066667,20.748333,0.000000,3.536616
228,36.600000,12.666667,20.807333,0.000000,3.564530
229,36.600000,12.733333,20.813333,0.000000,3.652823
230,36.600000,12.600000,20.684667,0.000000,3.610581
231,36.600000,12.333333,20.694333,0.000000,3.626754
232,36.600000,12.833333,20.751333,0.000000,3.602835
233,36.600000,12.333333,20.673000,0.000000,3.631736
234,36.600000,12.666667,20.628333,0.000000,3.538197
235,36.600000,12.633333,20.638333,0.000000,3.579829
236,36.600000,12.866667,20.719667,0.000000,3.479495
237,36.600000,12.800000,20.806333,0.000000,3.647415
238,36.600000,12.266667,20.760333,0.000000,3.653889
239,36.600000,12.366667,20.652000,0.000000,3.616921
240,36.600000,12.333333,20.708000,0.000000,3.549346
241,36.600000,12.933333,20.761333,0.000000,3.561819
242,36.600000,12.866667,20.738333,0.000000,3.536235
243,36.600000,12.966667,20.725333,0.000000,3.578560
244,36.600000,12.966667,20.867667,0.000000,3.622260
245,36.600000,12.533333,20.758000,0.000000,3.571074
246,36.666667,12.700000,20.664000,0.000000,3.524270
247,36.666667,12.733333,20.718667,0.000000,3.561923
248,36.666667,12.300000,20.714000,0.000000,3.546420
249,36.666667,12.800000,20.797667,0.000000,3.501307
250,36.666667,12.700000,20.722667,0.000000,3.611196
251,36.666667,12.766667,20.662000,0.000000,3.551174
252,36.700000,12.566667,20.809000,0.000000,3.615365
253,36.700000,12.866667,20.840000,0.000000,3.659212
254,36.733333,12.800000,20.799333,0.000000,3.652031
255,36.733333,12.566667,20.653000,0.000000,3.573584
256,36.733333,12.266667,20.705333,0.000000,3.624471
257,36.733333,12.466667,20.750000,0.000000,3.701318
258,36.733333,12.300000,20.775667,0.000000,3.650139
259,36.733333,12.566667,20.813667,0.000000,3.591919
260,36.733333,12.300000,20.721333,0.000000,3.682923
261,36.733333,12.300000,20.621000,0.000000,3.606539
262,36.733333,13.033333,20.667667,0.000000,3.600210
263,36.733333,12.833333,20.824000,0.000000,3.536140
264,36.733333,12.500000,20.789333,0.000000,3.650212
265,36.733333,12.600000,20.770667,0.000000,3.610749
266,36.733333,12.666667,20.801667,0.000000,3.652659
267,36.733333,12.633333,20.702000,0.000000,3.605600
268,36.733333,12.666667,20.678000,0.000000,3.591013
269,36.733333,12.566667,20.757000,0.000000,3.632915
270,36.733333,12.500000,20.779667,0.000000,3.682124
271,36.733333,12.533333,20.694000,0.000000,3.501163
272,36.733333,13.000000,20.703333,0.000000,3.508180
273,36.733333,12.666667,20.714333,0.000000,3.534276
274,36.733333,12.900000,20.731333,0.000000,3.584862
275,36.733333,12.533333,20.822333,0.000000,3.620576
276,36.733333,12.500000,20.671000,0.000000,3.580746
277,36.733333,12.666667,20.685000,0.000000,3.549312
278,36.733333,12.966667,20.811333,0.000000,3.561555
279,36.733333,12.600000,20.776333,0.000000,3.567219
280,36.733333,12.633333,20.579333,0.000000,3.602680
281,36.733333,12.633333,20.676000,0.000000,3.601322
282,36.733333,12.466667,20.657667,0.000000,3.613275
283,36.733333,13.200000,20.720333,0.000000,3.557543
284,36.733333,12.966667,20.777667,0.000000,3.529465
285,36.733333,12.533333,20.752667,0.000000,3.645546
286,36.733333,12.833333,20.704333,0.000000,3.540626
287,36.733333,12.700000,20.783000,0.000000,3.568258
288,36.733333,12.566667,20.708333,0.000000,3.590855
289,36.733333,12.566667,20.739667,0.000000,3.631265
290,36.733333,12.833333,20.724333,0.000000,3.588279
291,36.733333,12.966667,20.721333,0.000000,3.676597
292,36.733333,12.800000,20.767667,0.000000,3.625900
293,36.733333,11.966667,20.714667,0.000000,3.633180
294,36.733333,12.666667,20.742667,0.000000,3.603297
295,36.733333,12.600000,20.692333,0.000000,3.547840
296,36.733333,12.966667,20.688667,0.000000,3.569864
297,36.733333,12.566667,20.606333,0.000000,3.615711
298,36.766667,12.633333,20.548333,0.000000,3.560775
299,36.766667,12.866667,20.794333,0.000000,3.603944
300,36.766667,12.133333,20.759667,0.000000,3.686585
301,36.766667,12.800000,20.773333,0.000000,3.589035
302,36.766667,12.333333,20.836333,0.000000,3.626584
303,36.766667,12.300000,20.755667,0.000000,3.574341
304,36.766667,12.700000,20.773333,0.000000,3.590738
305,36.766667,12.833333,20.778000,0.000000,3.559936
306,36.766667,12.833333,20.792333,0.000000,3.621513
307,36.766667,12.566667,20.631333,0.000000,3.525777
308,36.766667,12.800000,20.748667,0.000000,3.605385
309,36.766667,12.700000,20.701000,0.000000,3.645003
310,36.766667,12.366667,20.659000,0.000000,3.604083
311,36.800000,12.633333,20.702000,0.000000,3.610063
312,36.800000,12.200000,20.765667,0.000000,3.637944
313,36.800000,12.400000,20.606667,0.000000,3.546475
314,36.800000,13.166667,20.667667,0.000000,3.514609
315,36.800000,12.700000,20.763667,0.000000,3.610630
316,36.800000,12.500000,20.831667,0.000000,3.656093
317,36.800000,12.566667,20.775333,0.000000,3.672676
318,36.800000,12.833333,20.663000,0.000000,3.582750
319,36.800000,12.633333,20.748000,0.000000,3.557772
320,36.800000,12.900000,20.727333,0.000000,3.634688
321,36.800000,12.800000,20.740667,0.000000,3.546720
322,36.800000,12.633333,20.650333,0.000000,3.580027
323,36.800000,12.666667,20.633000,0.000000,3.532350
324,36.800000,12.566667,20.723000,0.000000,3.633349
325,36.800000,12.733333,20.645667,0.000000,3.585385
326,36.800000,12.800000,20.873667,0.000000,3.595610
327,36.800000,12.433333,20.731333,0.000000,3.617171
328,36.800000,12.933333,20.770333,0.000000,3.586513
329,36.800000,12.733333,20.789333,0.000000,3.646404
330,36.800000,12.766667,20.788333,0.000000,3.557517
331,36.800000,12.700000,20.689333,0.000000,3.558600
332,36.800000,12.833333,20.631000,0.000000,3.590798
333,36.800000,12.400000,20.746333,0.000000,3.641903
334,36.866667,12.600000,20.668333,0.000000,3.629245
335,36.866667,12.566667,20.756667,0.000000,3.590419
336,36.866667,12.700000,20.719333,0.000000,3.606349
337,36.866667,12.766667,20.768667,0.000000,3.594916
338,36.866667,12.733333,20.810333,0.000000,3.613312
339,36.866667,12.333333,20.782000,0.000000,3.675612
340,36.866667,12.733333,20.733000,0.000000,3.531427
341,36.866667,12.933333,20.739667,0.000000,3.561875
342,36.866667,12.500000,20.649000,0.000000,3.592767
343,36.900000,12.866667,20.707667,0.000000,3.510617
344,36.900000,12.800000,20.866000,0.000000,3.642811
345,36.900000,12.366667,20.733667,0.000000,3.616791
346,36.900000,12.300000,20.792333,0.000000,3.629198
347,36.900000,12.633333,20.772667,0.000000,3.634666
348,36.900000,12.733333,20.753333,0.000000,3.578972
349,36.900000,12.466667,20.793333,0.000000,3.623038
350,36.900000,12.466667,20.724333,0.000000,3.633449
351,36.900000,12.766667,20.714333,0.000000,3.592408
352,36.900000,12.166667,20.594667,0.000000,3.563347
353,36.900000,12.800000,20.600667,0.000000,3.584348
354,36.900000,12.233333,20.728667,0.000000,3.630423
355,36.900000,12.533333,20.628000,0.000000,3.560297
356,36.900000,12.700000,20.883667,0.000000,3.559172
357,36.900000,12.633333,20.816667,0.000000,3.622287
358,36.900000,12.833333,20.753667,0.000000,3.590332
359,36.900000,12.833333,20.708667,0.000000,3.615795
360,36.900000,12.300000,20.726333,0.000000,3.574328
361,36.900000,12.600000,20.704000,0.000000,3.623020
362,36.900000,12.566667,20.743667,0.000000,3.600856
363,36.900000,12.833333,20.799667,0.000000,3.536328
364,36.900000,12.833333,20.740000,0.000000,3.596192
365,36.900000,12.866667,20.817000,0.000000,3.555386
366,36.900000,12.500000,20.602667,0.000000,3.591864
367,36.900000,12.466667,20.880000,0.000000,3.652612
368,36.900000,12.500000,20.685000,0.000000,3.603573
369,36.900000,12.466667,20.650667,0.000000,3.592612
370,36.900000,12.333333,20.751667,0.000000,3.620586
371,36.900000,12.433333,20.719000,0.000000,3.567932
372,36.900000,13.033333,20.822667,0.000000,3.574855
373,36.900000,12.166667,20.681333,0.000000,3.650364
374,36.900000,12.466667,20.763667,0.000000,3.616961
375,36.900000,12.666667,20.867667,0.000000,3.595116
376,36.900000,12.766667,20.639333,0.000000,3.607464
377,36.900000,12.666667,20.762333,0.000000,3.575700
378,36.900000,12.566667,20.699667,0.000000,3.559015
379,36.900000,12.400000,20.729000,0.000000,3.668067
380,36.900000,12.766667,20.835000,0.000000,3.603791
381,36.900000,12.500000,20.764667,0.000000,3.635205
382,36.900000,12.366667,20.698333,0.000000,3.560344
383,36.900000,12.333333,20.726667,0.000000,3.617224
384,36.900000,12.700000,20.774333,0.000000,3.601785
385,36.900000,12.300000,20.739000,0.000000,3.597561
386,36.900000,12.600000,20.645000,0.000000,3.558279
387,36.900000,12.733333,20.817667,0.000000,3.547920
388,36.966667,12.800000,20.679667,0.000000,3.586433
389,36.966667,12.733333,20.728333,0.000000,3.579357
390,36.966667,12.633333,20.804000,0.000000,3.542462
391,36.966667,12.466667,20.751000,0.000000,3.666671
392,36.966667,12.633333,20.735667,0.000000,3.514475
393,36.966667,12.633333,20.783667,0.000000,3.643647
394,36.966667,12.833333,20.817000,0.000000,3.597777
395,36.966667,12.800000,20.733667,0.000000,3.577650
396,37.133333,12.766667,20.725333,0.000000,3.595980
397,37.133333,12.566667,20.552333,0.000000,3.511647
398,37.133333,12.866667,20.794667,0.000000,3.603788
399,37.133333,12.966667,20.701667,0.000000,3.590217
400,37.133333,12.633333,20.760333,0.000000,3.554944
401,37.133333,12.833333,20.690667,0.000000,3.530174
402,37.133333,12.833333,20.798667,0.000000,3.579844
403,37.133333,12.833333,20.651000,0.000000,3.591115
404,37.133333,12.700000,20.602667,0.000000,3.538787
405,37.133333,12.700000,20.682000,0.000000,3.550467
406,37.133333,12.933333,20.804667,0.000000,3.580160
407,37.133333,12.966667,20.716000,0.000000,3.635809
408,37.133333,12.533333,20.819667,0.000000,3.625083
409,37.133333,12.533333,20.680333,0.000000,3.592762
410,37.133333,12.633333,20.763000,0.000000,3.666580
411,37.133333,12.633333,20.701000,0.000000,3.565656
412,37.133333,12.900000,20.721000,0.000000,3.593683
413,37.133333,12.500000,20.834333,0.000000,3.639172
414,37.133333,12.333333,20.689000,0.000000,3.577721
415,37.133333,12.666667,20.806667,0.000000,3.618952
416,37.133333,12.666667,20.671000,0.000000,3.620938
417,37.166667,12.966667,20.700667,0.000000,3.528201
418,37.166667,12.533333,20.729667,0.000000,3.570783
419,37.166667,12.366667,20.654000,0.000000,3.574619
420,37.166667,13.066667,20.664667,0.000000,3.470135
421,37.166667,12.733333,20.755000,0.000000,3.664105
422,37.166667,12.466667,20.692333,0.000000,3.628315
423,37.166667,12.800000,20.740000,0.000000,3.575134
424,37.166667,12.400000,20.777333,0.000000,3.620800
425,37.166667,12.666667,20.693667,0.000000,3.595202
426,37.166667,12.700000,20.728333,0.000000,3.621203
427,37.166667,12.533333,20.670333,0.000000,3.616622
428,37.166667,12.866667,20.666667,0.000000,3.550280
429,37.166667,12.633333,20.842333,0.000000,3.608540
430,37.166667,12.833333,20.670000,0.000000,3.573401
431,37.166667,12.866667,20.698667,0.000000,3.614875
432,37.166667,12.600000,20.802333,0.000000,3.689311
433,37.166667,12.766667,20.742333,0.000000,3.548050
434,37.166667,12.600000,20.696000,0.000000,3.628665
435,37.166667,12.400000,20.742667,0.000000,3.591886
436,37.166667,12.533333,20.758667,0.000000,3.601974
437,37.166667,12.800000,20.664000,0.000000,3.576425
438,37.166667,12.533333,20.738667,0.000000,3.607696
439,37.166667,12.433333,20.717000,0.000000,3.579954
440,37.166667,12.866667,20.751000,0.000000,3.583597
441,37.166667,12.800000,20.680667,0.000000,3.530028
442,37.166667,12.833333,20.740667,0.000000,3.571569
443,37.166667,12.533333,20.714000,0.000000,3.606279
444,37.166667,12.366667,20.765333,0.000000,3.612755
445,37.166667,12.333333,20.691000,0.000000,3.541568
446,37.166667,12.700000,20.820667,0.000000,3.635140
447,37.166667,12.733333,20.674000,0.000000,3.535783
448,37.166667,12.300000,20.691333,0.000000,3.564535
449,37.166667,12.266667,20.809333,0.000000,3.636114
450,37.166667,13.000000,20.864000,0.000000,3.632094
451,37.166667,12.800000,20.779667,0.000000,3.621046
452,37.166667,12.466667,20.579667,0.000000,3.558589
453,37.166667,12.633333,20.821667,0.000000,3.679632
454,37.166667,12.800000,20.750667,0.000000,3.688756
455,37.233333,12.600000,20.837667,0.000000,3.562433
456,37.233333,12.533333,20.739333,0.000000,3.587640
457,37.233333,13.033333,20.704667,0.000000,3.622315
458,37.233333,12.433333,20.726667,0.000000,3.567268
459,37.233333,12.400000,20.802667,0.000000,3.569910
460,37.233333,12.333333,20.811333,0.000000,3.680309
461,37.233333,12.233333,20.678667,0.000000,3.671523
462,37.233333,12.300000,20.670000,0.000000,3.542648
463,37.233333,12.666667,20.661000,0.000000,3.564560
464,37.233333,12.733333,20.694333,0.000000,3.644033
465,37.233333,12.400000,20.674000,0.000000,3.611579
466,37.233333,12.700000,20.613000,0.000000,3.606658
467,37.233333,12.633333,20.548000,0.000000,3.575885
468,37.233333,12.600000,20.746000,0.000000,3.615072
469,37.233333,13.000000,20.913333,0.000000,3.604295
470,37.233333,12.966667,20.772333,0.000000,3.587440
471,37.233333,12.600000,20.696000,0.000000,3.645355
472,37.233333,12.700000,20.713000,0.000000,3.528744
473,37.233333,12.733333,20.771000,0.000000,3.469051
474,37.233333,12.833333,20.717667,0.000000,3.529664
475,37.233333,12.266667,20.704667,0.000000,3.649071
476,37.233333,13.100000,20.800333,0.000000,3.610488
477,37.233333,12.466667,20.727667,0.000000,3.521072
478,37.233333,12.633333,20.764333,0.000000,3.654016
479,37.233333,12.533333,20.675000,0.000000,3.514270
480,37.233333,12.666667,20.802000,0.000000,3.501430
481,37.233333,12.900000,20.654667,0.000000,3.539834
482,37.233333,12.933333,20.621000,0.000000,3.583144
483,37.233333,12.433333,20.665333,0.000000,3.554050
484,37.233333,12.700000,20.807333,0.000000,3.505190
485,37.233333,12.400000,20.649000,0.000000,3.652016
486,37.233333,13.133333,20.713333,0.000000,3.529606
487,37.233333,12.733333,20.756333,0.000000,3.610001
488,37.233333,13.033333,20.787333,0.000000,3.518187
489,37.233333,12.833333,20.706667,0.000000,3.600262
490,37.233333,12.500000,20.694333,0.000000,3.612330
491,37.233333,12.266667,20.586667,0.000000,3.557880
492,37.233333,12.900000,20.828000,0.000000,3.553445
493,37.233333,12.700000,20.675333,0.000000,3.540131
494,37.266667,12.866667,20.720333,0.000000,3.563204
495,37.300000,12.233333,20.735000,0.000000,3.588407
496,37.300000,12.600000,20.649333,0.000000,3.629965
497,37.300000,12.566667,20.567000,0.000000,3.593252
498,37.300000,12.600000,20.693333,0.000000,3.608434
499,37.333333,12.400000,20.674667,0.000000,3.645143
500,37.333333,12.700000,20.620000,0.000000,3.536171
BestSdev: 1.015377, Time: 57m16.286356281s