gen,best,worst,mean,rep,sdev
1,32.766667,11.300000,20.742400,0.000000,3.613739
2,33.300000,11.266667,20.751867,0.000000,3.625130
3,34.100000,11.333333,20.757400,0.000000,3.638835
4,34.200000,11.533333,20.742267,0.000000,3.589761
5,34.466667,11.200000,20.777933,0.000000,3.635860
6,34.500000,11.666667,20.720867,0.000000,3.601463
7,34.600000,11.266667,20.726400,0.000000,3.632076
8,34.766667,11.066667,20.701800,0.000000,3.603076
9,35.000000,11.066667,20.763467,0.000000,3.643996
10,35.033333,11.200000,20.747733,0.000000,3.634951
11,35.133333,11.233333,20.724800,0.000000,3.604909
12,35.200000,11.233333,20.678400,0.000000,3.616532
13,35.266667,11.366667,20.720133,0.000000,3.611726
14,35.300000,11.133333,20.732133,0.000000,3.620159
15,35.300000,11.333333,20.706867,0.000000,3.619552
16,35.300000,11.333333,20.762533,0.000000,3.600448
17,35.466667,11.366667,20.708933,0.000000,3.622189
18,35.466667,11.233333,20.769000,0.000000,3.582114
19,35.500000,11.200000,20.774667,0.000000,3.613413
20,35.533333,11.266667,20.697867,0.000000,3.609592
21,35.533333,11.333333,20.731800,0.000000,3.590888
22,35.600000,11.100000,20.676933,0.000000,3.641056
23,35.766667,11.333333,20.713067,0.000000,3.610248
24,35.766667,11.300000,20.749000,0.000000,3.613917
25,35.966667,11.400000,20.764667,0.000000,3.623540
26,35.966667,11.033333,20.738333,0.000000,3.655932
27,35.966667,11.500000,20.747533,0.000000,3.601152
28,36.000000,11.433333,20.689133,0.000000,3.596194
29,36.000000,11.366667,20.746933,0.000000,3.604758
30,36.000000,11.100000,20.705800,0.000000,3.606894
31,36.066667,11.100000,20.723333,0.000000,3.654384
32,36.066667,11.100000,20.774067,0.000000,3.614954
33,36.066667,11.400000,20.740067,0.000000,3.619002
34,36.100000,11.200000,20.783133,0.000000,3.645387
35,36.100000,11.600000,20.683000,0.000000,3.582893
36,36.100000,11.133333,20.641800,0.000000,3.638478
37,36.133333,11.333333,20.661867,0.000000,3.598601
38,36.133333,11.266667,20.748667,0.000000,3.626748
39,36.133333,11.333333,20.712000,0.000000,3.584772
40,36.200000,11.233333,20.713800,0.000000,3.607510
41,36.233333,11.166667,20.734600,0.000000,3.629039
42,36.233333,11.400000,20.749067,0.000000,3.628184
43,36.233333,10.966667,20.694067,0.000000,3.614466
44,36.233333,11.200000,20.724533,0.000000,3.629610
45,36.233333,10.966667,20.695800,0.000000,3.631805
46,36.233333,11.266667,20.768600,0.000000,3.609325
47,36.233333,11.466667,20.724267,0.000000,3.641807
48,36.233333,11.766667,20.743200,0.000000,3.622084
49,36.266667,11.300000,20.739467,0.000000,3.620953
50,36.300000,11.200000,20.758200,0.000000,3.638178
51,36.300000,11.066667,20.697067,0.000000,3.612423
52,36.300000,11.633333,20.723400,0.000000,3.582623
53,36.300000,11.333333,20.716000,0.000000,3.598537
54,36.300000,11.333333,20.771933,0.000000,3.628908
55,36.300000,11.600000,20.809733,0.000000,3.633471
56,36.300000,11.166667,20.745667,0.000000,3.654611
57,36.300000,11.033333,20.785467,0.000000,3.652409
58,36.300000,11.566667,20.728000,0.000000,3.576493
59,36.333333,11.133333,20.770400,0.000000,3.654214
60,36.333333,11.400000,20.746933,0.000000,3.629614
61,36.333333,11.133333,20.695000,0.000000,3.605774
62,36.333333,11.233333,20.731600,0.000000,3.598054
63,36.333333,10.933333,20.660333,0.000000,3.613642
64,36.333333,11.300000,20.743067,0.000000,3.584174
65,36.333333,11.433333,20.746800,0.000000,3.599739
66,36.333333,10.800000,20.731333,0.000000,3.641304
67,36.333333,11.133333,20.769600,0.000000,3.636846
68,36.433333,11.166667,20.739467,0.000000,3.571978
69,36.433333,11.266667,20.723200,0.000000,3.593449
70,36.433333,11.366667,20.763400,0.000000,3.617084
71,36.433333,11.400000,20.677933,0.000000,3.589954
72,36.433333,11.333333,20.735533,0.000000,3.662643
73,36.433333,11.233333,20.706267,0.000000,3.613304
74,36.433333,11.133333,20.737133,0.000000,3.638919
75,36.466667,11.533333,20.734533,0.000000,3.588619
76,36.466667,11.300000,20.703400,0.000000,3.630128
77,36.466667,11.133333,20.766667,0.000000,3.638836
78,36.466667,11.400000,20.731667,0.000000,3.595852
79,36.466667,11.266667,20.699333,0.000000,3.622706
80,36.466667,11.300000,20.752600,0.000000,3.628753
81,36.466667,11.266667,20.750667,0.000000,3.626913
82,36.566667,11.133333,20.711533,0.000000,3.623211
83,36.733333,11.233333,20.729600,0.000000,3.639372
84,36.733333,11.033333,20.718533,0.000000,3.613958
85,36.733333,11.300000,20.713400,0.000000,3.584983
86,36.733333,11.433333,20.728133,0.000000,3.592370
87,36.733333,11.366667,20.742200,0.000000,3.607291
88,36.733333,11.300000,20.734267,0.000000,3.635054
89,36.766667,11.033333,20.722267,0.000000,3.595019
90,36.766667,11.166667,20.736667,0.000000,3.616039
91,36.766667,11.300000,20.768533,0.000000,3.598933
92,36.766667,11.233333,20.716333,0.000000,3.642899
93,36.766667,11.066667,20.709400,0.000000,3.588018
94,36.766667,11.266667,20.719333,0.000000,3.623342
95,36.766667,11.166667,20.762400,0.000000,3.638437
96,36.766667,11.133333,20.703400,0.000000,3.650353
97,36.766667,11.433333,20.741467,0.000000,3.600405
98,36.800000,11.233333,20.727600,0.000000,3.590959
99,36.866667,11.400000,20.801733,0.000000,3.620035
100,36.866667,11.300000,20.718267,0.000000,3.613760
BestSdev: 0.745757, Time: 49m44.032347717s