gen,best,worst,mean,rep,sdev
1,16.833333,11.133333,13.821833,0.000000,1.075246
2,17.066667,11.166667,13.806000,0.000000,1.091642
3,17.200000,11.100000,13.828833,0.000000,1.094106
4,17.233333,11.033333,13.794167,0.000000,1.088191
5,17.466667,11.066667,13.804000,0.000000,1.086735
6,17.466667,11.133333,13.790167,0.000000,1.076410
7,17.533333,11.100000,13.809667,0.000000,1.094800
8,17.600000,11.000000,13.797167,0.000000,1.079059
9,17.600000,11.066667,13.820667,0.000000,1.076314
10,17.600000,11.100000,13.790000,0.000000,1.076290
11,17.600000,11.100000,13.799000,0.000000,1.080121
12,17.633333,11.033333,13.823000,0.000000,1.095636
13,17.633333,11.100000,13.802833,0.000000,1.084407
14,17.666667,11.100000,13.796833,0.000000,1.081817
15,17.700000,11.133333,13.805500,0.000000,1.072042
16,17.733333,11.000000,13.788667,0.000000,1.082985
17,17.766667,11.066667,13.784500,0.000000,1.077458
18,17.766667,11.100000,13.794000,0.000000,1.091791
19,17.900000,11.133333,13.824333,0.000000,1.082074
20,17.933333,11.066667,13.819000,0.000000,1.073560
BestSdev: 0.268411, Time: 3m30.777682188s