gen,best,worst,mean,rep,sdev
1,16.866667,11.166667,13.812000,0.000000,1.071140
2,17.033333,11.100000,13.821167,0.000000,1.089864
3,17.133333,11.200000,13.813667,0.000000,1.084096
4,17.166667,11.100000,13.811167,0.000000,1.085289
5,17.200000,11.300000,13.814500,0.000000,1.051348
6,17.333333,11.066667,13.791333,0.000000,1.090558
7,17.333333,11.233333,13.794500,0.000000,1.089876
8,17.333333,11.033333,13.801167,0.000000,1.086412
9,17.333333,11.066667,13.815333,0.000000,1.075783
10,17.366667,11.133333,13.796833,0.000000,1.102410
11,17.466667,10.933333,13.799000,0.000000,1.108589
12,17.566667,11.200000,13.804167,0.000000,1.077146
13,17.633333,11.066667,13.805667,0.000000,1.087174
14,17.633333,10.966667,13.797167,0.000000,1.096168
15,17.666667,11.000000,13.797500,0.000000,1.091016
16,17.666667,11.100000,13.808667,0.000000,1.088963
17,17.700000,11.000000,13.789833,0.000000,1.088765
18,17.700000,11.100000,13.795000,0.000000,1.062323
19,17.766667,11.100000,13.801667,0.000000,1.091604
20,17.833333,11.200000,13.820667,0.000000,1.079343
21,17.866667,11.100000,13.807333,0.000000,1.074301
22,17.900000,11.033333,13.799500,0.000000,1.088174
23,17.900000,11.033333,13.797500,0.000000,1.091611
24,17.900000,11.033333,13.799000,0.000000,1.102833
25,17.900000,11.100000,13.800167,0.000000,1.094169
26,17.933333,11.133333,13.785333,0.000000,1.096886
27,17.933333,11.133333,13.794833,0.000000,1.099604
28,17.933333,11.066667,13.825333,0.000000,1.062267
29,17.933333,11.166667,13.813667,0.000000,1.080714
30,18.000000,11.033333,13.808000,0.000000,1.108275
31,18.000000,11.166667,13.811000,0.000000,1.092083
32,18.000000,11.133333,13.807000,0.000000,1.092845
33,18.000000,11.133333,13.817833,0.000000,1.086077
34,18.000000,10.933333,13.800667,0.000000,1.078451
35,18.066667,11.100000,13.818833,0.000000,1.079021
36,18.100000,11.033333,13.797500,0.000000,1.100688
37,18.100000,11.166667,13.800667,0.000000,1.086059
38,18.133333,11.133333,13.798833,0.000000,1.094937
39,18.133333,11.066667,13.792667,0.000000,1.090947
40,18.166667,11.033333,13.800500,0.000000,1.069533
41,18.166667,11.200000,13.820667,0.000000,1.101746
42,18.166667,10.933333,13.815333,0.000000,1.079930
43,18.166667,11.133333,13.803667,0.000000,1.092618
44,18.166667,11.100000,13.784833,0.000000,1.069210
45,18.200000,11.133333,13.793833,0.000000,1.073379
46,18.200000,11.066667,13.790000,0.000000,1.085415
47,18.200000,11.100000,13.808500,0.000000,1.087678
48,18.200000,11.100000,13.825667,0.000000,1.089975
49,18.200000,10.933333,13.787000,0.000000,1.094070
50,18.200000,11.000000,13.803333,0.000000,1.083166
51,18.200000,11.133333,13.831500,0.000000,1.084544
52,18.200000,11.066667,13.800833,0.000000,1.073917
53,18.200000,11.233333,13.793833,0.000000,1.080984
54,18.200000,11.100000,13.799500,0.000000,1.086327
55,18.200000,11.066667,13.787833,0.000000,1.094954
56,18.200000,11.033333,13.824167,0.000000,1.107142
57,18.200000,11.166667,13.789500,0.000000,1.097528
58,18.200000,11.066667,13.811000,0.000000,1.084017
59,18.200000,11.033333,13.817667,0.000000,1.086959
60,18.200000,11.100000,13.821833,0.000000,1.089201
61,18.200000,10.966667,13.784667,0.000000,1.104664
62,18.233333,11.166667,13.819333,0.000000,1.091034
63,18.233333,11.033333,13.802167,0.000000,1.070738
64,18.233333,11.033333,13.827000,0.000000,1.073947
65,18.233333,11.066667,13.780500,0.000000,1.084108
66,18.266667,11.133333,13.810000,0.000000,1.087731
67,18.266667,11.066667,13.824500,0.000000,1.104406
68,18.266667,11.000000,13.804333,0.000000,1.097676
69,18.266667,11.066667,13.805333,0.000000,1.092074
70,18.266667,11.066667,13.781667,0.000000,1.086011
71,18.266667,11.133333,13.804167,0.000000,1.062041
72,18.266667,11.133333,13.813333,0.000000,1.097324
73,18.266667,11.033333,13.812333,0.000000,1.080768
74,18.266667,11.233333,13.816333,0.000000,1.080092
75,18.266667,11.066667,13.824333,0.000000,1.080005
76,18.266667,11.100000,13.814167,0.000000,1.084361
77,18.266667,11.066667,13.816167,0.000000,1.096500
78,18.266667,11.033333,13.789000,0.000000,1.089865
79,18.266667,11.066667,13.793000,0.000000,1.094376
80,18.266667,11.066667,13.808500,0.000000,1.078249
81,18.266667,11.133333,13.823500,0.000000,1.087385
82,18.300000,11.033333,13.818500,0.000000,1.109132
83,18.300000,11.100000,13.824833,0.000000,1.077088
84,18.333333,11.166667,13.831333,0.000000,1.092035
85,18.333333,11.100000,13.826333,0.000000,1.090531
86,18.333333,11.066667,13.805667,0.000000,1.088948
87,18.333333,11.066667,13.813167,0.000000,1.058054
88,18.333333,11.100000,13.815333,0.000000,1.092264
89,18.333333,10.966667,13.793667,0.000000,1.082815
90,18.333333,11.033333,13.819667,0.000000,1.097609
91,18.333333,11.200000,13.790667,0.000000,1.078315
92,18.333333,11.133333,13.834000,0.000000,1.068903
93,18.333333,11.000000,13.814667,0.000000,1.083885
94,18.333333,11.133333,13.824500,0.000000,1.098232
95,18.333333,11.100000,13.753000,0.000000,1.082611
96,18.333333,11.100000,13.807667,0.000000,1.099891
97,18.333333,11.200000,13.787167,0.000000,1.067522
98,18.333333,11.133333,13.802000,0.000000,1.078521
99,18.333333,10.933333,13.789500,0.000000,1.083421
100,18.333333,11.066667,13.804000,0.000000,1.082979
101,18.333333,11.033333,13.799833,0.000000,1.086309
102,18.333333,11.166667,13.796333,0.000000,1.085305
103,18.333333,11.133333,13.815500,0.000000,1.110011
104,18.366667,11.133333,13.830167,0.000000,1.084019
105,18.366667,10.966667,13.815833,0.000000,1.087229
106,18.366667,11.066667,13.801000,0.000000,1.076822
107,18.366667,11.166667,13.816833,0.000000,1.101889
108,18.400000,11.000000,13.795833,0.000000,1.070149
109,18.400000,11.133333,13.826000,0.000000,1.092359
110,18.400000,11.033333,13.819667,0.000000,1.076612
111,18.400000,11.133333,13.786500,0.000000,1.078687
112,18.400000,11.066667,13.812833,0.000000,1.085239
113,18.400000,11.133333,13.821333,0.000000,1.081960
114,18.400000,10.966667,13.792333,0.000000,1.100374
115,18.400000,11.233333,13.832500,0.000000,1.083590
116,18.433333,11.166667,13.828833,0.000000,1.081602
117,18.433333,11.266667,13.817000,0.000000,1.061702
118,18.433333,11.033333,13.821667,0.000000,1.105500
119,18.433333,11.166667,13.799833,0.000000,1.077443
120,18.433333,11.100000,13.810833,0.000000,1.077470
121,18.433333,11.066667,13.827000,0.000000,1.083978
122,18.433333,11.033333,13.821833,0.000000,1.094346
123,18.466667,11.166667,13.815000,0.000000,1.075758
124,18.466667,11.100000,13.826333,0.000000,1.089588
125,18.466667,11.100000,13.787333,0.000000,1.091298
126,18.466667,11.133333,13.790333,0.000000,1.087114
127,18.466667,11.133333,13.819500,0.000000,1.071174
128,18.466667,11.066667,13.790167,0.000000,1.085903
129,18.466667,11.033333,13.808000,0.000000,1.087765
130,18.466667,11.133333,13.799000,0.000000,1.089552
131,18.466667,11.100000,13.815333,0.000000,1.074964
132,18.466667,10.966667,13.793000,0.000000,1.085653
133,18.500000,11.100000,13.799667,0.000000,1.085439
134,18.500000,10.900000,13.796667,0.000000,1.085117
135,18.500000,11.166667,13.805000,0.000000,1.080453
136,18.500000,11.166667,13.768500,0.000000,1.082126
137,18.500000,11.100000,13.792667,0.000000,1.092179
138,18.500000,11.066667,13.804833,0.000000,1.082709
139,18.500000,10.933333,13.792667,0.000000,1.069254
140,18.500000,11.000000,13.781000,0.000000,1.095169
141,18.500000,10.900000,13.809000,0.000000,1.080394
142,18.500000,11.066667,13.775833,0.000000,1.072617
143,18.500000,11.066667,13.809833,0.000000,1.092124
144,18.500000,11.200000,13.821000,0.000000,1.094159
145,18.500000,11.033333,13.783167,0.000000,1.098254
146,18.500000,11.166667,13.821667,0.000000,1.093104
147,18.500000,11.200000,13.809667,0.000000,1.085436
148,18.500000,11.000000,13.798333,0.000000,1.088585
149,18.500000,11.033333,13.822833,0.000000,1.079046
150,18.500000,10.966667,13.820167,0.000000,1.074151
151,18.500000,11.166667,13.822000,0.000000,1.089901
152,18.500000,11.166667,13.817833,0.000000,1.073396
153,18.500000,11.066667,13.809167,0.000000,1.081289
154,18.500000,11.000000,13.830667,0.000000,1.083186
155,18.500000,11.233333,13.835667,0.000000,1.078731
156,18.500000,11.233333,13.798667,0.000000,1.081906
157,18.500000,11.133333,13.790667,0.000000,1.088445
158,18.500000,11.133333,13.828167,0.000000,1.092091
159,18.500000,11.000000,13.832333,0.000000,1.080561
160,18.500000,11.066667,13.799667,0.000000,1.103726
161,18.500000,11.233333,13.793167,0.000000,1.066506
162,18.500000,11.066667,13.805333,0.000000,1.104322
163,18.500000,11.133333,13.787667,0.000000,1.086118
164,18.500000,11.033333,13.784333,0.000000,1.087517
165,18.500000,11.166667,13.818333,0.000000,1.069366
166,18.500000,11.066667,13.808500,0.000000,1.089698
167,18.500000,11.000000,13.812000,0.000000,1.082075
168,18.500000,11.233333,13.798833,0.000000,1.060934
169,18.500000,11.066667,13.791000,0.000000,1.098254
170,18.500000,11.100000,13.809333,0.000000,1.092780
171,18.533333,11.100000,13.816667,0.000000,1.094642
172,18.533333,11.133333,13.788000,0.000000,1.103638
173,18.533333,11.133333,13.800333,0.000000,1.083341
174,18.566667,11.100000,13.788833,0.000000,1.093697
175,18.566667,11.066667,13.815167,0.000000,1.084353
176,18.566667,11.233333,13.815500,0.000000,1.071493
177,18.566667,11.066667,13.819000,0.000000,1.098987
178,18.566667,11.066667,13.787833,0.000000,1.075844
179,18.566667,11.166667,13.797667,0.000000,1.087691
180,18.600000,11.000000,13.774667,0.000000,1.081162
181,18.600000,11.133333,13.819167,0.000000,1.092342
182,18.600000,11.200000,13.832833,0.000000,1.078120
183,18.600000,10.933333,13.784667,0.000000,1.071544
184,18.600000,11.100000,13.816000,0.000000,1.093374
185,18.600000,11.166667,13.813333,0.000000,1.097234
186,18.600000,11.100000,13.799000,0.000000,1.091014
187,18.600000,11.133333,13.793500,0.000000,1.068405
188,18.600000,11.166667,13.783500,0.000000,1.094205
189,18.600000,10.966667,13.809500,0.000000,1.077583
190,18.600000,11.166667,13.790500,0.000000,1.079883
191,18.600000,11.266667,13.799833,0.000000,1.082108
192,18.600000,11.033333,13.795333,0.000000,1.095643
193,18.600000,11.000000,13.814333,0.000000,1.105762
194,18.600000,11.200000,13.814167,0.000000,1.068874
195,18.600000,11.100000,13.797333,0.000000,1.087313
196,18.600000,11.200000,13.810667,0.000000,1.071724
197,18.600000,11.000000,13.797833,0.000000,1.101748
198,18.600000,11.033333,13.796333,0.000000,1.077197
199,18.600000,11.066667,13.776833,0.000000,1.081969
200,18.600000,10.966667,13.791167,0.000000,1.076664
201,18.600000,11.000000,13.830500,0.000000,1.096773
202,18.600000,11.166667,13.800333,0.000000,1.085453
203,18.600000,11.033333,13.783167,0.000000,1.089154
204,18.600000,11.133333,13.794000,0.000000,1.077095
205,18.600000,11.033333,13.796167,0.000000,1.078021
206,18.666667,11.066667,13.811167,0.000000,1.089275
207,18.666667,11.000000,13.798000,0.000000,1.087116
208,18.666667,11.066667,13.799000,0.000000,1.097866
209,18.666667,11.066667,13.814833,0.000000,1.103276
210,18.666667,11.066667,13.791667,0.000000,1.076072
211,18.666667,10.966667,13.799833,0.000000,1.084492
212,18.666667,11.066667,13.802667,0.000000,1.087946
213,18.666667,11.166667,13.815833,0.000000,1.091332
214,18.666667,10.966667,13.803333,0.000000,1.104494
215,18.666667,10.966667,13.790000,0.000000,1.118565
216,18.666667,11.166667,13.795167,0.000000,1.082916
217,18.666667,11.033333,13.813333,0.000000,1.085413
218,18.666667,11.166667,13.807833,0.000000,1.099068
219,18.666667,10.966667,13.798500,0.000000,1.086288
220,18.666667,11.100000,13.809000,0.000000,1.079454
221,18.666667,11.200000,13.807333,0.000000,1.073177
222,18.666667,11.200000,13.830000,0.000000,1.073693
223,18.666667,11.100000,13.811667,0.000000,1.084733
224,18.666667,11.100000,13.804500,0.000000,1.100185
225,18.666667,11.133333,13.801333,0.000000,1.087111
226,18.666667,11.200000,13.808833,0.000000,1.099571
227,18.666667,11.033333,13.807833,0.000000,1.099478
228,18.666667,11.066667,13.808167,0.000000,1.081391
229,18.666667,11.100000,13.815333,0.000000,1.086823
230,18.666667,11.100000,13.821167,0.000000,1.099525
231,18.666667,10.966667,13.806667,0.000000,1.092570
232,18.700000,11.000000,13.793333,0.000000,1.093683
233,18.700000,11.133333,13.795833,0.000000,1.072477
234,18.700000,11.033333,13.780167,0.000000,1.087152
235,18.700000,11.133333,13.798333,0.000000,1.098844
236,18.700000,11.166667,13.801000,0.000000,1.077741
237,18.700000,11.033333,13.805667,0.000000,1.096661
238,18.700000,11.233333,13.827667,0.000000,1.097606
239,18.700000,11.100000,13.799333,0.000000,1.099309
240,18.700000,11.000000,13.791000,0.000000,1.083405
241,18.700000,11.100000,13.788000,0.000000,1.080945
242,18.700000,11.100000,13.804000,0.000000,1.093692
243,18.700000,10.933333,13.786167,0.000000,1.098597
244,18.700000,10.966667,13.817833,0.000000,1.089541
245,18.700000,11.133333,13.808833,0.000000,1.089038
246,18.700000,11.133333,13.825833,0.000000,1.063773
247,18.733333,11.033333,13.812667,0.000000,1.076121
248,18.733333,11.033333,13.812667,0.000000,1.085809
249,18.733333,10.966667,13.808500,0.000000,1.089648
250,18.733333,11.033333,13.812167,0.000000,1.080125
251,18.733333,11.200000,13.820500,0.000000,1.081657
252,18.733333,11.100000,13.790833,0.000000,1.076854
253,18.733333,10.933333,13.824000,0.000000,1.101715
254,18.733333,11.133333,13.796833,0.000000,1.107543
255,18.733333,11.033333,13.802333,0.000000,1.086885
256,18.733333,11.000000,13.818833,0.000000,1.108419
257,18.733333,11.100000,13.823667,0.000000,1.087663
258,18.733333,11.166667,13.790500,0.000000,1.086060
259,18.733333,11.066667,13.805500,0.000000,1.075377
260,18.733333,11.033333,13.785500,0.000000,1.086519
261,18.733333,11.066667,13.784833,0.000000,1.082579
262,18.733333,11.066667,13.791167,0.000000,1.086998
263,18.733333,11.066667,13.810333,0.000000,1.082821
264,18.766667,11.000000,13.807667,0.000000,1.098584
265,18.766667,11.033333,13.795833,0.000000,1.093018
266,18.766667,10.966667,13.785500,0.000000,1.078150
267,18.766667,11.033333,13.797500,0.000000,1.093356
268,18.766667,11.000000,13.809000,0.000000,1.090673
269,18.766667,11.233333,13.809833,0.000000,1.087660
270,18.766667,11.200000,13.803833,0.000000,1.077560
271,18.766667,11.100000,13.823000,0.000000,1.092501
272,18.766667,11.133333,13.812500,0.000000,1.082939
273,18.766667,11.100000,13.783167,0.000000,1.077534
274,18.766667,11.133333,13.800333,0.000000,1.076800
275,18.766667,11.133333,13.784167,0.000000,1.076361
276,18.766667,11.100000,13.801333,0.000000,1.102834
277,18.766667,11.100000,13.824167,0.000000,1.085062
278,18.766667,11.033333,13.794000,0.000000,1.089800
279,18.766667,11.100000,13.789667,0.000000,1.095245
280,18.766667,11.000000,13.810333,0.000000,1.073235
281,18.766667,10.966667,13.796333,0.000000,1.077917
282,18.766667,11.133333,13.792167,0.000000,1.078367
283,18.766667,11.233333,13.814500,0.000000,1.084080
284,18.766667,11.000000,13.820833,0.000000,1.099844
285,18.766667,11.133333,13.796167,0.000000,1.087487
286,18.766667,11.066667,13.816667,0.000000,1.081465
287,18.766667,11.133333,13.807167,0.000000,1.080137
288,18.766667,11.000000,13.799000,0.000000,1.069934
289,18.766667,10.933333,13.790500,0.000000,1.091698
290,18.766667,11.100000,13.845500,0.000000,1.084924
291,18.766667,10.966667,13.809500,0.000000,1.086160
292,18.766667,11.100000,13.818833,0.000000,1.105719
293,18.766667,11.066667,13.802667,0.000000,1.084304
294,18.766667,11.166667,13.814833,0.000000,1.074232
295,18.766667,11.033333,13.813500,0.000000,1.081672
296,18.766667,11.133333,13.819333,0.000000,1.082352
297,18.766667,11.100000,13.799667,0.000000,1.084877
298,18.766667,11.200000,13.788667,0.000000,1.083376
299,18.766667,11.133333,13.807000,0.000000,1.081203
300,18.766667,11.200000,13.800833,0.000000,1.081329
301,18.766667,11.133333,13.791500,0.000000,1.082767
302,18.766667,11.033333,13.795500,0.000000,1.079719
303,18.766667,11.033333,13.810667,0.000000,1.082979
304,18.766667,11.000000,13.798833,0.000000,1.072466
305,18.766667,11.166667,13.797333,0.000000,1.083290
306,18.766667,11.033333,13.800500,0.000000,1.102592
307,18.766667,11.166667,13.805833,0.000000,1.083842
308,18.766667,11.166667,13.844000,0.000000,1.084612
309,18.766667,11.066667,13.806167,0.000000,1.096049
310,18.766667,11.033333,13.809167,0.000000,1.098392
311,18.766667,11.100000,13.781833,0.000000,1.089471
312,18.766667,11.066667,13.799000,0.000000,1.085854
313,18.766667,11.133333,13.800000,0.000000,1.080822
314,18.766667,11.066667,13.809667,0.000000,1.087671
315,18.766667,11.233333,13.805333,0.000000,1.079680
316,18.766667,11.166667,13.800167,0.000000,1.077611
317,18.766667,11.100000,13.797833,0.000000,1.090495
318,18.766667,11.066667,13.827333,0.000000,1.091020
319,18.766667,11.033333,13.815500,0.000000,1.081717
320,18.766667,10.866667,13.781500,0.000000,1.089496
321,18.766667,11.100000,13.796000,0.000000,1.084019
322,18.766667,11.000000,13.798667,0.000000,1.097955
323,18.766667,11.000000,13.805333,0.000000,1.107202
324,18.766667,11.200000,13.814833,0.000000,1.096627
325,18.766667,10.966667,13.808500,0.000000,1.083585
326,18.766667,11.033333,13.802667,0.000000,1.088938
327,18.766667,10.966667,13.807333,0.000000,1.095240
328,18.766667,11.333333,13.799500,0.000000,1.077965
329,18.766667,11.266667,13.803500,0.000000,1.085136
330,18.766667,11.033333,13.806500,0.000000,1.072082
331,18.766667,11.033333,13.804333,0.000000,1.085159
332,18.766667,11.000000,13.785500,0.000000,1.088492
333,18.766667,11.000000,13.801833,0.000000,1.090986
334,18.766667,11.066667,13.784333,0.000000,1.089187
335,18.766667,11.000000,13.810833,0.000000,1.090755
336,18.800000,11.066667,13.822833,0.000000,1.077741
337,18.800000,11.066667,13.805667,0.000000,1.092750
338,18.800000,11.100000,13.808667,0.000000,1.098640
339,18.800000,11.066667,13.833833,0.000000,1.115263
340,18.800000,11.233333,13.830667,0.000000,1.079401
341,18.800000,11.200000,13.809333,0.000000,1.086006
342,18.800000,11.200000,13.813500,0.000000,1.087832
343,18.800000,11.200000,13.832167,0.000000,1.082653
344,18.800000,11.066667,13.816333,0.000000,1.082632
345,18.800000,11.133333,13.821333,0.000000,1.072433
346,18.800000,11.233333,13.808500,0.000000,1.096350
347,18.800000,11.000000,13.791500,0.000000,1.091252
348,18.800000,11.100000,13.807000,0.000000,1.105807
349,18.800000,11.000000,13.810000,0.000000,1.099267
350,18.800000,11.066667,13.816833,0.000000,1.068883
351,18.800000,11.033333,13.827000,0.000000,1.089868
352,18.800000,11.100000,13.830833,0.000000,1.097156
353,18.800000,11.100000,13.767500,0.000000,1.078344
354,18.800000,11.033333,13.812000,0.000000,1.079609
355,18.800000,11.133333,13.814500,0.000000,1.063564
356,18.800000,11.066667,13.808833,0.000000,1.087422
357,18.800000,11.166667,13.800833,0.000000,1.082471
358,18.800000,11.033333,13.805833,0.000000,1.075737
359,18.800000,11.033333,13.791000,0.000000,1.095338
360,18.800000,11.133333,13.776667,0.000000,1.085896
361,18.800000,10.900000,13.791833,0.000000,1.065524
362,18.800000,11.066667,13.812000,0.000000,1.092733
363,18.800000,11.066667,13.819833,0.000000,1.088699
364,18.800000,11.100000,13.803333,0.000000,1.091149
365,18.833333,11.233333,13.807333,0.000000,1.066425
366,18.833333,11.033333,13.788167,0.000000,1.097117
367,18.833333,11.033333,13.789500,0.000000,1.097185
368,18.833333,11.100000,13.789667,0.000000,1.078106
369,18.833333,11.066667,13.796667,0.000000,1.084317
370,18.833333,11.066667,13.816833,0.000000,1.081712
371,18.833333,11.033333,13.803333,0.000000,1.104611
372,18.833333,11.066667,13.799167,0.000000,1.096834
373,18.833333,11.033333,13.830000,0.000000,1.091582
374,18.833333,11.033333,13.798500,0.000000,1.069794
375,18.833333,11.100000,13.795667,0.000000,1.082495
376,18.833333,11.100000,13.798667,0.000000,1.090158
377,18.833333,11.100000,13.825833,0.000000,1.089172
378,18.833333,11.066667,13.848667,0.000000,1.093987
379,18.833333,11.100000,13.771333,0.000000,1.088204
380,18.833333,11.200000,13.794000,0.000000,1.078127
381,18.833333,11.033333,13.799000,0.000000,1.092748
382,18.833333,11.066667,13.800000,0.000000,1.096728
383,18.833333,10.966667,13.807833,0.000000,1.075537
384,18.833333,11.166667,13.784500,0.000000,1.076906
385,18.833333,11.200000,13.819333,0.000000,1.076634
386,18.833333,11.066667,13.797833,0.000000,1.098909
387,18.833333,11.166667,13.815667,0.000000,1.084854
388,18.833333,11.100000,13.807167,0.000000,1.103434
389,18.833333,11.033333,13.823333,0.000000,1.090929
390,18.833333,11.233333,13.841000,0.000000,1.082109
391,18.833333,11.166667,13.814833,0.000000,1.081249
392,18.833333,11.133333,13.781333,0.000000,1.066724
393,18.833333,11.100000,13.792333,0.000000,1.068581
394,18.833333,11.100000,13.813500,0.000000,1.090469
395,18.833333,11.066667,13.798000,0.000000,1.089909
396,18.833333,11.066667,13.809500,0.000000,1.086169
397,18.833333,11.000000,13.805000,0.000000,1.091505
398,18.833333,11.200000,13.805833,0.000000,1.081444
399,18.833333,11.133333,13.807000,0.000000,1.080897
400,18.833333,11.066667,13.797000,0.000000,1.073670
401,18.833333,11.166667,13.820000,0.000000,1.088727
402,18.833333,11.200000,13.798167,0.000000,1.080581
403,18.833333,11.133333,13.783000,0.000000,1.096314
404,18.833333,11.066667,13.809500,0.000000,1.086025
405,18.833333,11.033333,13.801667,0.000000,1.089527
406,18.833333,11.200000,13.798333,0.000000,1.076458
407,18.833333,11.166667,13.798833,0.000000,1.085961
408,18.833333,11.000000,13.798333,0.000000,1.103918
409,18.833333,11.066667,13.803333,0.000000,1.075181
410,18.833333,11.133333,13.827333,0.000000,1.089288
411,18.866667,11.033333,13.794000,0.000000,1.095772
412,18.866667,11.133333,13.804167,0.000000,1.085670
413,18.866667,11.233333,13.786333,0.000000,1.076828
414,18.866667,11.166667,13.814000,0.000000,1.104032
415,18.866667,11.066667,13.814833,0.000000,1.071456
416,18.866667,11.033333,13.781167,0.000000,1.072385
417,18.866667,11.233333,13.820167,0.000000,1.081749
418,18.866667,11.033333,13.802000,0.000000,1.090433
419,18.866667,11.033333,13.800167,0.000000,1.088702
420,18.866667,11.133333,13.804833,0.000000,1.092140
421,18.866667,11.066667,13.804500,0.000000,1.087177
422,18.866667,11.033333,13.804500,0.000000,1.089127
423,18.866667,11.033333,13.786000,0.000000,1.094983
424,18.866667,11.000000,13.792833,0.000000,1.090831
425,18.866667,11.200000,13.800833,0.000000,1.069994
426,18.866667,11.033333,13.791000,0.000000,1.084432
427,18.866667,10.966667,13.805500,0.000000,1.084524
428,18.866667,11.233333,13.797167,0.000000,1.094552
429,18.866667,11.100000,13.781000,0.000000,1.084819
430,18.866667,11.033333,13.796833,0.000000,1.092990
431,18.866667,11.000000,13.786667,0.000000,1.078444
432,18.866667,11.166667,13.802667,0.000000,1.091030
433,18.866667,11.066667,13.781333,0.000000,1.078042
434,18.866667,11.000000,13.812167,0.000000,1.080984
435,18.866667,11.166667,13.822667,0.000000,1.082509
436,18.866667,11.066667,13.809167,0.000000,1.094801
437,18.866667,11.100000,13.803000,0.000000,1.098888
438,18.866667,11.100000,13.812500,0.000000,1.090077
439,18.866667,11.033333,13.805667,0.000000,1.083459
440,18.866667,11.133333,13.800000,0.000000,1.085265
441,18.866667,11.033333,13.799000,0.000000,1.083885
442,18.866667,11.100000,13.797167,0.000000,1.089152
443,18.866667,11.100000,13.812500,0.000000,1.092209
444,18.866667,11.100000,13.818000,0.000000,1.098536
445,18.866667,11.000000,13.801167,0.000000,1.097187
446,18.866667,11.033333,13.799833,0.000000,1.101666
447,18.866667,11.000000,13.808833,0.000000,1.107945
448,18.866667,11.033333,13.827667,0.000000,1.087377
449,18.866667,11.033333,13.800333,0.000000,1.099138
450,18.900000,11.100000,13.813833,0.000000,1.091897
451,18.900000,11.133333,13.789167,0.000000,1.088154
452,18.900000,11.233333,13.788833,0.000000,1.083674
453,18.900000,10.966667,13.800500,0.000000,1.092012
454,18.900000,11.166667,13.818500,0.000000,1.100043
455,18.900000,11.066667,13.807500,0.000000,1.087005
456,18.900000,11.200000,13.808167,0.000000,1.085636
457,18.900000,11.100000,13.794500,0.000000,1.096305
458,18.900000,11.133333,13.811333,0.000000,1.092867
459,18.900000,11.000000,13.796167,0.000000,1.100476
460,18.900000,11.066667,13.825667,0.000000,1.073311
461,18.900000,11.133333,13.805833,0.000000,1.077148
462,18.900000,11.200000,13.816333,0.000000,1.084113
463,18.900000,11.066667,13.824333,0.000000,1.086440
464,18.900000,11.066667,13.780333,0.000000,1.077346
465,18.900000,11.200000,13.802833,0.000000,1.092703
466,18.900000,11.200000,13.818667,0.000000,1.100398
467,18.900000,11.066667,13.800167,0.000000,1.080508
468,18.900000,11.133333,13.795833,0.000000,1.092416
469,18.900000,11.233333,13.786500,0.000000,1.080027
470,18.900000,11.100000,13.801167,0.000000,1.087336
471,18.900000,11.033333,13.799000,0.000000,1.083018
472,18.900000,11.200000,13.799500,0.000000,1.084353
473,18.900000,11.100000,13.774167,0.000000,1.063990
474,18.900000,10.966667,13.816167,0.000000,1.107003
475,18.900000,11.000000,13.812167,0.000000,1.096435
476,18.900000,11.166667,13.807333,0.000000,1.073538
477,18.900000,11.133333,13.818000,0.000000,1.091688
478,18.900000,11.100000,13.810667,0.000000,1.086374
479,18.900000,11.000000,13.793000,0.000000,1.081320
480,18.900000,11.166667,13.811833,0.000000,1.076545
481,18.900000,11.033333,13.797000,0.000000,1.091111
482,18.900000,11.100000,13.816667,0.000000,1.080801
483,18.900000,11.066667,13.809833,0.000000,1.100718
484,18.900000,11.100000,13.802167,0.000000,1.104972
485,18.900000,11.066667,13.800333,0.000000,1.092741
486,18.900000,11.133333,13.827833,0.000000,1.096461
487,18.900000,11.166667,13.818167,0.000000,1.082665
488,18.900000,11.033333,13.826833,0.000000,1.096043
489,18.900000,10.933333,13.783833,0.000000,1.100230
490,18.900000,11.133333,13.789167,0.000000,1.076420
491,18.900000,11.166667,13.823000,0.000000,1.102349
492,18.900000,11.033333,13.797667,0.000000,1.079109
493,18.900000,11.133333,13.792167,0.000000,1.071678
494,18.900000,11.066667,13.792833,0.000000,1.081806
495,18.900000,11.133333,13.825167,0.000000,1.090884
496,18.900000,11.100000,13.811833,0.000000,1.073629
497,18.900000,11.166667,13.801667,0.000000,1.076635
498,18.900000,11.066667,13.798333,0.000000,1.085365
499,18.900000,11.066667,13.804667,0.000000,1.067632
500,18.900000,11.166667,13.799667,0.000000,1.091441
BestSdev: 0.340973, Time: 1h25m22.406285847s