gen,best,worst,mean,rep,sdev
1,16.333333,11.200000,13.785000,0.000000,1.091432
2,16.866667,11.266667,13.786000,0.000000,1.087638
3,17.100000,11.300000,13.804667,0.000000,1.073805
4,17.166667,11.366667,13.799333,0.000000,1.097647
5,17.166667,11.266667,13.784000,0.000000,1.059448
6,17.233333,11.433333,13.842667,0.000000,1.093725
7,17.300000,11.266667,13.792000,0.000000,1.098838
8,17.333333,11.200000,13.786333,0.000000,1.077712
9,17.366667,11.366667,13.817333,0.000000,1.081561
10,17.400000,11.466667,13.829000,0.000000,1.063049
11,17.466667,11.166667,13.808667,0.000000,1.096424
12,17.466667,11.266667,13.813667,0.000000,1.083765
13,17.533333,11.400000,13.799667,0.000000,1.072091
14,17.533333,11.433333,13.788333,0.000000,1.065087
15,17.566667,11.433333,13.827333,0.000000,1.068112
16,17.600000,11.366667,13.809000,0.000000,1.073344
17,17.666667,11.266667,13.811333,0.000000,1.105534
18,17.733333,11.266667,13.771333,0.000000,1.062634
19,17.733333,11.400000,13.789000,0.000000,1.064996
20,17.766667,11.466667,13.780333,0.000000,1.080801
BestSdev: 0.330320, Time: 1m51.073012441s