gen,best,worst,mean,rep,sdev
1,30.900000,12.466667,20.714000,0.000000,3.573338
2,31.800000,12.900000,20.751667,0.000000,3.610479
3,32.433333,12.766667,20.668000,0.000000,3.603564
4,32.666667,12.166667,20.743333,0.000000,3.703998
5,32.933333,12.933333,20.786333,0.000000,3.547525
6,33.166667,12.400000,20.743667,0.000000,3.654372
7,33.200000,12.466667,20.647667,0.000000,3.575483
8,33.233333,12.466667,20.691667,0.000000,3.663498
9,33.333333,12.600000,20.818000,0.000000,3.658215
10,33.333333,12.933333,20.749000,0.000000,3.578659
11,33.666667,12.533333,20.813333,0.000000,3.684039
12,33.733333,12.666667,20.705667,0.000000,3.623478
13,33.733333,12.466667,20.712667,0.000000,3.605677
14,33.800000,12.466667,20.681667,0.000000,3.605245
15,33.866667,12.900000,20.746333,0.000000,3.521480
16,33.866667,12.433333,20.696000,0.000000,3.544998
17,33.900000,12.666667,20.722333,0.000000,3.610721
18,33.933333,12.733333,20.682667,0.000000,3.550543
19,34.000000,13.000000,20.762333,0.000000,3.553264
20,34.000000,12.700000,20.718333,0.000000,3.571297
21,34.100000,12.433333,20.752333,0.000000,3.680865
22,34.100000,12.733333,20.787000,0.000000,3.628383
23,34.100000,12.400000,20.731333,0.000000,3.610892
24,34.200000,12.666667,20.740667,0.000000,3.597415
25,34.200000,12.500000,20.790000,0.000000,3.651696
26,34.200000,12.566667,20.814000,0.000000,3.672050
27,34.333333,12.800000,20.706333,0.000000,3.487850
28,34.366667,12.533333,20.785000,0.000000,3.691399
29,34.366667,12.666667,20.745000,0.000000,3.560925
30,34.433333,12.933333,20.671667,0.000000,3.589844
31,34.433333,12.400000,20.673333,0.000000,3.583940
32,34.500000,12.666667,20.703667,0.000000,3.609119
33,34.500000,12.233333,20.619000,0.000000,3.556093
34,34.633333,12.300000,20.821333,0.000000,3.648799
35,34.633333,12.433333,20.648000,0.000000,3.578396
36,34.700000,12.933333,20.781000,0.000000,3.639816
37,34.800000,12.733333,20.825333,0.000000,3.640236
38,34.866667,12.366667,20.877000,0.000000,3.661571
39,34.866667,12.500000,20.697333,0.000000,3.660818
40,34.866667,12.600000,20.773667,0.000000,3.593056
41,34.866667,12.666667,20.766667,0.000000,3.624179
42,34.966667,12.766667,20.682333,0.000000,3.617348
43,35.033333,12.733333,20.772667,0.000000,3.570032
44,35.066667,12.666667,20.695333,0.000000,3.640760
45,35.066667,12.633333,20.673000,0.000000,3.580014
46,35.100000,12.700000,20.823000,0.000000,3.625139
47,35.100000,12.633333,20.611667,0.000000,3.575336
48,35.100000,12.366667,20.764000,0.000000,3.637145
49,35.100000,12.566667,20.735000,0.000000,3.579016
50,35.133333,12.666667,20.723000,0.000000,3.618315
51,35.266667,12.700000,20.764667,0.000000,3.575112
52,35.266667,12.833333,20.910000,0.000000,3.589778
53,35.266667,12.800000,20.737333,0.000000,3.512574
54,35.300000,12.600000,20.641667,0.000000,3.647446
55,35.300000,12.266667,20.646333,0.000000,3.624641
56,35.300000,13.033333,20.805333,0.000000,3.517982
57,35.300000,12.333333,20.692000,0.000000,3.561736
58,35.366667,12.966667,20.790000,0.000000,3.608912
59,35.400000,12.833333,20.772333,0.000000,3.617840
60,35.400000,12.566667,20.787000,0.000000,3.681505
61,35.600000,12.433333,20.679667,0.000000,3.596076
62,35.600000,12.800000,20.793000,0.000000,3.601217
63,35.600000,12.666667,20.740000,0.000000,3.584086
64,35.600000,12.633333,20.740333,0.000000,3.569097
65,35.633333,13.000000,20.783667,0.000000,3.634580
66,35.633333,12.900000,20.557333,0.000000,3.521321
67,35.633333,12.466667,20.746333,0.000000,3.652779
68,35.700000,12.833333,20.717333,0.000000,3.613793
69,35.700000,12.766667,20.721667,0.000000,3.528941
70,35.700000,12.433333,20.644667,0.000000,3.640739
71,35.733333,12.900000,20.698667,0.000000,3.581946
72,35.733333,12.833333,20.795000,0.000000,3.532001
73,35.800000,12.833333,20.614333,0.000000,3.557164
74,35.800000,13.066667,20.667333,0.000000,3.578504
75,35.800000,12.800000,20.824333,0.000000,3.657561
76,35.800000,12.500000,20.710333,0.000000,3.563278
77,35.800000,12.666667,20.843000,0.000000,3.600795
78,35.800000,12.633333,20.842333,0.000000,3.645467
79,35.800000,12.633333,20.759667,0.000000,3.627954
80,35.900000,12.766667,20.675333,0.000000,3.603986
81,35.900000,12.866667,20.740333,0.000000,3.546198
82,35.900000,12.800000,20.825000,0.000000,3.649171
83,35.900000,12.633333,20.756667,0.000000,3.552961
84,35.900000,12.833333,20.682667,0.000000,3.542077
85,35.900000,12.533333,20.688667,0.000000,3.552080
86,35.900000,12.433333,20.809333,0.000000,3.539143
87,35.900000,12.733333,20.713667,0.000000,3.550587
88,35.900000,12.566667,20.704000,0.000000,3.594661
89,35.900000,12.333333,20.683667,0.000000,3.642333
90,35.900000,12.900000,20.806667,0.000000,3.632446
91,35.900000,12.666667,20.651000,0.000000,3.519892
92,35.900000,12.666667,20.618667,0.000000,3.533772
93,35.900000,12.666667,20.737667,0.000000,3.600833
94,35.900000,12.400000,20.721667,0.000000,3.556814
95,35.900000,12.666667,20.719667,0.000000,3.610870
96,35.900000,12.500000,20.666667,0.000000,3.539436
97,35.900000,12.266667,20.730333,0.000000,3.499556
98,35.933333,12.800000,20.695667,0.000000,3.577486
99,35.966667,12.566667,20.673667,0.000000,3.604935
100,35.966667,12.500000,20.603000,0.000000,3.581638
101,35.966667,12.566667,20.752000,0.000000,3.635718
102,36.033333,12.300000,20.832667,0.000000,3.619078
103,36.033333,12.900000,20.730333,0.000000,3.617903
104,36.033333,12.466667,20.742333,0.000000,3.584024
105,36.033333,12.900000,20.595000,0.000000,3.610318
106,36.066667,12.733333,20.639333,0.000000,3.475572
107,36.066667,12.633333,20.688333,0.000000,3.605905
108,36.066667,12.633333,20.713333,0.000000,3.528834
109,36.066667,12.600000,20.684333,0.000000,3.657732
110,36.066667,12.833333,20.874333,0.000000,3.605949
111,36.066667,12.666667,20.800333,0.000000,3.590403
112,36.066667,12.533333,20.704000,0.000000,3.584929
113,36.066667,12.666667,20.710333,0.000000,3.533469
114,36.100000,12.466667,20.721000,0.000000,3.596912
115,36.100000,12.333333,20.729667,0.000000,3.562618
116,36.100000,12.000000,20.764000,0.000000,3.672663
117,36.100000,12.633333,20.656667,0.000000,3.602065
118,36.100000,12.566667,20.704000,0.000000,3.657714
119,36.100000,12.566667,20.801667,0.000000,3.643962
120,36.100000,12.433333,20.834333,0.000000,3.700312
121,36.100000,12.666667,20.615333,0.000000,3.562123
122,36.133333,12.400000,20.737333,0.000000,3.618625
123,36.133333,12.533333,20.682667,0.000000,3.613915
124,36.133333,12.566667,20.736000,0.000000,3.569618
125,36.133333,13.000000,20.755000,0.000000,3.589871
126,36.133333,12.200000,20.728000,0.000000,3.609541
127,36.133333,12.733333,20.697000,0.000000,3.585207
128,36.133333,12.166667,20.656000,0.000000,3.659357
129,36.133333,12.800000,20.768333,0.000000,3.543754
130,36.133333,12.666667,20.665333,0.000000,3.620575
131,36.133333,12.566667,20.711333,0.000000,3.629081
132,36.133333,12.733333,20.787667,0.000000,3.674765
133,36.133333,13.033333,20.747000,0.000000,3.583257
134,36.133333,12.366667,20.646000,0.000000,3.517201
135,36.133333,12.533333,20.750333,0.000000,3.583777
136,36.133333,12.666667,20.752333,0.000000,3.613506
137,36.133333,12.833333,20.699667,0.000000,3.501945
138,36.166667,12.500000,20.795667,0.000000,3.612062
139,36.166667,12.700000,20.703333,0.000000,3.563790
140,36.166667,12.500000,20.771000,0.000000,3.623586
141,36.166667,12.666667,20.779333,0.000000,3.642091
142,36.166667,12.600000,20.682333,0.000000,3.591668
143,36.166667,12.633333,20.719667,0.000000,3.690993
144,36.233333,12.500000,20.783333,0.000000,3.631128
145,36.300000,12.700000,20.728667,0.000000,3.631942
146,36.300000,12.500000,20.766000,0.000000,3.594933
147,36.300000,12.633333,20.891333,0.000000,3.656842
148,36.300000,12.466667,20.717000,0.000000,3.645099
149,36.366667,12.833333,20.892333,0.000000,3.625846
150,36.366667,12.533333,20.496667,0.000000,3.611314
151,36.366667,12.666667,20.743000,0.000000,3.604069
152,36.366667,12.600000,20.665333,0.000000,3.600488
153,36.366667,12.300000,20.793667,0.000000,3.620740
154,36.366667,12.566667,20.601000,0.000000,3.586139
155,36.366667,12.266667,20.851667,0.000000,3.604427
156,36.366667,12.900000,20.763667,0.000000,3.521429
157,36.366667,12.600000,20.694333,0.000000,3.566583
158,36.366667,12.600000,20.683333,0.000000,3.518401
159,36.400000,12.400000,20.801000,0.000000,3.595916
160,36.400000,12.366667,20.736667,0.000000,3.617404
161,36.400000,12.533333,20.791000,0.000000,3.682074
162,36.400000,12.600000,20.772333,0.000000,3.600520
163,36.400000,12.566667,20.755333,0.000000,3.607911
164,36.533333,12.466667,20.760333,0.000000,3.588529
165,36.533333,12.600000,20.819333,0.000000,3.568060
166,36.533333,12.766667,20.714000,0.000000,3.582082
167,36.533333,12.366667,20.679000,0.000000,3.560201
168,36.533333,12.533333,20.878000,0.000000,3.640387
169,36.533333,12.833333,20.649000,0.000000,3.569059
170,36.533333,12.366667,20.733333,0.000000,3.669980
171,36.533333,12.600000,20.689000,0.000000,3.638268
172,36.533333,13.166667,20.662000,0.000000,3.482365
173,36.533333,12.533333,20.616667,0.000000,3.620901
174,36.533333,12.733333,20.741333,0.000000,3.594853
175,36.533333,12.600000,20.685667,0.000000,3.576268
176,36.533333,12.500000,20.854667,0.000000,3.623460
177,36.533333,12.433333,20.625000,0.000000,3.622217
178,36.533333,12.366667,20.686333,0.000000,3.611351
179,36.533333,12.600000,20.626333,0.000000,3.621826
180,36.533333,12.400000,20.752000,0.000000,3.568717
181,36.533333,12.766667,20.706667,0.000000,3.509695
182,36.533333,12.933333,20.667333,0.000000,3.582806
183,36.533333,12.766667,20.610667,0.000000,3.635964
184,36.533333,12.700000,20.676000,0.000000,3.556935
185,36.533333,12.833333,20.813333,0.000000,3.550075
186,36.566667,12.666667,20.744333,0.000000,3.643791
187,36.566667,12.966667,20.812667,0.000000,3.586588
188,36.566667,13.066667,20.767667,0.000000,3.582676
189,36.566667,12.933333,20.724667,0.000000,3.528676
190,36.566667,13.133333,20.818667,0.000000,3.478388
191,36.566667,12.700000,20.782333,0.000000,3.518349
192,36.566667,12.733333,20.689333,0.000000,3.545267
193,36.566667,12.733333,20.727333,0.000000,3.570466
194,36.566667,12.433333,20.789667,0.000000,3.696902
195,36.566667,12.833333,20.625667,0.000000,3.581311
196,36.566667,12.833333,20.795667,0.000000,3.623406
197,36.566667,12.733333,20.776000,0.000000,3.604969
198,36.566667,12.533333,20.682333,0.000000,3.633376
199,36.566667,12.733333,20.672667,0.000000,3.471570
200,36.566667,12.500000,20.771333,0.000000,3.576576
201,36.566667,12.233333,20.747000,0.000000,3.580007
202,36.633333,13.100000,20.811333,0.000000,3.561539
203,36.633333,12.566667,20.834000,0.000000,3.554468
204,36.633333,12.733333,20.661667,0.000000,3.636012
205,36.633333,12.600000,20.753333,0.000000,3.580890
206,36.633333,12.166667,20.678000,0.000000,3.592719
207,36.633333,12.600000,20.620667,0.000000,3.587051
208,36.633333,12.700000,20.687000,0.000000,3.514038
209,36.633333,12.400000,20.701333,0.000000,3.548556
210,36.633333,12.433333,20.759333,0.000000,3.540669
211,36.633333,12.800000,20.840667,0.000000,3.568093
212,36.633333,12.166667,20.719000,0.000000,3.615682
213,36.633333,13.066667,20.759667,0.000000,3.567334
214,36.633333,12.533333,20.702000,0.000000,3.717280
215,36.633333,12.700000,20.793333,0.000000,3.635508
216,36.633333,12.633333,20.705667,0.000000,3.616628
217,36.633333,12.766667,20.663000,0.000000,3.543180
218,36.633333,12.966667,20.744667,0.000000,3.619219
219,36.666667,12.333333,20.739667,0.000000,3.599308
220,36.666667,12.700000,20.769333,0.000000,3.594667
221,36.666667,12.533333,20.755333,0.000000,3.553076
222,36.666667,12.566667,20.663333,0.000000,3.635987
223,36.666667,12.700000,20.832333,0.000000,3.653386
224,36.700000,12.900000,20.666333,0.000000,3.577709
225,36.733333,12.766667,20.946667,0.000000,3.679088
226,36.733333,12.833333,20.686333,0.000000,3.592520
227,36.733333,12.433333,20.716667,0.000000,3.601359
228,36.733333,12.633333,20.829667,0.000000,3.590264
229,36.733333,12.466667,20.796333,0.000000,3.623160
230,36.766667,12.833333,20.775667,0.000000,3.603810
231,36.766667,12.766667,20.626000,0.000000,3.562691
232,36.766667,12.533333,20.728333,0.000000,3.579886
233,36.766667,12.033333,20.668667,0.000000,3.643402
234,36.766667,12.566667,20.690333,0.000000,3.648959
235,36.766667,12.466667,20.769000,0.000000,3.592221
236,36.766667,12.666667,20.626333,0.000000,3.538366
237,36.766667,12.300000,20.729667,0.000000,3.556421
238,36.766667,12.366667,20.681333,0.000000,3.619327
239,36.766667,12.600000,20.630000,0.000000,3.579689
240,36.766667,13.033333,20.845000,0.000000,3.623158
241,36.766667,12.600000,20.684667,0.000000,3.614439
242,36.766667,12.566667,20.646000,0.000000,3.488758
243,36.766667,12.533333,20.672333,0.000000,3.616246
244,36.766667,13.033333,20.685667,0.000000,3.546363
245,36.766667,12.933333,20.778333,0.000000,3.570318
246,36.766667,12.600000,20.697667,0.000000,3.586184
247,36.766667,12.500000,20.690667,0.000000,3.651048
248,36.766667,12.500000,20.701667,0.000000,3.740275
249,36.766667,12.933333,20.785333,0.000000,3.576684
250,36.766667,12.466667,20.658333,0.000000,3.666050
251,36.766667,12.833333,20.723333,0.000000,3.504977
252,36.766667,12.133333,20.807333,0.000000,3.602003
253,36.766667,12.566667,20.690333,0.000000,3.604911
254,36.766667,12.700000,20.726333,0.000000,3.582404
255,36.766667,12.800000,20.756333,0.000000,3.504067
256,36.766667,12.900000,20.820333,0.000000,3.583591
257,36.766667,12.433333,20.713000,0.000000,3.643138
258,36.766667,12.700000,20.750667,0.000000,3.583111
259,36.766667,12.833333,20.694333,0.000000,3.561310
260,36.833333,12.766667,20.645667,0.000000,3.550712
261,36.833333,12.633333,20.733333,0.000000,3.615017
262,36.833333,12.766667,20.851667,0.000000,3.595853
263,36.833333,12.800000,20.751000,0.000000,3.549650
264,36.833333,12.400000,20.700000,0.000000,3.640601
265,36.833333,12.433333,20.653333,0.000000,3.633985
266,36.833333,12.400000,20.757667,0.000000,3.572250
267,36.833333,12.800000,20.771333,0.000000,3.581545
268,36.833333,12.766667,20.813000,0.000000,3.607027
269,36.866667,12.600000,20.698667,0.000000,3.600586
270,36.866667,12.900000,20.641000,0.000000,3.498819
271,36.866667,12.800000,20.796000,0.000000,3.646764
272,36.866667,12.766667,20.820667,0.000000,3.591283
273,36.866667,12.766667,20.720000,0.000000,3.671982
274,36.866667,12.566667,20.844667,0.000000,3.680392
275,36.866667,12.666667,20.798333,0.000000,3.616241
276,36.866667,12.500000,20.736667,0.000000,3.580687
277,36.866667,12.500000,20.717333,0.000000,3.588972
278,36.866667,12.933333,20.789333,0.000000,3.581585
279,36.866667,12.666667,20.664667,0.000000,3.575755
280,36.866667,13.033333,20.774333,0.000000,3.525185
281,36.866667,12.266667,20.784333,0.000000,3.549623
282,36.866667,12.733333,20.791667,0.000000,3.698477
283,36.866667,12.400000,20.721333,0.000000,3.551643
284,36.866667,12.933333,20.861667,0.000000,3.547740
285,36.866667,12.566667,20.682667,0.000000,3.492974
286,36.866667,12.766667,20.768667,0.000000,3.516531
287,36.866667,12.766667,20.771000,0.000000,3.601588
288,36.866667,12.466667,20.802667,0.000000,3.655130
289,36.866667,12.966667,20.790667,0.000000,3.611320
290,36.866667,12.400000,20.646333,0.000000,3.664182
291,36.866667,12.633333,20.715667,0.000000,3.691346
292,36.866667,12.800000,20.738333,0.000000,3.692547
293,36.866667,12.633333,20.821333,0.000000,3.612864
294,36.866667,12.666667,20.764333,0.000000,3.580356
295,36.866667,12.966667,20.754333,0.000000,3.631218
296,36.866667,12.800000,20.727000,0.000000,3.571983
297,36.900000,12.700000,20.756333,0.000000,3.604826
298,36.900000,12.500000,20.666000,0.000000,3.574370
299,36.900000,12.433333,20.698333,0.000000,3.559441
300,36.900000,12.466667,20.700000,0.000000,3.642056
301,36.900000,12.966667,20.643000,0.000000,3.559562
302,36.900000,12.900000,20.821000,0.000000,3.636123
303,36.900000,12.666667,20.630667,0.000000,3.641690
304,36.900000,12.633333,20.634667,0.000000,3.564082
305,36.900000,12.600000,20.761000,0.000000,3.610400
306,36.900000,12.566667,20.756667,0.000000,3.608043
307,36.900000,12.866667,20.735333,0.000000,3.568563
308,36.900000,13.400000,20.893000,0.000000,3.570472
309,36.900000,12.633333,20.705333,0.000000,3.582222
310,36.900000,12.466667,20.722000,0.000000,3.649803
311,36.900000,12.600000,20.788667,0.000000,3.621804
312,36.900000,12.900000,20.786667,0.000000,3.575068
313,36.900000,12.533333,20.627667,0.000000,3.574974
314,36.900000,12.800000,20.655333,0.000000,3.652467
315,36.900000,12.366667,20.746333,0.000000,3.586879
316,36.900000,12.933333,20.673333,0.000000,3.535812
317,36.900000,12.933333,20.726667,0.000000,3.466940
318,36.900000,13.100000,20.838333,0.000000,3.494629
319,36.900000,12.533333,20.782000,0.000000,3.542957
320,36.966667,12.433333,20.861333,0.000000,3.749594
321,36.966667,12.833333,20.679667,0.000000,3.656540
322,36.966667,12.633333,20.839667,0.000000,3.607114
323,36.966667,12.866667,20.810000,0.000000,3.614086
324,36.966667,12.766667,20.661000,0.000000,3.610372
325,36.966667,12.500000,20.718000,0.000000,3.579743
326,36.966667,12.666667,20.616667,0.000000,3.540906
327,36.966667,12.833333,20.839000,0.000000,3.629522
328,36.966667,12.533333,20.626333,0.000000,3.552679
329,36.966667,12.833333,20.660333,0.000000,3.630861
330,36.966667,12.766667,20.750667,0.000000,3.674159
331,36.966667,13.000000,20.801000,0.000000,3.618216
332,36.966667,12.600000,20.668333,0.000000,3.554847
333,36.966667,12.500000,20.662667,0.000000,3.573950
334,36.966667,12.700000,20.644000,0.000000,3.617116
335,36.966667,12.633333,20.784667,0.000000,3.550222
336,36.966667,12.733333,20.701667,0.000000,3.572462
337,37.033333,12.766667,20.708667,0.000000,3.577372
338,37.033333,12.966667,20.746000,0.000000,3.554714
339,37.033333,12.466667,20.710000,0.000000,3.599088
340,37.033333,12.500000,20.795333,0.000000,3.600532
341,37.033333,12.800000,20.661333,0.000000,3.587958
342,37.033333,12.966667,20.753667,0.000000,3.595732
343,37.033333,12.533333,20.746333,0.000000,3.622408
344,37.033333,12.633333,20.585000,0.000000,3.570771
345,37.033333,12.633333,20.690667,0.000000,3.633466
346,37.033333,12.800000,20.757333,0.000000,3.566676
347,37.033333,12.400000,20.670333,0.000000,3.613397
348,37.033333,12.800000,20.652667,0.000000,3.593971
349,37.033333,12.800000,20.704667,0.000000,3.541965
350,37.033333,12.733333,20.788333,0.000000,3.539119
351,37.033333,12.500000,20.679667,0.000000,3.646941
352,37.033333,13.033333,20.781667,0.000000,3.497928
353,37.033333,12.566667,20.756667,0.000000,3.605559
354,37.066667,12.633333,20.822667,0.000000,3.588373
355,37.066667,12.700000,20.635667,0.000000,3.617472
356,37.066667,12.633333,20.753000,0.000000,3.578035
357,37.066667,12.866667,20.704000,0.000000,3.526705
358,37.066667,12.633333,20.731667,0.000000,3.597326
359,37.066667,12.533333,20.727333,0.000000,3.613108
360,37.066667,12.333333,20.689667,0.000000,3.618933
361,37.066667,12.833333,20.745333,0.000000,3.587969
362,37.066667,13.200000,20.762000,0.000000,3.564137
363,37.066667,12.766667,20.795333,0.000000,3.610964
364,37.066667,12.466667,20.761333,0.000000,3.539059
365,37.066667,12.900000,20.825667,0.000000,3.635980
366,37.066667,13.066667,20.794667,0.000000,3.542733
367,37.066667,12.766667,20.758667,0.000000,3.531732
368,37.066667,12.800000,20.777667,0.000000,3.574397
369,37.066667,12.466667,20.740667,0.000000,3.604095
370,37.066667,12.866667,20.696667,0.000000,3.573753
371,37.066667,12.566667,20.728667,0.000000,3.544355
372,37.066667,12.266667,20.772667,0.000000,3.542503
373,37.066667,12.866667,20.771667,0.000000,3.625901
374,37.066667,12.800000,20.599000,0.000000,3.521752
375,37.066667,12.466667,20.649000,0.000000,3.694052
376,37.066667,12.533333,20.798000,0.000000,3.662765
377,37.066667,13.266667,20.774333,0.000000,3.605271
378,37.066667,12.400000,20.670000,0.000000,3.639722
379,37.066667,12.700000,20.710667,0.000000,3.575056
380,37.066667,12.233333,20.538333,0.000000,3.638037
381,37.066667,12.800000,20.695000,0.000000,3.600257
382,37.066667,13.033333,20.743333,0.000000,3.558569
383,37.066667,12.766667,20.745333,0.000000,3.586498
384,37.066667,12.633333,20.713000,0.000000,3.495421
385,37.066667,12.966667,20.834333,0.000000,3.537717
386,37.066667,12.566667,20.783667,0.000000,3.666070
387,37.066667,12.866667,20.813333,0.000000,3.540229
388,37.100000,12.566667,20.707333,0.000000,3.586156
389,37.100000,12.700000,20.816667,0.000000,3.669271
390,37.100000,12.733333,20.754333,0.000000,3.597611
391,37.100000,12.700000,20.675667,0.000000,3.574250
392,37.100000,12.966667,20.795000,0.000000,3.598098
393,37.100000,12.433333,20.598000,0.000000,3.640272
394,37.100000,12.733333,20.678000,0.000000,3.552084
395,37.100000,12.600000,20.691667,0.000000,3.534563
396,37.100000,12.733333,20.678000,0.000000,3.577862
397,37.100000,12.633333,20.776000,0.000000,3.613730
398,37.100000,13.066667,20.739333,0.000000,3.603112
399,37.100000,12.633333,20.725667,0.000000,3.596393
400,37.100000,12.966667,20.699667,0.000000,3.563160
401,37.100000,12.633333,20.693667,0.000000,3.570249
402,37.100000,12.466667,20.717667,0.000000,3.620862
403,37.100000,12.766667,20.745333,0.000000,3.625867
404,37.100000,13.033333,20.801000,0.000000,3.567518
405,37.100000,12.966667,20.762000,0.000000,3.575524
406,37.100000,12.933333,20.763667,0.000000,3.560627
407,37.100000,13.000000,20.889000,0.000000,3.607396
408,37.100000,12.966667,20.610667,0.000000,3.559624
409,37.100000,13.100000,20.649667,0.000000,3.608464
410,37.100000,13.000000,20.682667,0.000000,3.534858
411,37.100000,12.500000,20.657333,0.000000,3.628359
412,37.100000,12.666667,20.714333,0.000000,3.604612
413,37.100000,12.633333,20.642667,0.000000,3.553739
414,37.100000,12.500000,20.730000,0.000000,3.566155
415,37.100000,12.333333,20.839667,0.000000,3.609268
416,37.100000,13.066667,20.632000,0.000000,3.555317
417,37.100000,12.633333,20.696000,0.000000,3.628806
418,37.100000,12.500000,20.676333,0.000000,3.608105
419,37.100000,12.533333,20.646000,0.000000,3.589726
420,37.100000,12.233333,20.557333,0.000000,3.604559
421,37.100000,12.766667,20.772000,0.000000,3.623382
422,37.100000,12.900000,20.779667,0.000000,3.631107
423,37.100000,12.900000,20.767000,0.000000,3.582934
424,37.100000,12.666667,20.655333,0.000000,3.533605
425,37.100000,12.666667,20.777333,0.000000,3.611545
426,37.100000,12.633333,20.756000,0.000000,3.569636
427,37.100000,12.600000,20.733333,0.000000,3.587783
428,37.100000,12.733333,20.679000,0.000000,3.622335
429,37.133333,12.566667,20.750333,0.000000,3.622804
430,37.133333,12.800000,20.726667,0.000000,3.583148
431,37.133333,12.533333,20.798333,0.000000,3.576599
432,37.133333,12.266667,20.760333,0.000000,3.650647
433,37.133333,12.500000,20.737000,0.000000,3.519120
434,37.133333,12.133333,20.733000,0.000000,3.629500
435,37.133333,12.533333,20.785667,0.000000,3.589857
436,37.133333,12.533333,20.738667,0.000000,3.575410
437,37.133333,12.300000,20.665667,0.000000,3.616615
438,37.133333,12.466667,20.645333,0.000000,3.645475
439,37.133333,13.100000,20.728333,0.000000,3.487831
440,37.133333,12.900000,20.879667,0.000000,3.636065
441,37.133333,12.566667,20.628000,0.000000,3.588640
442,37.133333,13.233333,20.633333,0.000000,3.609805
443,37.133333,12.200000,20.616667,0.000000,3.528797
444,37.133333,12.866667,20.646667,0.000000,3.537998
445,37.133333,12.033333,20.640667,0.000000,3.553163
446,37.133333,12.466667,20.774000,0.000000,3.546104
447,37.133333,12.533333,20.711333,0.000000,3.548401
448,37.133333,12.600000,20.767667,0.000000,3.618518
449,37.133333,12.800000,20.642667,0.000000,3.526245
450,37.133333,12.833333,20.799333,0.000000,3.562826
451,37.133333,12.366667,20.642000,0.000000,3.636966
452,37.133333,12.400000,20.919667,0.000000,3.714337
453,37.133333,12.500000,20.753667,0.000000,3.622067
454,37.133333,12.933333,20.714667,0.000000,3.568578
455,37.133333,12.333333,20.632667,0.000000,3.517623
456,37.133333,12.833333,20.761667,0.000000,3.601325
457,37.133333,13.000000,20.724000,0.000000,3.544424
458,37.133333,12.933333,20.829000,0.000000,3.511285
459,37.133333,12.600000,20.669000,0.000000,3.672358
460,37.133333,12.633333,20.679333,0.000000,3.652991
461,37.133333,13.166667,20.850000,0.000000,3.612477
462,37.133333,12.733333,20.693333,0.000000,3.616711
463,37.133333,13.033333,20.765333,0.000000,3.493147
464,37.133333,12.366667,20.805667,0.000000,3.687808
465,37.133333,12.866667,20.804333,0.000000,3.654287
466,37.133333,12.766667,20.674333,0.000000,3.590903
467,37.133333,12.666667,20.701333,0.000000,3.690002
468,37.133333,12.700000,20.730000,0.000000,3.564178
469,37.133333,12.666667,20.741333,0.000000,3.636162
470,37.133333,12.933333,20.696000,0.000000,3.577453
471,37.133333,12.500000,20.758333,0.000000,3.643187
472,37.133333,12.866667,20.728000,0.000000,3.580361
473,37.133333,12.566667,20.814667,0.000000,3.679882
474,37.133333,12.200000,20.680667,0.000000,3.573394
475,37.133333,12.666667,20.671333,0.000000,3.616677
476,37.166667,12.600000,20.784667,0.000000,3.674388
477,37.166667,12.866667,20.749000,0.000000,3.607357
478,37.166667,12.766667,20.842000,0.000000,3.645697
479,37.166667,12.800000,20.706333,0.000000,3.532197
480,37.166667,12.833333,20.768333,0.000000,3.648675
481,37.166667,12.633333,20.727333,0.000000,3.595433
482,37.166667,12.433333,20.765667,0.000000,3.638947
483,37.200000,12.333333,20.689667,0.000000,3.605042
484,37.233333,12.300000,20.839333,0.000000,3.696047
485,37.233333,12.633333,20.805667,0.000000,3.621296
486,37.233333,12.700000,20.796667,0.000000,3.573200
487,37.233333,12.766667,20.791333,0.000000,3.555146
488,37.233333,12.633333,20.667333,0.000000,3.567187
489,37.233333,12.566667,20.734000,0.000000,3.652895
490,37.233333,12.733333,20.812000,0.000000,3.637003
491,37.233333,12.300000,20.633667,0.000000,3.629742
492,37.233333,12.900000,20.683000,0.000000,3.549989
493,37.233333,12.666667,20.805667,0.000000,3.555397
494,37.233333,12.466667,20.698333,0.000000,3.589518
495,37.233333,12.966667,20.745000,0.000000,3.526238
496,37.233333,12.466667,20.651667,0.000000,3.638041
497,37.233333,12.200000,20.722667,0.000000,3.644640
498,37.233333,13.133333,20.651667,0.000000,3.586177
499,37.233333,12.633333,20.674000,0.000000,3.555736
500,37.233333,12.600000,20.828333,0.000000,3.669523
BestSdev: 0.939840, Time: 56m9.229939076s