gen,best,worst,mean,rep,sdev
1,31.200000,11.866667,20.786167,0.000000,3.636983
2,32.533333,11.866667,20.793000,0.000000,3.647500
3,33.033333,12.033333,20.656667,0.000000,3.625237
4,33.300000,11.966667,20.637000,0.000000,3.613094
5,33.600000,12.033333,20.710167,0.000000,3.602051
6,34.066667,11.800000,20.749333,0.000000,3.636280
7,34.366667,12.233333,20.704500,0.000000,3.622655
8,34.400000,12.066667,20.771833,0.000000,3.581153
9,34.700000,12.000000,20.714333,0.000000,3.636616
10,34.700000,11.766667,20.813167,0.000000,3.628450
11,34.766667,12.133333,20.661000,0.000000,3.537137
12,34.866667,12.066667,20.803167,0.000000,3.623603
13,34.933333,12.066667,20.722833,0.000000,3.624569
14,35.133333,12.366667,20.704333,0.000000,3.583377
15,35.133333,12.100000,20.755333,0.000000,3.589500
16,35.166667,11.600000,20.718000,0.000000,3.583748
17,35.266667,12.300000,20.710500,0.000000,3.642945
18,35.266667,11.833333,20.764500,0.000000,3.694921
19,35.266667,11.933333,20.659833,0.000000,3.569289
20,35.400000,12.133333,20.722833,0.000000,3.581528
21,35.400000,12.233333,20.704500,0.000000,3.607169
22,35.400000,11.833333,20.662667,0.000000,3.614654
23,35.433333,12.133333,20.717500,0.000000,3.551757
24,35.466667,11.933333,20.644667,0.000000,3.528514
25,35.466667,11.866667,20.675833,0.000000,3.630600
26,35.466667,11.866667,20.701500,0.000000,3.596615
27,35.500000,11.966667,20.748833,0.000000,3.613821
28,35.500000,11.966667,20.675833,0.000000,3.626892
29,35.500000,12.600000,20.771167,0.000000,3.552713
30,35.500000,12.033333,20.734667,0.000000,3.640880
31,35.500000,12.033333,20.707500,0.000000,3.609340
32,35.500000,11.900000,20.756167,0.000000,3.640450
33,35.500000,11.966667,20.750500,0.000000,3.626918
34,35.500000,12.333333,20.730833,0.000000,3.585609
35,35.500000,12.000000,20.664833,0.000000,3.649926
36,35.566667,12.200000,20.786500,0.000000,3.645015
37,35.600000,11.866667,20.685167,0.000000,3.602028
38,35.633333,11.666667,20.761167,0.000000,3.631333
39,35.633333,12.000000,20.667167,0.000000,3.640933
40,35.633333,11.600000,20.773667,0.000000,3.643341
41,35.633333,11.833333,20.717667,0.000000,3.637575
42,35.633333,12.066667,20.728833,0.000000,3.584634
43,35.633333,12.033333,20.669167,0.000000,3.616851
44,35.666667,11.966667,20.735167,0.000000,3.588236
45,35.666667,11.966667,20.633333,0.000000,3.608747
46,35.800000,11.633333,20.712833,0.000000,3.594947
47,35.800000,12.300000,20.740500,0.000000,3.584363
48,35.800000,12.066667,20.753667,0.000000,3.572491
49,35.800000,12.233333,20.682667,0.000000,3.609594
50,35.900000,11.966667,20.698833,0.000000,3.642982
51,35.966667,12.066667,20.746333,0.000000,3.597965
52,35.966667,12.100000,20.736167,0.000000,3.588312
53,35.966667,12.266667,20.729167,0.000000,3.596981
54,35.966667,11.833333,20.744667,0.000000,3.606020
55,35.966667,12.166667,20.716333,0.000000,3.688774
56,35.966667,12.066667,20.699667,0.000000,3.574471
57,35.966667,12.466667,20.774333,0.000000,3.634525
58,36.000000,12.166667,20.734333,0.000000,3.626929
59,36.000000,12.166667,20.798833,0.000000,3.639235
60,36.000000,12.300000,20.768000,0.000000,3.565717
61,36.033333,11.866667,20.743667,0.000000,3.598921
62,36.066667,12.100000,20.742833,0.000000,3.566074
63,36.066667,11.866667,20.757500,0.000000,3.647958
64,36.066667,11.966667,20.757667,0.000000,3.646286
65,36.100000,12.066667,20.699333,0.000000,3.657884
66,36.100000,12.166667,20.711167,0.000000,3.558235
67,36.100000,11.933333,20.793833,0.000000,3.615157
68,36.100000,11.900000,20.735667,0.000000,3.597146
69,36.100000,11.933333,20.827833,0.000000,3.678022
70,36.100000,12.000000,20.711500,0.000000,3.580667
71,36.100000,11.966667,20.764833,0.000000,3.672767
72,36.100000,12.400000,20.692000,0.000000,3.552689
73,36.133333,11.566667,20.737500,0.000000,3.624681
74,36.133333,11.833333,20.707000,0.000000,3.586412
75,36.133333,12.166667,20.802833,0.000000,3.680536
76,36.233333,11.766667,20.815000,0.000000,3.638831
77,36.233333,11.933333,20.706000,0.000000,3.610305
78,36.233333,11.533333,20.715000,0.000000,3.600541
79,36.233333,11.866667,20.820500,0.000000,3.640223
80,36.233333,11.966667,20.760667,0.000000,3.560291
81,36.233333,11.966667,20.765833,0.000000,3.609422
82,36.233333,12.300000,20.712333,0.000000,3.645158
83,36.233333,12.000000,20.725833,0.000000,3.609273
84,36.366667,11.833333,20.684500,0.000000,3.636993
85,36.366667,12.100000,20.786667,0.000000,3.681187
86,36.400000,11.933333,20.724333,0.000000,3.614152
87,36.400000,11.666667,20.781333,0.000000,3.605338
88,36.400000,12.066667,20.664833,0.000000,3.593259
89,36.400000,11.900000,20.736667,0.000000,3.610136
90,36.400000,11.866667,20.776833,0.000000,3.641977
91,36.433333,11.966667,20.727500,0.000000,3.634125
92,36.433333,12.433333,20.782833,0.000000,3.567828
93,36.433333,12.100000,20.762833,0.000000,3.624505
94,36.433333,11.800000,20.712000,0.000000,3.649361
95,36.433333,12.333333,20.695333,0.000000,3.573617
96,36.433333,11.766667,20.662500,0.000000,3.626225
97,36.433333,12.033333,20.671833,0.000000,3.611121
98,36.433333,12.200000,20.707500,0.000000,3.565940
99,36.433333,12.000000,20.671833,0.000000,3.673428
100,36.433333,12.300000,20.715833,0.000000,3.601196
101,36.433333,12.166667,20.791667,0.000000,3.620819
102,36.433333,12.266667,20.762500,0.000000,3.591679
103,36.433333,12.266667,20.690333,0.000000,3.572838
104,36.433333,12.033333,20.715500,0.000000,3.636603
105,36.433333,12.033333,20.836167,0.000000,3.690453
106,36.433333,12.000000,20.742000,0.000000,3.617270
107,36.433333,11.633333,20.739333,0.000000,3.639072
108,36.433333,11.533333,20.721667,0.000000,3.643943
109,36.433333,11.800000,20.641500,0.000000,3.583164
110,36.466667,12.066667,20.747167,0.000000,3.628967
111,36.466667,12.233333,20.759167,0.000000,3.649149
112,36.466667,12.000000,20.771667,0.000000,3.635140
113,36.466667,12.233333,20.714167,0.000000,3.578434
114,36.466667,11.900000,20.800333,0.000000,3.634695
115,36.466667,12.200000,20.718167,0.000000,3.611688
116,36.466667,12.100000,20.810333,0.000000,3.653220
117,36.466667,11.566667,20.682000,0.000000,3.661031
118,36.466667,12.166667,20.740500,0.000000,3.584939
119,36.466667,11.900000,20.670500,0.000000,3.595189
120,36.533333,11.966667,20.748500,0.000000,3.575233
121,36.533333,11.966667,20.851167,0.000000,3.645135
122,36.533333,11.833333,20.807167,0.000000,3.589819
123,36.533333,11.700000,20.731333,0.000000,3.588287
124,36.533333,11.633333,20.669667,0.000000,3.600502
125,36.533333,12.133333,20.786500,0.000000,3.631045
126,36.533333,11.833333,20.719667,0.000000,3.666022
127,36.566667,12.033333,20.702000,0.000000,3.603474
128,36.566667,11.800000,20.734667,0.000000,3.596634
129,36.566667,11.633333,20.613167,0.000000,3.573691
130,36.566667,12.000000,20.793333,0.000000,3.569085
131,36.566667,11.600000,20.708500,0.000000,3.594371
132,36.566667,11.833333,20.727000,0.000000,3.623289
133,36.566667,12.000000,20.803833,0.000000,3.614087
134,36.633333,12.100000,20.771500,0.000000,3.593335
135,36.666667,12.066667,20.780333,0.000000,3.590432
136,36.666667,12.200000,20.719500,0.000000,3.584860
137,36.666667,12.266667,20.611667,0.000000,3.592774
138,36.700000,12.200000,20.807333,0.000000,3.613880
139,36.833333,12.000000,20.738667,0.000000,3.622632
140,36.833333,12.000000,20.715833,0.000000,3.627796
141,36.833333,12.300000,20.766167,0.000000,3.526798
142,36.833333,12.033333,20.798167,0.000000,3.558060
143,36.833333,11.800000,20.828833,0.000000,3.639800
144,36.833333,11.666667,20.672500,0.000000,3.601936
145,36.833333,12.233333,20.752667,0.000000,3.605740
146,36.833333,11.733333,20.719833,0.000000,3.643601
147,36.833333,12.266667,20.747833,0.000000,3.537379
148,36.833333,11.866667,20.738167,0.000000,3.598034
149,36.833333,11.933333,20.714000,0.000000,3.592784
150,36.833333,12.033333,20.711833,0.000000,3.686554
151,36.833333,11.666667,20.710167,0.000000,3.578887
152,36.833333,12.000000,20.680333,0.000000,3.631125
153,36.833333,12.100000,20.707833,0.000000,3.571713
154,36.833333,11.766667,20.789500,0.000000,3.597229
155,36.833333,11.966667,20.710500,0.000000,3.597260
156,36.833333,12.000000,20.721167,0.000000,3.618425
157,36.833333,12.100000,20.753667,0.000000,3.598915
158,36.833333,11.766667,20.826833,0.000000,3.708480
159,36.833333,12.066667,20.746667,0.000000,3.577069
160,36.833333,12.266667,20.791833,0.000000,3.562145
161,36.833333,12.033333,20.772500,0.000000,3.641672
162,36.833333,11.766667,20.713500,0.000000,3.648711
163,36.833333,11.933333,20.726500,0.000000,3.616088
164,36.833333,12.166667,20.763667,0.000000,3.629319
165,36.833333,12.066667,20.704833,0.000000,3.627664
166,36.833333,11.766667,20.702667,0.000000,3.619466
167,36.833333,12.233333,20.763333,0.000000,3.585661
168,36.833333,11.833333,20.591333,0.000000,3.581262
169,36.833333,11.966667,20.705833,0.000000,3.647818
170,36.866667,11.933333,20.762833,0.000000,3.570019
171,36.866667,11.966667,20.673833,0.000000,3.609500
172,36.866667,12.100000,20.753500,0.000000,3.597483
173,36.866667,12.366667,20.774167,0.000000,3.537192
174,36.866667,12.266667,20.752500,0.000000,3.568270
175,36.866667,11.866667,20.806667,0.000000,3.650238
176,36.866667,11.833333,20.731833,0.000000,3.612408
177,36.866667,11.800000,20.705833,0.000000,3.552236
178,36.866667,12.066667,20.752667,0.000000,3.556292
179,36.866667,12.066667,20.716500,0.000000,3.585939
180,36.866667,12.200000,20.770000,0.000000,3.623480
181,36.866667,12.000000,20.723667,0.000000,3.646991
182,36.866667,12.066667,20.738667,0.000000,3.559514
183,36.900000,12.133333,20.640833,0.000000,3.593803
184,36.900000,12.266667,20.668000,0.000000,3.584533
185,36.900000,12.000000,20.714333,0.000000,3.643406
186,36.900000,12.133333,20.757833,0.000000,3.619138
187,36.900000,12.100000,20.688167,0.000000,3.567568
188,36.900000,11.933333,20.797500,0.000000,3.642933
189,36.900000,12.266667,20.662833,0.000000,3.598357
190,36.900000,11.833333,20.757167,0.000000,3.562031
191,36.900000,11.733333,20.716833,0.000000,3.607935
192,36.900000,11.766667,20.727833,0.000000,3.666254
193,36.900000,11.633333,20.730500,0.000000,3.629011
194,36.900000,12.300000,20.728667,0.000000,3.569955
195,36.900000,12.300000,20.785333,0.000000,3.531102
196,36.900000,12.066667,20.825500,0.000000,3.608925
197,36.900000,12.033333,20.669167,0.000000,3.611488
198,36.900000,12.133333,20.744500,0.000000,3.659250
199,36.900000,12.133333,20.794500,0.000000,3.601214
200,36.900000,12.133333,20.749333,0.000000,3.584735
201,36.900000,12.000000,20.812667,0.000000,3.633409
202,36.900000,11.933333,20.747667,0.000000,3.631533
203,36.900000,12.033333,20.809667,0.000000,3.588966
204,36.966667,11.933333,20.679833,0.000000,3.604349
205,36.966667,11.900000,20.785333,0.000000,3.608968
206,36.966667,12.033333,20.669333,0.000000,3.610074
207,36.966667,11.966667,20.739833,0.000000,3.624163
208,36.966667,12.000000,20.720667,0.000000,3.567313
209,36.966667,12.033333,20.800833,0.000000,3.656213
210,36.966667,12.233333,20.742167,0.000000,3.643600
211,36.966667,11.666667,20.751833,0.000000,3.621420
212,36.966667,12.166667,20.680167,0.000000,3.619773
213,37.000000,11.800000,20.689000,0.000000,3.622043
214,37.000000,12.133333,20.739167,0.000000,3.608121
215,37.000000,11.933333,20.776333,0.000000,3.597506
216,37.033333,11.700000,20.789000,0.000000,3.647709
217,37.033333,12.066667,20.810167,0.000000,3.594923
218,37.066667,12.233333,20.745667,0.000000,3.599435
219,37.066667,11.933333,20.739667,0.000000,3.563409
220,37.066667,11.933333,20.813000,0.000000,3.713263
221,37.066667,12.033333,20.708667,0.000000,3.600723
222,37.066667,11.866667,20.676167,0.000000,3.629404
223,37.066667,12.066667,20.807500,0.000000,3.679441
224,37.066667,12.133333,20.728833,0.000000,3.605706
225,37.066667,12.233333,20.698500,0.000000,3.522926
226,37.066667,12.066667,20.780167,0.000000,3.641973
227,37.066667,12.000000,20.673333,0.000000,3.646817
228,37.066667,12.000000,20.808500,0.000000,3.625382
229,37.100000,12.133333,20.707667,0.000000,3.649044
230,37.100000,12.166667,20.677833,0.000000,3.623909
231,37.100000,12.033333,20.696833,0.000000,3.622785
232,37.100000,12.066667,20.711667,0.000000,3.628675
233,37.100000,11.766667,20.721667,0.000000,3.628206
234,37.100000,12.166667,20.645833,0.000000,3.653251
235,37.100000,12.000000,20.793833,0.000000,3.598698
236,37.100000,11.966667,20.652500,0.000000,3.643484
237,37.100000,12.300000,20.693000,0.000000,3.625391
238,37.100000,11.800000,20.791333,0.000000,3.623914
239,37.100000,11.733333,20.714667,0.000000,3.601457
240,37.100000,12.300000,20.746000,0.000000,3.623505
241,37.100000,12.400000,20.791500,0.000000,3.624688
242,37.100000,11.966667,20.706500,0.000000,3.613021
243,37.100000,11.733333,20.755833,0.000000,3.637241
244,37.100000,11.966667,20.644500,0.000000,3.609329
245,37.100000,12.000000,20.641833,0.000000,3.556908
246,37.100000,11.900000,20.665833,0.000000,3.612489
247,37.100000,11.700000,20.683000,0.000000,3.632953
248,37.100000,12.133333,20.737833,0.000000,3.585406
249,37.100000,12.133333,20.658167,0.000000,3.583522
250,37.100000,12.066667,20.710167,0.000000,3.616534
251,37.100000,12.333333,20.704000,0.000000,3.604044
252,37.100000,11.866667,20.798167,0.000000,3.646813
253,37.100000,12.066667,20.738333,0.000000,3.611342
254,37.100000,11.766667,20.683167,0.000000,3.646144
255,37.100000,12.033333,20.693167,0.000000,3.588322
256,37.100000,12.266667,20.755000,0.000000,3.609229
257,37.100000,12.133333,20.708333,0.000000,3.626711
258,37.100000,12.000000,20.764333,0.000000,3.641940
259,37.100000,11.966667,20.755167,0.000000,3.590734
260,37.100000,12.066667,20.720833,0.000000,3.563656
261,37.100000,12.066667,20.707167,0.000000,3.556774
262,37.100000,12.000000,20.769667,0.000000,3.610214
263,37.100000,12.100000,20.749167,0.000000,3.586891
264,37.100000,11.766667,20.716833,0.000000,3.595827
265,37.100000,11.900000,20.700333,0.000000,3.627968
266,37.100000,11.900000,20.758500,0.000000,3.656598
267,37.100000,12.000000,20.786333,0.000000,3.659077
268,37.100000,12.066667,20.732000,0.000000,3.611792
269,37.100000,11.766667,20.728333,0.000000,3.672159
270,37.100000,11.700000,20.731833,0.000000,3.619252
271,37.100000,12.133333,20.730000,0.000000,3.584771
272,37.100000,11.800000,20.772833,0.000000,3.643719
273,37.100000,11.800000,20.777000,0.000000,3.631894
274,37.100000,11.600000,20.678833,0.000000,3.606645
275,37.100000,12.166667,20.792667,0.000000,3.608542
276,37.100000,12.200000,20.706833,0.000000,3.607238
277,37.133333,12.033333,20.779000,0.000000,3.652875
278,37.133333,11.833333,20.678000,0.000000,3.593605
279,37.133333,12.066667,20.741167,0.000000,3.583701
280,37.133333,11.966667,20.707833,0.000000,3.652611
281,37.133333,12.066667,20.755500,0.000000,3.601638
282,37.133333,11.933333,20.744833,0.000000,3.570114
283,37.133333,12.000000,20.628500,0.000000,3.571684
284,37.133333,12.100000,20.752333,0.000000,3.593134
285,37.133333,11.633333,20.653667,0.000000,3.605524
286,37.133333,11.933333,20.775000,0.000000,3.652630
287,37.133333,11.800000,20.719333,0.000000,3.586370
288,37.133333,12.200000,20.782000,0.000000,3.632666
289,37.133333,12.000000,20.738167,0.000000,3.630213
290,37.133333,12.266667,20.672167,0.000000,3.623363
291,37.133333,12.100000,20.745833,0.000000,3.547527
292,37.133333,11.933333,20.744500,0.000000,3.620586
293,37.133333,11.966667,20.775667,0.000000,3.632878
294,37.133333,12.233333,20.757000,0.000000,3.520913
295,37.133333,12.066667,20.841667,0.000000,3.608476
296,37.133333,11.866667,20.730167,0.000000,3.586947
297,37.133333,12.000000,20.700000,0.000000,3.605747
298,37.133333,12.300000,20.719500,0.000000,3.618511
299,37.166667,11.600000,20.755333,0.000000,3.654098
300,37.166667,11.966667,20.754333,0.000000,3.634653
301,37.166667,12.166667,20.712500,0.000000,3.589176
302,37.166667,12.033333,20.818667,0.000000,3.604150
303,37.166667,12.133333,20.833000,0.000000,3.583558
304,37.166667,12.066667,20.716667,0.000000,3.566327
305,37.166667,12.366667,20.747167,0.000000,3.507258
306,37.166667,11.933333,20.746667,0.000000,3.645482
307,37.166667,12.066667,20.653167,0.000000,3.583921
308,37.166667,12.100000,20.626500,0.000000,3.622610
309,37.200000,11.766667,20.748500,0.000000,3.584949
310,37.200000,11.833333,20.715833,0.000000,3.565146
311,37.233333,12.133333,20.759167,0.000000,3.660863
312,37.233333,12.066667,20.712833,0.000000,3.606134
313,37.233333,12.066667,20.700667,0.000000,3.561715
314,37.233333,11.966667,20.752333,0.000000,3.627394
315,37.233333,12.133333,20.649500,0.000000,3.585724
316,37.233333,11.700000,20.687500,0.000000,3.596463
317,37.233333,12.033333,20.699833,0.000000,3.601757
318,37.233333,11.900000,20.644667,0.000000,3.606067
319,37.233333,11.966667,20.783333,0.000000,3.651329
320,37.233333,12.000000,20.687667,0.000000,3.598120
321,37.233333,12.066667,20.665167,0.000000,3.634355
322,37.233333,12.233333,20.782000,0.000000,3.635278
323,37.233333,12.033333,20.731333,0.000000,3.595587
324,37.233333,12.200000,20.804333,0.000000,3.637219
325,37.233333,11.900000,20.600500,0.000000,3.557507
326,37.233333,12.166667,20.739833,0.000000,3.536121
327,37.233333,11.666667,20.765667,0.000000,3.637842
328,37.233333,11.666667,20.723000,0.000000,3.614766
329,37.233333,11.833333,20.724000,0.000000,3.586619
330,37.233333,12.066667,20.764667,0.000000,3.593329
331,37.233333,12.100000,20.725333,0.000000,3.614928
332,37.233333,12.466667,20.823833,0.000000,3.595257
333,37.233333,11.933333,20.720833,0.000000,3.596248
334,37.233333,12.366667,20.726833,0.000000,3.602608
335,37.233333,11.900000,20.711833,0.000000,3.581613
336,37.233333,12.133333,20.767833,0.000000,3.566554
337,37.233333,11.800000,20.763000,0.000000,3.613152
338,37.233333,12.066667,20.603667,0.000000,3.617704
339,37.233333,12.000000,20.659333,0.000000,3.602769
340,37.233333,11.766667,20.730000,0.000000,3.663188
341,37.233333,11.800000,20.637333,0.000000,3.592769
342,37.233333,11.966667,20.783500,0.000000,3.616715
343,37.233333,12.400000,20.787333,0.000000,3.596201
344,37.233333,12.033333,20.710833,0.000000,3.633203
345,37.233333,12.066667,20.702667,0.000000,3.588307
346,37.233333,11.933333,20.712833,0.000000,3.624747
347,37.233333,11.933333,20.731500,0.000000,3.638958
348,37.233333,12.200000,20.728167,0.000000,3.539474
349,37.233333,12.400000,20.758833,0.000000,3.616265
350,37.233333,12.033333,20.702167,0.000000,3.645579
351,37.233333,12.100000,20.794000,0.000000,3.599306
352,37.233333,11.800000,20.723833,0.000000,3.611150
353,37.233333,11.800000,20.625500,0.000000,3.612887
354,37.233333,12.266667,20.760167,0.000000,3.597368
355,37.233333,12.066667,20.692000,0.000000,3.606709
356,37.233333,11.800000,20.766833,0.000000,3.634887
357,37.233333,11.833333,20.763167,0.000000,3.653185
358,37.233333,11.966667,20.668500,0.000000,3.611646
359,37.233333,12.000000,20.776667,0.000000,3.621029
360,37.233333,11.966667,20.755500,0.000000,3.583780
361,37.233333,12.300000,20.707167,0.000000,3.575673
362,37.233333,12.400000,20.692000,0.000000,3.639087
363,37.233333,11.866667,20.736667,0.000000,3.679565
364,37.233333,11.966667,20.763167,0.000000,3.617986
365,37.233333,11.766667,20.803500,0.000000,3.599391
366,37.233333,11.866667,20.643167,0.000000,3.649599
367,37.233333,12.133333,20.749333,0.000000,3.585649
368,37.233333,12.100000,20.698833,0.000000,3.554331
369,37.233333,12.000000,20.701833,0.000000,3.649201
370,37.233333,12.233333,20.726500,0.000000,3.605142
371,37.233333,11.933333,20.738667,0.000000,3.622996
372,37.233333,11.433333,20.711500,0.000000,3.657394
373,37.233333,12.133333,20.726667,0.000000,3.587449
374,37.233333,12.033333,20.718500,0.000000,3.598059
375,37.233333,12.000000,20.689333,0.000000,3.632161
376,37.233333,12.200000,20.689500,0.000000,3.599295
377,37.233333,12.300000,20.777500,0.000000,3.621168
378,37.233333,11.733333,20.696000,0.000000,3.596426
379,37.233333,12.033333,20.766833,0.000000,3.582568
380,37.233333,12.133333,20.816333,0.000000,3.594894
381,37.300000,11.766667,20.653000,0.000000,3.602588
382,37.300000,12.166667,20.740833,0.000000,3.591475
383,37.300000,11.900000,20.724333,0.000000,3.624846
384,37.300000,11.766667,20.713500,0.000000,3.650055
385,37.300000,12.233333,20.739667,0.000000,3.636058
386,37.300000,12.166667,20.650833,0.000000,3.591496
387,37.300000,11.800000,20.726500,0.000000,3.688654
388,37.300000,11.700000,20.763833,0.000000,3.660986
389,37.300000,11.900000,20.627000,0.000000,3.645820
390,37.300000,11.833333,20.736667,0.000000,3.645978
391,37.300000,11.866667,20.813500,0.000000,3.617732
392,37.300000,12.200000,20.703000,0.000000,3.639099
393,37.300000,12.300000,20.726000,0.000000,3.593111
394,37.300000,12.000000,20.677500,0.000000,3.612566
395,37.300000,12.000000,20.727167,0.000000,3.641242
396,37.300000,12.266667,20.778833,0.000000,3.589765
397,37.300000,12.166667,20.677833,0.000000,3.565334
398,37.300000,11.900000,20.756167,0.000000,3.652000
399,37.300000,11.933333,20.811667,0.000000,3.622836
400,37.300000,11.933333,20.773667,0.000000,3.604628
401,37.300000,12.433333,20.787167,0.000000,3.621021
402,37.300000,12.233333,20.689000,0.000000,3.545572
403,37.300000,11.700000,20.664833,0.000000,3.603132
404,37.300000,12.033333,20.739333,0.000000,3.624176
405,37.300000,11.800000,20.740167,0.000000,3.594890
406,37.300000,11.733333,20.727000,0.000000,3.593050
407,37.300000,11.833333,20.742333,0.000000,3.590465
408,37.300000,12.066667,20.649333,0.000000,3.565455
409,37.300000,11.900000,20.804167,0.000000,3.615773
410,37.300000,11.833333,20.711000,0.000000,3.638488
411,37.300000,11.766667,20.703333,0.000000,3.665399
412,37.300000,12.400000,20.697333,0.000000,3.610931
413,37.300000,12.300000,20.662833,0.000000,3.548990
414,37.300000,12.033333,20.738167,0.000000,3.635334
415,37.333333,12.000000,20.741333,0.000000,3.576944
416,37.333333,12.000000,20.766333,0.000000,3.614256
417,37.333333,12.166667,20.763833,0.000000,3.584914
418,37.333333,11.900000,20.639333,0.000000,3.555471
419,37.333333,12.033333,20.672667,0.000000,3.578272
420,37.333333,11.866667,20.780500,0.000000,3.612864
421,37.333333,12.166667,20.684833,0.000000,3.611296
422,37.333333,12.033333,20.741833,0.000000,3.619240
423,37.333333,12.000000,20.768333,0.000000,3.611516
424,37.333333,12.166667,20.745833,0.000000,3.602430
425,37.333333,11.933333,20.655000,0.000000,3.629554
426,37.333333,12.000000,20.712500,0.000000,3.573136
427,37.333333,11.933333,20.712167,0.000000,3.645334
428,37.333333,11.933333,20.713167,0.000000,3.593028
429,37.333333,12.066667,20.750667,0.000000,3.615033
430,37.333333,11.766667,20.663167,0.000000,3.603501
431,37.333333,12.133333,20.671000,0.000000,3.589165
432,37.333333,11.866667,20.631500,0.000000,3.574389
433,37.333333,11.966667,20.820000,0.000000,3.642339
434,37.333333,12.266667,20.755667,0.000000,3.579834
435,37.333333,11.466667,20.769833,0.000000,3.671092
436,37.333333,12.033333,20.650167,0.000000,3.594653
437,37.333333,11.666667,20.668667,0.000000,3.569123
438,37.333333,11.933333,20.705167,0.000000,3.557798
439,37.333333,11.933333,20.720500,0.000000,3.623337
440,37.333333,12.566667,20.695333,0.000000,3.591311
441,37.333333,11.933333,20.732000,0.000000,3.638633
442,37.333333,12.100000,20.646333,0.000000,3.584446
443,37.333333,11.800000,20.771000,0.000000,3.680046
444,37.333333,12.033333,20.707667,0.000000,3.643753
445,37.333333,12.200000,20.784000,0.000000,3.595203
446,37.333333,11.600000,20.795833,0.000000,3.637004
447,37.333333,12.300000,20.709167,0.000000,3.593944
448,37.333333,11.933333,20.746000,0.000000,3.603812
449,37.333333,12.133333,20.664000,0.000000,3.636563
450,37.333333,12.066667,20.786500,0.000000,3.625058
451,37.333333,11.866667,20.692000,0.000000,3.630717
452,37.333333,12.033333,20.717333,0.000000,3.617907
453,37.333333,11.933333,20.810833,0.000000,3.608878
454,37.333333,12.000000,20.807500,0.000000,3.616179
455,37.333333,11.866667,20.669833,0.000000,3.537804
456,37.333333,12.266667,20.724833,0.000000,3.585229
457,37.333333,12.133333,20.712167,0.000000,3.638221
458,37.333333,12.266667,20.764833,0.000000,3.575908
459,37.333333,12.300000,20.752667,0.000000,3.599880
460,37.333333,11.966667,20.762500,0.000000,3.640958
461,37.333333,12.200000,20.823500,0.000000,3.587938
462,37.333333,11.900000,20.799833,0.000000,3.625837
463,37.333333,12.133333,20.683500,0.000000,3.617250
464,37.333333,12.100000,20.829167,0.000000,3.661402
465,37.333333,12.066667,20.722167,0.000000,3.619129
466,37.333333,11.933333,20.814333,0.000000,3.621032
467,37.333333,11.866667,20.646833,0.000000,3.618773
468,37.333333,11.666667,20.734833,0.000000,3.590390
469,37.333333,12.100000,20.761667,0.000000,3.597980
470,37.333333,12.233333,20.666333,0.000000,3.570003
471,37.333333,12.166667,20.678167,0.000000,3.559365
472,37.333333,11.966667,20.732167,0.000000,3.606192
473,37.333333,12.033333,20.696000,0.000000,3.597945
474,37.366667,12.133333,20.707833,0.000000,3.606542
475,37.366667,11.800000,20.680167,0.000000,3.614861
476,37.366667,12.066667,20.742333,0.000000,3.634675
477,37.366667,12.233333,20.660333,0.000000,3.610117
478,37.366667,11.733333,20.702500,0.000000,3.610238
479,37.366667,12.000000,20.667000,0.000000,3.592094
480,37.366667,11.833333,20.723167,0.000000,3.631050
481,37.366667,12.133333,20.716333,0.000000,3.599703
482,37.366667,11.733333,20.628667,0.000000,3.664184
483,37.366667,12.166667,20.831667,0.000000,3.681743
484,37.366667,11.933333,20.529667,0.000000,3.608534
485,37.366667,11.800000,20.698333,0.000000,3.573490
486,37.366667,11.933333,20.743000,0.000000,3.699862
487,37.366667,12.133333,20.707167,0.000000,3.642270
488,37.366667,11.833333,20.733000,0.000000,3.626936
489,37.366667,12.166667,20.795833,0.000000,3.594059
490,37.366667,11.966667,20.753167,0.000000,3.721362
491,37.366667,12.166667,20.796500,0.000000,3.637936
492,37.366667,11.733333,20.757333,0.000000,3.636699
493,37.366667,12.200000,20.749667,0.000000,3.640729
494,37.366667,11.633333,20.676500,0.000000,3.651667
495,37.366667,11.800000,20.739333,0.000000,3.628858
496,37.366667,12.066667,20.739333,0.000000,3.605347
497,37.366667,11.966667,20.811500,0.000000,3.612343
498,37.366667,12.166667,20.683333,0.000000,3.530992
499,37.366667,12.400000,20.749000,0.000000,3.613756
500,37.366667,12.200000,20.716167,0.000000,3.609318
BestSdev: 0.731193, Time: 1h54m32.513096263s