gen,best,worst,mean,rep,sdev
1,16.133333,11.833333,13.730000,0.000000,1.112667
2,16.333333,11.866667,13.798333,0.000000,1.003179
3,16.433333,11.733333,13.773333,0.000000,1.062677
4,16.700000,12.066667,13.801667,0.000000,1.041701
5,16.766667,12.033333,13.853333,0.000000,1.057747
6,16.866667,11.833333,13.780000,0.000000,1.042443
7,16.933333,12.066667,13.911667,0.000000,1.047355
8,16.966667,11.900000,13.758333,0.000000,1.016018
9,17.000000,12.000000,13.841667,0.000000,1.101603
10,17.033333,11.833333,13.718333,0.000000,1.068630
11,17.066667,11.933333,13.788333,0.000000,1.041403
12,17.100000,11.833333,13.691667,0.000000,1.056302
13,17.133333,11.966667,13.825000,0.000000,1.043505
14,17.133333,11.766667,13.783333,0.000000,1.083694
15,17.133333,11.833333,13.833333,0.000000,1.056917
16,17.166667,11.900000,13.788333,0.000000,1.077608
17,17.166667,12.033333,13.920000,0.000000,1.026197
18,17.200000,11.900000,13.821667,0.000000,1.100294
19,17.233333,11.966667,13.851667,0.000000,1.065708
20,17.233333,11.933333,13.813333,0.000000,1.040329
21,17.233333,12.100000,13.856667,0.000000,1.022754
22,17.233333,11.733333,13.738333,0.000000,1.048720
23,17.233333,11.800000,13.816667,0.000000,1.035082
24,17.266667,11.800000,13.815000,0.000000,1.068643
25,17.266667,11.833333,13.793333,0.000000,1.098730
26,17.266667,11.833333,13.780000,0.000000,1.060320
27,17.266667,12.033333,13.891667,0.000000,1.024034
28,17.266667,11.966667,13.846667,0.000000,1.035001
29,17.266667,11.933333,13.841667,0.000000,1.033936
30,17.266667,11.800000,13.751667,0.000000,1.001306
31,17.266667,12.033333,13.791667,0.000000,1.071287
32,17.333333,11.933333,13.823333,0.000000,1.081010
33,17.333333,11.900000,13.785000,0.000000,1.003095
34,17.333333,11.933333,13.816667,0.000000,1.028608
35,17.333333,11.900000,13.833333,0.000000,1.022913
36,17.333333,12.166667,13.800000,0.000000,1.011574
37,17.333333,11.800000,13.875000,0.000000,1.037587
38,17.333333,11.900000,13.781667,0.000000,1.041897
39,17.366667,12.100000,13.865000,0.000000,1.082796
40,17.366667,12.133333,13.820000,0.000000,1.042686
41,17.366667,11.833333,13.790000,0.000000,1.059469
42,17.400000,11.866667,13.855000,0.000000,1.064526
43,17.433333,11.866667,13.845000,0.000000,1.089120
44,17.433333,11.833333,13.795000,0.000000,1.093658
45,17.433333,11.833333,13.816667,0.000000,1.010648
46,17.433333,12.033333,13.826667,0.000000,1.022502
47,17.433333,11.900000,13.743333,0.000000,1.100319
48,17.466667,12.033333,13.841667,0.000000,1.032248
49,17.466667,11.900000,13.753333,0.000000,1.026956
50,17.466667,11.933333,13.730000,0.000000,1.059687
51,17.466667,11.900000,13.810000,0.000000,1.055215
52,17.466667,12.033333,13.838333,0.000000,1.024514
53,17.466667,11.900000,13.828333,0.000000,1.072819
54,17.466667,11.966667,13.793333,0.000000,1.017525
55,17.466667,11.933333,13.735000,0.000000,1.022126
56,17.466667,11.800000,13.833333,0.000000,1.062714
57,17.466667,11.900000,13.801667,0.000000,1.048183
58,17.466667,11.966667,13.788333,0.000000,1.031814
59,17.466667,11.966667,13.753333,0.000000,1.044469
60,17.466667,11.833333,13.743333,0.000000,1.061713
61,17.500000,11.900000,13.823333,0.000000,1.074873
62,17.500000,11.833333,13.803333,0.000000,1.053550
63,17.500000,11.933333,13.700000,0.000000,1.006079
64,17.500000,11.766667,13.786667,0.000000,1.069485
65,17.500000,11.800000,13.805000,0.000000,1.096521
66,17.500000,11.966667,13.726667,0.000000,1.044965
67,17.500000,11.800000,13.713333,0.000000,1.033514
68,17.500000,11.866667,13.720000,0.000000,1.057435
69,17.500000,11.833333,13.741667,0.000000,1.060278
70,17.500000,11.933333,13.826667,0.000000,1.032824
71,17.500000,11.933333,13.810000,0.000000,1.014416
72,17.533333,11.900000,13.821667,0.000000,1.107550
73,17.566667,12.000000,13.826667,0.000000,1.055870
74,17.600000,11.866667,13.855000,0.000000,1.087286
75,17.600000,12.066667,13.866667,0.000000,0.988428
76,17.600000,11.966667,13.846667,0.000000,1.025138
77,17.600000,11.866667,13.728333,0.000000,1.069868
78,17.600000,11.866667,13.801667,0.000000,1.053625
79,17.600000,11.766667,13.756667,0.000000,1.070029
80,17.600000,12.066667,13.826667,0.000000,1.066122
81,17.600000,11.933333,13.815000,0.000000,1.038870
82,17.600000,11.933333,13.798333,0.000000,1.059414
83,17.600000,11.733333,13.746667,0.000000,1.078090
84,17.600000,11.866667,13.733333,0.000000,1.043218
85,17.600000,12.033333,13.815000,0.000000,1.045894
86,17.600000,11.866667,13.761667,0.000000,1.062951
87,17.600000,11.866667,13.755000,0.000000,0.996408
88,17.600000,11.933333,13.733333,0.000000,1.033604
89,17.633333,11.733333,13.753333,0.000000,1.096733
90,17.633333,11.933333,13.806667,0.000000,1.039684
91,17.633333,11.933333,13.776667,0.000000,1.018555
92,17.633333,11.900000,13.738333,0.000000,1.050043
93,17.633333,11.866667,13.820000,0.000000,1.052259
94,17.633333,11.866667,13.830000,0.000000,1.063239
95,17.633333,12.000000,13.761667,0.000000,1.038140
96,17.633333,11.933333,13.826667,0.000000,1.010659
97,17.633333,12.133333,13.885000,0.000000,1.016553
98,17.633333,11.833333,13.810000,0.000000,1.082977
99,17.633333,11.900000,13.830000,0.000000,1.058791
100,17.700000,11.700000,13.876667,0.000000,1.134134
BestSdev: 0.280050, Time: 4m32.103486237s