gen,best,worst,mean,rep,sdev
1,27.600000,14.433333,20.596667,0.000000,3.373483
2,29.133333,13.966667,20.951667,0.000000,3.665387
3,29.600000,14.466667,20.800000,0.000000,3.450842
4,30.466667,14.500000,20.821667,0.000000,3.576402
5,30.600000,14.733333,20.883333,0.000000,3.325863
6,31.033333,14.133333,20.936667,0.000000,3.583854
7,31.100000,14.566667,20.516667,0.000000,3.330082
8,31.266667,14.066667,20.968333,0.000000,3.722242
9,31.366667,14.533333,20.870000,0.000000,3.471985
10,31.400000,13.866667,20.501667,0.000000,3.528753
11,31.733333,14.600000,20.890000,0.000000,3.511494
12,31.733333,14.333333,20.720000,0.000000,3.401882
13,31.933333,14.433333,20.750000,0.000000,3.415677
14,31.933333,14.366667,20.530000,0.000000,3.399702
15,32.100000,14.400000,20.673333,0.000000,3.446731
16,32.133333,14.600000,20.805000,0.000000,3.414357
17,32.266667,14.500000,20.850000,0.000000,3.456628
18,32.266667,14.600000,20.751667,0.000000,3.442498
19,32.500000,14.166667,20.750000,0.000000,3.571786
20,32.500000,14.633333,20.893333,0.000000,3.567543
21,32.600000,14.266667,20.806667,0.000000,3.493547
22,32.600000,14.333333,20.496667,0.000000,3.578358
23,32.600000,14.566667,20.765000,0.000000,3.343007
24,32.600000,14.633333,20.820000,0.000000,3.368231
25,32.600000,15.166667,20.878333,0.000000,3.209969
26,32.666667,14.500000,20.565000,0.000000,3.364852
27,32.800000,14.700000,20.911667,0.000000,3.462446
28,32.833333,14.433333,20.770000,0.000000,3.464983
29,32.833333,14.366667,20.896667,0.000000,3.696585
30,32.900000,14.766667,20.948333,0.000000,3.524366
31,32.933333,14.200000,20.483333,0.000000,3.486299
32,32.933333,14.433333,20.533333,0.000000,3.460497
33,32.933333,14.233333,20.770000,0.000000,3.482062
34,33.000000,14.333333,20.833333,0.000000,3.503764
35,33.100000,14.366667,20.660000,0.000000,3.395473
36,33.133333,14.633333,20.848333,0.000000,3.480888
37,33.200000,14.333333,20.808333,0.000000,3.515688
38,33.200000,14.366667,20.553333,0.000000,3.355519
39,33.200000,13.566667,20.691667,0.000000,3.465151
40,33.200000,15.366667,21.060000,0.000000,3.320748
41,33.200000,13.966667,20.451667,0.000000,3.574572
42,33.233333,14.200000,20.673333,0.000000,3.444632
43,33.233333,15.000000,20.946667,0.000000,3.634143
44,33.300000,14.333333,20.863333,0.000000,3.710979
45,33.300000,14.900000,20.883333,0.000000,3.416348
46,33.300000,14.466667,20.866667,0.000000,3.462691
47,33.333333,14.566667,20.671667,0.000000,3.605330
48,33.433333,14.833333,20.771667,0.000000,3.436209
49,33.433333,14.600000,20.748333,0.000000,3.283000
50,33.433333,14.933333,20.585000,0.000000,3.275101
51,33.433333,14.400000,20.686667,0.000000,3.316149
52,33.433333,14.200000,20.840000,0.000000,3.742719
53,33.433333,14.033333,20.490000,0.000000,3.373806
54,33.433333,14.666667,20.856667,0.000000,3.458232
55,33.433333,14.733333,20.935000,0.000000,3.366919
56,33.466667,14.433333,20.820000,0.000000,3.479856
57,33.533333,14.366667,20.740000,0.000000,3.387616
58,33.533333,14.000000,20.423333,0.000000,3.493449
59,33.633333,14.466667,20.645000,0.000000,3.424016
60,33.633333,14.733333,20.828333,0.000000,3.379819
61,33.633333,14.600000,20.591667,0.000000,3.460242
62,33.633333,14.866667,20.645000,0.000000,3.481233
63,33.633333,14.466667,20.901667,0.000000,3.568039
64,33.666667,14.100000,20.655000,0.000000,3.333689
65,33.700000,14.566667,20.888333,0.000000,3.581400
66,33.733333,14.466667,20.631667,0.000000,3.419908
67,33.733333,14.200000,20.631667,0.000000,3.476924
68,33.733333,14.400000,20.618333,0.000000,3.511058
69,33.866667,15.300000,21.048333,0.000000,3.478088
70,33.866667,14.366667,20.525000,0.000000,3.380534
71,33.966667,14.366667,20.688333,0.000000,3.528487
72,33.966667,14.333333,20.648333,0.000000,3.520230
73,33.966667,14.866667,21.088333,0.000000,3.607697
74,33.966667,14.400000,20.626667,0.000000,3.638504
75,33.966667,14.433333,20.676667,0.000000,3.300329
76,34.033333,13.700000,20.740000,0.000000,3.648500
77,34.033333,15.166667,20.725000,0.000000,3.204471
78,34.033333,14.533333,20.556667,0.000000,3.362428
79,34.033333,14.366667,20.650000,0.000000,3.438248
80,34.033333,14.333333,20.516667,0.000000,3.432588
81,34.033333,14.566667,20.683333,0.000000,3.411053
82,34.033333,14.300000,20.733333,0.000000,3.386727
83,34.033333,14.933333,20.831667,0.000000,3.381862
84,34.033333,14.466667,20.911667,0.000000,3.475954
85,34.100000,14.333333,20.595000,0.000000,3.580963
86,34.100000,14.066667,20.631667,0.000000,3.498693
87,34.100000,14.466667,20.951667,0.000000,3.635243
88,34.100000,14.266667,20.675000,0.000000,3.484369
89,34.100000,14.866667,21.143333,0.000000,3.604423
90,34.100000,14.300000,20.681667,0.000000,3.524005
91,34.100000,14.566667,20.726667,0.000000,3.613647
92,34.100000,14.733333,20.745000,0.000000,3.481005
93,34.100000,14.566667,20.701667,0.000000,3.479092
94,34.100000,14.333333,20.615000,0.000000,3.473514
95,34.100000,14.133333,20.475000,0.000000,3.389098
96,34.100000,14.633333,20.598333,0.000000,3.583339
97,34.100000,14.566667,20.940000,0.000000,3.532733
98,34.100000,14.100000,20.626667,0.000000,3.674907
99,34.100000,14.300000,20.763333,0.000000,3.504154
100,34.100000,14.733333,20.836667,0.000000,3.382049
101,34.100000,14.466667,20.815000,0.000000,3.499446
102,34.133333,14.466667,20.516667,0.000000,3.536963
103,34.133333,14.766667,20.790000,0.000000,3.488019
104,34.133333,14.800000,20.650000,0.000000,3.291772
105,34.133333,14.100000,20.605000,0.000000,3.571181
106,34.133333,14.066667,20.640000,0.000000,3.662061
107,34.133333,14.800000,20.756667,0.000000,3.405297
108,34.133333,14.366667,20.696667,0.000000,3.512379
109,34.133333,14.133333,20.533333,0.000000,3.696821
110,34.133333,14.433333,20.715000,0.000000,3.467230
111,34.133333,15.200000,20.943333,0.000000,3.328137
112,34.133333,14.433333,20.966667,0.000000,3.518542
113,34.133333,14.333333,20.443333,0.000000,3.484553
114,34.133333,14.566667,20.736667,0.000000,3.421299
115,34.133333,14.600000,20.796667,0.000000,3.469928
116,34.133333,14.300000,20.646667,0.000000,3.587914
117,34.166667,14.500000,20.805000,0.000000,3.538501
118,34.166667,14.400000,20.641667,0.000000,3.438835
119,34.166667,14.500000,20.780000,0.000000,3.469955
120,34.166667,14.633333,20.718333,0.000000,3.315767
121,34.166667,14.133333,20.505000,0.000000,3.617891
122,34.166667,14.433333,20.711667,0.000000,3.376673
123,34.166667,14.966667,20.833333,0.000000,3.273945
124,34.166667,14.466667,20.760000,0.000000,3.457758
125,34.400000,14.400000,20.683333,0.000000,3.493088
126,34.400000,14.433333,20.888333,0.000000,3.564150
127,34.400000,14.533333,20.691667,0.000000,3.435454
128,34.400000,14.933333,20.770000,0.000000,3.301287
129,34.400000,14.066667,20.820000,0.000000,3.541198
130,34.400000,14.366667,20.688333,0.000000,3.409547
131,34.400000,14.133333,20.810000,0.000000,3.582393
132,34.400000,14.266667,20.566667,0.000000,3.472166
133,34.400000,14.233333,20.878333,0.000000,3.575446
134,34.400000,14.666667,20.786667,0.000000,3.392417
135,34.400000,14.300000,20.633333,0.000000,3.494431
136,34.400000,14.633333,20.598333,0.000000,3.487385
137,34.400000,14.733333,20.725000,0.000000,3.332711
138,34.400000,14.500000,20.826667,0.000000,3.497284
139,34.400000,14.500000,21.036667,0.000000,3.589761
140,34.400000,14.500000,20.873333,0.000000,3.503250
141,34.400000,14.833333,21.011667,0.000000,3.458802
142,34.400000,14.833333,20.771667,0.000000,3.456936
143,34.400000,14.400000,20.823333,0.000000,3.535187
144,34.400000,13.866667,20.553333,0.000000,3.630469
145,34.400000,14.533333,20.885000,0.000000,3.560176
146,34.466667,14.066667,20.646667,0.000000,3.550572
147,34.466667,13.966667,20.651667,0.000000,3.527932
148,34.466667,14.700000,20.786667,0.000000,3.513640
149,34.500000,14.666667,20.536667,0.000000,3.344488
150,34.500000,14.333333,20.785000,0.000000,3.465908
151,34.500000,14.366667,20.845000,0.000000,3.622782
152,34.533333,14.600000,20.666667,0.000000,3.500149
153,34.533333,14.333333,20.533333,0.000000,3.542327
154,34.533333,14.666667,20.765000,0.000000,3.443135
155,34.600000,14.466667,21.045000,0.000000,3.642852
156,34.600000,14.433333,20.645000,0.000000,3.473736
157,34.600000,14.866667,20.598333,0.000000,3.306961
158,34.600000,14.400000,20.708333,0.000000,3.506943
159,34.600000,14.466667,20.753333,0.000000,3.646652
160,34.600000,14.000000,20.630000,0.000000,3.563561
161,34.600000,15.000000,20.778333,0.000000,3.286115
162,34.600000,14.533333,20.896667,0.000000,3.458503
163,34.633333,14.166667,20.683333,0.000000,3.598888
164,34.633333,14.400000,20.898333,0.000000,3.475721
165,34.633333,14.466667,20.598333,0.000000,3.422894
166,34.633333,14.566667,20.716667,0.000000,3.469830
167,34.633333,14.266667,20.510000,0.000000,3.376965
168,34.633333,14.733333,20.698333,0.000000,3.305446
169,34.700000,14.766667,20.701667,0.000000,3.580898
170,34.700000,14.566667,20.918333,0.000000,3.532686
171,34.700000,14.433333,20.571667,0.000000,3.512297
172,34.700000,14.166667,20.733333,0.000000,3.515075
173,34.700000,14.566667,20.755000,0.000000,3.515376
174,34.700000,14.433333,20.831667,0.000000,3.459215
175,34.700000,14.300000,20.830000,0.000000,3.546512
176,34.700000,14.333333,20.891667,0.000000,3.498486
177,34.700000,14.400000,20.725000,0.000000,3.516085
178,34.700000,14.366667,20.686667,0.000000,3.336987
179,34.700000,14.500000,20.908333,0.000000,3.508441
180,34.700000,14.466667,20.921667,0.000000,3.475541
181,34.700000,14.000000,20.548333,0.000000,3.541531
182,34.700000,14.800000,20.675000,0.000000,3.460329
183,34.833333,14.733333,20.860000,0.000000,3.575866
184,34.833333,14.566667,20.775000,0.000000,3.526486
185,34.833333,14.366667,20.668333,0.000000,3.443085
186,34.833333,14.600000,20.538333,0.000000,3.384682
187,34.833333,14.633333,20.955000,0.000000,3.527004
188,34.833333,15.133333,20.816667,0.000000,3.447373
189,34.833333,14.400000,20.718333,0.000000,3.564226
190,34.833333,14.500000,20.738333,0.000000,3.580019
191,34.833333,14.333333,20.645000,0.000000,3.412627
192,34.833333,14.533333,20.680000,0.000000,3.290131
193,34.833333,14.266667,20.365000,0.000000,3.403614
194,34.833333,14.400000,20.721667,0.000000,3.457708
195,34.866667,14.733333,21.050000,0.000000,3.592927
196,34.866667,14.300000,20.555000,0.000000,3.253537
197,34.866667,14.466667,20.590000,0.000000,3.475878
198,34.866667,14.766667,20.795000,0.000000,3.496669
199,34.966667,14.366667,20.640000,0.000000,3.588555
200,35.000000,14.900000,20.986667,0.000000,3.502995
201,35.000000,14.466667,20.658333,0.000000,3.427535
202,35.000000,14.666667,20.855000,0.000000,3.596697
203,35.000000,14.066667,20.975000,0.000000,3.653375
204,35.000000,14.733333,20.806667,0.000000,3.415672
205,35.000000,14.200000,20.715000,0.000000,3.420269
206,35.000000,14.100000,20.703333,0.000000,3.431978
207,35.000000,14.066667,20.738333,0.000000,3.540503
208,35.000000,14.166667,20.621667,0.000000,3.529140
209,35.000000,14.766667,20.873333,0.000000,3.497229
210,35.000000,14.566667,20.710000,0.000000,3.385591
211,35.000000,14.466667,20.781667,0.000000,3.559219
212,35.000000,14.766667,20.796667,0.000000,3.491299
213,35.000000,14.766667,20.795000,0.000000,3.465549
214,35.000000,15.100000,20.873333,0.000000,3.370559
215,35.000000,14.700000,20.786667,0.000000,3.367555
216,35.000000,14.166667,20.948333,0.000000,3.608333
217,35.000000,14.533333,20.915000,0.000000,3.664443
218,35.133333,14.800000,20.660000,0.000000,3.396469
219,35.133333,14.666667,21.080000,0.000000,3.528649
220,35.133333,14.733333,20.701667,0.000000,3.205098
221,35.133333,14.800000,20.883333,0.000000,3.505210
222,35.133333,14.800000,20.773333,0.000000,3.467384
223,35.166667,14.733333,20.736667,0.000000,3.443274
224,35.166667,14.300000,20.595000,0.000000,3.262817
225,35.166667,14.233333,20.643333,0.000000,3.547509
226,35.166667,14.466667,20.735000,0.000000,3.467691
227,35.166667,14.400000,20.925000,0.000000,3.556262
228,35.166667,14.700000,20.740000,0.000000,3.400674
229,35.166667,14.533333,20.638333,0.000000,3.312200
230,35.166667,14.500000,20.871667,0.000000,3.442947
231,35.166667,14.233333,20.691667,0.000000,3.509041
232,35.200000,14.233333,20.831667,0.000000,3.750148
233,35.200000,14.333333,20.813333,0.000000,3.588449
234,35.200000,14.466667,20.638333,0.000000,3.431299
235,35.200000,14.766667,20.648333,0.000000,3.541695
236,35.200000,14.400000,20.656667,0.000000,3.553433
237,35.200000,14.533333,20.591667,0.000000,3.378460
238,35.200000,14.800000,20.871667,0.000000,3.478553
239,35.200000,14.733333,20.831667,0.000000,3.493921
240,35.200000,14.466667,20.640000,0.000000,3.454898
241,35.233333,14.833333,20.926667,0.000000,3.368582
242,35.233333,14.333333,20.525000,0.000000,3.393476
243,35.233333,14.133333,20.421667,0.000000,3.502317
244,35.233333,14.200000,20.566667,0.000000,3.594265
245,35.266667,14.800000,20.871667,0.000000,3.446194
246,35.266667,14.733333,20.848333,0.000000,3.639641
247,35.266667,15.033333,20.836667,0.000000,3.414253
248,35.266667,14.400000,20.698333,0.000000,3.390449
249,35.266667,14.366667,20.663333,0.000000,3.301446
250,35.266667,14.733333,20.625000,0.000000,3.437912
251,35.266667,14.466667,20.610000,0.000000,3.651165
252,35.266667,14.533333,20.728333,0.000000,3.459665
253,35.266667,14.566667,20.695000,0.000000,3.407603
254,35.266667,14.533333,20.735000,0.000000,3.502506
255,35.266667,14.566667,20.905000,0.000000,3.391249
256,35.266667,14.033333,20.431667,0.000000,3.643663
257,35.266667,14.400000,20.613333,0.000000,3.329952
258,35.266667,14.233333,20.851667,0.000000,3.634542
259,35.266667,14.633333,20.695000,0.000000,3.440503
260,35.266667,14.033333,20.403333,0.000000,3.497467
261,35.266667,14.700000,20.675000,0.000000,3.541490
262,35.266667,14.833333,20.938333,0.000000,3.483332
263,35.266667,14.333333,20.911667,0.000000,3.748128
264,35.266667,14.666667,20.503333,0.000000,3.401317
265,35.266667,14.433333,20.776667,0.000000,3.571698
266,35.333333,14.100000,20.440000,0.000000,3.589019
267,35.333333,14.233333,20.521667,0.000000,3.688959
268,35.333333,14.633333,20.741667,0.000000,3.325223
269,35.333333,14.300000,20.563333,0.000000,3.521876
270,35.333333,14.900000,20.780000,0.000000,3.447978
271,35.333333,14.200000,20.565000,0.000000,3.553764
272,35.333333,14.566667,20.885000,0.000000,3.522553
273,35.366667,13.900000,20.585000,0.000000,3.599674
274,35.366667,14.866667,20.851667,0.000000,3.387028
275,35.366667,14.533333,20.771667,0.000000,3.560055
276,35.366667,14.333333,20.738333,0.000000,3.488626
277,35.366667,14.400000,20.388333,0.000000,3.360847
278,35.366667,14.566667,20.616667,0.000000,3.487276
279,35.366667,14.466667,20.853333,0.000000,3.437963
280,35.366667,14.933333,20.745000,0.000000,3.267697
281,35.366667,14.566667,21.050000,0.000000,3.478450
282,35.366667,14.400000,20.628333,0.000000,3.318522
283,35.366667,14.666667,20.715000,0.000000,3.468997
284,35.366667,14.533333,20.818333,0.000000,3.501831
285,35.366667,14.733333,20.728333,0.000000,3.427123
286,35.366667,14.533333,20.716667,0.000000,3.344674
287,35.366667,14.933333,20.615000,0.000000,3.401063
288,35.366667,14.766667,20.691667,0.000000,3.322280
289,35.366667,14.133333,20.733333,0.000000,3.707489
290,35.366667,14.533333,20.735000,0.000000,3.516504
291,35.366667,14.266667,20.846667,0.000000,3.435164
292,35.366667,14.533333,20.841667,0.000000,3.620137
293,35.366667,14.433333,20.891667,0.000000,3.481966
294,35.366667,14.200000,20.385000,0.000000,3.393029
295,35.366667,14.166667,20.645000,0.000000,3.471704
296,35.366667,14.933333,20.731667,0.000000,3.411022
297,35.366667,14.066667,20.715000,0.000000,3.632427
298,35.366667,15.066667,20.843333,0.000000,3.407900
299,35.366667,14.666667,20.811667,0.000000,3.474660
300,35.366667,14.266667,20.525000,0.000000,3.529068
301,35.366667,14.600000,20.763333,0.000000,3.420818
302,35.366667,14.500000,20.848333,0.000000,3.518144
303,35.366667,14.300000,20.848333,0.000000,3.429033
304,35.366667,14.966667,20.763333,0.000000,3.305702
305,35.366667,14.800000,20.823333,0.000000,3.426788
306,35.366667,14.133333,20.900000,0.000000,3.629097
307,35.366667,14.400000,20.751667,0.000000,3.641934
308,35.366667,14.600000,20.568333,0.000000,3.402824
309,35.366667,14.300000,20.698333,0.000000,3.435435
310,35.366667,14.666667,20.740000,0.000000,3.479819
311,35.366667,14.833333,20.883333,0.000000,3.371754
312,35.400000,14.500000,20.466667,0.000000,3.439586
313,35.400000,14.033333,20.501667,0.000000,3.657087
314,35.400000,14.233333,20.501667,0.000000,3.504619
315,35.400000,15.033333,20.811667,0.000000,3.281582
316,35.400000,14.433333,20.648333,0.000000,3.433794
317,35.400000,14.633333,20.786667,0.000000,3.587591
318,35.400000,14.400000,20.638333,0.000000,3.359702
319,35.400000,14.766667,20.610000,0.000000,3.223787
320,35.400000,14.466667,20.923333,0.000000,3.607459
321,35.400000,14.466667,20.585000,0.000000,3.531195
322,35.400000,14.366667,20.616667,0.000000,3.450613
323,35.400000,14.600000,20.650000,0.000000,3.362025
324,35.433333,14.133333,20.828333,0.000000,3.638639
325,35.433333,14.400000,20.796667,0.000000,3.645152
326,35.433333,14.433333,20.870000,0.000000,3.560300
327,35.433333,13.966667,20.535000,0.000000,3.579557
328,35.433333,13.733333,20.628333,0.000000,3.486079
329,35.433333,14.500000,20.521667,0.000000,3.370649
330,35.433333,14.500000,20.871667,0.000000,3.360084
331,35.433333,14.200000,20.693333,0.000000,3.323996
332,35.433333,14.566667,20.660000,0.000000,3.379260
333,35.433333,14.133333,20.695000,0.000000,3.547465
334,35.433333,14.133333,20.736667,0.000000,3.576230
335,35.433333,14.600000,20.876667,0.000000,3.446551
336,35.433333,14.433333,20.908333,0.000000,3.607415
337,35.433333,14.266667,20.880000,0.000000,3.610719
338,35.433333,14.166667,20.495000,0.000000,3.432738
339,35.433333,14.266667,20.641667,0.000000,3.619596
340,35.433333,14.433333,20.713333,0.000000,3.340187
341,35.433333,14.066667,20.575000,0.000000,3.472246
342,35.433333,14.666667,20.818333,0.000000,3.656885
343,35.433333,14.366667,20.723333,0.000000,3.521509
344,35.433333,14.866667,20.961667,0.000000,3.510864
345,35.433333,14.466667,20.816667,0.000000,3.541023
346,35.433333,14.533333,20.698333,0.000000,3.543288
347,35.433333,14.533333,20.708333,0.000000,3.358232
348,35.433333,14.500000,20.966667,0.000000,3.601860
349,35.433333,14.833333,20.758333,0.000000,3.485951
350,35.433333,14.400000,20.688333,0.000000,3.501159
351,35.433333,14.166667,20.736667,0.000000,3.578782
352,35.433333,14.133333,20.775000,0.000000,3.562134
353,35.433333,14.000000,20.721667,0.000000,3.618850
354,35.433333,14.733333,20.968333,0.000000,3.442343
355,35.433333,13.966667,20.435000,0.000000,3.528036
356,35.433333,14.333333,20.940000,0.000000,3.584367
357,35.433333,14.466667,20.818333,0.000000,3.585219
358,35.433333,14.566667,20.788333,0.000000,3.392562
359,35.433333,14.533333,20.700000,0.000000,3.393676
360,35.433333,14.800000,20.830000,0.000000,3.270252
361,35.433333,14.333333,20.880000,0.000000,3.436295
362,35.433333,14.333333,20.528333,0.000000,3.447737
363,35.433333,15.133333,20.856667,0.000000,3.441740
364,35.433333,14.933333,20.821667,0.000000,3.355202
365,35.433333,14.700000,20.796667,0.000000,3.544113
366,35.433333,14.166667,20.606667,0.000000,3.564494
367,35.433333,14.566667,20.750000,0.000000,3.469442
368,35.433333,14.233333,20.886667,0.000000,3.583178
369,35.433333,14.633333,20.733333,0.000000,3.463328
370,35.433333,14.933333,20.771667,0.000000,3.459575
371,35.433333,14.633333,20.688333,0.000000,3.368982
372,35.433333,14.700000,20.663333,0.000000,3.464428
373,35.433333,14.600000,20.785000,0.000000,3.492808
374,35.466667,14.300000,20.718333,0.000000,3.580707
375,35.533333,14.000000,20.730000,0.000000,3.712072
376,35.533333,14.566667,20.836667,0.000000,3.446296
377,35.533333,14.233333,20.635000,0.000000,3.519439
378,35.533333,14.866667,20.608333,0.000000,3.273327
379,35.533333,15.133333,20.671667,0.000000,3.408665
380,35.533333,13.933333,20.783333,0.000000,3.653984
381,35.533333,14.333333,20.851667,0.000000,3.402880
382,35.533333,14.400000,20.828333,0.000000,3.466071
383,35.533333,14.766667,20.808333,0.000000,3.518458
384,35.533333,13.866667,21.115000,0.000000,3.733423
385,35.533333,14.400000,20.900000,0.000000,3.629811
386,35.533333,14.600000,20.490000,0.000000,3.589998
387,35.533333,13.866667,20.725000,0.000000,3.543909
388,35.533333,14.466667,20.861667,0.000000,3.443237
389,35.533333,15.200000,20.738333,0.000000,3.380716
390,35.533333,14.966667,21.076667,0.000000,3.483445
391,35.533333,14.466667,20.890000,0.000000,3.682136
392,35.533333,14.233333,20.940000,0.000000,3.622592
393,35.533333,14.766667,20.665000,0.000000,3.343233
394,35.533333,14.066667,20.611667,0.000000,3.574175
395,35.533333,14.666667,21.048333,0.000000,3.501834
396,35.533333,14.100000,20.678333,0.000000,3.499238
397,35.533333,14.400000,20.615000,0.000000,3.448265
398,35.533333,13.766667,20.746667,0.000000,3.656427
399,35.533333,14.800000,20.861667,0.000000,3.410640
400,35.533333,14.266667,20.801667,0.000000,3.397221
401,35.533333,14.466667,20.651667,0.000000,3.412749
402,35.533333,14.633333,20.703333,0.000000,3.678436
403,35.533333,14.633333,20.908333,0.000000,3.404832
404,35.533333,14.533333,20.681667,0.000000,3.330517
405,35.533333,13.966667,20.483333,0.000000,3.547341
406,35.533333,14.400000,20.536667,0.000000,3.464956
407,35.533333,14.233333,20.958333,0.000000,3.674187
408,35.566667,14.100000,20.646667,0.000000,3.558470
409,35.600000,14.833333,20.765000,0.000000,3.396866
410,35.600000,14.600000,20.856667,0.000000,3.402453
411,35.600000,14.233333,20.806667,0.000000,3.651081
412,35.600000,14.666667,20.801667,0.000000,3.316459
413,35.600000,14.633333,20.818333,0.000000,3.265027
414,35.600000,14.600000,20.836667,0.000000,3.522576
415,35.600000,14.566667,20.643333,0.000000,3.424685
416,35.600000,14.200000,20.711667,0.000000,3.726821
417,35.600000,14.366667,20.583333,0.000000,3.378717
418,35.600000,14.700000,20.738333,0.000000,3.423141
419,35.600000,13.933333,20.885000,0.000000,3.604452
420,35.600000,14.600000,20.560000,0.000000,3.373452
421,35.600000,13.900000,20.660000,0.000000,3.592961
422,35.600000,14.300000,20.708333,0.000000,3.474220
423,35.600000,14.633333,20.730000,0.000000,3.422619
424,35.600000,13.933333,20.700000,0.000000,3.597592
425,35.600000,14.833333,20.771667,0.000000,3.455430
426,35.600000,14.366667,20.666667,0.000000,3.415343
427,35.600000,14.366667,20.646667,0.000000,3.303057
428,35.600000,14.066667,20.621667,0.000000,3.586958
429,35.600000,13.900000,20.371667,0.000000,3.402347
430,35.600000,14.133333,20.601667,0.000000,3.466113
431,35.600000,14.000000,20.613333,0.000000,3.654576
432,35.600000,14.200000,20.830000,0.000000,3.616640
433,35.600000,14.466667,20.640000,0.000000,3.501779
434,35.600000,14.500000,20.895000,0.000000,3.532991
435,35.600000,14.766667,20.683333,0.000000,3.316257
436,35.600000,14.700000,20.793333,0.000000,3.384599
437,35.600000,14.000000,20.463333,0.000000,3.460785
438,35.600000,14.500000,20.653333,0.000000,3.265926
439,35.600000,14.633333,20.671667,0.000000,3.592853
440,35.600000,14.766667,20.696667,0.000000,3.469374
441,35.600000,13.800000,20.766667,0.000000,3.660805
442,35.600000,14.100000,20.690000,0.000000,3.506237
443,35.600000,14.433333,20.690000,0.000000,3.478070
444,35.600000,14.433333,20.636667,0.000000,3.366253
445,35.600000,14.533333,20.856667,0.000000,3.445286
446,35.600000,14.300000,20.430000,0.000000,3.336867
447,35.600000,14.933333,20.686667,0.000000,3.307806
448,35.600000,14.533333,20.501667,0.000000,3.368245
449,35.600000,14.433333,20.541667,0.000000,3.380035
450,35.600000,15.166667,20.865000,0.000000,3.284058
451,35.600000,14.666667,20.768333,0.000000,3.481675
452,35.600000,14.466667,20.625000,0.000000,3.413587
453,35.600000,14.666667,20.780000,0.000000,3.268370
454,35.600000,14.133333,20.458333,0.000000,3.554584
455,35.600000,14.466667,20.693333,0.000000,3.511445
456,35.600000,14.000000,20.290000,0.000000,3.481086
457,35.600000,14.500000,20.581667,0.000000,3.429915
458,35.600000,14.066667,20.760000,0.000000,3.589930
459,35.600000,14.866667,20.565000,0.000000,3.463881
460,35.600000,14.533333,20.788333,0.000000,3.461412
461,35.600000,14.700000,20.915000,0.000000,3.401803
462,35.600000,15.033333,20.900000,0.000000,3.347670
463,35.600000,14.133333,20.655000,0.000000,3.532346
464,35.600000,14.333333,20.731667,0.000000,3.550811
465,35.600000,14.166667,20.915000,0.000000,3.469437
466,35.600000,14.266667,20.635000,0.000000,3.405358
467,35.600000,14.700000,20.773333,0.000000,3.364616
468,35.600000,14.300000,20.698333,0.000000,3.607083
469,35.600000,14.566667,20.738333,0.000000,3.478698
470,35.600000,14.766667,20.723333,0.000000,3.434627
471,35.600000,14.233333,20.671667,0.000000,3.558639
472,35.600000,14.600000,20.675000,0.000000,3.369443
473,35.600000,14.400000,20.598333,0.000000,3.430037
474,35.600000,14.533333,20.628333,0.000000,3.406011
475,35.600000,14.433333,20.696667,0.000000,3.577212
476,35.600000,14.833333,20.756667,0.000000,3.441143
477,35.600000,14.500000,20.440000,0.000000,3.413153
478,35.600000,14.033333,20.560000,0.000000,3.683067
479,35.600000,14.333333,20.661667,0.000000,3.512604
480,35.600000,14.666667,20.750000,0.000000,3.475466
481,35.600000,14.433333,20.720000,0.000000,3.467709
482,35.600000,15.033333,20.870000,0.000000,3.566522
483,35.600000,14.666667,20.798333,0.000000,3.533592
484,35.600000,14.800000,20.658333,0.000000,3.311012
485,35.600000,14.600000,20.941667,0.000000,3.541312
486,35.600000,14.733333,20.771667,0.000000,3.461230
487,35.600000,14.833333,20.801667,0.000000,3.474469
488,35.600000,13.800000,20.725000,0.000000,3.609181
489,35.666667,14.500000,20.886667,0.000000,3.603460
490,35.666667,14.533333,20.838333,0.000000,3.563564
491,35.666667,14.600000,20.796667,0.000000,3.433524
492,35.666667,14.466667,20.671667,0.000000,3.468432
493,35.666667,14.466667,20.790000,0.000000,3.414612
494,35.666667,14.133333,20.680000,0.000000,3.567010
495,35.666667,14.200000,20.630000,0.000000,3.371999
496,35.666667,14.933333,20.868333,0.000000,3.442471
497,35.666667,14.566667,20.645000,0.000000,3.483980
498,35.666667,14.866667,20.738333,0.000000,3.353762
499,35.666667,14.533333,20.661667,0.000000,3.439560
500,35.666667,14.300000,20.600000,0.000000,3.550797
BestSdev: 1.065184, Time: 15m15.277894364s