gen,best,worst,mean,rep,sdev
1,17.100000,11.033333,13.802000,0.000000,1.095587
2,17.233333,11.133333,13.814833,0.000000,1.064238
3,17.366667,11.033333,13.795500,0.000000,1.098078
4,17.400000,11.000000,13.804333,0.000000,1.098029
5,17.600000,11.166667,13.802833,0.000000,1.082380
6,17.666667,11.066667,13.788167,0.000000,1.089398
7,17.666667,11.100000,13.788000,0.000000,1.091735
8,17.700000,11.133333,13.812167,0.000000,1.091946
9,17.766667,11.033333,13.806333,0.000000,1.092679
10,17.766667,11.133333,13.811667,0.000000,1.091424
11,17.800000,11.000000,13.825167,0.000000,1.100575
12,17.800000,11.100000,13.811333,0.000000,1.064825
13,17.833333,11.100000,13.798000,0.000000,1.073334
14,17.866667,11.100000,13.814167,0.000000,1.078680
15,17.900000,11.066667,13.809500,0.000000,1.090264
16,17.900000,11.166667,13.795500,0.000000,1.075593
17,17.900000,11.100000,13.809500,0.000000,1.087959
18,17.933333,11.000000,13.808000,0.000000,1.109633
19,17.933333,11.233333,13.799833,0.000000,1.060729
20,17.933333,11.033333,13.802000,0.000000,1.081511
21,17.933333,11.000000,13.803333,0.000000,1.080062
22,17.933333,11.133333,13.812667,0.000000,1.077399
23,17.933333,11.133333,13.811167,0.000000,1.082458
24,17.933333,11.166667,13.814000,0.000000,1.087048
25,17.966667,11.166667,13.813333,0.000000,1.071482
26,17.966667,11.066667,13.805667,0.000000,1.091901
27,17.966667,11.133333,13.797333,0.000000,1.086395
28,17.966667,11.066667,13.805000,0.000000,1.086571
29,17.966667,11.166667,13.799500,0.000000,1.089569
30,17.966667,11.200000,13.803833,0.000000,1.092824
31,17.966667,11.133333,13.815333,0.000000,1.088901
32,17.966667,11.033333,13.768000,0.000000,1.077461
33,18.000000,11.033333,13.820667,0.000000,1.094840
34,18.000000,11.266667,13.810500,0.000000,1.093418
35,18.000000,11.200000,13.799667,0.000000,1.078454
36,18.033333,11.033333,13.791000,0.000000,1.099201
37,18.066667,11.100000,13.800000,0.000000,1.072174
38,18.066667,11.200000,13.804500,0.000000,1.088792
39,18.066667,10.966667,13.808333,0.000000,1.106434
40,18.066667,11.100000,13.800167,0.000000,1.073798
41,18.066667,11.100000,13.800833,0.000000,1.070049
42,18.066667,11.033333,13.815833,0.000000,1.087164
43,18.066667,11.100000,13.818667,0.000000,1.077929
44,18.066667,11.033333,13.812167,0.000000,1.099583
45,18.066667,10.966667,13.804667,0.000000,1.082497
46,18.066667,11.066667,13.795000,0.000000,1.097892
47,18.066667,11.066667,13.806167,0.000000,1.082325
48,18.100000,11.000000,13.806167,0.000000,1.084938
49,18.100000,11.166667,13.789333,0.000000,1.090016
50,18.100000,10.966667,13.789167,0.000000,1.079119
51,18.100000,11.133333,13.823333,0.000000,1.080659
52,18.100000,11.100000,13.826500,0.000000,1.105055
53,18.100000,11.033333,13.789000,0.000000,1.088265
54,18.100000,11.066667,13.802833,0.000000,1.076210
55,18.100000,11.166667,13.814167,0.000000,1.075626
56,18.100000,11.066667,13.829000,0.000000,1.081104
57,18.100000,11.066667,13.803333,0.000000,1.083762
58,18.100000,11.166667,13.817500,0.000000,1.074587
59,18.100000,11.100000,13.811833,0.000000,1.097458
60,18.100000,10.966667,13.815667,0.000000,1.078870
61,18.100000,11.100000,13.802833,0.000000,1.085235
62,18.100000,11.066667,13.779333,0.000000,1.079393
63,18.133333,11.033333,13.806333,0.000000,1.085880
64,18.133333,11.066667,13.804000,0.000000,1.072588
65,18.133333,11.066667,13.780333,0.000000,1.090139
66,18.133333,11.033333,13.798000,0.000000,1.103469
67,18.133333,11.000000,13.787167,0.000000,1.087599
68,18.133333,11.066667,13.806500,0.000000,1.063514
69,18.133333,11.000000,13.791167,0.000000,1.096033
70,18.133333,11.133333,13.825500,0.000000,1.085602
71,18.166667,11.066667,13.800500,0.000000,1.085073
72,18.166667,10.933333,13.818000,0.000000,1.098290
73,18.166667,11.133333,13.785333,0.000000,1.094922
74,18.166667,11.166667,13.814667,0.000000,1.080796
75,18.166667,11.066667,13.791167,0.000000,1.071693
76,18.166667,10.966667,13.809500,0.000000,1.098119
77,18.166667,11.200000,13.802167,0.000000,1.080314
78,18.200000,11.133333,13.804167,0.000000,1.080266
79,18.233333,11.233333,13.794500,0.000000,1.091162
80,18.233333,11.133333,13.806833,0.000000,1.077677
81,18.233333,11.133333,13.792500,0.000000,1.083267
82,18.233333,11.200000,13.811333,0.000000,1.068183
83,18.233333,11.033333,13.796667,0.000000,1.086938
84,18.233333,11.133333,13.816500,0.000000,1.077436
85,18.233333,11.233333,13.810500,0.000000,1.081290
86,18.233333,11.166667,13.815500,0.000000,1.082216
87,18.233333,11.100000,13.807833,0.000000,1.076369
88,18.233333,11.100000,13.803000,0.000000,1.076925
89,18.233333,10.966667,13.790333,0.000000,1.091494
90,18.233333,11.133333,13.793667,0.000000,1.089799
91,18.233333,11.133333,13.788333,0.000000,1.060675
92,18.233333,11.066667,13.795833,0.000000,1.084386
93,18.266667,11.066667,13.793167,0.000000,1.081524
94,18.266667,11.000000,13.807333,0.000000,1.100192
95,18.266667,11.133333,13.812667,0.000000,1.084890
96,18.266667,11.000000,13.791500,0.000000,1.088397
97,18.266667,11.100000,13.791000,0.000000,1.087018
98,18.266667,11.000000,13.781000,0.000000,1.096342
99,18.266667,11.100000,13.815333,0.000000,1.078789
100,18.266667,11.133333,13.815333,0.000000,1.092341
BestSdev: 0.217056, Time: 17m7.896936649s