gen,best,worst,mean,rep,sdev
1,28.833333,13.300000,20.596667,0.000000,3.527668
2,30.066667,13.100000,20.813333,0.000000,3.634897
3,30.566667,13.700000,20.536000,0.000000,3.524570
4,31.133333,13.200000,20.824667,0.000000,3.601660
5,31.333333,13.466667,20.751333,0.000000,3.511439
6,31.566667,12.966667,20.550000,0.000000,3.511085
7,31.966667,13.433333,20.594667,0.000000,3.518401
8,32.133333,13.700000,20.605333,0.000000,3.512613
9,32.200000,13.133333,20.602000,0.000000,3.552241
10,32.200000,13.566667,20.727333,0.000000,3.526984
11,32.333333,13.666667,20.610667,0.000000,3.518023
12,32.333333,12.666667,20.470000,0.000000,3.541465
13,32.433333,13.533333,20.828000,0.000000,3.543810
14,32.500000,13.466667,20.734000,0.000000,3.568693
15,32.666667,13.566667,20.942000,0.000000,3.621208
16,32.666667,13.433333,20.638000,0.000000,3.488155
17,32.666667,13.633333,20.744667,0.000000,3.686144
18,32.766667,13.433333,20.680000,0.000000,3.514719
19,32.866667,13.666667,20.772000,0.000000,3.586515
20,32.900000,13.600000,20.686667,0.000000,3.457262
21,33.233333,13.266667,20.864667,0.000000,3.682015
22,33.300000,13.600000,20.916000,0.000000,3.561681
23,33.300000,13.533333,20.733333,0.000000,3.540128
24,33.366667,13.233333,20.636667,0.000000,3.568404
25,33.400000,13.100000,20.744667,0.000000,3.594722
26,33.400000,13.066667,20.660000,0.000000,3.599564
27,33.433333,13.466667,20.789333,0.000000,3.669058
28,33.466667,13.200000,20.741333,0.000000,3.575313
29,33.600000,13.200000,20.655333,0.000000,3.614895
30,33.600000,13.300000,20.742000,0.000000,3.599408
31,33.666667,13.100000,20.660667,0.000000,3.601368
32,33.666667,13.500000,20.880667,0.000000,3.558012
33,33.733333,13.366667,20.775333,0.000000,3.590297
34,33.833333,13.000000,20.650000,0.000000,3.601929
35,33.833333,13.066667,20.708667,0.000000,3.554666
36,33.833333,13.400000,20.597333,0.000000,3.442914
37,33.833333,13.133333,20.739333,0.000000,3.585113
38,33.866667,13.233333,20.668667,0.000000,3.623605
39,33.966667,13.666667,20.814667,0.000000,3.591240
40,33.966667,13.333333,20.596000,0.000000,3.474956
41,33.966667,13.300000,20.657333,0.000000,3.506273
42,33.966667,13.366667,20.596667,0.000000,3.640165
43,34.066667,13.800000,20.841333,0.000000,3.514751
44,34.100000,12.966667,20.647333,0.000000,3.675075
45,34.233333,13.366667,20.628667,0.000000,3.588799
46,34.266667,13.100000,20.420000,0.000000,3.496187
47,34.266667,13.100000,20.740000,0.000000,3.639212
48,34.266667,13.133333,20.654667,0.000000,3.573469
49,34.266667,13.000000,20.836667,0.000000,3.597413
50,34.266667,13.633333,20.720000,0.000000,3.415015
BestSdev: 1.161796, Time: 3m0.32496941s