gen,best,worst,mean,rep,sdev
1,15.733333,11.766667,13.803333,0.000000,1.073048
2,16.066667,11.900000,13.765000,0.000000,1.049259
3,16.333333,12.000000,13.816667,0.000000,1.056134
4,16.400000,12.033333,13.851667,0.000000,1.038616
5,16.533333,11.833333,13.721667,0.000000,1.036428
6,16.566667,11.966667,13.818333,0.000000,1.077938
7,16.600000,11.866667,13.803333,0.000000,1.028201
8,16.700000,12.000000,13.795000,0.000000,1.101635
9,16.733333,11.866667,13.821667,0.000000,1.082619
10,16.866667,11.800000,13.738333,0.000000,1.068746
11,16.866667,11.866667,13.865000,0.000000,1.070788
12,16.900000,11.966667,13.838333,0.000000,1.074442
13,16.900000,11.833333,13.743333,0.000000,1.096578
14,16.900000,11.833333,13.786667,0.000000,1.037708
15,16.900000,11.900000,13.718333,0.000000,1.075838
16,16.966667,11.966667,13.836667,0.000000,1.036893
17,16.966667,11.933333,13.795000,0.000000,1.045135
18,16.966667,11.833333,13.746667,0.000000,1.038829
19,16.966667,11.833333,13.743333,0.000000,1.067509
20,17.000000,12.133333,13.845000,0.000000,1.006802
21,17.033333,12.066667,13.883333,0.000000,1.065597
22,17.033333,12.033333,13.845000,0.000000,1.077085
23,17.033333,11.900000,13.760000,0.000000,1.032822
24,17.066667,11.900000,13.808333,0.000000,1.045838
25,17.133333,11.966667,13.761667,0.000000,1.054674
26,17.133333,11.866667,13.783333,0.000000,1.060435
27,17.133333,11.933333,13.831667,0.000000,1.041786
28,17.166667,11.833333,13.831667,0.000000,1.070469
29,17.166667,11.800000,13.800000,0.000000,1.047155
30,17.266667,11.933333,13.871667,0.000000,1.052552
31,17.300000,11.966667,13.836667,0.000000,1.062632
32,17.300000,11.833333,13.805000,0.000000,1.091282
33,17.333333,11.966667,13.761667,0.000000,1.060862
34,17.333333,11.800000,13.821667,0.000000,1.072324
35,17.333333,12.000000,13.861667,0.000000,0.995978
36,17.333333,11.900000,13.761667,0.000000,1.049328
37,17.333333,11.900000,13.830000,0.000000,1.045386
38,17.333333,11.833333,13.836667,0.000000,1.080055
39,17.333333,11.933333,13.805000,0.000000,1.030710
40,17.366667,11.933333,13.868333,0.000000,1.068459
41,17.400000,11.866667,13.788333,0.000000,1.057234
42,17.400000,11.866667,13.830000,0.000000,1.087937
43,17.400000,11.833333,13.843333,0.000000,1.044518
44,17.466667,11.833333,13.785000,0.000000,1.093996
45,17.466667,12.066667,13.828333,0.000000,0.984970
46,17.466667,12.000000,13.820000,0.000000,1.006755
47,17.466667,11.966667,13.751667,0.000000,1.009618
48,17.466667,11.900000,13.861667,0.000000,1.055552
49,17.466667,11.933333,13.755000,0.000000,0.994686
50,17.466667,11.966667,13.790000,0.000000,1.064425
BestSdev: 0.379850, Time: 1m17.947652401s