gen,best,worst,mean,rep,sdev
1,15.766667,11.900000,13.873333,0.000000,1.048157
2,16.133333,11.833333,13.826667,0.000000,1.035250
3,16.366667,11.833333,13.873333,0.000000,1.054401
4,16.566667,11.933333,13.793333,0.000000,1.068111
5,16.600000,11.866667,13.840000,0.000000,1.064195
6,16.700000,11.766667,13.805000,0.000000,1.050653
7,16.766667,12.000000,13.785000,0.000000,1.059196
8,16.800000,12.033333,13.835000,0.000000,1.034205
9,17.000000,11.766667,13.776667,0.000000,1.086052
10,17.033333,11.833333,13.816667,0.000000,1.025208
11,17.066667,11.800000,13.796667,0.000000,1.093537
12,17.066667,11.933333,13.808333,0.000000,1.067940
13,17.100000,12.033333,13.893333,0.000000,1.045401
14,17.100000,11.966667,13.801667,0.000000,1.022959
15,17.133333,11.966667,13.783333,0.000000,1.013490
16,17.200000,12.000000,13.870000,0.000000,1.053401
17,17.233333,11.866667,13.788333,0.000000,1.071266
18,17.233333,11.900000,13.811667,0.000000,1.039639
19,17.233333,11.866667,13.760000,0.000000,1.030134
20,17.233333,11.800000,13.740000,0.000000,1.070040
BestSdev: 0.397213, Time: 30.967188685s