gen,best,worst,mean,rep,sdev
1,29.533333,13.500000,20.790667,0.000000,3.597273
2,30.333333,13.533333,20.749333,0.000000,3.522965
3,30.766667,13.233333,20.807333,0.000000,3.509157
4,30.966667,13.600000,20.854667,0.000000,3.445318
5,32.066667,13.100000,20.666000,0.000000,3.577236
6,32.333333,12.900000,20.720000,0.000000,3.752980
7,32.333333,13.166667,20.724667,0.000000,3.561806
8,32.366667,12.866667,20.678667,0.000000,3.659606
9,32.633333,13.433333,20.803333,0.000000,3.566917
10,32.666667,13.566667,20.709333,0.000000,3.506551
11,32.733333,13.300000,20.728667,0.000000,3.559745
12,32.733333,13.033333,20.686667,0.000000,3.572042
13,32.866667,13.200000,20.609333,0.000000,3.626266
14,32.966667,13.366667,21.041333,0.000000,3.599121
15,33.066667,13.000000,20.619333,0.000000,3.604003
16,33.233333,13.600000,20.560667,0.000000,3.437165
17,33.266667,13.166667,20.664000,0.000000,3.580270
18,33.266667,13.300000,20.598667,0.000000,3.550101
19,33.300000,13.700000,20.705333,0.000000,3.552139
20,33.300000,13.133333,20.716000,0.000000,3.592798
21,33.433333,13.233333,20.578000,0.000000,3.574326
22,33.433333,13.466667,20.758000,0.000000,3.564769
23,33.466667,13.266667,20.545333,0.000000,3.603047
24,33.466667,13.300000,20.712667,0.000000,3.581370
25,33.566667,13.600000,20.718667,0.000000,3.551440
26,33.566667,13.133333,20.712667,0.000000,3.538058
27,33.733333,13.533333,20.902667,0.000000,3.454764
28,33.733333,13.166667,20.822667,0.000000,3.528011
29,33.733333,13.366667,20.791333,0.000000,3.678627
30,33.733333,13.400000,20.682000,0.000000,3.563010
31,33.733333,13.066667,20.835333,0.000000,3.563612
32,33.733333,13.700000,20.727333,0.000000,3.456667
33,33.733333,13.033333,20.651333,0.000000,3.576691
34,33.733333,13.633333,20.555333,0.000000,3.485016
35,33.800000,13.433333,20.600000,0.000000,3.587998
36,33.866667,13.166667,20.849333,0.000000,3.556837
37,33.866667,13.400000,20.654667,0.000000,3.473705
38,33.866667,13.200000,20.566000,0.000000,3.530413
39,33.866667,13.600000,20.800000,0.000000,3.469717
40,33.866667,13.233333,20.644667,0.000000,3.544914
41,33.866667,12.866667,20.693333,0.000000,3.643122
42,33.866667,13.000000,20.666667,0.000000,3.575352
43,33.900000,13.500000,20.868667,0.000000,3.569742
44,33.933333,13.466667,20.703333,0.000000,3.574941
45,33.966667,13.000000,20.778000,0.000000,3.572406
46,33.966667,13.166667,20.871333,0.000000,3.620827
47,34.033333,12.833333,20.641333,0.000000,3.654738
48,34.066667,13.333333,20.907333,0.000000,3.585686
49,34.166667,13.533333,20.734667,0.000000,3.616251
50,34.200000,13.800000,20.833333,0.000000,3.627497
51,34.200000,13.533333,20.691333,0.000000,3.493006
52,34.200000,13.566667,20.834000,0.000000,3.547970
53,34.200000,13.733333,20.634667,0.000000,3.461766
54,34.233333,13.233333,20.640000,0.000000,3.597825
55,34.300000,13.100000,20.614667,0.000000,3.569503
56,34.300000,13.700000,20.798000,0.000000,3.508969
57,34.300000,13.033333,20.678000,0.000000,3.643385
58,34.400000,13.566667,20.686667,0.000000,3.708528
59,34.400000,13.200000,20.578000,0.000000,3.562736
60,34.433333,13.500000,20.930000,0.000000,3.579947
61,34.433333,13.800000,20.844667,0.000000,3.481054
62,34.433333,13.500000,20.790000,0.000000,3.662911
63,34.433333,13.466667,20.754667,0.000000,3.595735
64,34.466667,12.966667,20.650667,0.000000,3.650876
65,34.466667,13.200000,20.982667,0.000000,3.602230
66,34.466667,13.433333,20.644000,0.000000,3.594823
67,34.466667,12.833333,20.536000,0.000000,3.555280
68,34.466667,13.433333,20.710000,0.000000,3.545266
69,34.466667,13.300000,20.606000,0.000000,3.499821
70,34.466667,13.433333,20.792000,0.000000,3.537062
71,34.500000,13.500000,20.676667,0.000000,3.506081
72,34.533333,13.366667,20.745333,0.000000,3.628392
73,34.566667,13.500000,20.703333,0.000000,3.569845
74,34.566667,13.500000,20.744000,0.000000,3.546048
75,34.633333,13.566667,20.837333,0.000000,3.562228
76,34.633333,13.600000,20.826667,0.000000,3.608848
77,34.633333,13.000000,20.839333,0.000000,3.651630
78,34.633333,13.366667,20.680667,0.000000,3.567647
79,34.633333,13.233333,20.710667,0.000000,3.652517
80,34.666667,13.200000,20.861333,0.000000,3.548997
81,34.666667,13.333333,20.839333,0.000000,3.618137
82,34.666667,12.966667,20.720667,0.000000,3.544117
83,34.733333,13.366667,20.762667,0.000000,3.511094
84,34.733333,13.200000,20.695333,0.000000,3.565346
85,34.800000,13.133333,20.725333,0.000000,3.732881
86,34.866667,13.366667,20.710667,0.000000,3.642310
87,34.933333,12.800000,20.594000,0.000000,3.515843
88,34.933333,13.033333,20.719333,0.000000,3.728198
89,34.933333,13.633333,20.781333,0.000000,3.532613
90,34.966667,13.366667,20.874667,0.000000,3.532446
91,35.000000,13.566667,20.708000,0.000000,3.592688
92,35.000000,13.466667,20.727333,0.000000,3.495076
93,35.000000,13.700000,20.839333,0.000000,3.530524
94,35.000000,13.266667,20.789333,0.000000,3.614178
95,35.000000,13.166667,20.672000,0.000000,3.561119
96,35.000000,13.266667,20.724000,0.000000,3.595732
97,35.000000,13.433333,20.694000,0.000000,3.536472
98,35.000000,13.466667,20.619333,0.000000,3.538983
99,35.000000,13.366667,20.769333,0.000000,3.497097
100,35.000000,13.166667,20.528667,0.000000,3.494233
BestSdev: 1.015558, Time: 6m0.126223883s