gen,best,worst,mean,rep,sdev
1,28.266667,14.233333,20.983333,0.000000,3.656440
2,29.366667,14.700000,20.940000,0.000000,3.395523
3,30.066667,14.366667,20.715000,0.000000,3.442872
4,30.333333,14.566667,20.811667,0.000000,3.548960
5,30.400000,14.366667,20.710000,0.000000,3.455363
6,30.433333,14.566667,20.566667,0.000000,3.492581
7,30.533333,14.233333,20.581667,0.000000,3.508795
8,31.066667,14.533333,20.851667,0.000000,3.544112
9,31.266667,14.366667,20.641667,0.000000,3.613716
10,31.266667,14.366667,20.683333,0.000000,3.303580
11,31.333333,14.700000,20.950000,0.000000,3.464295
12,31.600000,15.133333,20.903333,0.000000,3.309788
13,31.633333,14.633333,20.633333,0.000000,3.320047
14,31.900000,14.333333,20.811667,0.000000,3.693996
15,31.900000,14.866667,20.685000,0.000000,3.268694
16,31.900000,14.400000,20.733333,0.000000,3.495067
17,31.966667,14.133333,20.668333,0.000000,3.486317
18,32.233333,14.533333,20.731667,0.000000,3.575268
19,32.233333,14.166667,20.723333,0.000000,3.624730
20,32.400000,14.500000,20.456667,0.000000,3.453346
21,32.433333,14.000000,20.386667,0.000000,3.503575
22,32.566667,14.700000,20.718333,0.000000,3.330459
23,32.700000,14.866667,20.916667,0.000000,3.480629
24,32.700000,14.033333,20.285000,0.000000,3.564355
25,32.800000,14.500000,20.738333,0.000000,3.446931
26,32.800000,14.200000,20.593333,0.000000,3.469221
27,32.800000,13.933333,20.705000,0.000000,3.538071
28,32.800000,15.100000,20.971667,0.000000,3.388958
29,32.800000,14.300000,20.781667,0.000000,3.617284
30,32.866667,14.433333,20.591667,0.000000,3.585673
31,32.933333,14.266667,20.583333,0.000000,3.473177
32,33.100000,14.500000,20.980000,0.000000,3.583005
33,33.200000,13.933333,20.665000,0.000000,3.525000
34,33.200000,14.733333,20.875000,0.000000,3.485608
35,33.333333,14.200000,20.588333,0.000000,3.564959
36,33.333333,14.766667,20.878333,0.000000,3.508324
37,33.400000,14.466667,20.633333,0.000000,3.523204
38,33.400000,13.700000,20.506667,0.000000,3.754916
39,33.400000,14.900000,20.751667,0.000000,3.416177
40,33.400000,14.733333,20.606667,0.000000,3.292503
41,33.400000,14.333333,20.678333,0.000000,3.566355
42,33.466667,14.566667,20.713333,0.000000,3.382173
43,33.466667,14.200000,20.521667,0.000000,3.456692
44,33.466667,14.233333,20.470000,0.000000,3.571970
45,33.566667,14.500000,20.715000,0.000000,3.661116
46,33.566667,14.033333,20.730000,0.000000,3.741919
47,33.633333,14.266667,20.633333,0.000000,3.428438
48,33.700000,14.633333,20.755000,0.000000,3.570418
49,33.700000,14.833333,20.791667,0.000000,3.312451
50,33.700000,14.466667,20.630000,0.000000,3.612397
BestSdev: 1.246645, Time: 1m25.546168011s