gen,best,worst,mean,rep,sdev
1,15.900000,11.966667,13.856667,0.000000,1.031084
2,16.300000,12.033333,13.858333,0.000000,1.040017
3,16.466667,11.966667,13.816667,0.000000,1.088273
4,16.533333,11.866667,13.821667,0.000000,1.024842
5,16.700000,11.800000,13.771667,0.000000,1.079920
6,16.766667,11.800000,13.790000,0.000000,1.048364
7,16.833333,11.833333,13.800000,0.000000,1.091966
8,16.833333,12.033333,13.853333,0.000000,1.032042
9,16.866667,11.966667,13.830000,0.000000,1.049241
10,16.900000,12.000000,13.896667,0.000000,1.091951
11,16.933333,11.966667,13.923333,0.000000,1.087809
12,16.933333,12.000000,13.828333,0.000000,1.028795
13,17.000000,11.766667,13.783333,0.000000,1.089003
14,17.033333,12.000000,13.801667,0.000000,1.047960
15,17.066667,12.133333,13.823333,0.000000,1.036206
16,17.100000,11.833333,13.785000,0.000000,1.068545
17,17.100000,12.066667,13.838333,0.000000,1.049833
18,17.100000,11.900000,13.838333,0.000000,1.050655
19,17.100000,11.900000,13.753333,0.000000,1.054874
20,17.100000,12.000000,13.808333,0.000000,1.039778
21,17.100000,12.066667,13.793333,0.000000,0.986038
22,17.100000,11.933333,13.780000,0.000000,1.032058
23,17.133333,12.100000,13.810000,0.000000,1.002337
24,17.166667,11.866667,13.785000,0.000000,1.040831
25,17.200000,12.100000,13.845000,0.000000,1.019294
26,17.200000,11.900000,13.810000,0.000000,1.040460
27,17.200000,12.166667,13.820000,0.000000,1.001820
28,17.233333,12.033333,13.861667,0.000000,1.050598
29,17.233333,12.033333,13.775000,0.000000,1.024986
30,17.233333,12.000000,13.805000,0.000000,1.011575
31,17.266667,11.900000,13.743333,0.000000,1.065076
32,17.266667,11.833333,13.776667,0.000000,1.068439
33,17.333333,11.866667,13.805000,0.000000,1.060718
34,17.333333,11.966667,13.890000,0.000000,1.093162
35,17.333333,11.866667,13.811667,0.000000,1.094962
36,17.366667,11.700000,13.788333,0.000000,1.063320
37,17.366667,12.033333,13.861667,0.000000,1.022348
38,17.366667,11.900000,13.780000,0.000000,1.022250
39,17.366667,12.033333,13.851667,0.000000,1.051861
40,17.400000,11.833333,13.716667,0.000000,1.042034
41,17.433333,11.933333,13.780000,0.000000,1.016244
42,17.433333,11.900000,13.755000,0.000000,1.042039
43,17.433333,11.733333,13.768333,0.000000,1.024460
44,17.433333,12.100000,13.855000,0.000000,0.970548
45,17.433333,11.866667,13.765000,0.000000,1.066775
46,17.433333,12.033333,13.865000,0.000000,0.994236
47,17.433333,11.966667,13.801667,0.000000,1.032328
48,17.466667,11.900000,13.838333,0.000000,1.091633
49,17.466667,11.933333,13.803333,0.000000,1.026144
50,17.466667,11.966667,13.820000,0.000000,1.031618
51,17.466667,11.800000,13.730000,0.000000,1.060761
52,17.466667,11.933333,13.830000,0.000000,1.030306
53,17.500000,11.933333,13.716667,0.000000,1.060526
54,17.500000,11.933333,13.745000,0.000000,1.014337
55,17.500000,12.066667,13.855000,0.000000,1.005988
56,17.500000,11.866667,13.778333,0.000000,1.053803
57,17.500000,11.766667,13.798333,0.000000,1.101879
58,17.533333,11.900000,13.830000,0.000000,1.088169
59,17.533333,11.866667,13.790000,0.000000,1.044479
60,17.533333,11.933333,13.788333,0.000000,1.020303
61,17.566667,11.966667,13.810000,0.000000,1.011131
62,17.566667,12.000000,13.858333,0.000000,1.035222
63,17.566667,11.766667,13.796667,0.000000,1.082824
64,17.566667,12.166667,13.868333,0.000000,1.021846
65,17.566667,12.066667,13.801667,0.000000,1.051555
66,17.566667,11.900000,13.880000,0.000000,1.021190
67,17.600000,11.933333,13.878333,0.000000,1.095803
68,17.600000,11.900000,13.803333,0.000000,1.046270
69,17.600000,11.866667,13.788333,0.000000,1.064405
70,17.600000,12.000000,13.818333,0.000000,1.060100
71,17.600000,11.933333,13.860000,0.000000,1.086492
72,17.600000,12.066667,13.871667,0.000000,1.029599
73,17.633333,11.900000,13.821667,0.000000,1.074756
74,17.633333,11.833333,13.740000,0.000000,1.058510
75,17.633333,11.900000,13.813333,0.000000,1.061725
76,17.633333,11.966667,13.835000,0.000000,1.018863
77,17.666667,12.066667,13.920000,0.000000,1.049553
78,17.666667,11.933333,13.825000,0.000000,1.057478
79,17.666667,11.900000,13.835000,0.000000,1.049662
80,17.666667,11.933333,13.831667,0.000000,1.058767
81,17.666667,11.900000,13.828333,0.000000,1.042787
82,17.666667,12.000000,13.813333,0.000000,1.035679
83,17.666667,11.833333,13.821667,0.000000,1.043949
84,17.666667,11.833333,13.770000,0.000000,1.025936
85,17.700000,11.966667,13.793333,0.000000,1.060658
86,17.700000,11.933333,13.781667,0.000000,1.056143
87,17.700000,11.833333,13.860000,0.000000,1.088261
88,17.700000,11.733333,13.796667,0.000000,1.141033
89,17.700000,12.100000,13.870000,0.000000,1.012280
90,17.700000,11.900000,13.810000,0.000000,1.049290
91,17.733333,12.000000,13.805000,0.000000,1.056479
92,17.733333,11.933333,13.836667,0.000000,1.023360
93,17.733333,12.000000,13.805000,0.000000,0.991827
94,17.733333,12.000000,13.731667,0.000000,1.012206
95,17.733333,11.766667,13.790000,0.000000,1.059890
96,17.733333,11.900000,13.768333,0.000000,1.091826
97,17.766667,11.900000,13.798333,0.000000,1.047926
98,17.766667,11.933333,13.823333,0.000000,1.038647
99,17.766667,11.900000,13.770000,0.000000,1.049435
100,17.766667,11.966667,13.850000,0.000000,1.062685
101,17.766667,11.933333,13.750000,0.000000,1.058848
102,17.766667,11.733333,13.766667,0.000000,1.105745
103,17.766667,11.966667,13.846667,0.000000,1.082393
104,17.766667,12.100000,13.786667,0.000000,1.007367
105,17.766667,11.833333,13.766667,0.000000,1.073388
106,17.766667,12.000000,13.865000,0.000000,1.071202
107,17.766667,12.000000,13.840000,0.000000,1.082988
108,17.766667,11.900000,13.830000,0.000000,1.052669
109,17.766667,11.933333,13.821667,0.000000,1.047280
110,17.766667,12.000000,13.788333,0.000000,1.025368
111,17.766667,11.933333,13.821667,0.000000,1.066134
112,17.766667,11.766667,13.751667,0.000000,1.022218
113,17.766667,12.066667,13.795000,0.000000,1.043116
114,17.766667,11.766667,13.818333,0.000000,1.042460
115,17.766667,11.866667,13.840000,0.000000,1.045635
116,17.766667,11.866667,13.720000,0.000000,1.033960
117,17.766667,12.066667,13.880000,0.000000,1.043345
118,17.766667,11.766667,13.786667,0.000000,1.061877
119,17.766667,11.766667,13.776667,0.000000,1.067623
120,17.766667,11.933333,13.881667,0.000000,1.076061
121,17.766667,11.900000,13.741667,0.000000,1.031830
122,17.766667,12.033333,13.823333,0.000000,1.050765
123,17.766667,11.833333,13.861667,0.000000,1.102981
124,17.766667,12.033333,13.716667,0.000000,0.993244
125,17.766667,12.033333,13.830000,0.000000,1.052583
126,17.766667,11.933333,13.780000,0.000000,1.011897
127,17.766667,11.833333,13.743333,0.000000,1.023769
128,17.766667,12.000000,13.805000,0.000000,0.994707
129,17.766667,11.933333,13.791667,0.000000,1.073433
130,17.766667,11.900000,13.853333,0.000000,1.027947
131,17.800000,11.966667,13.861667,0.000000,1.116302
132,17.800000,11.833333,13.760000,0.000000,1.045874
133,17.800000,11.966667,13.875000,0.000000,1.092629
134,17.833333,11.900000,13.870000,0.000000,1.020786
135,17.833333,11.966667,13.836667,0.000000,1.035080
136,17.833333,11.900000,13.776667,0.000000,1.083612
137,17.833333,11.866667,13.791667,0.000000,1.035811
138,17.833333,12.033333,13.778333,0.000000,1.086799
139,17.866667,11.866667,13.753333,0.000000,1.039465
140,17.866667,12.033333,13.893333,0.000000,1.090352
141,17.866667,12.000000,13.820000,0.000000,1.007017
142,17.866667,11.766667,13.726667,0.000000,1.057378
143,17.866667,12.066667,13.818333,0.000000,1.017447
144,17.866667,12.000000,13.826667,0.000000,1.030308
145,17.866667,11.933333,13.813333,0.000000,1.054491
146,17.866667,12.066667,13.825000,0.000000,1.032281
147,17.866667,11.900000,13.843333,0.000000,1.032381
148,17.866667,12.066667,13.808333,0.000000,0.994726
149,17.866667,12.000000,13.805000,0.000000,1.054341
150,17.866667,11.966667,13.861667,0.000000,1.034809
151,17.866667,12.066667,13.841667,0.000000,1.030222
152,17.866667,11.966667,13.853333,0.000000,1.046283
153,17.866667,12.100000,13.886667,0.000000,0.960688
154,17.866667,11.733333,13.798333,0.000000,1.075562
155,17.866667,12.000000,13.796667,0.000000,1.031643
156,17.866667,11.833333,13.776667,0.000000,1.096571
157,17.900000,11.800000,13.851667,0.000000,1.119247
158,17.900000,11.766667,13.780000,0.000000,1.047815
159,17.900000,12.000000,13.805000,0.000000,1.023825
160,17.900000,11.966667,13.770000,0.000000,1.040748
161,17.900000,12.033333,13.795000,0.000000,1.014094
162,17.900000,12.100000,13.841667,0.000000,1.024503
163,17.900000,12.033333,13.790000,0.000000,1.035599
164,17.900000,11.733333,13.771667,0.000000,1.039513
165,17.900000,11.966667,13.770000,0.000000,1.006962
166,17.900000,11.966667,13.826667,0.000000,1.048154
167,17.900000,11.866667,13.718333,0.000000,1.036296
168,17.900000,11.866667,13.805000,0.000000,1.039783
169,17.900000,11.933333,13.825000,0.000000,1.047615
170,17.900000,11.966667,13.838333,0.000000,1.047380
171,17.900000,11.900000,13.846667,0.000000,1.031644
172,17.900000,11.966667,13.821667,0.000000,1.035307
173,17.900000,12.100000,13.925000,0.000000,1.035010
174,17.900000,12.066667,13.835000,0.000000,0.971120
175,17.900000,11.933333,13.790000,0.000000,0.996685
176,17.900000,11.833333,13.816667,0.000000,1.058304
177,17.900000,11.766667,13.780000,0.000000,1.091998
178,17.933333,12.133333,13.886667,0.000000,1.048926
179,17.933333,11.833333,13.793333,0.000000,1.026735
180,17.933333,12.066667,13.805000,0.000000,1.007173
181,17.933333,12.133333,13.856667,0.000000,1.000034
182,17.933333,12.066667,13.806667,0.000000,1.054626
183,17.933333,11.966667,13.875000,0.000000,1.067821
184,17.933333,12.000000,13.851667,0.000000,1.006789
185,17.933333,12.033333,13.883333,0.000000,1.067108
186,17.933333,11.833333,13.831667,0.000000,1.041788
187,17.933333,11.833333,13.783333,0.000000,1.049646
188,17.933333,11.866667,13.738333,0.000000,1.024071
189,17.933333,11.833333,13.830000,0.000000,1.060328
190,17.933333,11.833333,13.805000,0.000000,1.061255
191,17.933333,12.000000,13.781667,0.000000,0.988894
192,17.933333,11.833333,13.791667,0.000000,1.053943
193,17.933333,12.000000,13.873333,0.000000,1.038186
194,17.933333,11.966667,13.790000,0.000000,1.041800
195,17.933333,11.833333,13.730000,0.000000,1.053811
196,17.933333,11.866667,13.803333,0.000000,1.094548
197,17.933333,12.066667,13.840000,0.000000,1.050375
198,17.933333,11.966667,13.801667,0.000000,1.029483
199,17.933333,11.966667,13.790000,0.000000,1.021481
200,17.933333,11.800000,13.775000,0.000000,1.048638
201,17.933333,11.866667,13.841667,0.000000,1.108556
202,17.933333,12.100000,13.841667,0.000000,1.059956
203,17.933333,12.033333,13.848333,0.000000,1.001935
204,17.933333,11.966667,13.780000,0.000000,1.022276
205,17.933333,12.000000,13.851667,0.000000,1.011671
206,17.933333,12.066667,13.808333,0.000000,0.983716
207,17.933333,11.800000,13.823333,0.000000,1.029340
208,17.933333,11.800000,13.718333,0.000000,1.119363
209,17.933333,11.800000,13.813333,0.000000,1.124917
210,17.966667,12.033333,13.836667,0.000000,1.032198
211,17.966667,12.100000,13.838333,0.000000,1.006757
212,17.966667,12.033333,13.835000,0.000000,1.019492
213,17.966667,11.900000,13.768333,0.000000,1.023691
214,17.966667,12.000000,13.825000,0.000000,1.006429
215,17.966667,11.866667,13.728333,0.000000,1.001910
216,17.966667,11.966667,13.838333,0.000000,1.038374
217,17.966667,11.966667,13.833333,0.000000,1.065896
218,18.000000,11.933333,13.851667,0.000000,1.065016
219,18.000000,11.900000,13.761667,0.000000,1.026937
220,18.000000,12.133333,13.913333,0.000000,1.019979
221,18.000000,11.966667,13.823333,0.000000,1.043992
222,18.000000,11.733333,13.803333,0.000000,1.114188
223,18.000000,11.933333,13.806667,0.000000,1.064076
224,18.000000,11.833333,13.798333,0.000000,1.070090
225,18.000000,11.933333,13.786667,0.000000,1.004532
226,18.000000,11.833333,13.793333,0.000000,1.120366
227,18.000000,11.833333,13.833333,0.000000,1.093448
228,18.000000,11.966667,13.785000,0.000000,1.070698
229,18.000000,12.033333,13.838333,0.000000,1.073528
230,18.000000,11.833333,13.821667,0.000000,1.079311
231,18.000000,12.000000,13.873333,0.000000,1.060176
232,18.000000,12.000000,13.798333,0.000000,0.995736
233,18.000000,11.800000,13.845000,0.000000,1.087740
234,18.000000,11.933333,13.878333,0.000000,1.072331
235,18.000000,11.733333,13.785000,0.000000,1.066582
236,18.000000,11.900000,13.785000,0.000000,1.004022
237,18.000000,11.833333,13.798333,0.000000,1.068320
238,18.000000,12.000000,13.903333,0.000000,1.039495
239,18.000000,11.866667,13.843333,0.000000,1.080659
240,18.000000,11.866667,13.851667,0.000000,1.089321
241,18.000000,11.966667,13.795000,0.000000,1.004560
242,18.000000,11.866667,13.763333,0.000000,1.066615
243,18.000000,11.900000,13.813333,0.000000,1.051304
244,18.000000,11.966667,13.830000,0.000000,1.035765
245,18.000000,12.000000,13.815000,0.000000,1.045129
246,18.000000,12.033333,13.786667,0.000000,1.048589
247,18.000000,11.900000,13.783333,0.000000,1.070398
248,18.000000,12.166667,13.818333,0.000000,1.012235
249,18.000000,12.066667,13.928333,0.000000,1.063221
250,18.000000,12.100000,13.856667,0.000000,1.001734
251,18.000000,11.900000,13.828333,0.000000,1.093981
252,18.000000,11.933333,13.800000,0.000000,1.064482
253,18.000000,12.066667,13.816667,0.000000,1.023526
254,18.000000,11.800000,13.753333,0.000000,1.090421
255,18.000000,12.133333,13.786667,0.000000,0.954285
256,18.000000,11.966667,13.823333,0.000000,1.043071
257,18.000000,11.966667,13.760000,0.000000,0.999209
258,18.000000,11.866667,13.776667,0.000000,1.051799
259,18.000000,11.833333,13.775000,0.000000,1.050942
260,18.000000,12.000000,13.843333,0.000000,1.027237
261,18.000000,11.733333,13.836667,0.000000,1.096455
262,18.000000,12.066667,13.881667,0.000000,1.028760
263,18.000000,11.866667,13.740000,0.000000,1.027259
264,18.000000,11.933333,13.781667,0.000000,1.060001
265,18.000000,11.766667,13.730000,0.000000,1.062912
266,18.000000,11.866667,13.770000,0.000000,1.031276
267,18.000000,11.933333,13.790000,0.000000,1.015760
268,18.000000,11.800000,13.778333,0.000000,1.077703
269,18.000000,12.066667,13.960000,0.000000,1.045816
270,18.000000,12.033333,13.906667,0.000000,1.027516
271,18.000000,12.033333,13.795000,0.000000,1.062325
272,18.000000,11.900000,13.751667,0.000000,1.070737
273,18.000000,11.833333,13.741667,0.000000,1.009873
274,18.000000,11.933333,13.845000,0.000000,1.041410
275,18.000000,12.133333,13.883333,0.000000,1.064019
276,18.000000,11.933333,13.848333,0.000000,1.015235
277,18.000000,12.000000,13.828333,0.000000,1.046363
278,18.000000,11.966667,13.828333,0.000000,1.066848
279,18.000000,12.133333,13.828333,0.000000,1.025009
280,18.000000,11.966667,13.831667,0.000000,1.003504
281,18.000000,11.800000,13.716667,0.000000,1.081220
282,18.000000,12.033333,13.860000,0.000000,1.006437
283,18.000000,11.733333,13.763333,0.000000,1.084028
284,18.000000,11.900000,13.816667,0.000000,1.074292
285,18.000000,11.900000,13.873333,0.000000,1.107179
286,18.000000,11.866667,13.793333,0.000000,1.058395
287,18.000000,11.966667,13.841667,0.000000,1.053192
288,18.000000,12.000000,13.848333,0.000000,1.033366
289,18.000000,11.900000,13.778333,0.000000,1.013354
290,18.000000,11.933333,13.841667,0.000000,1.048839
291,18.000000,11.966667,13.751667,0.000000,1.054390
292,18.000000,12.000000,13.875000,0.000000,1.068122
293,18.000000,11.766667,13.776667,0.000000,1.077539
294,18.000000,11.833333,13.735000,0.000000,1.077814
295,18.000000,11.966667,13.766667,0.000000,1.040458
296,18.000000,11.866667,13.756667,0.000000,1.015156
297,18.000000,11.900000,13.736667,0.000000,1.032393
298,18.000000,12.133333,13.880000,0.000000,1.044518
299,18.000000,11.933333,13.801667,0.000000,0.990853
300,18.000000,11.966667,13.846667,0.000000,1.033306
301,18.000000,12.000000,13.833333,0.000000,1.075881
302,18.000000,11.933333,13.766667,0.000000,1.002955
303,18.000000,11.966667,13.835000,0.000000,1.074342
304,18.000000,11.966667,13.848333,0.000000,1.036864
305,18.000000,11.833333,13.825000,0.000000,1.029583
306,18.000000,12.033333,13.841667,0.000000,1.027043
307,18.000000,12.000000,13.755000,0.000000,0.989350
308,18.000000,12.000000,13.843333,0.000000,1.036634
309,18.000000,12.000000,13.778333,0.000000,1.023876
310,18.000000,11.900000,13.858333,0.000000,1.050160
311,18.000000,11.833333,13.843333,0.000000,1.066717
312,18.000000,11.900000,13.706667,0.000000,1.051866
313,18.000000,12.100000,13.866667,0.000000,1.048241
314,18.000000,11.966667,13.791667,0.000000,0.970224
315,18.000000,11.933333,13.886667,0.000000,1.020812
316,18.000000,11.933333,13.870000,0.000000,1.067427
317,18.000000,11.900000,13.808333,0.000000,1.011491
318,18.000000,11.833333,13.811667,0.000000,1.092400
319,18.000000,12.000000,13.866667,0.000000,1.041795
320,18.000000,11.966667,13.748333,0.000000,1.004812
321,18.000000,11.933333,13.806667,0.000000,1.044986
322,18.000000,11.900000,13.830000,0.000000,1.063791
323,18.000000,11.866667,13.771667,0.000000,1.035758
324,18.000000,11.800000,13.785000,0.000000,1.069365
325,18.000000,11.933333,13.815000,0.000000,1.000279
326,18.000000,11.866667,13.811667,0.000000,1.045962
327,18.000000,11.833333,13.718333,0.000000,1.034671
328,18.000000,11.933333,13.770000,0.000000,1.048272
329,18.000000,12.033333,13.818333,0.000000,0.983200
330,18.000000,12.100000,13.878333,0.000000,1.042438
331,18.000000,11.833333,13.706667,0.000000,1.091681
332,18.000000,11.966667,13.790000,0.000000,0.980830
333,18.000000,12.000000,13.793333,0.000000,0.980694
334,18.000000,11.966667,13.836667,0.000000,1.043604
335,18.000000,11.866667,13.836667,0.000000,1.061063
336,18.000000,11.833333,13.748333,0.000000,1.067652
337,18.000000,12.000000,13.775000,0.000000,1.058919
338,18.000000,11.966667,13.848333,0.000000,1.021708
339,18.000000,12.066667,13.795000,0.000000,1.024660
340,18.000000,11.966667,13.825000,0.000000,1.036707
341,18.000000,12.000000,13.880000,0.000000,1.068351
342,18.000000,11.966667,13.776667,0.000000,1.029481
343,18.000000,12.200000,13.868333,0.000000,0.978759
344,18.000000,11.833333,13.730000,0.000000,1.062336
345,18.000000,11.900000,13.831667,0.000000,1.093863
346,18.000000,12.033333,13.786667,0.000000,1.003899
347,18.000000,12.033333,13.818333,0.000000,1.004783
348,18.000000,11.933333,13.785000,0.000000,1.048264
349,18.000000,11.933333,13.736667,0.000000,1.002114
350,18.000000,11.833333,13.838333,0.000000,1.079097
351,18.000000,11.933333,13.823333,0.000000,1.030117
352,18.000000,11.733333,13.846667,0.000000,1.106509
353,18.000000,11.900000,13.850000,0.000000,1.050887
354,18.000000,11.766667,13.776667,0.000000,1.056267
355,18.000000,11.766667,13.823333,0.000000,1.055081
356,18.000000,11.966667,13.775000,0.000000,1.005581
357,18.000000,11.866667,13.736667,0.000000,1.062234
358,18.000000,11.866667,13.830000,0.000000,1.082395
359,18.000000,11.900000,13.788333,0.000000,1.070554
360,18.000000,11.700000,13.796667,0.000000,1.076861
361,18.033333,11.900000,13.826667,0.000000,1.048407
362,18.033333,11.800000,13.858333,0.000000,1.085788
363,18.033333,11.866667,13.776667,0.000000,1.032395
364,18.033333,11.833333,13.756667,0.000000,1.082069
365,18.033333,12.033333,13.825000,0.000000,0.986682
366,18.033333,11.900000,13.738333,0.000000,1.076212
367,18.033333,11.900000,13.836667,0.000000,1.067462
368,18.033333,11.966667,13.821667,0.000000,1.020618
369,18.033333,11.800000,13.790000,0.000000,1.087330
370,18.033333,11.766667,13.768333,0.000000,1.081731
371,18.033333,12.000000,13.848333,0.000000,1.027942
372,18.033333,11.900000,13.775000,0.000000,1.084103
373,18.033333,11.966667,13.835000,0.000000,1.026820
374,18.033333,11.933333,13.808333,0.000000,1.028438
375,18.033333,11.966667,13.826667,0.000000,1.037895
376,18.033333,11.933333,13.783333,0.000000,1.047678
377,18.033333,12.066667,13.861667,0.000000,1.030748
378,18.033333,11.766667,13.715000,0.000000,1.035252
379,18.033333,11.900000,13.813333,0.000000,1.041379
380,18.033333,11.800000,13.795000,0.000000,1.052243
381,18.033333,11.866667,13.811667,0.000000,1.015797
382,18.033333,11.833333,13.780000,0.000000,1.038744
383,18.033333,11.933333,13.866667,0.000000,1.061748
384,18.033333,11.800000,13.761667,0.000000,1.023750
385,18.033333,11.933333,13.788333,0.000000,1.030792
386,18.033333,12.033333,13.805000,0.000000,0.997005
387,18.033333,11.866667,13.800000,0.000000,1.037366
388,18.033333,11.933333,13.800000,0.000000,1.065166
389,18.033333,11.933333,13.803333,0.000000,1.084812
390,18.033333,12.033333,13.823333,0.000000,1.053886
391,18.033333,11.933333,13.733333,0.000000,1.021000
392,18.033333,11.900000,13.806667,0.000000,1.079143
393,18.033333,11.900000,13.758333,0.000000,1.030354
394,18.033333,12.166667,13.861667,0.000000,1.030180
395,18.033333,11.800000,13.761667,0.000000,1.047926
396,18.033333,11.766667,13.813333,0.000000,1.063542
397,18.033333,11.833333,13.733333,0.000000,1.057708
398,18.033333,12.000000,13.868333,0.000000,0.997098
399,18.033333,12.033333,13.783333,0.000000,0.980580
400,18.033333,12.066667,13.853333,0.000000,1.056189
401,18.033333,12.000000,13.825000,0.000000,1.024760
402,18.033333,12.033333,13.836667,0.000000,1.038661
403,18.033333,11.933333,13.835000,0.000000,1.090647
404,18.033333,11.833333,13.791667,0.000000,1.111898
405,18.033333,11.900000,13.788333,0.000000,1.085307
406,18.033333,11.933333,13.841667,0.000000,1.081142
407,18.033333,12.000000,13.800000,0.000000,1.009163
408,18.033333,12.000000,13.868333,0.000000,1.041792
409,18.033333,11.833333,13.745000,0.000000,1.043964
410,18.033333,12.000000,13.831667,0.000000,1.024880
411,18.033333,11.933333,13.846667,0.000000,1.037796
412,18.066667,11.966667,13.813333,0.000000,1.065089
413,18.066667,11.866667,13.758333,0.000000,1.028441
414,18.066667,11.866667,13.763333,0.000000,1.022867
415,18.066667,12.000000,13.826667,0.000000,1.093427
416,18.066667,11.900000,13.818333,0.000000,1.106552
417,18.066667,12.000000,13.803333,0.000000,1.026791
418,18.066667,11.900000,13.743333,0.000000,1.052972
419,18.066667,12.000000,13.758333,0.000000,1.006580
420,18.066667,11.933333,13.836667,0.000000,1.036142
421,18.066667,12.000000,13.790000,0.000000,0.982740
422,18.066667,11.933333,13.833333,0.000000,1.034470
423,18.066667,12.033333,13.948333,0.000000,1.043144
424,18.066667,11.933333,13.811667,0.000000,1.049330
425,18.066667,12.033333,13.908333,0.000000,1.054706
426,18.066667,11.966667,13.690000,0.000000,0.976569
427,18.066667,11.833333,13.758333,0.000000,1.044984
428,18.066667,11.900000,13.766667,0.000000,1.062915
429,18.066667,11.733333,13.761667,0.000000,1.081933
430,18.066667,11.966667,13.848333,0.000000,1.054392
431,18.066667,11.933333,13.770000,0.000000,1.083803
432,18.066667,11.966667,13.711667,0.000000,1.033287
433,18.066667,12.033333,13.911667,0.000000,1.045026
434,18.066667,11.766667,13.756667,0.000000,1.046705
435,18.066667,11.900000,13.838333,0.000000,1.048645
436,18.066667,11.866667,13.758333,0.000000,1.082272
437,18.066667,12.033333,13.866667,0.000000,1.065500
438,18.066667,11.933333,13.800000,0.000000,1.023316
439,18.066667,11.966667,13.788333,0.000000,1.022296
440,18.066667,12.100000,13.813333,0.000000,0.988803
441,18.066667,11.866667,13.781667,0.000000,1.052523
442,18.066667,12.033333,13.828333,0.000000,1.031523
443,18.066667,11.900000,13.781667,0.000000,1.009471
444,18.066667,11.900000,13.810000,0.000000,1.053475
445,18.066667,11.966667,13.835000,0.000000,1.048348
446,18.066667,11.733333,13.750000,0.000000,1.075529
447,18.066667,11.766667,13.755000,0.000000,1.056405
448,18.066667,11.800000,13.773333,0.000000,1.052752
449,18.066667,11.733333,13.736667,0.000000,1.054899
450,18.066667,11.700000,13.708333,0.000000,1.065409
451,18.066667,11.866667,13.738333,0.000000,1.022015
452,18.066667,11.933333,13.835000,0.000000,1.078649
453,18.066667,12.066667,13.763333,0.000000,1.046301
454,18.066667,11.933333,13.863333,0.000000,1.061116
455,18.066667,11.933333,13.890000,0.000000,1.091388
456,18.066667,11.933333,13.910000,0.000000,1.060234
457,18.066667,12.000000,13.751667,0.000000,0.972246
458,18.066667,11.800000,13.711667,0.000000,1.034272
459,18.066667,11.933333,13.720000,0.000000,1.009404
460,18.066667,11.833333,13.750000,0.000000,1.048380
461,18.066667,11.900000,13.791667,0.000000,1.068095
462,18.066667,12.200000,13.868333,0.000000,0.998994
463,18.066667,11.833333,13.755000,0.000000,1.034117
464,18.066667,11.966667,13.846667,0.000000,1.042334
465,18.066667,11.966667,13.833333,0.000000,1.038888
466,18.066667,11.766667,13.815000,0.000000,1.077598
467,18.066667,11.966667,13.823333,0.000000,1.077098
468,18.066667,11.866667,13.801667,0.000000,1.056931
469,18.066667,11.900000,13.846667,0.000000,1.075190
470,18.066667,11.966667,13.826667,0.000000,1.064713
471,18.066667,11.933333,13.716667,0.000000,0.996076
472,18.066667,11.966667,13.806667,0.000000,1.043734
473,18.066667,11.966667,13.910000,0.000000,1.074505
474,18.066667,12.033333,13.848333,0.000000,1.027992
475,18.066667,11.900000,13.895000,0.000000,1.032008
476,18.066667,12.000000,13.883333,0.000000,1.047492
477,18.066667,11.800000,13.811667,0.000000,1.098380
478,18.066667,11.833333,13.775000,0.000000,1.085919
479,18.066667,11.866667,13.770000,0.000000,0.960551
480,18.066667,11.966667,13.846667,0.000000,1.037325
481,18.066667,11.966667,13.815000,0.000000,1.036441
482,18.066667,11.966667,13.860000,0.000000,1.017763
483,18.066667,12.066667,13.861667,0.000000,1.061376
484,18.100000,11.900000,13.808333,0.000000,1.033140
485,18.100000,12.000000,13.793333,0.000000,1.052460
486,18.100000,11.800000,13.845000,0.000000,1.089150
487,18.100000,11.966667,13.780000,0.000000,1.021488
488,18.100000,11.800000,13.871667,0.000000,1.091142
489,18.100000,11.966667,13.818333,0.000000,1.006032
490,18.100000,11.966667,13.825000,0.000000,1.031290
491,18.100000,12.000000,13.836667,0.000000,0.993516
492,18.100000,12.100000,13.768333,0.000000,0.991141
493,18.100000,11.866667,13.803333,0.000000,1.049398
494,18.100000,12.100000,13.790000,0.000000,0.986123
495,18.100000,12.133333,13.833333,0.000000,1.033168
496,18.100000,11.866667,13.796667,0.000000,1.105831
497,18.100000,12.000000,13.843333,0.000000,1.068795
498,18.100000,11.933333,13.853333,0.000000,1.084707
499,18.100000,11.866667,13.830000,0.000000,1.042682
500,18.100000,12.000000,13.796667,0.000000,1.048123
BestSdev: 0.297493, Time: 22m29.014651498s