gen,best,worst,mean,rep,sdev
1,28.066667,14.333333,20.633333,0.000000,3.543440
2,28.933333,14.766667,20.680000,0.000000,3.269866
3,29.600000,14.433333,20.745000,0.000000,3.528664
4,30.166667,14.933333,20.826667,0.000000,3.567060
5,30.800000,14.166667,20.625000,0.000000,3.562827
6,30.866667,13.766667,20.285000,0.000000,3.494291
7,31.033333,13.833333,20.683333,0.000000,3.645227
8,31.200000,14.566667,20.701667,0.000000,3.401728
9,31.600000,14.866667,20.908333,0.000000,3.447176
10,31.633333,14.400000,20.540000,0.000000,3.378493
11,31.733333,14.566667,20.506667,0.000000,3.366897
12,31.833333,14.100000,20.518333,0.000000,3.435710
13,31.833333,14.133333,20.688333,0.000000,3.584520
14,32.000000,14.233333,20.720000,0.000000,3.479927
15,32.033333,14.400000,20.628333,0.000000,3.413513
16,32.033333,14.166667,20.565000,0.000000,3.519685
17,32.200000,14.466667,20.593333,0.000000,3.480641
18,32.466667,14.600000,20.835000,0.000000,3.411593
19,32.600000,14.800000,20.640000,0.000000,3.447525
20,32.666667,14.433333,20.525000,0.000000,3.423444
BestSdev: 1.203674, Time: 34.874817534s