gen,best,worst,mean,rep,sdev
1,16.600000,11.266667,13.764333,0.000000,1.078379
2,17.066667,11.266667,13.831333,0.000000,1.085224
3,17.133333,11.466667,13.820000,0.000000,1.074960
4,17.233333,11.333333,13.813000,0.000000,1.095321
5,17.266667,11.300000,13.809333,0.000000,1.118358
6,17.300000,11.333333,13.787333,0.000000,1.091559
7,17.300000,11.300000,13.843000,0.000000,1.099776
8,17.366667,11.233333,13.793667,0.000000,1.098532
9,17.400000,11.400000,13.800000,0.000000,1.088791
10,17.400000,11.466667,13.814000,0.000000,1.100919
11,17.500000,11.200000,13.857333,0.000000,1.100495
12,17.533333,11.233333,13.792000,0.000000,1.090892
13,17.566667,11.400000,13.819000,0.000000,1.110513
14,17.633333,11.400000,13.786333,0.000000,1.068955
15,17.666667,11.400000,13.784000,0.000000,1.097393
16,17.700000,11.500000,13.814000,0.000000,1.092956
17,17.766667,11.466667,13.812000,0.000000,1.084310
18,17.766667,11.233333,13.831333,0.000000,1.104701
19,17.766667,11.366667,13.816667,0.000000,1.105011
20,17.833333,11.233333,13.814667,0.000000,1.080420
21,17.866667,11.233333,13.813333,0.000000,1.081485
22,17.866667,11.366667,13.795333,0.000000,1.084785
23,17.866667,11.300000,13.761000,0.000000,1.063165
24,17.866667,11.200000,13.799667,0.000000,1.097630
25,17.866667,11.366667,13.818000,0.000000,1.090469
26,17.900000,11.366667,13.780333,0.000000,1.105484
27,17.900000,11.466667,13.847333,0.000000,1.093976
28,17.900000,11.433333,13.818333,0.000000,1.077900
29,17.900000,11.366667,13.791667,0.000000,1.088145
30,17.900000,11.366667,13.777667,0.000000,1.062681
31,17.900000,11.366667,13.749667,0.000000,1.063139
32,17.900000,11.333333,13.823000,0.000000,1.099958
33,17.900000,11.266667,13.774667,0.000000,1.077663
34,17.900000,11.400000,13.807333,0.000000,1.099214
35,17.933333,11.600000,13.801667,0.000000,1.087971
36,17.933333,11.433333,13.815333,0.000000,1.074925
37,17.933333,11.333333,13.791333,0.000000,1.081511
38,17.933333,11.400000,13.782667,0.000000,1.061820
39,17.933333,11.333333,13.792667,0.000000,1.085513
40,17.933333,11.466667,13.790000,0.000000,1.066046
41,17.933333,11.300000,13.778333,0.000000,1.096578
42,17.966667,11.333333,13.791667,0.000000,1.089825
43,17.966667,11.233333,13.782333,0.000000,1.068757
44,17.966667,11.366667,13.830333,0.000000,1.088546
45,17.966667,11.200000,13.801000,0.000000,1.093785
46,17.966667,11.333333,13.825333,0.000000,1.073695
47,17.966667,11.300000,13.788333,0.000000,1.082709
48,17.966667,11.433333,13.846333,0.000000,1.077645
49,17.966667,11.333333,13.814667,0.000000,1.082777
50,18.000000,11.400000,13.793333,0.000000,1.070725
51,18.000000,11.266667,13.794667,0.000000,1.093361
52,18.000000,11.266667,13.810333,0.000000,1.095274
53,18.000000,11.166667,13.781000,0.000000,1.092389
54,18.000000,11.200000,13.810667,0.000000,1.085412
55,18.000000,11.333333,13.797667,0.000000,1.064576
56,18.000000,11.300000,13.811333,0.000000,1.074257
57,18.000000,11.466667,13.809667,0.000000,1.069707
58,18.033333,11.400000,13.799333,0.000000,1.086241
59,18.033333,11.166667,13.761000,0.000000,1.084005
60,18.033333,11.266667,13.806667,0.000000,1.083904
61,18.033333,11.333333,13.765000,0.000000,1.090660
62,18.033333,11.433333,13.829000,0.000000,1.077453
63,18.033333,11.433333,13.810667,0.000000,1.084833
64,18.033333,11.366667,13.801333,0.000000,1.069703
65,18.066667,11.400000,13.787333,0.000000,1.083514
66,18.066667,11.400000,13.775333,0.000000,1.077628
67,18.066667,11.366667,13.792000,0.000000,1.061483
68,18.066667,11.400000,13.783000,0.000000,1.092268
69,18.066667,11.600000,13.793333,0.000000,1.054198
70,18.066667,11.233333,13.823000,0.000000,1.071767
71,18.100000,11.333333,13.784333,0.000000,1.084390
72,18.100000,11.400000,13.792667,0.000000,1.087061
73,18.100000,11.433333,13.807000,0.000000,1.094285
74,18.100000,11.433333,13.755000,0.000000,1.075071
75,18.100000,11.333333,13.783667,0.000000,1.085481
76,18.100000,11.466667,13.809667,0.000000,1.080501
77,18.100000,11.333333,13.822333,0.000000,1.084396
78,18.100000,11.400000,13.830333,0.000000,1.068007
79,18.100000,11.366667,13.815667,0.000000,1.048917
80,18.133333,11.366667,13.819000,0.000000,1.078823
81,18.133333,11.266667,13.790667,0.000000,1.094918
82,18.133333,11.200000,13.801667,0.000000,1.073407
83,18.133333,11.366667,13.806000,0.000000,1.087381
84,18.133333,11.466667,13.825333,0.000000,1.076286
85,18.133333,11.333333,13.794333,0.000000,1.083954
86,18.133333,11.333333,13.785000,0.000000,1.090315
87,18.133333,11.366667,13.791000,0.000000,1.091351
88,18.166667,11.400000,13.807000,0.000000,1.101348
89,18.166667,11.400000,13.813000,0.000000,1.089204
90,18.166667,11.433333,13.825333,0.000000,1.059700
91,18.166667,11.500000,13.817000,0.000000,1.065015
92,18.166667,11.333333,13.792667,0.000000,1.094608
93,18.166667,11.333333,13.808000,0.000000,1.103306
94,18.200000,11.333333,13.803000,0.000000,1.072728
95,18.200000,11.400000,13.847000,0.000000,1.074760
96,18.200000,11.400000,13.791000,0.000000,1.086445
97,18.200000,11.333333,13.802667,0.000000,1.074728
98,18.200000,11.433333,13.771333,0.000000,1.073994
99,18.200000,11.333333,13.817333,0.000000,1.083362
100,18.200000,11.200000,13.812333,0.000000,1.084107
101,18.233333,11.233333,13.824667,0.000000,1.097588
102,18.233333,11.433333,13.809333,0.000000,1.091528
103,18.233333,11.400000,13.823667,0.000000,1.082848
104,18.233333,11.300000,13.822000,0.000000,1.064743
105,18.233333,11.333333,13.808667,0.000000,1.084348
106,18.233333,11.333333,13.837333,0.000000,1.098261
107,18.266667,11.266667,13.807333,0.000000,1.075762
108,18.266667,11.466667,13.791000,0.000000,1.063391
109,18.266667,11.233333,13.794667,0.000000,1.078280
110,18.266667,11.300000,13.816333,0.000000,1.059819
111,18.266667,11.333333,13.785000,0.000000,1.079484
112,18.266667,11.200000,13.808667,0.000000,1.102564
113,18.266667,11.566667,13.779667,0.000000,1.063301
114,18.266667,11.133333,13.766333,0.000000,1.092463
115,18.266667,11.466667,13.792333,0.000000,1.084359
116,18.266667,11.533333,13.822000,0.000000,1.083523
117,18.266667,11.300000,13.824333,0.000000,1.091663
118,18.266667,11.300000,13.775667,0.000000,1.070632
119,18.266667,11.333333,13.815667,0.000000,1.060584
120,18.266667,11.400000,13.812333,0.000000,1.051210
121,18.266667,11.300000,13.795667,0.000000,1.083197
122,18.266667,11.333333,13.805333,0.000000,1.067604
123,18.266667,11.233333,13.783000,0.000000,1.076518
124,18.266667,11.400000,13.837333,0.000000,1.091245
125,18.266667,11.266667,13.789000,0.000000,1.096228
126,18.266667,11.266667,13.802333,0.000000,1.080101
127,18.266667,11.266667,13.777000,0.000000,1.089620
128,18.266667,11.233333,13.808333,0.000000,1.090829
129,18.266667,11.366667,13.800333,0.000000,1.071964
130,18.266667,11.433333,13.808000,0.000000,1.078480
131,18.266667,11.266667,13.797333,0.000000,1.076926
132,18.266667,11.266667,13.780000,0.000000,1.064093
133,18.266667,11.500000,13.804000,0.000000,1.060139
134,18.266667,11.566667,13.808333,0.000000,1.080098
135,18.266667,11.233333,13.797000,0.000000,1.078844
136,18.300000,11.333333,13.804667,0.000000,1.060645
137,18.300000,11.333333,13.770333,0.000000,1.079034
138,18.300000,11.233333,13.814000,0.000000,1.089250
139,18.300000,11.300000,13.765000,0.000000,1.049758
140,18.300000,11.233333,13.859000,0.000000,1.078476
141,18.300000,11.400000,13.785667,0.000000,1.086966
142,18.300000,11.400000,13.798667,0.000000,1.069095
143,18.300000,11.366667,13.767667,0.000000,1.075203
144,18.300000,11.400000,13.812000,0.000000,1.060789
145,18.300000,11.400000,13.837333,0.000000,1.075254
146,18.300000,11.233333,13.822667,0.000000,1.083265
147,18.300000,11.433333,13.793000,0.000000,1.079353
148,18.300000,11.400000,13.803333,0.000000,1.070789
149,18.300000,11.366667,13.788667,0.000000,1.076009
150,18.300000,11.300000,13.788000,0.000000,1.108116
151,18.300000,11.433333,13.845333,0.000000,1.067779
152,18.300000,11.133333,13.822000,0.000000,1.132127
153,18.300000,11.266667,13.825333,0.000000,1.084349
154,18.300000,11.233333,13.847667,0.000000,1.086601
155,18.300000,11.233333,13.809000,0.000000,1.087787
156,18.300000,11.300000,13.825000,0.000000,1.097512
157,18.300000,11.400000,13.813333,0.000000,1.069636
158,18.300000,11.266667,13.813667,0.000000,1.085800
159,18.300000,11.266667,13.811333,0.000000,1.108657
160,18.300000,11.466667,13.771333,0.000000,1.056092
161,18.300000,11.133333,13.821667,0.000000,1.096351
162,18.300000,11.433333,13.833000,0.000000,1.074359
163,18.300000,11.400000,13.817667,0.000000,1.086217
164,18.300000,11.333333,13.827333,0.000000,1.085442
165,18.300000,11.300000,13.794333,0.000000,1.096006
166,18.300000,11.466667,13.831333,0.000000,1.074568
167,18.300000,11.366667,13.809000,0.000000,1.090976
168,18.333333,11.266667,13.802333,0.000000,1.099668
169,18.333333,11.433333,13.811000,0.000000,1.097726
170,18.333333,11.366667,13.794667,0.000000,1.094232
171,18.333333,11.433333,13.818667,0.000000,1.094498
172,18.333333,11.366667,13.788333,0.000000,1.052304
173,18.333333,11.133333,13.776667,0.000000,1.095105
174,18.333333,11.300000,13.802667,0.000000,1.067349
175,18.333333,11.233333,13.787667,0.000000,1.091168
176,18.333333,11.500000,13.813333,0.000000,1.053824
177,18.333333,11.500000,13.815000,0.000000,1.101581
178,18.333333,11.166667,13.832000,0.000000,1.102445
179,18.333333,11.300000,13.771000,0.000000,1.082636
180,18.333333,11.366667,13.809000,0.000000,1.087094
181,18.333333,11.400000,13.788333,0.000000,1.082070
182,18.333333,11.433333,13.789667,0.000000,1.059195
183,18.333333,11.333333,13.814000,0.000000,1.076879
184,18.333333,11.466667,13.783333,0.000000,1.103300
185,18.333333,11.233333,13.817000,0.000000,1.087415
186,18.333333,11.533333,13.795000,0.000000,1.081115
187,18.333333,11.233333,13.781333,0.000000,1.086966
188,18.333333,11.333333,13.774333,0.000000,1.068963
189,18.333333,11.266667,13.814333,0.000000,1.101975
190,18.333333,11.366667,13.803000,0.000000,1.071497
191,18.333333,11.400000,13.809333,0.000000,1.082806
192,18.333333,11.233333,13.816000,0.000000,1.102634
193,18.333333,11.300000,13.808000,0.000000,1.085315
194,18.333333,11.566667,13.802000,0.000000,1.063133
195,18.333333,11.266667,13.838000,0.000000,1.079960
196,18.333333,11.433333,13.790667,0.000000,1.068917
197,18.333333,11.333333,13.829333,0.000000,1.108690
198,18.333333,11.333333,13.777000,0.000000,1.095760
199,18.333333,11.300000,13.798000,0.000000,1.084396
200,18.333333,11.433333,13.810000,0.000000,1.082173
BestSdev: 0.279326, Time: 17m53.182213604s